      20     0.000974045     0.000959382     0.926500000
      40     0.001823106     0.001791837     0.926400000
      60     0.002607248     0.002553838     0.830800000
      80     0.003295046     0.003223512     0.822900000
     100     0.003892920     0.003793778     0.758600000
     120     0.004479856     0.004362947     0.735000000
     140     0.005022501     0.004873415     0.653500000
     160     0.005589637     0.005410416     0.633100000
     180     0.005935930     0.005732779     0.578200000
     200     0.006046363     0.005841876     0.599800000
     220     0.006419494     0.006204761     0.625100000
     240     0.006811393     0.006576097     0.599300000
     260     0.007237056     0.006967194     0.569300000
     280     0.007733082     0.007425595     0.548300000
     300     0.007805424     0.007481532     0.536900000
     320     0.007705892     0.007381453     0.518100000
     340     0.008064242     0.007732772     0.519700000
     360     0.008385789     0.008033833     0.511600000
     380     0.008571645     0.008183054     0.481800000
     400     0.008743942     0.008343018     0.478000000
     420     0.008761210     0.008352018     0.452600000
     440     0.009025819     0.008571287     0.441700000
     460     0.009145466     0.008684406     0.415700000
     480     0.009116233     0.008662104     0.448500000
     500     0.008961054     0.008533480     0.453800000
     520     0.008743616     0.008301878     0.411400000
     540     0.008771246     0.008346410     0.443200000
     560     0.008736072     0.008315159     0.441800000
     580     0.008803760     0.008375352     0.418800000
     600     0.009005616     0.008582743     0.477800000
     620     0.009009318     0.008582183     0.466000000
     640     0.009003082     0.008569887     0.464700000
     660     0.008989749     0.008559521     0.451800000
     680     0.009057880     0.008604095     0.449600000
     700     0.009082864     0.008615876     0.440500000
     720     0.009346778     0.008856074     0.420700000
     740     0.009564828     0.009052397     0.404400000
     760     0.009764532     0.009228429     0.402700000
     780     0.009494072     0.008980294     0.396300000
     800     0.009766345     0.009252651     0.423800000
     820     0.010133685     0.009563711     0.396900000
     840     0.010053089     0.009472812     0.371900000
     860     0.009924408     0.009349134     0.374600000
     880     0.010085745     0.009532553     0.418300000
     900     0.010218208     0.009617093     0.386300000
     920     0.010044083     0.009454362     0.371300000
     940     0.010363719     0.009757407     0.382100000
     960     0.010318959     0.009676938     0.357400000
     980     0.010354685     0.009720976     0.359100000
    1000     0.010212772     0.009617265     0.383500000
    1020     0.009876321     0.009293220     0.354400000
    1040     0.010090446     0.009487967     0.380500000
    1060     0.009979265     0.009397218     0.370700000
    1080     0.009894521     0.009326581     0.388300000
    1100     0.009871747     0.009319289     0.400600000
    1120     0.009739365     0.009185620     0.392100000
    1140     0.009795843     0.009196770     0.371800000
    1160     0.009873754     0.009281226     0.381300000
    1180     0.010038883     0.009481398     0.419600000
    1200     0.010133247     0.009534550     0.376500000
    1220     0.009903726     0.009361450     0.420800000
    1240     0.009672866     0.009153647     0.418400000
    1260     0.009597932     0.009049007     0.390400000
    1280     0.009735344     0.009150862     0.367000000
    1300     0.009867193     0.009280404     0.383800000
    1320     0.009603928     0.009022689     0.361100000
    1340     0.009891282     0.009289644     0.357000000
    1360     0.010030051     0.009467615     0.412800000
    1380     0.010033719     0.009477513     0.456800000
    1400     0.009727181     0.009189586     0.416100000
    1420     0.010212947     0.009594891     0.365300000
    1440     0.010094659     0.009517268     0.414700000
    1460     0.010234179     0.009631074     0.386100000
    1480     0.009955245     0.009332756     0.341600000
    1500     0.009779669     0.009138716     0.312000000
    1520     0.009927633     0.009281007     0.332800000
    1540     0.009889952     0.009283812     0.368500000
    1560     0.009671045     0.009086248     0.357800000
    1580     0.009450980     0.008891416     0.377600000
    1600     0.009465858     0.008914638     0.389400000
    1620     0.009077747     0.008588766     0.414100000
    1640     0.009048362     0.008572338     0.425600000
    1660     0.009442795     0.008953854     0.451400000
    1680     0.009513096     0.009010990     0.444600000
    1700     0.009603722     0.009075157     0.405300000
    1720     0.009414651     0.008883767     0.389300000
    1740     0.009498799     0.008966503     0.408300000
    1760     0.009580909     0.009018107     0.393400000
    1780     0.009634042     0.009120490     0.445400000
    1800     0.009777410     0.009265251     0.429000000
    1820     0.009558137     0.009057149     0.436200000
    1840     0.009937346     0.009396808     0.433500000
    1860     0.009858536     0.009284141     0.398100000
    1880     0.010171977     0.009635333     0.431000000
    1900     0.009899924     0.009299090     0.340700000
    1920     0.009755288     0.009136988     0.334000000
    1940     0.009741963     0.009166039     0.362700000
    1960     0.009326593     0.008791174     0.367300000
    1980     0.009428635     0.008921396     0.397800000
    2000     0.009450439     0.008928013     0.384000000
    2020     0.009317244     0.008818038     0.400800000
    2040     0.009340587     0.008847916     0.423100000
    2060     0.009704384     0.009186681     0.404900000
    2080     0.009955342     0.009401733     0.403300000
    2100     0.010303657     0.009649972     0.324000000
    2120     0.010226867     0.009608562     0.365400000
    2140     0.010320622     0.009670646     0.360300000
    2160     0.010206965     0.009563835     0.350500000
    2180     0.010160106     0.009522082     0.341100000
    2200     0.009969947     0.009378333     0.373900000
    2220     0.009867217     0.009270296     0.343000000
    2240     0.010455422     0.009839955     0.380100000
    2260     0.010124496     0.009542398     0.401600000
    2280     0.009875835     0.009269335     0.362100000
    2300     0.009837563     0.009256051     0.372500000
    2320     0.009955227     0.009385883     0.390100000
    2340     0.009721883     0.009158747     0.383600000
    2360     0.009688255     0.009147028     0.402900000
    2380     0.009427623     0.008874121     0.349700000
    2400     0.009380148     0.008847858     0.408900000
    2420     0.009048821     0.008566968     0.410900000
    2440     0.008983770     0.008519563     0.440300000
    2460     0.009175934     0.008730033     0.481100000
    2480     0.009315079     0.008846557     0.464700000
    2500     0.009397536     0.008920052     0.443100000
    2520     0.009753422     0.009197940     0.379700000
    2540     0.009858682     0.009289679     0.390100000
    2560     0.009543686     0.009018731     0.403600000
    2580     0.009806975     0.009232173     0.381300000
    2600     0.009763895     0.009230856     0.425300000
    2620     0.009720261     0.009188127     0.418800000
    2640     0.009687821     0.009150672     0.416300000
    2660     0.009726249     0.009215197     0.420500000
    2680     0.009718039     0.009177430     0.399100000
    2700     0.009566570     0.009040171     0.406500000
    2720     0.009390041     0.008878963     0.420100000
    2740     0.009491091     0.008974705     0.404800000
    2760     0.009375857     0.008850184     0.392500000
    2780     0.009340566     0.008828494     0.397700000
    2800     0.009198098     0.008693538     0.417100000
    2820     0.009013617     0.008537389     0.430400000
    2840     0.009116178     0.008626133     0.426300000
    2860     0.009087365     0.008575944     0.384900000
    2880     0.009180155     0.008707371     0.437700000
    2900     0.009295007     0.008774672     0.388700000
    2920     0.009461996     0.008925871     0.363800000
    2940     0.009831973     0.009295405     0.401200000
    2960     0.009907728     0.009356450     0.397800000
    2980     0.010090669     0.009512060     0.385600000
    3000     0.009829111     0.009283995     0.381300000
    3020     0.009919797     0.009382510     0.415700000
    3040     0.010082882     0.009543234     0.418200000
    3060     0.010316903     0.009747036     0.399200000
    3080     0.010216572     0.009659480     0.395100000
    3100     0.010516347     0.009913543     0.386600000
    3120     0.010533071     0.009922844     0.382100000
    3140     0.010467183     0.009817459     0.334100000
    3160     0.010227639     0.009620668     0.364800000
    3180     0.010423313     0.009789490     0.350100000
    3200     0.010923726     0.010271914     0.389200000
    3220     0.010468030     0.009804506     0.342900000
    3240     0.010460902     0.009801739     0.356600000
    3260     0.010517592     0.009888465     0.397500000
    3280     0.010387743     0.009756339     0.378800000
    3300     0.010798199     0.010098427     0.351900000
    3320     0.010661768     0.010005083     0.385900000
    3340     0.010480350     0.009784655     0.327000000
    3360     0.010708330     0.009974021     0.322400000
    3380     0.010679748     0.009983362     0.357700000
    3400     0.010321844     0.009646639     0.357800000
    3420     0.010240411     0.009618237     0.369100000
    3440     0.010111255     0.009489536     0.359200000
    3460     0.010333412     0.009646434     0.326100000
    3480     0.010214512     0.009560817     0.355400000
    3500     0.010164003     0.009557160     0.385300000
    3520     0.010240800     0.009592352     0.354400000
    3540     0.010369157     0.009677686     0.325700000
    3560     0.010220885     0.009585257     0.378800000
    3580     0.010003351     0.009432306     0.408300000
    3600     0.010076116     0.009509189     0.430700000
    3620     0.009864673     0.009276835     0.369700000
    3640     0.009818700     0.009233064     0.375900000
    3660     0.009688848     0.009068803     0.338400000
    3680     0.009613414     0.008992274     0.337100000
    3700     0.009535298     0.008960651     0.359400000
    3720     0.009689392     0.009063098     0.343800000
    3740     0.009754643     0.009146843     0.365400000
    3760     0.010246114     0.009622506     0.393900000
    3780     0.010263512     0.009667071     0.410600000
    3800     0.010694233     0.010034308     0.370200000
    3820     0.010526120     0.009853126     0.347300000
    3840     0.010402155     0.009768950     0.366700000
    3860     0.010256935     0.009631822     0.369500000
    3880     0.009886193     0.009302328     0.377400000
    3900     0.009921953     0.009334115     0.394000000
    3920     0.010102728     0.009525318     0.410500000
    3940     0.009809293     0.009249674     0.392400000
    3960     0.009861021     0.009301384     0.400300000
    3980     0.010186718     0.009569930     0.381600000
    4000     0.010167532     0.009571712     0.393900000
    4020     0.010223744     0.009626047     0.390900000
    4040     0.010288319     0.009694728     0.389400000
    4060     0.010407758     0.009795896     0.392600000
    4080     0.010231071     0.009593058     0.334700000
    4100     0.010258385     0.009582923     0.309300000
    4120     0.009971390     0.009320362     0.322600000
    4140     0.009705505     0.009158394     0.395200000
    4160     0.009847282     0.009292682     0.369300000
    4180     0.009494047     0.009002147     0.422600000
    4200     0.009647497     0.009129132     0.400000000
    4220     0.009657485     0.009113370     0.378700000
    4240     0.009676083     0.009145238     0.385000000
    4260     0.009892866     0.009348825     0.402200000
    4280     0.009477698     0.008964192     0.394300000
    4300     0.009549439     0.009032466     0.408000000
    4320     0.009646303     0.009093521     0.367500000
    4340     0.009547839     0.009024404     0.383700000
    4360     0.009691298     0.009112431     0.357500000
    4380     0.009709495     0.009141010     0.360300000
    4400     0.009675885     0.009129241     0.406400000
    4420     0.009793762     0.009245485     0.388300000
    4440     0.009768250     0.009181104     0.362400000
    4460     0.009804393     0.009211920     0.364000000
    4480     0.010037962     0.009384665     0.306300000
    4500     0.010169024     0.009550211     0.347500000
    4520     0.009764561     0.009226379     0.383000000
    4540     0.009787601     0.009227325     0.377900000
    4560     0.009879588     0.009289541     0.375400000
    4580     0.009631433     0.009065565     0.374600000
    4600     0.009814953     0.009266087     0.413700000
    4620     0.009648526     0.009039962     0.344300000
    4640     0.009709878     0.009137099     0.394100000
    4660     0.009408457     0.008890574     0.417100000
    4680     0.009326251     0.008796556     0.427500000
    4700     0.009644708     0.009092135     0.421000000
    4720     0.009153242     0.008633610     0.388500000
    4740     0.009345253     0.008843410     0.436200000
    4760     0.009328849     0.008811561     0.416900000
    4780     0.009481699     0.008959941     0.415500000
    4800     0.009460508     0.008948251     0.408400000
    4820     0.009797226     0.009223127     0.389400000
    4840     0.009857761     0.009243017     0.353400000
    4860     0.010364158     0.009752760     0.391300000
    4880     0.010272197     0.009648265     0.368400000
    4900     0.010677306     0.009995716     0.351300000
    4920     0.010786948     0.010104738     0.357200000
    4940     0.010924841     0.010219448     0.355200000
    4960     0.011009460     0.010312692     0.361500000
    4980     0.010857246     0.010106762     0.314300000
    5000     0.010819594     0.010143088     0.373600000
    5020     0.010858926     0.010119176     0.315600000
    5040     0.010519062     0.009773547     0.303300000
    5060     0.010303895     0.009607277     0.325700000
    5080     0.010245316     0.009591303     0.348500000
    5100     0.010291000     0.009652817     0.369900000
    5120     0.010319689     0.009682869     0.362700000
    5140     0.010161405     0.009539142     0.375400000
    5160     0.010308072     0.009663485     0.364900000
    5180     0.010092306     0.009488182     0.373900000
    5200     0.009765540     0.009186993     0.373400000
    5220     0.009679744     0.009144823     0.413900000
    5240     0.009534379     0.009005018     0.391900000
    5260     0.009422410     0.008896839     0.417400000
    5280     0.009753301     0.009217950     0.435900000
    5300     0.009587650     0.009050073     0.397700000
    5320     0.009437220     0.008866601     0.350700000
    5340     0.009799530     0.009208401     0.381900000
    5360     0.010121098     0.009505922     0.360700000
    5380     0.009892567     0.009239169     0.324400000
    5400     0.010377268     0.009679341     0.343000000
    5420     0.010202513     0.009539169     0.335900000
    5440     0.010178310     0.009522035     0.343000000
    5460     0.010236121     0.009553111     0.333500000
    5480     0.010102297     0.009477114     0.368000000
    5500     0.010007940     0.009369096     0.369000000
    5520     0.010039823     0.009404089     0.371900000
    5540     0.009919988     0.009331825     0.382800000
    5560     0.010133530     0.009568160     0.412000000
    5580     0.010128701     0.009566804     0.422500000
    5600     0.009917688     0.009350869     0.390600000
    5620     0.010186194     0.009583060     0.390700000
    5640     0.009970869     0.009327359     0.337000000
    5660     0.009813743     0.009242674     0.400900000
    5680     0.009573823     0.009036473     0.411000000
    5700     0.009680451     0.009147546     0.405800000
    5720     0.009881832     0.009292138     0.367900000
    5740     0.009558405     0.009004839     0.395600000
    5760     0.009573054     0.008999475     0.377600000
    5780     0.009540347     0.008966304     0.375500000
    5800     0.009771153     0.009219480     0.436300000
    5820     0.010134847     0.009520802     0.376000000
    5840     0.010335900     0.009674765     0.352200000
    5860     0.010565690     0.009842251     0.308800000
    5880     0.010353532     0.009660337     0.341500000
    5900     0.010623735     0.009944089     0.343700000
    5920     0.010728540     0.010046801     0.355400000
    5940     0.010605028     0.009936960     0.343700000
    5960     0.010630105     0.009901048     0.312600000
    5980     0.010492570     0.009763699     0.322600000
    6000     0.010363996     0.009646101     0.323200000
    6020     0.010035822     0.009389392     0.363200000
    6040     0.009859296     0.009262616     0.373600000
    6060     0.009920153     0.009291919     0.341500000
    6080     0.010087332     0.009457480     0.358200000
    6100     0.009865021     0.009271772     0.374600000
    6120     0.010115954     0.009473639     0.341700000
    6140     0.010119439     0.009496107     0.363100000
    6160     0.010158906     0.009552360     0.395900000
    6180     0.010140143     0.009515912     0.376900000
    6200     0.009987355     0.009386930     0.369300000
    6220     0.010108450     0.009466459     0.344300000
    6240     0.010155767     0.009523323     0.357600000
    6260     0.010439246     0.009834937     0.409200000
    6280     0.010543087     0.009898806     0.365800000
    6300     0.010396005     0.009746111     0.367200000
    6320     0.010126136     0.009494619     0.336700000
    6340     0.010182269     0.009571168     0.384500000
    6360     0.010131591     0.009564078     0.405200000
    6380     0.010115298     0.009504416     0.347300000
    6400     0.010035521     0.009461909     0.381300000
    6420     0.010286187     0.009662362     0.361100000
    6440     0.009763489     0.009175850     0.346800000
    6460     0.009795383     0.009249452     0.391500000
    6480     0.009705444     0.009122978     0.366100000
    6500     0.009522324     0.008994948     0.405500000
    6520     0.009499662     0.008999761     0.427700000
    6540     0.009552765     0.009018555     0.405300000
    6560     0.009678922     0.009115423     0.374700000
    6580     0.009711197     0.009204697     0.426500000
    6600     0.009979719     0.009453001     0.425900000
    6620     0.010093498     0.009485498     0.362500000
    6640     0.009924687     0.009354554     0.372400000
    6660     0.009582812     0.009027484     0.368100000
    6680     0.009514233     0.008963370     0.373900000
    6700     0.009235029     0.008751599     0.417200000
    6720     0.009440023     0.008966795     0.465500000
    6740     0.009386633     0.008913814     0.458400000
    6760     0.009233806     0.008780194     0.451800000
    6780     0.009350834     0.008864070     0.431200000
    6800     0.009419942     0.008929783     0.418700000
    6820     0.009567902     0.009089371     0.466500000
    6840     0.009517502     0.009017230     0.401900000
    6860     0.009482612     0.008968888     0.396200000
    6880     0.009637572     0.009114534     0.398900000
    6900     0.009635920     0.009152270     0.444800000
    6920     0.009819950     0.009313604     0.438500000
    6940     0.010142221     0.009564791     0.400300000
    6960     0.010411506     0.009734800     0.334700000
    6980     0.011054826     0.010223362     0.292100000
    7000     0.011203323     0.010382333     0.304600000
    7020     0.011069485     0.010275438     0.303600000
    7040     0.010967858     0.010078433     0.277700000
    7060     0.010828905     0.009919396     0.258800000
    7080     0.011051763     0.010074523     0.242600000
    7100     0.010979583     0.010016891     0.241000000
    7120     0.010493143     0.009652065     0.273500000
    7140     0.010471568     0.009713410     0.311700000
    7160     0.010529039     0.009783075     0.315100000
    7180     0.010800408     0.010020951     0.328200000
    7200     0.010880864     0.010112338     0.317800000
    7220     0.010568796     0.009777575     0.308600000
    7240     0.010794167     0.010032539     0.327000000
    7260     0.010600733     0.009847493     0.324100000
    7280     0.010891450     0.010148098     0.347300000
    7300     0.010639210     0.009911915     0.325300000
    7320     0.010124578     0.009463735     0.348300000
    7340     0.009740805     0.009155868     0.379900000
    7360     0.009607940     0.009048658     0.413300000
    7380     0.009792492     0.009208121     0.381000000
    7400     0.009656362     0.009093499     0.415900000
    7420     0.009427110     0.008907312     0.434700000
    7440     0.009549035     0.009019608     0.407400000
    7460     0.009657112     0.009120751     0.407100000
    7480     0.010025245     0.009428514     0.373700000
    7500     0.009931683     0.009292662     0.343000000
    7520     0.009925106     0.009307834     0.369000000
    7540     0.009710983     0.009148396     0.390600000
    7560     0.009939178     0.009349887     0.390700000
    7580     0.010089138     0.009449802     0.340100000
    7600     0.010035627     0.009383675     0.340800000
    7620     0.009904611     0.009318504     0.370000000
    7640     0.009960641     0.009398059     0.400200000
    7660     0.009930112     0.009383039     0.417900000
    7680     0.009864329     0.009314434     0.411400000
    7700     0.009685488     0.009127959     0.395400000
    7720     0.009506691     0.008979935     0.389100000
    7740     0.009499128     0.008963615     0.394000000
    7760     0.009574105     0.009053733     0.412800000
    7780     0.009884101     0.009311549     0.383900000
    7800     0.009510846     0.008966821     0.394200000
    7820     0.009629218     0.009072094     0.377300000
    7840     0.009537573     0.008968177     0.349800000
    7860     0.009534596     0.008971484     0.347500000
    7880     0.009362664     0.008815937     0.361500000
    7900     0.009321507     0.008830826     0.430300000
    7920     0.009255451     0.008762023     0.412900000
    7940     0.009201573     0.008710111     0.416100000
    7960     0.009422963     0.008901417     0.400600000
    7980     0.009504248     0.008978383     0.397300000
    8000     0.009580948     0.009032817     0.380200000
    8020     0.009258518     0.008726149     0.370000000
    8040     0.009264968     0.008752179     0.408700000
    8060     0.009584468     0.009031576     0.394500000
    8080     0.009371571     0.008814939     0.392400000
    8100     0.009490623     0.008893181     0.344400000
    8120     0.009249727     0.008716654     0.386200000
    8140     0.009491345     0.008907558     0.367800000
    8160     0.009882909     0.009245936     0.362700000
    8180     0.009974997     0.009318212     0.354400000
    8200     0.009996889     0.009368284     0.366000000
    8220     0.010053358     0.009420280     0.352000000
    8240     0.009908576     0.009315620     0.356900000
    8260     0.009441115     0.008903273     0.402500000
    8280     0.009645080     0.009077746     0.387900000
    8300     0.009755892     0.009220365     0.451900000
    8320     0.009891495     0.009293718     0.376800000
    8340     0.009660133     0.009090597     0.394400000
    8360     0.009622768     0.009123552     0.444100000
    8380     0.009733442     0.009175027     0.390800000
    8400     0.009875633     0.009276797     0.389200000
    8420     0.010222636     0.009612553     0.395300000
    8440     0.010391112     0.009711654     0.358800000
    8460     0.009995428     0.009380778     0.373000000
    8480     0.010261086     0.009631139     0.359400000
    8500     0.010289355     0.009662291     0.361600000
    8520     0.010774182     0.010041224     0.335000000
    8540     0.010511995     0.009816533     0.340900000
    8560     0.010271465     0.009552995     0.305700000
    8580     0.010410203     0.009693195     0.322200000
    8600     0.010246438     0.009492276     0.285000000
    8620     0.010390663     0.009674059     0.302800000
    8640     0.010461737     0.009785502     0.372500000
    8660     0.010482269     0.009849449     0.380100000
    8680     0.010530995     0.009844003     0.346000000
    8700     0.010523941     0.009847614     0.355300000
    8720     0.010364446     0.009763327     0.378600000
    8740     0.010061542     0.009434798     0.341400000
    8760     0.009953998     0.009388483     0.387100000
    8780     0.010161900     0.009586591     0.411700000
    8800     0.010047118     0.009493234     0.419200000
    8820     0.010146588     0.009585439     0.449700000
    8840     0.010377183     0.009767158     0.420000000
    8860     0.010544295     0.009864747     0.381200000
    8880     0.010005814     0.009379857     0.367300000
    8900     0.010184340     0.009528936     0.359100000
    8920     0.010096495     0.009469554     0.387100000
    8940     0.009886288     0.009307545     0.392500000
    8960     0.009923739     0.009371480     0.417900000
    8980     0.009879271     0.009344966     0.431000000
    9000     0.010104434     0.009550462     0.432300000
    9020     0.009864196     0.009331638     0.427300000
    9040     0.009970033     0.009416033     0.403300000
    9060     0.009446007     0.008910389     0.383700000
    9080     0.009974661     0.009390886     0.371500000
    9100     0.010411801     0.009831100     0.402600000
    9120     0.010486204     0.009857018     0.361600000
    9140     0.010354395     0.009741426     0.371100000
    9160     0.010317712     0.009721656     0.378300000
    9180     0.010147859     0.009552135     0.368500000
    9200     0.010463239     0.009827229     0.345200000
    9220     0.010440271     0.009765585     0.329700000
    9240     0.010185040     0.009547577     0.348300000
    9260     0.010230670     0.009603996     0.351500000
    9280     0.010289300     0.009691857     0.397100000
    9300     0.010151225     0.009560726     0.383300000
    9320     0.010107035     0.009490518     0.368800000
    9340     0.009734186     0.009170190     0.385200000
    9360     0.009868719     0.009305306     0.380200000
    9380     0.010178551     0.009590102     0.401800000
    9400     0.009989125     0.009431135     0.414400000
    9420     0.010177314     0.009563168     0.379800000
    9440     0.010261072     0.009643908     0.394400000
    9460     0.010464313     0.009828585     0.373900000
    9480     0.010225175     0.009583270     0.352600000
    9500     0.009819254     0.009196768     0.327700000
    9520     0.010160414     0.009503341     0.350200000
    9540     0.009996997     0.009353063     0.346200000
    9560     0.009880370     0.009206758     0.325000000
    9580     0.009673884     0.009089013     0.379500000
    9600     0.009797980     0.009224767     0.396100000
    9620     0.009668798     0.009130204     0.423100000
    9640     0.009624217     0.009069199     0.388400000
    9660     0.009634478     0.009052892     0.375100000
    9680     0.009632940     0.009089027     0.429100000
    9700     0.009664162     0.009134600     0.433400000
    9720     0.009632775     0.009083166     0.428900000
    9740     0.009413827     0.008846322     0.386700000
    9760     0.009578754     0.009031055     0.397500000
    9780     0.009807037     0.009256878     0.412200000
    9800     0.010140471     0.009559400     0.388900000
    9820     0.010083350     0.009524871     0.397700000
    9840     0.009999773     0.009434321     0.392900000
    9860     0.009581070     0.009047699     0.393000000
    9880     0.009701117     0.009129392     0.361200000
    9900     0.009703600     0.009161500     0.381800000
    9920     0.009964541     0.009350604     0.341200000
    9940     0.010339106     0.009737116     0.392400000
    9960     0.010367643     0.009766626     0.353000000
    9980     0.010400785     0.009788599     0.363800000
   10000     0.010660977     0.010020675     0.365200000
   10020     0.010504136     0.009849716     0.356900000
   10040     0.010366940     0.009737071     0.370500000
   10060     0.010443076     0.009818464     0.359000000
   10080     0.010103913     0.009518950     0.407200000
   10100     0.010407727     0.009770169     0.366500000
   10120     0.010130709     0.009529761     0.373000000
   10140     0.009821847     0.009185913     0.321400000
   10160     0.009714327     0.009095540     0.334000000
   10180     0.009676118     0.009137678     0.402200000
   10200     0.009908108     0.009302999     0.351900000
   10220     0.009914067     0.009352299     0.419500000
   10240     0.009884019     0.009341872     0.402900000
   10260     0.009754042     0.009167142     0.368700000
   10280     0.010197071     0.009576694     0.384400000
   10300     0.010190709     0.009520783     0.356400000
   10320     0.010067081     0.009425731     0.395400000
   10340     0.009843731     0.009214751     0.358300000
   10360     0.009750005     0.009152697     0.360900000
   10380     0.009857426     0.009263248     0.387900000
   10400     0.009774994     0.009164505     0.371000000
   10420     0.009692762     0.009118927     0.375700000
   10440     0.009443296     0.008911923     0.417800000
   10460     0.009308340     0.008779650     0.393500000
   10480     0.009168469     0.008665197     0.408900000
   10500     0.009255896     0.008787749     0.450100000
   10520     0.009123149     0.008663229     0.459500000
   10540     0.009038828     0.008567614     0.429300000
   10560     0.008931701     0.008480375     0.449100000
   10580     0.009319807     0.008856512     0.458900000
   10600     0.009520969     0.009011743     0.430400000
   10620     0.009637319     0.009087720     0.394100000
   10640     0.009682116     0.009098792     0.358700000
   10660     0.009662862     0.009089863     0.368900000
   10680     0.009875213     0.009331558     0.408400000
   10700     0.009740846     0.009207933     0.414900000
   10720     0.010026728     0.009467066     0.386400000
   10740     0.009743503     0.009185657     0.364000000
   10760     0.009604771     0.009071691     0.398900000
   10780     0.009573241     0.009007421     0.362700000
   10800     0.009765356     0.009193534     0.367900000
   10820     0.009681848     0.009109993     0.385100000
   10840     0.009998057     0.009399041     0.393400000
   10860     0.009944835     0.009409840     0.431600000
   10880     0.010085761     0.009508936     0.403400000
   10900     0.010129875     0.009516178     0.363500000
   10920     0.010391572     0.009784478     0.377600000
   10940     0.011003864     0.010283547     0.325200000
   10960     0.010718751     0.009954289     0.320800000
   10980     0.010547062     0.009856845     0.360600000
   11000     0.010349173     0.009687051     0.348100000
   11020     0.010244935     0.009601907     0.387500000
   11040     0.010378323     0.009767851     0.428800000
   11060     0.010163836     0.009567831     0.393400000
   11080     0.010189707     0.009591075     0.389500000
   11100     0.010231880     0.009615957     0.361800000
   11120     0.010131766     0.009530283     0.379400000
   11140     0.009577918     0.009023684     0.386900000
   11160     0.009252278     0.008710348     0.374700000
   11180     0.009125400     0.008638957     0.439800000
   11200     0.009455077     0.008954390     0.434000000
   11220     0.009539771     0.009045385     0.433700000
   11240     0.009499031     0.009023655     0.471800000
   11260     0.009632400     0.009106491     0.411200000
   11280     0.009764206     0.009216868     0.403000000
   11300     0.009987590     0.009421362     0.397800000
   11320     0.010302033     0.009697586     0.359300000
   11340     0.010164199     0.009512171     0.330700000
   11360     0.010441215     0.009732970     0.320300000
   11380     0.010730631     0.010016696     0.318700000
   11400     0.010961016     0.010186648     0.315600000
   11420     0.010623519     0.009915654     0.343900000
   11440     0.010750740     0.010030454     0.340200000
   11460     0.010627891     0.009927952     0.331200000
   11480     0.010714226     0.009968483     0.304200000
   11500     0.010226773     0.009535296     0.321300000
   11520     0.010034354     0.009369234     0.330500000
   11540     0.009674713     0.009021310     0.337200000
   11560     0.009580606     0.008977253     0.372300000
   11580     0.009519302     0.008900526     0.337800000
   11600     0.009348155     0.008761292     0.356300000
   11620     0.009420617     0.008847748     0.370800000
   11640     0.009550841     0.008943624     0.370800000
   11660     0.009875247     0.009268621     0.401100000
   11680     0.009819503     0.009254504     0.423800000
   11700     0.010055725     0.009420736     0.379200000
   11720     0.009971777     0.009390346     0.425200000
   11740     0.010044366     0.009464528     0.436100000
   11760     0.010252082     0.009592555     0.357500000
   11780     0.010160254     0.009533126     0.412300000
   11800     0.010194828     0.009561123     0.398200000
   11820     0.010116641     0.009508439     0.392800000
   11840     0.010280664     0.009648273     0.397600000
   11860     0.010351133     0.009697904     0.389400000
   11880     0.010174909     0.009552486     0.380400000
   11900     0.009968006     0.009398396     0.406000000
   11920     0.009970636     0.009378133     0.376400000
   11940     0.009614237     0.009021535     0.341000000
   11960     0.009706280     0.009073674     0.335000000
   11980     0.009899656     0.009321064     0.373500000
   12000     0.009799859     0.009232526     0.392800000
   12020     0.009733094     0.009151771     0.362800000
   12040     0.009556088     0.009033486     0.399700000
   12060     0.009733362     0.009196459     0.414900000
   12080     0.009629457     0.009106943     0.423900000
   12100     0.009554052     0.009009079     0.389300000
   12120     0.010009945     0.009452136     0.416900000
   12140     0.010411032     0.009813910     0.405200000
   12160     0.010211210     0.009617208     0.398500000
   12180     0.010470055     0.009805760     0.351900000
   12200     0.010482965     0.009849336     0.376000000
   12220     0.010763524     0.010070665     0.363800000
   12240     0.010546658     0.009878859     0.345200000
   12260     0.010689528     0.009972033     0.325100000
   12280     0.010456141     0.009778802     0.352900000
   12300     0.010211685     0.009582768     0.361400000
   12320     0.009615613     0.009036515     0.386700000
   12340     0.009554794     0.009006130     0.406100000
   12360     0.009674803     0.009110357     0.398100000
   12380     0.009451379     0.008908660     0.406300000
   12400     0.009510416     0.009000269     0.443400000
   12420     0.009495298     0.008993959     0.424400000
   12440     0.009471925     0.008971478     0.422200000
   12460     0.009190502     0.008733373     0.457100000
   12480     0.009018760     0.008543234     0.422000000
   12500     0.009305364     0.008810679     0.418400000
   12520     0.009347797     0.008880003     0.477000000
   12540     0.009233659     0.008758733     0.420700000
   12560     0.009624670     0.009116309     0.419800000
   12580     0.009714758     0.009220730     0.453500000
   12600     0.009714335     0.009163510     0.380300000
   12620     0.010309233     0.009685476     0.344900000
   12640     0.010493734     0.009814123     0.336200000
   12660     0.009932825     0.009352250     0.373300000
   12680     0.010059008     0.009456352     0.377800000
   12700     0.009845044     0.009236935     0.358700000
   12720     0.009949274     0.009342188     0.362200000
   12740     0.009652481     0.009103640     0.376000000
   12760     0.009779305     0.009213176     0.386800000
   12780     0.010006866     0.009440167     0.384900000
   12800     0.009617448     0.009037988     0.358800000
   12820     0.009560300     0.009013328     0.383100000
   12840     0.009268486     0.008757946     0.399500000
   12860     0.009249790     0.008760978     0.437900000
   12880     0.009163776     0.008694581     0.441900000
   12900     0.008983796     0.008529459     0.455500000
   12920     0.009351637     0.008814725     0.368600000
   12940     0.009475283     0.008920742     0.375900000
   12960     0.009555470     0.008979799     0.374600000
   12980     0.009477333     0.008915880     0.366100000
   13000     0.009314962     0.008762799     0.367300000
   13020     0.009170615     0.008663613     0.406600000
   13040     0.009334060     0.008819568     0.420500000
   13060     0.009443119     0.008914139     0.389300000
   13080     0.009751499     0.009187902     0.379900000
   13100     0.009906355     0.009282280     0.344700000
   13120     0.009925938     0.009314336     0.348300000
   13140     0.010026351     0.009415818     0.377500000
   13160     0.010269801     0.009647704     0.388000000
   13180     0.010256401     0.009613281     0.355200000
   13200     0.010219831     0.009627588     0.403000000
   13220     0.010326532     0.009717496     0.385200000
   13240     0.010544842     0.009878017     0.343900000
   13260     0.010494199     0.009776560     0.314200000
   13280     0.010142373     0.009468293     0.327400000
   13300     0.010092713     0.009443796     0.328700000
   13320     0.009888068     0.009306974     0.370200000
   13340     0.009963296     0.009368564     0.375400000
   13360     0.010159174     0.009541554     0.367100000
   13380     0.009775580     0.009193099     0.380400000
   13400     0.009841374     0.009274778     0.390700000
   13420     0.010030838     0.009433745     0.410200000
   13440     0.010113709     0.009486708     0.376200000
   13460     0.010045091     0.009397635     0.347200000
   13480     0.010294557     0.009613387     0.351700000
   13500     0.010609360     0.009918785     0.362000000
   13520     0.010523407     0.009827158     0.345500000
   13540     0.010585975     0.009890743     0.342800000
   13560     0.010271346     0.009620202     0.358000000
   13580     0.010375650     0.009673254     0.335200000
   13600     0.010234307     0.009574453     0.366400000
   13620     0.010324374     0.009623641     0.356200000
   13640     0.010098879     0.009417829     0.340500000
   13660     0.010145442     0.009473053     0.335300000
   13680     0.010372364     0.009730280     0.380300000
   13700     0.010137544     0.009547370     0.402700000
   13720     0.010049050     0.009458736     0.382500000
   13740     0.009905201     0.009338929     0.394300000
   13760     0.009720825     0.009186191     0.402900000
   13780     0.010012206     0.009460605     0.425700000
   13800     0.009915022     0.009360324     0.410000000
   13820     0.010153518     0.009544730     0.368300000
   13840     0.010016430     0.009366941     0.345600000
   13860     0.009697646     0.009100322     0.352500000
   13880     0.009435657     0.008885295     0.379000000
   13900     0.009589402     0.009035450     0.371500000
   13920     0.009487316     0.008970580     0.424000000
   13940     0.009627535     0.009078933     0.376400000
   13960     0.009666496     0.009117433     0.397600000
   13980     0.009704831     0.009173648     0.429700000
   14000     0.009036652     0.008541344     0.414500000
   14020     0.009309991     0.008774240     0.398200000
   14040     0.009328117     0.008833373     0.434700000
   14060     0.009308931     0.008822707     0.429800000
   14080     0.009109960     0.008644790     0.443200000
   14100     0.009373843     0.008889801     0.425100000
   14120     0.009590910     0.009065212     0.394700000
   14140     0.009510788     0.008970148     0.359200000
   14160     0.009308827     0.008780977     0.382700000
   14180     0.009467529     0.008956444     0.396500000
   14200     0.009456517     0.008924485     0.393700000
   14220     0.009296323     0.008812816     0.439400000
   14240     0.009339351     0.008841186     0.422100000
   14260     0.009256641     0.008747454     0.397300000
   14280     0.009291215     0.008751285     0.368400000
   14300     0.008981317     0.008481406     0.386800000
   14320     0.008905105     0.008443964     0.435600000
   14340     0.009073490     0.008593603     0.427200000
   14360     0.009252829     0.008764245     0.444700000
   14380     0.009507997     0.008992324     0.423400000
   14400     0.009655042     0.009122459     0.400700000
   14420     0.009931549     0.009359691     0.393700000
   14440     0.010267806     0.009660012     0.365700000
   14460     0.009961239     0.009396778     0.381100000
   14480     0.009884983     0.009336665     0.398700000
   14500     0.010123834     0.009523834     0.383500000
   14520     0.010210666     0.009573144     0.357700000
   14540     0.009891049     0.009271395     0.367900000
   14560     0.009637682     0.009047406     0.358600000
   14580     0.009372070     0.008782760     0.348200000
   14600     0.009015549     0.008495736     0.370200000
   14620     0.009035407     0.008556781     0.435900000
   14640     0.009260199     0.008752472     0.400100000
   14660     0.009031504     0.008528726     0.388300000
   14680     0.008982575     0.008495667     0.389500000
   14700     0.008998831     0.008552844     0.436500000
   14720     0.008904667     0.008461182     0.432100000
   14740     0.008733535     0.008289274     0.423500000
   14760     0.008924642     0.008497459     0.473700000
   14780     0.009006522     0.008560022     0.441900000
   14800     0.008750252     0.008298340     0.423900000
   14820     0.008588818     0.008189674     0.484600000
   14840     0.008622844     0.008234015     0.479000000
   14860     0.008661576     0.008252879     0.467800000
   14880     0.008738105     0.008318773     0.468800000
   14900     0.008638031     0.008248943     0.489900000
   14920     0.008865035     0.008446731     0.462800000
   14940     0.008942191     0.008519789     0.456600000
   14960     0.009093239     0.008642654     0.442800000
   14980     0.009167763     0.008730825     0.464300000
   15000     0.009191823     0.008706127     0.404100000
   15020     0.009422882     0.008877961     0.365600000
   15040     0.009616365     0.009101827     0.404900000
   15060     0.009273829     0.008767567     0.390500000
   15080     0.009332969     0.008826363     0.425200000
   15100     0.009557745     0.009079174     0.438500000
   15120     0.009694848     0.009175572     0.411600000
   15140     0.009588860     0.009041482     0.391000000
   15160     0.009506231     0.008966039     0.390600000
   15180     0.009375051     0.008875231     0.429000000
   15200     0.009300973     0.008838420     0.454600000
   15220     0.009496088     0.008987280     0.402800000
   15240     0.009589924     0.009052137     0.409500000
   15260     0.010067647     0.009487231     0.379600000
   15280     0.009989670     0.009451512     0.438500000
   15300     0.010260389     0.009639806     0.373200000
   15320     0.010294434     0.009631704     0.338300000
   15340     0.010078539     0.009462425     0.378500000
   15360     0.010337471     0.009707168     0.389800000
   15380     0.010254680     0.009623976     0.355200000
   15400     0.010045829     0.009387941     0.320100000
   15420     0.010036835     0.009344615     0.312900000
   15440     0.010012541     0.009312709     0.311000000
   15460     0.009636478     0.009021057     0.349400000
   15480     0.009319084     0.008720821     0.343600000
   15500     0.009821029     0.009184750     0.356300000
   15520     0.010120087     0.009479572     0.350200000
   15540     0.010115234     0.009504914     0.374600000
   15560     0.010121288     0.009506799     0.360700000
   15580     0.009979893     0.009403175     0.414000000
   15600     0.009817935     0.009282057     0.419000000
   15620     0.009673843     0.009104202     0.366000000
   15640     0.009506233     0.008941249     0.363500000
   15660     0.009575396     0.009065992     0.434200000
   15680     0.009550337     0.009074014     0.459200000
   15700     0.009639920     0.009103590     0.401600000
   15720     0.009842678     0.009237377     0.353000000
   15740     0.009480391     0.008877921     0.317700000
   15760     0.009504456     0.008921919     0.360800000
   15780     0.009635354     0.009099285     0.403000000
   15800     0.009684486     0.009120485     0.385300000
   15820     0.009890418     0.009331919     0.398500000
   15840     0.009955851     0.009324756     0.360400000
   15860     0.010312791     0.009644255     0.338200000
   15880     0.010711179     0.010008008     0.346000000
   15900     0.010321217     0.009613352     0.312000000
   15920     0.010363076     0.009637167     0.312900000
   15940     0.010013492     0.009326337     0.337600000
   15960     0.010182602     0.009567164     0.378900000
   15980     0.010160455     0.009565663     0.371900000
   16000     0.010104191     0.009500705     0.348800000
   16020     0.010260953     0.009643848     0.375700000
   16040     0.010032260     0.009431265     0.372200000
   16060     0.010019911     0.009446971     0.404700000
   16080     0.009974874     0.009386624     0.372900000
   16100     0.009920545     0.009379406     0.415200000
   16120     0.009576678     0.009031737     0.386400000
   16140     0.009771846     0.009194940     0.376900000
   16160     0.009893351     0.009307742     0.378200000
   16180     0.009718235     0.009162355     0.402100000
   16200     0.009748696     0.009189002     0.391300000
   16220     0.009854099     0.009295392     0.409100000
   16240     0.009891091     0.009332205     0.413300000
   16260     0.010058324     0.009461587     0.384700000
   16280     0.010211313     0.009615675     0.385500000
   16300     0.010106458     0.009496052     0.371600000
   16320     0.010020180     0.009425814     0.372100000
   16340     0.010073904     0.009458040     0.348900000
   16360     0.009630099     0.009068751     0.366500000
   16380     0.009586051     0.009033609     0.367100000
   16400     0.009829411     0.009248638     0.361900000
   16420     0.009751486     0.009159641     0.347400000
   16440     0.009811588     0.009224172     0.362600000
   16460     0.010013991     0.009448618     0.395000000
   16480     0.009790334     0.009207541     0.362500000
   16500     0.010050344     0.009474002     0.396900000
   16520     0.010013657     0.009426663     0.393400000
   16540     0.009873211     0.009333913     0.431500000
   16560     0.009960547     0.009384106     0.388800000
   16580     0.010014025     0.009397723     0.352900000
   16600     0.010214690     0.009563129     0.336000000
   16620     0.010199911     0.009561585     0.350900000
   16640     0.009893043     0.009249509     0.336000000
   16660     0.009901595     0.009262946     0.346700000
   16680     0.009647898     0.009081487     0.377700000
   16700     0.009539917     0.009023397     0.419900000
   16720     0.009547442     0.008986152     0.388400000
   16740     0.009273704     0.008732565     0.382000000
   16760     0.009528415     0.008969371     0.401600000
   16780     0.009418363     0.008867760     0.380000000
   16800     0.009577663     0.009047484     0.413400000
   16820     0.009666448     0.009138304     0.403000000
   16840     0.009395640     0.008868677     0.425700000
   16860     0.009267132     0.008745125     0.395800000
   16880     0.009575542     0.009041446     0.392600000
   16900     0.009538278     0.009013388     0.380800000
   16920     0.009594883     0.009043713     0.366800000
   16940     0.009651273     0.009116818     0.409900000
   16960     0.009675659     0.009140095     0.391700000
   16980     0.009612449     0.009062989     0.379100000
   17000     0.010039397     0.009467639     0.410600000
   17020     0.010207200     0.009623634     0.398500000
   17040     0.010317386     0.009706347     0.373300000
   17060     0.010215400     0.009579271     0.356300000
   17080     0.010177459     0.009542298     0.335000000
   17100     0.010374618     0.009718769     0.359000000
   17120     0.010087179     0.009459880     0.347300000
   17140     0.009868593     0.009194726     0.310400000
   17160     0.009767305     0.009134794     0.334500000
   17180     0.010037184     0.009376135     0.341200000
   17200     0.009815113     0.009157713     0.332600000
   17220     0.009582626     0.008957394     0.342300000
   17240     0.009680984     0.009088563     0.387200000
   17260     0.010011092     0.009424529     0.400200000
   17280     0.009987443     0.009358807     0.368300000
   17300     0.010531398     0.009881939     0.379900000
   17320     0.010504132     0.009887239     0.378000000
   17340     0.010503801     0.009817533     0.324500000
   17360     0.010363773     0.009621916     0.281900000
   17380     0.010483195     0.009790621     0.335300000
   17400     0.010235283     0.009547442     0.323500000
   17420     0.010261319     0.009633206     0.368000000
   17440     0.010226205     0.009568896     0.339300000
   17460     0.010131038     0.009512993     0.366100000
   17480     0.010073860     0.009446133     0.345600000
   17500     0.010170573     0.009499433     0.338400000
   17520     0.010287197     0.009634064     0.348900000
   17540     0.010054698     0.009467571     0.392100000
   17560     0.010006682     0.009417494     0.395700000
   17580     0.010339739     0.009693861     0.370700000
   17600     0.010240202     0.009633823     0.401900000
   17620     0.010327900     0.009704014     0.371900000
   17640     0.010447312     0.009801682     0.372800000
   17660     0.010319747     0.009675790     0.364800000
   17680     0.010195986     0.009525468     0.331200000
   17700     0.009797740     0.009144555     0.314900000
   17720     0.009579574     0.008980310     0.370700000
   17740     0.009495814     0.008944057     0.394500000
   17760     0.009199837     0.008717056     0.426000000
   17780     0.009323894     0.008828035     0.422200000
   17800     0.009259556     0.008731543     0.402100000
   17820     0.009357463     0.008829626     0.409300000
   17840     0.009287509     0.008817485     0.461200000
   17860     0.009284225     0.008816922     0.458300000
   17880     0.009190244     0.008720265     0.445900000
   17900     0.009489241     0.008948043     0.386400000
   17920     0.009495970     0.008975455     0.411400000
   17940     0.009892254     0.009320740     0.408600000
   17960     0.009800560     0.009265343     0.410000000
   17980     0.009892150     0.009346925     0.435600000
   18000     0.009548135     0.009014176     0.387900000
   18020     0.009728286     0.009176469     0.403300000
   18040     0.009577377     0.009041345     0.410100000
   18060     0.009469729     0.008981576     0.451200000
   18080     0.009565641     0.009045839     0.404800000
   18100     0.009761213     0.009194308     0.378200000
   18120     0.009976274     0.009379722     0.363700000
   18140     0.009794209     0.009229852     0.366300000
   18160     0.009617841     0.009065520     0.347200000
   18180     0.009589447     0.009030213     0.356800000
   18200     0.009491524     0.008955609     0.391000000
   18220     0.009581080     0.009031942     0.371000000
   18240     0.009892279     0.009265902     0.336600000
   18260     0.009749603     0.009161677     0.369900000
   18280     0.010065793     0.009463957     0.364600000
   18300     0.010495195     0.009840567     0.357400000
   18320     0.010743534     0.010044292     0.346700000
   18340     0.010318737     0.009632869     0.320900000
   18360     0.010710677     0.009999853     0.345500000
   18380     0.010647275     0.009955262     0.349000000
   18400     0.010391364     0.009765781     0.362300000
   18420     0.010369675     0.009760595     0.386400000
   18440     0.010420922     0.009831134     0.395100000
   18460     0.010477027     0.009873750     0.397000000
   18480     0.010435066     0.009835582     0.391500000
   18500     0.010451205     0.009872912     0.412300000
   18520     0.010511475     0.009860910     0.361900000
   18540     0.010616720     0.009986870     0.375300000
   18560     0.010770617     0.010123809     0.374200000
   18580     0.010526631     0.009906405     0.396900000
   18600     0.010798289     0.010126084     0.370200000
   18620     0.010605677     0.009861493     0.304100000
   18640     0.010419146     0.009708478     0.304600000
   18660     0.010301440     0.009630147     0.338000000
   18680     0.010097620     0.009433026     0.330300000
   18700     0.010230193     0.009627467     0.398200000
   18720     0.010545509     0.009905957     0.368300000
   18740     0.010512063     0.009869970     0.374000000
   18760     0.010587308     0.009962424     0.398100000
   18780     0.010670729     0.010025473     0.391900000
   18800     0.010747687     0.010085989     0.377600000
   18820     0.010556394     0.009933188     0.386100000
   18840     0.010238626     0.009641896     0.389900000
   18860     0.010270861     0.009660290     0.390700000
   18880     0.009821285     0.009246217     0.386100000
   18900     0.009626217     0.009048534     0.351300000
   18920     0.009621532     0.009088213     0.398900000
   18940     0.009859765     0.009266179     0.359700000
   18960     0.009687075     0.009132360     0.374000000
   18980     0.009581737     0.009039738     0.385500000
   19000     0.009551849     0.009015470     0.379600000
   19020     0.009497638     0.008994172     0.410100000
   19040     0.009683651     0.009138123     0.401700000
   19060     0.009967177     0.009396554     0.380400000
   19080     0.010269685     0.009719918     0.419200000
   19100     0.010247053     0.009683366     0.416300000
   19120     0.010365805     0.009738830     0.378100000
   19140     0.010129122     0.009482068     0.351900000
   19160     0.010453928     0.009788447     0.350100000
   19180     0.010103844     0.009492465     0.389400000
   19200     0.009946196     0.009374366     0.400200000
   19220     0.009995349     0.009390878     0.384200000
   19240     0.009934730     0.009332279     0.354600000
   19260     0.010338598     0.009689765     0.357600000
   19280     0.010552729     0.009910013     0.385800000
   19300     0.010537459     0.009858529     0.343100000
   19320     0.010140686     0.009511063     0.356500000
   19340     0.009837152     0.009201264     0.334600000
   19360     0.010059972     0.009420349     0.360100000
   19380     0.009780074     0.009146920     0.344700000
   19400     0.009818443     0.009208210     0.355200000
   19420     0.010140201     0.009504696     0.365200000
   19440     0.010316221     0.009683961     0.359200000
   19460     0.010311911     0.009653454     0.356300000
   19480     0.009985759     0.009374022     0.376600000
   19500     0.010334523     0.009638716     0.322300000
   19520     0.010405261     0.009721790     0.338200000
   19540     0.010303582     0.009648820     0.350500000
   19560     0.010471014     0.009814962     0.367600000
   19580     0.010378635     0.009773240     0.391200000
   19600     0.010308676     0.009700161     0.390200000
   19620     0.010164411     0.009560880     0.378000000
   19640     0.010104054     0.009529040     0.390300000
   19660     0.010059944     0.009492663     0.413500000
   19680     0.010151286     0.009513341     0.349400000
   19700     0.009966654     0.009385436     0.385600000
   19720     0.009968952     0.009367616     0.372800000
   19740     0.009825512     0.009227875     0.381200000
   19760     0.010237484     0.009672931     0.431300000
   19780     0.009933112     0.009350831     0.397100000
   19800     0.010164422     0.009577966     0.393400000
   19820     0.010099456     0.009511876     0.400800000
   19840     0.010231041     0.009565812     0.345800000
   19860     0.010187876     0.009513387     0.337800000
   19880     0.010518921     0.009806767     0.341600000
   19900     0.010293358     0.009607555     0.327200000
   19920     0.010118324     0.009437866     0.326800000
   19940     0.010094877     0.009435791     0.324700000
   19960     0.010311950     0.009663586     0.361200000
   19980     0.010226512     0.009583468     0.353200000
   20000     0.010359998     0.009758549     0.390300000
   20020     0.010077845     0.009470850     0.368400000
   20040     0.010200232     0.009574543     0.366200000
   20060     0.010053910     0.009462353     0.381500000
   20080     0.010065309     0.009485870     0.413000000
   20100     0.010545761     0.009931959     0.391100000
   20120     0.010493849     0.009773283     0.299500000
   20140     0.010487870     0.009817197     0.350700000
   20160     0.010261664     0.009616899     0.349300000
   20180     0.010419476     0.009744854     0.339200000
   20200     0.010603190     0.009865218     0.313300000
   20220     0.010088529     0.009399273     0.324700000
   20240     0.010003351     0.009350075     0.332100000
   20260     0.010019539     0.009369223     0.348800000
   20280     0.009961632     0.009339286     0.360700000
   20300     0.010012407     0.009408465     0.381200000
   20320     0.009986366     0.009424572     0.420100000
   20340     0.009632387     0.009087838     0.412100000
   20360     0.009620655     0.009066818     0.388900000
   20380     0.009731039     0.009194151     0.437400000
   20400     0.009651719     0.009106815     0.411200000
   20420     0.009318238     0.008794154     0.405300000
   20440     0.008962238     0.008510735     0.448400000
   20460     0.009274297     0.008781834     0.420200000
   20480     0.009271036     0.008758911     0.393500000
   20500     0.009336511     0.008851821     0.434500000
   20520     0.009799173     0.009272936     0.420700000
   20540     0.009669421     0.009122746     0.403100000
   20560     0.009775220     0.009235151     0.410700000
   20580     0.009961303     0.009382957     0.396000000
   20600     0.009932357     0.009345018     0.382200000
   20620     0.009590706     0.009029821     0.375700000
   20640     0.009907822     0.009342135     0.394100000
   20660     0.010056018     0.009481412     0.412600000
   20680     0.009908595     0.009321821     0.357800000
   20700     0.009664718     0.009089450     0.364100000
   20720     0.009264208     0.008734046     0.374500000
   20740     0.008990334     0.008492121     0.393900000
   20760     0.009029935     0.008515703     0.382000000
   20780     0.009074951     0.008591660     0.420100000
   20800     0.009281617     0.008798983     0.448800000
   20820     0.009074128     0.008619143     0.465900000
   20840     0.009034446     0.008594814     0.477400000
   20860     0.009123004     0.008631601     0.406900000
   20880     0.009190773     0.008678418     0.388100000
   20900     0.009194482     0.008722286     0.425300000
   20920     0.009104127     0.008623861     0.416900000
   20940     0.009202427     0.008739261     0.450300000
   20960     0.009485169     0.008986726     0.433700000
   20980     0.009595245     0.009064091     0.393400000
   21000     0.009309585     0.008832083     0.442600000
   21020     0.009274414     0.008795199     0.448500000
   21040     0.009285898     0.008794508     0.412100000
   21060     0.009253928     0.008768714     0.427900000
   21080     0.009302193     0.008834522     0.445000000
   21100     0.009472110     0.008974777     0.414500000
   21120     0.009449100     0.008965419     0.429600000
   21140     0.009939240     0.009416759     0.423600000
   21160     0.010054579     0.009513582     0.412400000
   21180     0.010021577     0.009469848     0.387000000
   21200     0.010164987     0.009613983     0.405900000
   21220     0.010264544     0.009698594     0.409600000
   21240     0.009850395     0.009294593     0.374700000
   21260     0.009788457     0.009191667     0.335800000
   21280     0.009755263     0.009145909     0.339400000
   21300     0.009857330     0.009294430     0.378200000
   21320     0.010091562     0.009476548     0.339400000
   21340     0.010192854     0.009585634     0.355900000
   21360     0.009939048     0.009363959     0.381000000
   21380     0.010095311     0.009522894     0.383800000
   21400     0.009960683     0.009411741     0.404300000
   21420     0.010057483     0.009487316     0.363500000
   21440     0.009917083     0.009331737     0.371100000
   21460     0.009652352     0.009073559     0.349000000
   21480     0.009582443     0.009021010     0.381800000
   21500     0.009840219     0.009278107     0.387800000
   21520     0.009820125     0.009297860     0.418700000
   21540     0.010080694     0.009516642     0.370400000
   21560     0.009710322     0.009149847     0.368000000
   21580     0.009633755     0.009059743     0.352800000
   21600     0.009596542     0.009037210     0.381700000
   21620     0.009703802     0.009134317     0.370700000
   21640     0.009758900     0.009203350     0.389200000
   21660     0.009838650     0.009331404     0.456000000
   21680     0.010153660     0.009584063     0.405600000
   21700     0.010102064     0.009563133     0.431500000
   21720     0.009984073     0.009421801     0.399500000
   21740     0.009909335     0.009368938     0.425900000
   21760     0.009875468     0.009315366     0.400100000
   21780     0.009936143     0.009344139     0.376700000
   21800     0.009768544     0.009199609     0.381300000
   21820     0.010040586     0.009448990     0.382500000
   21840     0.010121962     0.009539448     0.379800000
   21860     0.010144292     0.009527136     0.367500000
   21880     0.010229610     0.009582993     0.355200000
   21900     0.010663674     0.009973337     0.354600000
   21920     0.010757961     0.010009893     0.308600000
   21940     0.010350292     0.009668541     0.335100000
   21960     0.010157910     0.009540262     0.371300000
   21980     0.009878826     0.009201486     0.323500000
   22000     0.009768436     0.009158791     0.346200000
   22020     0.009660236     0.009108559     0.404600000
   22040     0.010050181     0.009486459     0.407000000
   22060     0.009935776     0.009348223     0.379700000
   22080     0.010109813     0.009473460     0.352600000
   22100     0.010216050     0.009608024     0.377000000
   22120     0.010414759     0.009788134     0.387700000
   22140     0.010452487     0.009813632     0.383400000
   22160     0.010511933     0.009836253     0.350400000
   22180     0.010536282     0.009862787     0.346900000
   22200     0.010454561     0.009707760     0.304600000
   22220     0.010642464     0.009878760     0.299300000
   22240     0.010310448     0.009581212     0.313100000
   22260     0.010303897     0.009554949     0.310300000
   22280     0.010797054     0.010081597     0.376500000
   22300     0.010690476     0.009973306     0.347800000
   22320     0.010484840     0.009761413     0.325000000
   22340     0.010410426     0.009676205     0.324800000
   22360     0.010254206     0.009571524     0.340400000
   22380     0.009843680     0.009203408     0.334700000
   22400     0.009609992     0.009058221     0.391700000
   22420     0.009825551     0.009219534     0.350400000
   22440     0.010079257     0.009490396     0.394000000
   22460     0.010078006     0.009499351     0.385700000
   22480     0.010127632     0.009521840     0.372200000
   22500     0.009949743     0.009404752     0.424000000
   22520     0.009888481     0.009294213     0.356700000
   22540     0.009948033     0.009350900     0.367200000
   22560     0.009956182     0.009361369     0.350100000
   22580     0.009965435     0.009372273     0.378500000
   22600     0.010047180     0.009470053     0.377000000
   22620     0.010069158     0.009466301     0.352700000
   22640     0.010201530     0.009607746     0.402400000
   22660     0.010067282     0.009507784     0.415200000
   22680     0.009804491     0.009271381     0.435700000
   22700     0.009783776     0.009223895     0.420600000
   22720     0.010018180     0.009425012     0.370300000
   22740     0.010209907     0.009606978     0.391500000
   22760     0.010284027     0.009667226     0.389900000
   22780     0.010088728     0.009481032     0.389800000
   22800     0.010463033     0.009854177     0.409100000
   22820     0.010545856     0.009898348     0.375000000
   22840     0.010357069     0.009707331     0.356200000
   22860     0.010550577     0.009921309     0.376100000
   22880     0.010568709     0.009868696     0.350000000
   22900     0.010261061     0.009611977     0.367700000
   22920     0.010500692     0.009798786     0.341500000
   22940     0.010195643     0.009510879     0.319700000
   22960     0.010462356     0.009747027     0.331400000
   22980     0.010308201     0.009671043     0.376300000
   23000     0.010436242     0.009820262     0.424800000
   23020     0.010178177     0.009556352     0.414700000
   23040     0.010395723     0.009715319     0.365300000
   23060     0.010019952     0.009358465     0.347200000
   23080     0.010030652     0.009396092     0.371100000
   23100     0.010002547     0.009421834     0.416500000
   23120     0.009827982     0.009253438     0.407500000
   23140     0.010017584     0.009374867     0.348200000
   23160     0.010249958     0.009598094     0.364900000
   23180     0.009869156     0.009272436     0.380800000
   23200     0.010106537     0.009490798     0.398400000
   23220     0.010027575     0.009420603     0.385800000
   23240     0.010330794     0.009675054     0.372800000
   23260     0.010378080     0.009758000     0.409100000
   23280     0.009874845     0.009245214     0.367600000
   23300     0.009674991     0.009094378     0.398200000
   23320     0.009484922     0.008936624     0.389500000
   23340     0.009422368     0.008869628     0.384400000
   23360     0.009957393     0.009364709     0.404500000
   23380     0.009662255     0.009113871     0.402600000
   23400     0.009962653     0.009408370     0.424200000
   23420     0.010230587     0.009655699     0.419400000
   23440     0.010016464     0.009445421     0.410300000
   23460     0.009764293     0.009200635     0.395900000
   23480     0.009823133     0.009281709     0.400800000
   23500     0.009610066     0.009055711     0.366800000
   23520     0.009743542     0.009182075     0.383200000
   23540     0.009933583     0.009363979     0.388100000
   23560     0.009844844     0.009322618     0.425000000
   23580     0.009996165     0.009445775     0.413200000
   23600     0.010018134     0.009412215     0.348400000
   23620     0.009788619     0.009224681     0.363200000
   23640     0.009958000     0.009364308     0.349400000
   23660     0.010045810     0.009393053     0.325500000
   23680     0.010085168     0.009453627     0.361600000
   23700     0.009832480     0.009236725     0.363200000
   23720     0.009639695     0.009043235     0.346900000
   23740     0.009946738     0.009341593     0.383400000
   23760     0.009930400     0.009335585     0.378800000
   23780     0.010123556     0.009463574     0.323000000
   23800     0.009876329     0.009218294     0.323200000
   23820     0.009296604     0.008720892     0.346700000
   23840     0.009374684     0.008807953     0.383200000
   23860     0.009345426     0.008803647     0.401400000
   23880     0.009501609     0.008933880     0.378600000
   23900     0.009395038     0.008844417     0.379300000
   23920     0.009658433     0.009084667     0.378600000
   23940     0.009834439     0.009259938     0.395000000
   23960     0.010049285     0.009467627     0.397200000
   23980     0.010416737     0.009774433     0.364700000
   24000     0.010332195     0.009707791     0.360700000
   24020     0.010069319     0.009480547     0.376500000
   24040     0.010088079     0.009425454     0.329900000
   24060     0.010538989     0.009786879     0.290800000
   24080     0.010679931     0.009946176     0.307600000
   24100     0.010695509     0.009939445     0.300400000
   24120     0.010556831     0.009842479     0.314500000
   24140     0.010219557     0.009526183     0.331500000
   24160     0.010200954     0.009546523     0.357500000
   24180     0.009822815     0.009163366     0.328700000
   24200     0.009735153     0.009135296     0.365400000
   24220     0.009761241     0.009191117     0.393000000
   24240     0.009803949     0.009231999     0.393900000
   24260     0.009879118     0.009282501     0.393900000
   24280     0.009823111     0.009221087     0.377700000
   24300     0.009608983     0.009029235     0.383900000
   24320     0.009904183     0.009300002     0.381600000
   24340     0.009793904     0.009209326     0.376900000
   24360     0.009788647     0.009204960     0.382600000
   24380     0.009818720     0.009208491     0.374000000
   24400     0.009755171     0.009183233     0.385200000
   24420     0.009753437     0.009159636     0.361800000
   24440     0.010006952     0.009441760     0.400300000
   24460     0.009762985     0.009222955     0.403900000
   24480     0.009746665     0.009183584     0.377400000
   24500     0.009897341     0.009324813     0.396100000
   24520     0.010056125     0.009464777     0.388500000
   24540     0.009939144     0.009347138     0.373200000
   24560     0.009616498     0.009023490     0.358800000
   24580     0.009726323     0.009106113     0.336300000
   24600     0.010076414     0.009479526     0.370500000
   24620     0.010111558     0.009508099     0.362300000
   24640     0.010210717     0.009584832     0.353000000
   24660     0.010260884     0.009627616     0.346000000
   24680     0.010580761     0.009812529     0.289700000
   24700     0.010785358     0.009892560     0.250100000
   24720     0.010815073     0.010080108     0.320100000
   24740     0.010545945     0.009788276     0.305200000
   24760     0.010567483     0.009855874     0.330100000
   24780     0.010568405     0.009912148     0.358300000
   24800     0.010616768     0.009944497     0.349300000
   24820     0.010367859     0.009728437     0.356400000
   24840     0.010165133     0.009517605     0.352400000
   24860     0.010424004     0.009715108     0.324700000
   24880     0.010245721     0.009554102     0.325600000
   24900     0.010439103     0.009707927     0.319500000
   24920     0.010008736     0.009366150     0.355200000
   24940     0.009635105     0.009051968     0.365700000
   24960     0.009703594     0.009147343     0.384100000
   24980     0.009520788     0.009028993     0.463000000
   25000     0.009609351     0.009110748     0.427400000
   25020     0.009713976     0.009174690     0.411500000
   25040     0.009990946     0.009368635     0.342600000
   25060     0.010158155     0.009593016     0.405000000
   25080     0.010102534     0.009451569     0.330000000
   25100     0.009903460     0.009247422     0.332500000
   25120     0.010061666     0.009411933     0.342000000
   25140     0.010219238     0.009566642     0.338100000
   25160     0.010281832     0.009617775     0.347400000
   25180     0.010453306     0.009783105     0.340600000
   25200     0.010352023     0.009664161     0.323200000
   25220     0.010074862     0.009465890     0.373200000
   25240     0.009905707     0.009290808     0.353700000
   25260     0.009954906     0.009331604     0.358100000
   25280     0.010154516     0.009506484     0.350300000
   25300     0.010110021     0.009429854     0.322900000
   25320     0.009772778     0.009126877     0.333300000
   25340     0.010085669     0.009413760     0.335400000
   25360     0.010348304     0.009687525     0.355600000
   25380     0.010248295     0.009604459     0.367700000
   25400     0.010139353     0.009495314     0.360100000
   25420     0.009942521     0.009327968     0.373300000
   25440     0.010017922     0.009425796     0.403000000
   25460     0.009798001     0.009246033     0.433600000
   25480     0.009776588     0.009215722     0.399300000
   25500     0.009461082     0.008900063     0.376300000
   25520     0.009693485     0.009141991     0.413000000
   25540     0.009680504     0.009088419     0.368900000
   25560     0.010005355     0.009377047     0.364300000
   25580     0.009871533     0.009266537     0.375200000
   25600     0.010010346     0.009429086     0.400900000
   25620     0.010018729     0.009401461     0.380500000
   25640     0.009956444     0.009328133     0.345400000
   25660     0.010143609     0.009471301     0.342400000
   25680     0.010060333     0.009394780     0.335000000
   25700     0.010061486     0.009369047     0.316400000
   25720     0.010228795     0.009524697     0.329000000
   25740     0.010594925     0.009835470     0.330400000
   25760     0.010223008     0.009471803     0.337800000
   25780     0.010236715     0.009572174     0.390100000
   25800     0.009803337     0.009209351     0.407600000
   25820     0.009978200     0.009353753     0.372700000
   25840     0.010083077     0.009378677     0.316100000
   25860     0.010027145     0.009330807     0.312700000
   25880     0.010201556     0.009518591     0.345100000
   25900     0.010409682     0.009756245     0.382600000
   25920     0.010476336     0.009789510     0.355100000
   25940     0.010540399     0.009871166     0.375800000
   25960     0.010296106     0.009634540     0.358600000
   25980     0.010338476     0.009686395     0.378000000
   26000     0.010443982     0.009732442     0.325600000
   26020     0.010692121     0.009960370     0.334300000
   26040     0.010756605     0.009975974     0.303100000
   26060     0.010900417     0.010112233     0.300000000
   26080     0.010824104     0.010107924     0.359500000
   26100     0.010441198     0.009797716     0.394200000
   26120     0.010571163     0.009913368     0.378400000
   26140     0.010952799     0.010225536     0.349200000
   26160     0.010350451     0.009714783     0.373800000
   26180     0.009991505     0.009408919     0.393000000
   26200     0.009860698     0.009298892     0.373300000
   26220     0.010259505     0.009647651     0.383500000
   26240     0.010038913     0.009435035     0.364400000
   26260     0.010041012     0.009469314     0.397500000
   26280     0.010008015     0.009416439     0.372300000
   26300     0.010120230     0.009528418     0.378200000
   26320     0.010072037     0.009488368     0.383300000
   26340     0.009742765     0.009163089     0.376600000
   26360     0.009581828     0.009009689     0.383700000
   26380     0.009674986     0.009092849     0.385200000
   26400     0.009494151     0.008989261     0.433200000
   26420     0.009442865     0.008951135     0.444900000
   26440     0.009494116     0.008964900     0.388400000
   26460     0.009630992     0.009118685     0.397600000
   26480     0.009523592     0.008937561     0.331800000
   26500     0.009646897     0.009120252     0.393900000
   26520     0.009393679     0.008894907     0.418200000
   26540     0.009279948     0.008793843     0.427900000
   26560     0.009194738     0.008680545     0.392900000
   26580     0.009263866     0.008749497     0.380100000
   26600     0.009432374     0.008926781     0.402900000
   26620     0.009340272     0.008864468     0.451100000
   26640     0.009451967     0.008939472     0.421600000
   26660     0.009580445     0.009049727     0.413800000
   26680     0.009851996     0.009291253     0.391000000
   26700     0.009949773     0.009386332     0.395600000
   26720     0.009748951     0.009175532     0.381900000
   26740     0.009793105     0.009192504     0.358100000
   26760     0.009605364     0.009024979     0.375700000
   26780     0.009843678     0.009240941     0.385800000
   26800     0.009990407     0.009390796     0.388700000
   26820     0.009961428     0.009382629     0.424300000
   26840     0.009987584     0.009384992     0.365400000
   26860     0.010119718     0.009483690     0.359100000
   26880     0.010073311     0.009461599     0.379800000
   26900     0.010228271     0.009604243     0.379800000
   26920     0.010248375     0.009602909     0.357700000
   26940     0.009860007     0.009268359     0.374800000
   26960     0.009586977     0.009014932     0.384400000
   26980     0.009523071     0.008989357     0.409600000
   27000     0.009429713     0.008878133     0.375600000
   27020     0.009174474     0.008682102     0.444500000
   27040     0.008910413     0.008472247     0.478900000
   27060     0.009206768     0.008752931     0.474000000
   27080     0.009281203     0.008807578     0.434300000
   27100     0.009404441     0.008925569     0.451500000
   27120     0.009225455     0.008774192     0.464500000
   27140     0.009201090     0.008750515     0.439900000
   27160     0.009142629     0.008676297     0.403400000
   27180     0.009004459     0.008529800     0.407900000
   27200     0.009176807     0.008683876     0.412000000
   27220     0.009420972     0.008921542     0.417600000
   27240     0.009180538     0.008702878     0.428400000
   27260     0.009643695     0.009136810     0.437900000
   27280     0.009283414     0.008801357     0.436300000
   27300     0.009548499     0.009066048     0.430600000
   27320     0.009574667     0.009077358     0.412000000
   27340     0.009873542     0.009323964     0.400000000
   27360     0.009974807     0.009384685     0.369100000
   27380     0.010172536     0.009538353     0.342600000
   27400     0.010484918     0.009781851     0.329600000
   27420     0.010227864     0.009543761     0.322300000
   27440     0.009876864     0.009271297     0.357100000
   27460     0.009538711     0.009019793     0.407700000
   27480     0.009672928     0.009100713     0.378100000
   27500     0.009537541     0.009000910     0.418300000
   27520     0.009803052     0.009215577     0.376900000
   27540     0.009811791     0.009203305     0.365700000
   27560     0.009889296     0.009229165     0.332200000
   27580     0.009648402     0.009075263     0.387400000
   27600     0.009783443     0.009210360     0.382200000
   27620     0.009708990     0.009152041     0.387500000
   27640     0.009958338     0.009324066     0.328300000
   27660     0.009938966     0.009334620     0.371900000
   27680     0.009717654     0.009154125     0.388100000
   27700     0.009555804     0.008995707     0.387700000
   27720     0.009805645     0.009200900     0.362900000
   27740     0.009571052     0.009024132     0.405900000
   27760     0.009488190     0.008953526     0.401700000
   27780     0.009634507     0.009090800     0.404300000
   27800     0.009518899     0.008989561     0.424500000
   27820     0.009417471     0.008894835     0.404600000
   27840     0.009659124     0.009102696     0.385900000
   27860     0.009475366     0.008897797     0.361700000
   27880     0.009602445     0.009059338     0.415500000
   27900     0.009267467     0.008759420     0.423300000
   27920     0.009386465     0.008903576     0.438800000
   27940     0.009463066     0.008935469     0.407600000
   27960     0.009535881     0.009021618     0.439700000
   27980     0.009898564     0.009362367     0.439500000
   28000     0.010234042     0.009636062     0.390900000
   28020     0.010172162     0.009557622     0.396800000
   28040     0.009792266     0.009228972     0.383900000
   28060     0.009751088     0.009168673     0.378100000
   28080     0.009820811     0.009248592     0.399900000
   28100     0.009658151     0.009117208     0.403800000
   28120     0.009548300     0.008978443     0.373000000
   28140     0.009418898     0.008858739     0.378200000
   28160     0.009206087     0.008642261     0.349700000
   28180     0.009248603     0.008727926     0.415400000
   28200     0.009181301     0.008654954     0.399300000
   28220     0.009336951     0.008843937     0.407400000
   28240     0.009367926     0.008833945     0.389900000
   28260     0.009278857     0.008741767     0.374700000
   28280     0.009377508     0.008843303     0.399600000
   28300     0.009667491     0.009109729     0.391600000
   28320     0.009543398     0.008991969     0.388500000
   28340     0.009640384     0.009099684     0.395700000
   28360     0.009608437     0.009077154     0.404800000
   28380     0.009733098     0.009161500     0.367700000
   28400     0.009477414     0.008912942     0.367100000
   28420     0.009826389     0.009249192     0.367900000
   28440     0.010132203     0.009497964     0.346700000
   28460     0.010102405     0.009495333     0.370600000
   28480     0.010095031     0.009505702     0.379500000
   28500     0.010306257     0.009695338     0.376500000
   28520     0.010365565     0.009739751     0.381100000
   28540     0.010418046     0.009762949     0.351900000
   28560     0.010468124     0.009782108     0.342600000
   28580     0.010626614     0.009903690     0.341000000
   28600     0.010565004     0.009811898     0.299900000
   28620     0.010350068     0.009615086     0.314000000
   28640     0.010456014     0.009733458     0.322800000
   28660     0.010459335     0.009781983     0.376100000
   28680     0.010564339     0.009903209     0.383500000
   28700     0.010759389     0.010015375     0.337600000
   28720     0.010718137     0.009906048     0.280900000
   28740     0.010991466     0.010172387     0.303000000
   28760     0.010995912     0.010094706     0.278000000
   28780     0.010931975     0.010102430     0.299000000
   28800     0.010869760     0.010070699     0.329000000
   28820     0.010366360     0.009689492     0.369100000
   28840     0.010434507     0.009821803     0.395000000
   28860     0.010528563     0.009860086     0.353900000
   28880     0.010446357     0.009756377     0.334200000
   28900     0.010752369     0.010035731     0.337900000
   28920     0.010569305     0.009858286     0.331100000
   28940     0.010758765     0.009966299     0.282100000
   28960     0.010639315     0.009889053     0.303200000
   28980     0.010479160     0.009698422     0.292000000
   29000     0.010141545     0.009472496     0.353200000
   29020     0.009714720     0.009091715     0.343800000
   29040     0.009796539     0.009200692     0.397100000
   29060     0.009693879     0.009115146     0.388100000
   29080     0.009429010     0.008845192     0.365800000
   29100     0.009497832     0.008970438     0.425200000
   29120     0.009297121     0.008779364     0.414500000
   29140     0.009130396     0.008636782     0.420200000
   29160     0.009230115     0.008688330     0.370800000
   29180     0.009134951     0.008620312     0.395000000
   29200     0.009242867     0.008761322     0.444000000
   29220     0.009588333     0.009082236     0.440500000
   29240     0.009410643     0.008909077     0.418700000
   29260     0.009227841     0.008699926     0.368600000
   29280     0.009203531     0.008705324     0.431800000
   29300     0.009053427     0.008531341     0.369900000
   29320     0.009421547     0.008924445     0.417400000
   29340     0.009552175     0.009054342     0.435500000
   29360     0.009665473     0.009148144     0.411300000
   29380     0.009445796     0.008953675     0.423600000
   29400     0.009624616     0.009103561     0.418500000
   29420     0.009426393     0.008914964     0.400000000
   29440     0.009078289     0.008580313     0.386700000
   29460     0.009100626     0.008628771     0.442200000
   29480     0.009442690     0.008895767     0.387900000
   29500     0.009155332     0.008624997     0.370800000
   29520     0.009423083     0.008898279     0.421700000
   29540     0.009190281     0.008681878     0.414100000
   29560     0.009418573     0.008872314     0.377500000
   29580     0.009339334     0.008834098     0.423700000
   29600     0.009355771     0.008855450     0.436800000
   29620     0.009883762     0.009325881     0.419000000
   29640     0.010145390     0.009551695     0.387700000
   29660     0.010127657     0.009535255     0.393900000
   29680     0.010414398     0.009750267     0.366700000
   29700     0.010190004     0.009532247     0.346200000
   29720     0.009990551     0.009372852     0.368400000
   29740     0.010113428     0.009503745     0.379000000
   29760     0.010316297     0.009713228     0.392700000
   29780     0.010346522     0.009760735     0.401700000
   29800     0.010479188     0.009822875     0.355500000
   29820     0.010246897     0.009571743     0.333100000
   29840     0.009980985     0.009369152     0.369300000
   29860     0.009293693     0.008749625     0.366700000
   29880     0.009246540     0.008727052     0.401000000
   29900     0.009162786     0.008681027     0.431800000
   29920     0.009395723     0.008885704     0.419600000
   29940     0.009742908     0.009224740     0.426700000
   29960     0.009643282     0.009107471     0.389300000
   29980     0.009561393     0.009052653     0.423000000
   30000     0.009496366     0.008982601     0.400500000
