      20     0.000677439     0.000642829     0.707000000
      40     0.000891713     0.000813260     0.471800000
      60     0.000905743     0.000787138     0.421500000
      80     0.000896831     0.000759145     0.381400000
     100     0.000965402     0.000792761     0.330500000
     120     0.000979838     0.000778271     0.333000000
     140     0.000872320     0.000729831     0.327100000
     160     0.000931172     0.000725787     0.308500000
     180     0.000874190     0.000711956     0.332300000
     200     0.000966350     0.000793131     0.341900000
     220     0.000929139     0.000776468     0.338800000
     240     0.001050127     0.000866248     0.328000000
     260     0.001000061     0.000828259     0.318900000
     280     0.001070962     0.000783453     0.319300000
     300     0.001035938     0.000786593     0.286100000
     320     0.001087571     0.000807794     0.271000000
     340     0.000931623     0.000694261     0.245800000
     360     0.000965087     0.000769791     0.240900000
     380     0.000949618     0.000722825     0.285300000
     400     0.000906793     0.000706433     0.323800000
     420     0.001059778     0.000843603     0.315700000
     440     0.001000222     0.000801701     0.298500000
     460     0.000991749     0.000781534     0.298500000
     480     0.001030718     0.000820749     0.305700000
     500     0.000933319     0.000759111     0.273800000
     520     0.000901091     0.000701773     0.275100000
     540     0.000878832     0.000691438     0.297300000
     560     0.000980959     0.000792822     0.308200000
     580     0.001043259     0.000787238     0.287200000
     600     0.001102739     0.000797546     0.263900000
     620     0.000991941     0.000710798     0.262200000
     640     0.001149188     0.000831918     0.267000000
     660     0.000988789     0.000739027     0.254100000
     680     0.001034873     0.000745860     0.249200000
     700     0.001140498     0.000777156     0.256300000
     720     0.000922607     0.000672458     0.237700000
     740     0.000873138     0.000693884     0.228300000
     760     0.000966791     0.000693219     0.216300000
     780     0.001074429     0.000731974     0.197900000
     800     0.000951893     0.000706357     0.212300000
     820     0.000922760     0.000645960     0.248400000
     840     0.000981482     0.000698498     0.297700000
     860     0.001086360     0.000820023     0.253300000
     880     0.000939383     0.000731865     0.246100000
     900     0.000978595     0.000729366     0.220100000
     920     0.000897483     0.000674105     0.217200000
     940     0.000947747     0.000712254     0.242100000
     960     0.000942388     0.000728801     0.293100000
     980     0.000956289     0.000740132     0.298900000
    1000     0.001089951     0.000826819     0.278600000
    1020     0.000999721     0.000776561     0.292600000
    1040     0.000925034     0.000690314     0.288400000
    1060     0.000966782     0.000750094     0.294900000
    1080     0.000951074     0.000704029     0.270600000
    1100     0.000923482     0.000714386     0.258100000
    1120     0.000941809     0.000701666     0.238500000
    1140     0.000902256     0.000689448     0.242900000
    1160     0.000878597     0.000660473     0.250700000
    1180     0.001103905     0.000805803     0.250700000
    1200     0.001144779     0.000830451     0.238200000
    1220     0.001146096     0.000888881     0.243400000
    1240     0.000998168     0.000776564     0.244400000
    1260     0.001073542     0.000761223     0.257200000
    1280     0.001000612     0.000801995     0.244400000
    1300     0.001133529     0.000790339     0.240500000
    1320     0.000977691     0.000691281     0.276400000
    1340     0.001061828     0.000777167     0.237800000
    1360     0.001063289     0.000727134     0.233700000
    1380     0.001031893     0.000672532     0.236900000
    1400     0.000853552     0.000681151     0.242900000
    1420     0.000989817     0.000742976     0.243600000
    1440     0.000873703     0.000695049     0.248000000
    1460     0.000893962     0.000675548     0.234900000
    1480     0.000987941     0.000721047     0.269200000
    1500     0.001097257     0.000838382     0.264900000
    1520     0.001070222     0.000814683     0.228200000
    1540     0.001081955     0.000785053     0.246500000
    1560     0.000857943     0.000716040     0.275700000
    1580     0.001043288     0.000794788     0.265200000
    1600     0.000977493     0.000716101     0.224500000
    1620     0.000961792     0.000646154     0.229400000
    1640     0.000898477     0.000660070     0.224500000
    1660     0.000870731     0.000698584     0.238500000
    1680     0.000887607     0.000640595     0.205300000
    1700     0.000889809     0.000618691     0.226000000
    1720     0.000968795     0.000703098     0.243600000
    1740     0.000970053     0.000738384     0.250100000
    1760     0.001119743     0.000828736     0.219700000
    1780     0.001012557     0.000740611     0.225400000
    1800     0.001099199     0.000805162     0.234600000
    1820     0.001105596     0.000764262     0.265300000
    1840     0.000990594     0.000750078     0.238600000
    1860     0.001037326     0.000762192     0.234500000
    1880     0.001012733     0.000792287     0.229600000
    1900     0.000868636     0.000687781     0.249700000
    1920     0.000854492     0.000679307     0.277100000
    1940     0.000986090     0.000754620     0.283100000
    1960     0.000928188     0.000709470     0.292800000
    1980     0.001020807     0.000782887     0.307100000
    2000     0.000940337     0.000778346     0.334200000
    2020     0.001071344     0.000791260     0.310900000
    2040     0.000982737     0.000797185     0.292900000
    2060     0.000963459     0.000758872     0.278200000
    2080     0.000905959     0.000721860     0.270300000
    2100     0.000942869     0.000728576     0.294100000
    2120     0.000856422     0.000700012     0.284500000
    2140     0.000864685     0.000710416     0.306500000
    2160     0.001071913     0.000819027     0.262700000
    2180     0.000934622     0.000723997     0.257900000
    2200     0.001026500     0.000742486     0.253300000
    2220     0.001009362     0.000774153     0.262300000
    2240     0.000981785     0.000684189     0.244700000
    2260     0.001057781     0.000769286     0.238500000
    2280     0.000982694     0.000720927     0.266800000
    2300     0.000928120     0.000719307     0.266900000
    2320     0.001089908     0.000848149     0.257500000
    2340     0.001095800     0.000787231     0.268800000
    2360     0.001000593     0.000770509     0.275900000
    2380     0.001061257     0.000793922     0.278900000
    2400     0.001041124     0.000759663     0.252200000
    2420     0.001064892     0.000789737     0.249800000
    2440     0.001112386     0.000837877     0.261600000
    2460     0.000931029     0.000706255     0.257400000
    2480     0.001046141     0.000769763     0.271400000
    2500     0.001005142     0.000734571     0.256400000
    2520     0.000928187     0.000695527     0.231100000
    2540     0.001016873     0.000768615     0.239700000
    2560     0.001060756     0.000770527     0.226100000
    2580     0.001095967     0.000827696     0.250500000
    2600     0.001149454     0.000800619     0.233900000
    2620     0.001083963     0.000740558     0.203900000
    2640     0.000932857     0.000666239     0.217600000
    2660     0.001012120     0.000729516     0.228300000
    2680     0.001062906     0.000745783     0.200600000
    2700     0.001044685     0.000662232     0.175600000
    2720     0.000869552     0.000629418     0.174700000
    2740     0.000874290     0.000663791     0.158700000
    2760     0.001011714     0.000634702     0.154900000
    2780     0.001076654     0.000675554     0.180100000
    2800     0.000848846     0.000632590     0.185500000
    2820     0.000852148     0.000670697     0.227400000
    2840     0.000904567     0.000649560     0.222600000
    2860     0.001003233     0.000717464     0.242300000
    2880     0.001021604     0.000728985     0.247700000
    2900     0.000974638     0.000717373     0.245200000
    2920     0.000909119     0.000724760     0.247400000
    2940     0.000893478     0.000711985     0.282000000
    2960     0.001066147     0.000807754     0.261900000
    2980     0.001071887     0.000774465     0.258900000
    3000     0.000948204     0.000716762     0.287600000
    3020     0.000966196     0.000755408     0.309400000
    3040     0.000914657     0.000742978     0.301600000
    3060     0.000973441     0.000742550     0.319600000
    3080     0.000871491     0.000678872     0.290300000
    3100     0.000947587     0.000776211     0.301600000
    3120     0.001100270     0.000781720     0.258300000
    3140     0.000950141     0.000729814     0.243400000
    3160     0.000998642     0.000768490     0.317600000
    3180     0.001126260     0.000861096     0.258700000
    3200     0.001198033     0.000791472     0.227200000
    3220     0.001003241     0.000752733     0.229600000
    3240     0.000974835     0.000731311     0.213200000
    3260     0.001006016     0.000760935     0.238500000
    3280     0.000927143     0.000738166     0.281800000
    3300     0.001004824     0.000793809     0.278500000
    3320     0.000893694     0.000739666     0.312000000
    3340     0.001022373     0.000755313     0.277100000
    3360     0.000976942     0.000755430     0.285300000
    3380     0.001047547     0.000777104     0.282800000
    3400     0.000974940     0.000754953     0.268900000
    3420     0.000997530     0.000732649     0.238800000
    3440     0.001101471     0.000799583     0.213700000
    3460     0.001031792     0.000749864     0.213700000
    3480     0.000932798     0.000660684     0.199500000
    3500     0.001081132     0.000775297     0.236200000
    3520     0.001103396     0.000699403     0.217600000
    3540     0.001186087     0.000795456     0.212400000
    3560     0.000999935     0.000690124     0.196200000
    3580     0.001042406     0.000683194     0.204200000
    3600     0.001019033     0.000691557     0.200500000
    3620     0.001107952     0.000741874     0.201200000
    3640     0.001018670     0.000716793     0.192300000
    3660     0.001127072     0.000799531     0.198900000
    3680     0.001084057     0.000724592     0.193600000
    3700     0.001081700     0.000728733     0.194800000
    3720     0.001103812     0.000734833     0.183000000
    3740     0.001010307     0.000719940     0.195300000
    3760     0.001026260     0.000698735     0.174300000
    3780     0.001170888     0.000803036     0.187700000
    3800     0.001162618     0.000755980     0.190300000
    3820     0.001105172     0.000773311     0.203000000
    3840     0.000967827     0.000696007     0.180500000
    3860     0.001071472     0.000688154     0.187000000
    3880     0.001058001     0.000684274     0.195600000
    3900     0.001061459     0.000727816     0.219000000
    3920     0.000970369     0.000721817     0.231400000
    3940     0.000989440     0.000700998     0.242000000
    3960     0.000902914     0.000672470     0.268400000
    3980     0.001091545     0.000802972     0.288900000
    4000     0.001045752     0.000801288     0.271800000
    4020     0.001023115     0.000773752     0.241300000
    4040     0.000945354     0.000732151     0.230900000
    4060     0.000953312     0.000643963     0.213800000
    4080     0.001079685     0.000797924     0.223500000
    4100     0.000917663     0.000697564     0.202600000
    4120     0.000930886     0.000704072     0.225900000
    4140     0.001021780     0.000798228     0.248200000
    4160     0.000983127     0.000793279     0.226300000
    4180     0.001103804     0.000752900     0.219600000
    4200     0.000954784     0.000665900     0.245700000
    4220     0.000955810     0.000698373     0.270100000
    4240     0.001064171     0.000765678     0.273800000
    4260     0.000908214     0.000705011     0.282100000
    4280     0.001030395     0.000797654     0.283900000
    4300     0.001039974     0.000774103     0.248200000
    4320     0.000863285     0.000688087     0.262800000
    4340     0.000930309     0.000748472     0.296400000
    4360     0.001028645     0.000775640     0.284200000
    4380     0.000966218     0.000770939     0.259400000
    4400     0.001001779     0.000742169     0.249700000
    4420     0.001049153     0.000768681     0.239900000
    4440     0.001040615     0.000767384     0.260100000
    4460     0.000969485     0.000742199     0.252700000
    4480     0.001111763     0.000764557     0.226600000
    4500     0.001129765     0.000782229     0.216000000
    4520     0.001016976     0.000745908     0.239100000
    4540     0.000990437     0.000718641     0.213600000
    4560     0.001111959     0.000729429     0.234100000
    4580     0.001016404     0.000735257     0.263600000
    4600     0.000959849     0.000737160     0.283300000
    4620     0.001044736     0.000808232     0.287300000
    4640     0.000865778     0.000687530     0.315200000
    4660     0.000945073     0.000750741     0.323400000
    4680     0.000902610     0.000753272     0.313700000
    4700     0.000853440     0.000702080     0.325600000
    4720     0.000974728     0.000751164     0.290000000
    4740     0.001001572     0.000746841     0.300900000
    4760     0.000964735     0.000743815     0.289900000
    4780     0.000989852     0.000707067     0.247500000
    4800     0.000921697     0.000726645     0.248300000
    4820     0.001020955     0.000742291     0.274400000
    4840     0.000951802     0.000743072     0.253400000
    4860     0.000951743     0.000675542     0.206400000
    4880     0.000880957     0.000672885     0.195100000
    4900     0.001045410     0.000708929     0.201900000
    4920     0.000995398     0.000718033     0.189100000
    4940     0.001043287     0.000773946     0.177300000
    4960     0.000954121     0.000681913     0.195700000
    4980     0.000962786     0.000697062     0.214500000
    5000     0.001111048     0.000778151     0.238400000
    5020     0.001094420     0.000813355     0.237000000
    5040     0.001012673     0.000705392     0.260400000
    5060     0.000920481     0.000687915     0.270000000
    5080     0.000992216     0.000761167     0.256600000
    5100     0.001018074     0.000748912     0.280600000
    5120     0.001098848     0.000792827     0.259800000
    5140     0.000912426     0.000688011     0.210800000
    5160     0.001008044     0.000757448     0.245100000
    5180     0.000949958     0.000713672     0.243700000
    5200     0.001009145     0.000733808     0.247400000
    5220     0.001055965     0.000738045     0.264800000
    5240     0.001056962     0.000779018     0.245600000
    5260     0.001066976     0.000777912     0.223800000
    5280     0.000849534     0.000661085     0.207300000
    5300     0.001072038     0.000693965     0.245400000
    5320     0.001051742     0.000722252     0.233500000
    5340     0.001084610     0.000727959     0.211200000
    5360     0.001023085     0.000725048     0.188500000
    5380     0.001046405     0.000709960     0.199900000
    5400     0.000944157     0.000684114     0.223700000
    5420     0.001184041     0.000765681     0.240500000
    5440     0.001067848     0.000777807     0.282700000
    5460     0.001150497     0.000810282     0.249000000
    5480     0.000971350     0.000708391     0.258800000
    5500     0.000900185     0.000667112     0.258100000
    5520     0.000867521     0.000661333     0.261900000
    5540     0.000877246     0.000676188     0.315400000
    5560     0.000858935     0.000691544     0.314400000
    5580     0.000860458     0.000722310     0.307100000
    5600     0.001002360     0.000800118     0.323900000
    5620     0.001109045     0.000868609     0.302100000
    5640     0.001062612     0.000802844     0.291500000
    5660     0.001102050     0.000775312     0.249700000
    5680     0.000987013     0.000747639     0.235600000
    5700     0.000888565     0.000696433     0.243200000
    5720     0.001012525     0.000787024     0.275500000
    5740     0.001154968     0.000813291     0.230900000
    5760     0.000942337     0.000741065     0.239100000
    5780     0.000968651     0.000725069     0.257000000
    5800     0.000957150     0.000725933     0.253600000
    5820     0.001044347     0.000725121     0.212200000
    5840     0.001209565     0.000750104     0.236200000
    5860     0.000977612     0.000647511     0.232500000
    5880     0.001057283     0.000756628     0.243100000
    5900     0.000952785     0.000721037     0.211400000
    5920     0.000911846     0.000652479     0.249400000
    5940     0.000869415     0.000681321     0.279600000
    5960     0.000961824     0.000777130     0.277400000
    5980     0.000912118     0.000717326     0.280200000
    6000     0.001115477     0.000824186     0.291400000
    6020     0.001007498     0.000739822     0.241000000
    6040     0.001006307     0.000755924     0.257900000
    6060     0.001000255     0.000744076     0.241700000
    6080     0.000954535     0.000725576     0.263400000
    6100     0.000947741     0.000740773     0.277500000
    6120     0.001003225     0.000728553     0.285000000
    6140     0.000933356     0.000714804     0.266500000
    6160     0.000926006     0.000717433     0.304500000
    6180     0.000976508     0.000776509     0.295900000
    6200     0.000922928     0.000743182     0.289800000
    6220     0.001029835     0.000782271     0.290000000
    6240     0.001078337     0.000845281     0.295400000
    6260     0.001012919     0.000785956     0.316400000
    6280     0.001075642     0.000829781     0.309900000
    6300     0.001004981     0.000762377     0.279900000
    6320     0.001043420     0.000772247     0.259300000
    6340     0.001068779     0.000740281     0.264500000
    6360     0.000929687     0.000726019     0.241800000
    6380     0.001059945     0.000783240     0.251200000
    6400     0.000971424     0.000734700     0.275800000
    6420     0.000841937     0.000659968     0.283900000
    6440     0.000972298     0.000744526     0.295400000
    6460     0.001077691     0.000802860     0.300800000
    6480     0.000958807     0.000722567     0.318300000
    6500     0.000957547     0.000789337     0.313700000
    6520     0.000984893     0.000765608     0.297100000
    6540     0.001036925     0.000758254     0.306500000
    6560     0.000999826     0.000775793     0.282100000
    6580     0.000791181     0.000655810     0.295000000
    6600     0.000989194     0.000758648     0.265200000
    6620     0.000993663     0.000765168     0.305700000
    6640     0.000974268     0.000788411     0.312600000
    6660     0.001124317     0.000814774     0.279300000
    6680     0.000946740     0.000712378     0.306900000
    6700     0.000988329     0.000782489     0.263300000
    6720     0.001005555     0.000768856     0.249000000
    6740     0.000959514     0.000691107     0.244300000
    6760     0.000989421     0.000713949     0.271500000
    6780     0.000944532     0.000757645     0.267900000
    6800     0.001017106     0.000781713     0.259500000
    6820     0.001000253     0.000749615     0.288000000
    6840     0.000959012     0.000745095     0.238300000
    6860     0.001088193     0.000747827     0.219900000
    6880     0.001015828     0.000690547     0.229500000
    6900     0.000990341     0.000707348     0.199900000
    6920     0.000961511     0.000693304     0.248700000
    6940     0.001032627     0.000748731     0.272700000
    6960     0.000879137     0.000675159     0.273100000
    6980     0.001092697     0.000851957     0.272800000
    7000     0.000950524     0.000725550     0.271100000
    7020     0.001073079     0.000812401     0.263700000
    7040     0.000927474     0.000682246     0.244700000
    7060     0.000987050     0.000669274     0.230300000
    7080     0.000930451     0.000700768     0.222900000
    7100     0.000879125     0.000622589     0.240000000
    7120     0.000889956     0.000714425     0.276100000
    7140     0.000971856     0.000747367     0.277400000
    7160     0.001001208     0.000781256     0.271200000
    7180     0.000852558     0.000675803     0.267500000
    7200     0.000972331     0.000774201     0.238900000
    7220     0.000989834     0.000783418     0.259400000
    7240     0.001060768     0.000795214     0.258500000
    7260     0.001020813     0.000790215     0.257000000
    7280     0.001143886     0.000742098     0.251800000
    7300     0.000996723     0.000760793     0.236800000
    7320     0.001139948     0.000747704     0.212300000
    7340     0.000959811     0.000667452     0.221200000
    7360     0.001015630     0.000711719     0.181500000
    7380     0.001011995     0.000702500     0.178300000
    7400     0.000950541     0.000697173     0.182500000
    7420     0.000945405     0.000646371     0.207800000
    7440     0.001010070     0.000708912     0.229100000
    7460     0.000954334     0.000731550     0.212400000
    7480     0.000847391     0.000650194     0.225100000
    7500     0.000879180     0.000683658     0.255700000
    7520     0.001124090     0.000779456     0.259700000
    7540     0.000960607     0.000709127     0.260200000
    7560     0.000988020     0.000732421     0.280500000
    7580     0.001032605     0.000773436     0.301300000
    7600     0.001005886     0.000754561     0.302500000
    7620     0.000828851     0.000670345     0.284000000
    7640     0.000838821     0.000667562     0.293500000
    7660     0.001007584     0.000770582     0.262200000
    7680     0.000981447     0.000756637     0.259100000
    7700     0.000903643     0.000701124     0.244500000
    7720     0.000932966     0.000711614     0.287200000
    7740     0.001042473     0.000817993     0.324200000
    7760     0.001031047     0.000787554     0.310300000
    7780     0.001107816     0.000806281     0.283500000
    7800     0.001042846     0.000750668     0.255700000
    7820     0.001099749     0.000785870     0.258100000
    7840     0.001067667     0.000765297     0.240000000
    7860     0.001077652     0.000767832     0.246600000
    7880     0.000950326     0.000764835     0.275500000
    7900     0.001010631     0.000745725     0.269800000
    7920     0.000932024     0.000700261     0.281900000
    7940     0.001004680     0.000778512     0.276000000
    7960     0.000973527     0.000735528     0.282200000
    7980     0.001010877     0.000794826     0.288000000
    8000     0.000941848     0.000740801     0.268800000
    8020     0.000980874     0.000804470     0.289400000
    8040     0.001067553     0.000774327     0.269400000
    8060     0.000960252     0.000725807     0.272600000
    8080     0.000942536     0.000710206     0.285300000
    8100     0.000856393     0.000688334     0.274400000
    8120     0.000988187     0.000800995     0.310200000
    8140     0.001076690     0.000819247     0.288800000
    8160     0.001016856     0.000819900     0.286400000
    8180     0.001071113     0.000830953     0.283600000
    8200     0.001228726     0.000895862     0.236400000
    8220     0.001127305     0.000769609     0.206900000
    8240     0.001032174     0.000744903     0.212700000
    8260     0.001031238     0.000777300     0.202200000
    8280     0.001109174     0.000729744     0.196200000
    8300     0.001252751     0.000729835     0.179600000
    8320     0.000973181     0.000664852     0.162300000
    8340     0.000950927     0.000639324     0.166700000
    8360     0.000894515     0.000651562     0.244400000
    8380     0.000968385     0.000721364     0.216400000
    8400     0.001004234     0.000749792     0.236100000
    8420     0.001045095     0.000782574     0.246900000
    8440     0.001009872     0.000756786     0.227000000
    8460     0.001103133     0.000791884     0.228700000
    8480     0.001063472     0.000752293     0.188500000
    8500     0.000932417     0.000681512     0.233500000
    8520     0.000827689     0.000632105     0.237700000
    8540     0.000966719     0.000711287     0.293500000
    8560     0.001016320     0.000764220     0.293400000
    8580     0.001061238     0.000814122     0.263700000
    8600     0.000990056     0.000736061     0.248100000
    8620     0.000962960     0.000703956     0.235600000
    8640     0.000893923     0.000621246     0.224500000
    8660     0.000974995     0.000727307     0.272300000
    8680     0.001073112     0.000780505     0.276900000
    8700     0.000961097     0.000738352     0.281100000
    8720     0.000951560     0.000752922     0.268000000
    8740     0.000960943     0.000734949     0.278600000
    8760     0.000948758     0.000729582     0.289700000
    8780     0.000896460     0.000730486     0.294000000
    8800     0.001012731     0.000790903     0.300300000
    8820     0.000958637     0.000713157     0.301300000
    8840     0.001023364     0.000774685     0.233500000
    8860     0.000919976     0.000719331     0.253200000
    8880     0.000982877     0.000701594     0.245400000
    8900     0.000956728     0.000660835     0.228100000
    8920     0.001041518     0.000746163     0.222600000
    8940     0.001119873     0.000808434     0.236100000
    8960     0.000998638     0.000748339     0.238600000
    8980     0.001110102     0.000760224     0.229000000
    9000     0.001224230     0.000839639     0.228100000
    9020     0.001058995     0.000778959     0.170000000
    9040     0.001092508     0.000721068     0.151500000
    9060     0.001020605     0.000724296     0.183200000
    9080     0.001031912     0.000696910     0.198000000
    9100     0.000906283     0.000652721     0.194300000
    9120     0.001012372     0.000725801     0.225600000
    9140     0.000964860     0.000655968     0.249200000
    9160     0.001020108     0.000739395     0.250900000
    9180     0.000964503     0.000743845     0.251300000
    9200     0.000953097     0.000768268     0.248400000
    9220     0.001073194     0.000769711     0.229800000
    9240     0.001046898     0.000784995     0.257200000
    9260     0.001114840     0.000728862     0.224600000
    9280     0.001119034     0.000810010     0.216600000
    9300     0.001116266     0.000757211     0.233300000
    9320     0.001053344     0.000796932     0.226000000
    9340     0.001167197     0.000807988     0.194300000
    9360     0.001080616     0.000738819     0.167600000
    9380     0.000917640     0.000606590     0.174600000
    9400     0.000913048     0.000687713     0.189500000
    9420     0.000943208     0.000647381     0.181800000
    9440     0.000887416     0.000574835     0.179700000
    9460     0.000906166     0.000654630     0.220100000
    9480     0.000947733     0.000742048     0.236500000
    9500     0.000822896     0.000659131     0.263200000
    9520     0.000971675     0.000676798     0.276900000
    9540     0.000988221     0.000749261     0.247100000
    9560     0.000913842     0.000663873     0.263300000
    9580     0.000913124     0.000727304     0.300200000
    9600     0.000894483     0.000707074     0.320900000
    9620     0.000998459     0.000793511     0.301000000
    9640     0.000934469     0.000735577     0.315500000
    9660     0.000999634     0.000766612     0.316800000
    9680     0.000965463     0.000779278     0.294900000
    9700     0.000935762     0.000751048     0.313000000
    9720     0.000887810     0.000719556     0.318400000
    9740     0.000964373     0.000753312     0.316200000
    9760     0.001032655     0.000786302     0.265400000
    9780     0.001081971     0.000821831     0.244000000
    9800     0.001047405     0.000774189     0.246800000
    9820     0.001088615     0.000772898     0.235300000
    9840     0.000967448     0.000706420     0.210100000
    9860     0.000956717     0.000679924     0.231700000
    9880     0.000957111     0.000752853     0.277800000
    9900     0.001037251     0.000794388     0.260300000
    9920     0.001027364     0.000802786     0.272200000
    9940     0.001051884     0.000800272     0.252800000
    9960     0.001048605     0.000785805     0.252000000
    9980     0.001167961     0.000829992     0.224900000
   10000     0.001093447     0.000766554     0.226600000
   10020     0.001205863     0.000822513     0.196900000
   10040     0.001042724     0.000714609     0.205700000
   10060     0.000924644     0.000639767     0.186500000
   10080     0.000899079     0.000662320     0.207000000
   10100     0.000943577     0.000720739     0.215200000
   10120     0.000981287     0.000702918     0.191800000
   10140     0.001037110     0.000745089     0.208300000
   10160     0.001061558     0.000755059     0.190300000
   10180     0.001013313     0.000697504     0.195600000
   10200     0.001020599     0.000678971     0.218800000
   10220     0.000831676     0.000634252     0.249500000
   10240     0.000910571     0.000712243     0.287200000
   10260     0.000974100     0.000750135     0.291100000
   10280     0.000970032     0.000731069     0.260500000
   10300     0.001032074     0.000764447     0.249500000
   10320     0.000937422     0.000737755     0.258300000
   10340     0.000931036     0.000714638     0.290900000
   10360     0.001020313     0.000740773     0.288900000
   10380     0.001002582     0.000788282     0.257600000
   10400     0.001126343     0.000765152     0.257500000
   10420     0.001008589     0.000768733     0.263300000
   10440     0.000928002     0.000710073     0.274200000
   10460     0.001033542     0.000746617     0.255000000
   10480     0.001075020     0.000774617     0.275900000
   10500     0.001095631     0.000739138     0.247800000
   10520     0.001033564     0.000722251     0.225000000
   10540     0.000826703     0.000644481     0.231400000
   10560     0.000884156     0.000691101     0.279700000
   10580     0.001010780     0.000777776     0.282300000
   10600     0.001118935     0.000751202     0.278300000
   10620     0.001177348     0.000822230     0.280100000
   10640     0.001015362     0.000800763     0.254700000
   10660     0.000903261     0.000685637     0.280900000
   10680     0.000952260     0.000713044     0.255800000
   10700     0.000955986     0.000679470     0.264500000
   10720     0.000991874     0.000705508     0.268700000
   10740     0.001031581     0.000730751     0.237200000
   10760     0.001003997     0.000754429     0.252300000
   10780     0.000983690     0.000745518     0.267600000
   10800     0.001013727     0.000803016     0.317300000
   10820     0.000942649     0.000733937     0.311400000
   10840     0.001057264     0.000833965     0.265000000
   10860     0.001017334     0.000770188     0.255700000
   10880     0.000998928     0.000752250     0.284800000
   10900     0.000958234     0.000742280     0.294100000
   10920     0.001010577     0.000803267     0.304100000
   10940     0.001036335     0.000831257     0.302500000
   10960     0.001029712     0.000855364     0.306000000
   10980     0.000939968     0.000749924     0.289500000
   11000     0.000962109     0.000740480     0.299000000
   11020     0.000962963     0.000761200     0.302700000
   11040     0.001091419     0.000829978     0.278400000
   11060     0.001153493     0.000863158     0.245100000
   11080     0.001067032     0.000733151     0.219900000
   11100     0.000991829     0.000702697     0.210000000
   11120     0.000976048     0.000683573     0.231300000
   11140     0.001039465     0.000699662     0.247800000
   11160     0.001049156     0.000765772     0.240800000
   11180     0.001050610     0.000733246     0.240300000
   11200     0.000977620     0.000683608     0.232100000
   11220     0.001054513     0.000765264     0.276400000
   11240     0.001098919     0.000784688     0.261100000
   11260     0.000985510     0.000755498     0.251200000
   11280     0.000959176     0.000772563     0.272800000
   11300     0.001000631     0.000741156     0.263000000
   11320     0.001143156     0.000862692     0.234500000
   11340     0.001060790     0.000767726     0.201100000
   11360     0.001087900     0.000744026     0.231300000
   11380     0.000985370     0.000684439     0.243200000
   11400     0.000957115     0.000701244     0.238200000
   11420     0.000986501     0.000721205     0.260100000
   11440     0.001086293     0.000787730     0.234800000
   11460     0.001211080     0.000775173     0.223300000
   11480     0.001063643     0.000774650     0.246900000
   11500     0.000999138     0.000723221     0.224400000
   11520     0.001002199     0.000743920     0.239400000
   11540     0.000994244     0.000720950     0.223700000
   11560     0.001010364     0.000712243     0.222000000
   11580     0.001107842     0.000777431     0.235400000
   11600     0.001034648     0.000731500     0.211100000
   11620     0.000894085     0.000655446     0.252000000
   11640     0.000970805     0.000752119     0.294200000
   11660     0.000960697     0.000739415     0.288100000
   11680     0.000984703     0.000775486     0.298700000
   11700     0.001093327     0.000837850     0.286100000
   11720     0.001064425     0.000795139     0.253100000
   11740     0.001123165     0.000795499     0.253400000
   11760     0.001162158     0.000807181     0.238000000
   11780     0.001061914     0.000727031     0.244300000
   11800     0.001095475     0.000794175     0.230000000
   11820     0.001064827     0.000689086     0.200900000
   11840     0.000969944     0.000682655     0.215900000
   11860     0.000910153     0.000694922     0.259800000
   11880     0.001165087     0.000793620     0.271000000
   11900     0.001018126     0.000757253     0.218500000
   11920     0.000968868     0.000681097     0.237700000
   11940     0.000915156     0.000709680     0.230400000
   11960     0.000981636     0.000721427     0.239500000
   11980     0.001016400     0.000711951     0.269000000
   12000     0.001039711     0.000751113     0.272600000
   12020     0.000958078     0.000706942     0.240800000
   12040     0.000931170     0.000633088     0.255600000
   12060     0.001032477     0.000777474     0.249200000
   12080     0.000983507     0.000721351     0.233500000
   12100     0.000894723     0.000708756     0.266600000
   12120     0.000975160     0.000740011     0.253500000
   12140     0.000985402     0.000737388     0.257100000
   12160     0.001161626     0.000803662     0.259400000
   12180     0.001039493     0.000752455     0.244500000
   12200     0.000952262     0.000732936     0.231100000
   12220     0.000888634     0.000685405     0.280600000
   12240     0.000986738     0.000733496     0.266100000
   12260     0.001029983     0.000759914     0.286300000
   12280     0.000989172     0.000744733     0.289300000
   12300     0.001032397     0.000752177     0.295500000
   12320     0.001042993     0.000792135     0.266500000
   12340     0.001074549     0.000781646     0.270200000
   12360     0.000963872     0.000734797     0.247000000
   12380     0.000999527     0.000700072     0.256800000
   12400     0.000904995     0.000700341     0.250800000
   12420     0.000909873     0.000677357     0.221400000
   12440     0.000934286     0.000717229     0.283800000
   12460     0.001032412     0.000789099     0.296400000
   12480     0.001059399     0.000755517     0.273000000
   12500     0.001002684     0.000777912     0.258500000
   12520     0.001023624     0.000775183     0.319300000
   12540     0.000995234     0.000797222     0.277700000
   12560     0.001053083     0.000766924     0.250800000
   12580     0.000894006     0.000738563     0.298500000
   12600     0.000906846     0.000742918     0.328400000
   12620     0.001058947     0.000794040     0.270400000
   12640     0.001114335     0.000784985     0.247600000
   12660     0.000938407     0.000737742     0.260900000
   12680     0.000875620     0.000685567     0.257200000
   12700     0.000942078     0.000703134     0.264500000
   12720     0.000854267     0.000705818     0.292500000
   12740     0.001101681     0.000844380     0.314300000
   12760     0.001054728     0.000778076     0.268800000
   12780     0.001085946     0.000842060     0.295900000
   12800     0.001073701     0.000812721     0.254100000
   12820     0.001026136     0.000713531     0.269200000
   12840     0.001104362     0.000795106     0.263900000
   12860     0.001015898     0.000806563     0.279500000
   12880     0.000891999     0.000691560     0.289300000
   12900     0.000959495     0.000757294     0.300900000
   12920     0.000983543     0.000731220     0.276400000
   12940     0.001022215     0.000762297     0.316400000
   12960     0.000879584     0.000715291     0.293400000
   12980     0.000849165     0.000703893     0.305500000
   13000     0.000930425     0.000734753     0.307400000
   13020     0.000899374     0.000727615     0.306300000
   13040     0.000926867     0.000762144     0.315300000
   13060     0.001032914     0.000786515     0.286400000
   13080     0.000994860     0.000777098     0.300700000
   13100     0.000954429     0.000750187     0.304700000
   13120     0.000923699     0.000784982     0.328300000
   13140     0.000907793     0.000740241     0.297400000
   13160     0.000996633     0.000777398     0.298900000
   13180     0.001066197     0.000818970     0.315700000
   13200     0.001099791     0.000854427     0.284300000
   13220     0.001066040     0.000756508     0.229600000
   13240     0.000820622     0.000656170     0.255700000
   13260     0.000893234     0.000700516     0.256300000
   13280     0.001026783     0.000785480     0.225900000
   13300     0.000984639     0.000737419     0.228600000
   13320     0.000993531     0.000699126     0.231700000
   13340     0.000935012     0.000673253     0.248100000
   13360     0.000992263     0.000696236     0.240300000
   13380     0.000965562     0.000713141     0.237100000
   13400     0.001090160     0.000743288     0.228300000
   13420     0.001077780     0.000770799     0.216000000
   13440     0.000953554     0.000722740     0.214200000
   13460     0.000922324     0.000720226     0.237300000
   13480     0.000924002     0.000742375     0.260000000
   13500     0.000939566     0.000745786     0.272200000
   13520     0.000897262     0.000713283     0.258900000
   13540     0.001046331     0.000769560     0.262300000
   13560     0.000918021     0.000743330     0.232400000
   13580     0.000911914     0.000719384     0.228100000
   13600     0.001142289     0.000782753     0.234400000
   13620     0.000997101     0.000747163     0.229000000
   13640     0.000978695     0.000712260     0.241800000
   13660     0.000924950     0.000644501     0.260100000
   13680     0.000842957     0.000660785     0.277600000
   13700     0.000913276     0.000682835     0.244300000
   13720     0.000983526     0.000717831     0.250700000
   13740     0.000938806     0.000730456     0.311300000
   13760     0.001023593     0.000810690     0.345800000
   13780     0.000977976     0.000754542     0.322100000
   13800     0.001056337     0.000847010     0.296300000
   13820     0.001060620     0.000822741     0.289300000
   13840     0.000984626     0.000700833     0.262300000
   13860     0.001019042     0.000793266     0.276200000
   13880     0.000946434     0.000681331     0.242500000
   13900     0.000906921     0.000712628     0.247100000
   13920     0.000937261     0.000685993     0.234600000
   13940     0.000953933     0.000744061     0.302300000
   13960     0.001032061     0.000779315     0.265900000
   13980     0.001109128     0.000816047     0.286400000
   14000     0.001111208     0.000787459     0.244500000
   14020     0.001008059     0.000769434     0.226400000
   14040     0.000929158     0.000668131     0.239900000
   14060     0.001210377     0.000834119     0.266500000
   14080     0.001007916     0.000721243     0.236700000
   14100     0.001020424     0.000707859     0.243900000
   14120     0.000927618     0.000709277     0.236100000
   14140     0.000943291     0.000676206     0.239900000
   14160     0.001034204     0.000763554     0.286800000
   14180     0.001090649     0.000747062     0.248800000
   14200     0.000924748     0.000715874     0.236000000
   14220     0.000908530     0.000680189     0.265700000
   14240     0.001115684     0.000863245     0.252500000
   14260     0.000984672     0.000750743     0.264500000
   14280     0.000911511     0.000714214     0.295700000
   14300     0.001040285     0.000727322     0.256600000
   14320     0.000964639     0.000713921     0.268800000
   14340     0.001070130     0.000773505     0.261400000
   14360     0.001076435     0.000779762     0.265600000
   14380     0.001010878     0.000748842     0.251600000
   14400     0.000933816     0.000696160     0.251600000
   14420     0.000910422     0.000752922     0.292800000
   14440     0.000949198     0.000725201     0.283200000
   14460     0.001049933     0.000801716     0.310500000
   14480     0.000932350     0.000737848     0.322300000
   14500     0.000886774     0.000693278     0.315700000
   14520     0.000988825     0.000806901     0.323300000
   14540     0.001004743     0.000773732     0.286400000
   14560     0.001069336     0.000792956     0.268700000
   14580     0.001084478     0.000833379     0.267700000
   14600     0.001103852     0.000835720     0.246400000
   14620     0.000964593     0.000729078     0.255400000
   14640     0.001036789     0.000758165     0.284700000
   14660     0.001094044     0.000794858     0.262700000
   14680     0.001138644     0.000768475     0.258100000
   14700     0.001060907     0.000775774     0.276600000
   14720     0.001111365     0.000791194     0.267000000
   14740     0.000982062     0.000710983     0.213200000
   14760     0.001079329     0.000680175     0.184300000
   14780     0.001076137     0.000747021     0.216000000
   14800     0.000960431     0.000683765     0.236900000
   14820     0.000988670     0.000751164     0.252200000
   14840     0.001004314     0.000793240     0.253900000
   14860     0.001110704     0.000764243     0.243000000
   14880     0.000968879     0.000709651     0.238800000
   14900     0.000972011     0.000751016     0.273700000
   14920     0.001110905     0.000837041     0.283100000
   14940     0.000969534     0.000748489     0.273200000
   14960     0.000994441     0.000727007     0.286100000
   14980     0.000958543     0.000750412     0.286000000
   15000     0.000920664     0.000762330     0.305100000
   15020     0.000933225     0.000756416     0.274400000
   15040     0.001009078     0.000782334     0.297000000
   15060     0.001038326     0.000770723     0.266600000
   15080     0.001026358     0.000765939     0.239500000
   15100     0.001075077     0.000785648     0.245700000
   15120     0.000910189     0.000697019     0.243300000
   15140     0.000964384     0.000691169     0.276700000
   15160     0.000993165     0.000724342     0.274700000
   15180     0.000984415     0.000791011     0.311800000
   15200     0.000951446     0.000723542     0.256300000
   15220     0.001001948     0.000767399     0.305100000
   15240     0.000993473     0.000779699     0.280600000
   15260     0.001009988     0.000768750     0.300500000
   15280     0.001064518     0.000784680     0.317700000
   15300     0.000998713     0.000790253     0.281700000
   15320     0.001001008     0.000773586     0.296100000
   15340     0.001078371     0.000790135     0.271800000
   15360     0.001108721     0.000753107     0.203400000
   15380     0.001139888     0.000706931     0.207900000
   15400     0.001039160     0.000727516     0.203200000
   15420     0.000912407     0.000643452     0.181400000
   15440     0.001040593     0.000684991     0.215100000
   15460     0.001064051     0.000747879     0.200200000
   15480     0.001209646     0.000788398     0.210000000
   15500     0.000968896     0.000726295     0.205500000
   15520     0.001145510     0.000810552     0.187900000
   15540     0.001063975     0.000773694     0.177400000
   15560     0.000926626     0.000601265     0.214700000
   15580     0.000970530     0.000744669     0.248900000
   15600     0.000905762     0.000699253     0.268500000
   15620     0.001038243     0.000765587     0.285300000
   15640     0.000913115     0.000707430     0.268700000
   15660     0.000902444     0.000710040     0.291800000
   15680     0.000925173     0.000725983     0.324000000
   15700     0.001024880     0.000789001     0.288900000
   15720     0.000929051     0.000698395     0.292700000
   15740     0.000871160     0.000700790     0.277400000
   15760     0.000948684     0.000757514     0.284600000
   15780     0.000992204     0.000779805     0.278200000
   15800     0.001077767     0.000796350     0.276100000
   15820     0.000833575     0.000678336     0.245400000
   15840     0.000903285     0.000678280     0.247900000
   15860     0.000999679     0.000741352     0.290500000
   15880     0.000969420     0.000798518     0.317000000
   15900     0.001141826     0.000843781     0.268100000
   15920     0.001061084     0.000769488     0.217800000
   15940     0.000987428     0.000672390     0.232100000
   15960     0.001179130     0.000774816     0.220000000
   15980     0.001016147     0.000764842     0.223500000
   16000     0.001052495     0.000699910     0.228700000
   16020     0.000957424     0.000755151     0.261600000
   16040     0.000878040     0.000672074     0.267700000
   16060     0.000989204     0.000714155     0.295500000
   16080     0.001007976     0.000760443     0.301100000
   16100     0.000955206     0.000755113     0.261700000
   16120     0.001094466     0.000741396     0.277200000
   16140     0.000918384     0.000732625     0.253900000
   16160     0.001050575     0.000795841     0.274900000
   16180     0.000913949     0.000722811     0.251700000
   16200     0.001142271     0.000839111     0.225300000
   16220     0.000935465     0.000655525     0.233700000
   16240     0.000960403     0.000734218     0.235600000
   16260     0.001051026     0.000783011     0.218500000
   16280     0.000919227     0.000687419     0.241700000
   16300     0.000947876     0.000768318     0.271300000
   16320     0.001009631     0.000757067     0.258700000
   16340     0.000928907     0.000726333     0.233000000
   16360     0.000902756     0.000714954     0.232600000
   16380     0.001058280     0.000710757     0.231800000
   16400     0.000869960     0.000645542     0.246700000
   16420     0.000998043     0.000691909     0.224900000
   16440     0.001044265     0.000705935     0.226100000
   16460     0.001110917     0.000800866     0.224800000
   16480     0.000996310     0.000725284     0.211100000
   16500     0.001139236     0.000844768     0.230600000
   16520     0.001029785     0.000709939     0.227400000
   16540     0.001077747     0.000782508     0.227000000
   16560     0.001083752     0.000801149     0.216600000
   16580     0.001013724     0.000709512     0.196900000
   16600     0.001000550     0.000667936     0.213700000
   16620     0.000927620     0.000665194     0.225000000
   16640     0.000966740     0.000651522     0.248400000
   16660     0.000904882     0.000663071     0.264900000
   16680     0.000882829     0.000713744     0.278600000
   16700     0.000853441     0.000677452     0.286300000
   16720     0.000956765     0.000777195     0.330900000
   16740     0.000992054     0.000767128     0.314900000
   16760     0.001011180     0.000779891     0.328300000
   16780     0.000974083     0.000770634     0.302200000
   16800     0.001016599     0.000773546     0.279400000
   16820     0.000989492     0.000741800     0.283700000
   16840     0.000937198     0.000736767     0.261500000
   16860     0.000980128     0.000749955     0.270600000
   16880     0.001002867     0.000776510     0.278800000
   16900     0.000970313     0.000713840     0.274700000
   16920     0.001110872     0.000810883     0.262800000
   16940     0.000879262     0.000705244     0.271100000
   16960     0.000961534     0.000756310     0.296700000
   16980     0.001035801     0.000800908     0.308400000
   17000     0.000995191     0.000790673     0.303200000
   17020     0.000996824     0.000788897     0.303100000
   17040     0.001015559     0.000801038     0.312400000
   17060     0.001105958     0.000800318     0.270700000
   17080     0.000994297     0.000753693     0.261500000
   17100     0.000968069     0.000780203     0.287800000
   17120     0.001059095     0.000816573     0.310000000
   17140     0.001169075     0.000788495     0.238700000
   17160     0.000930253     0.000743511     0.231900000
   17180     0.001120761     0.000760234     0.244100000
   17200     0.000983176     0.000720485     0.236200000
   17220     0.000959502     0.000691993     0.268300000
   17240     0.000946864     0.000754143     0.270600000
   17260     0.001067192     0.000817539     0.264500000
   17280     0.001097196     0.000803560     0.263200000
   17300     0.001120788     0.000778118     0.254100000
   17320     0.001016015     0.000740367     0.234600000
   17340     0.000969333     0.000718849     0.223100000
   17360     0.001056178     0.000772791     0.231100000
   17380     0.001097512     0.000813409     0.235300000
   17400     0.001094536     0.000803965     0.263800000
   17420     0.001059292     0.000754869     0.286000000
   17440     0.000918245     0.000760342     0.320700000
   17460     0.000999518     0.000804270     0.322600000
   17480     0.000913782     0.000718918     0.328400000
   17500     0.000926893     0.000728751     0.316700000
   17520     0.001066954     0.000793602     0.299200000
   17540     0.001131094     0.000826812     0.274600000
   17560     0.001040743     0.000767684     0.248000000
   17580     0.000888252     0.000697253     0.255800000
   17600     0.000931260     0.000695135     0.247900000
   17620     0.001095403     0.000816915     0.233600000
   17640     0.001022832     0.000696785     0.223800000
   17660     0.000979596     0.000761830     0.228500000
   17680     0.001047255     0.000735218     0.249000000
   17700     0.000897064     0.000707147     0.252700000
   17720     0.001091434     0.000729231     0.206900000
   17740     0.000951439     0.000713290     0.242700000
   17760     0.001140360     0.000803964     0.216000000
   17780     0.000958217     0.000688866     0.224700000
   17800     0.001053588     0.000767219     0.247600000
   17820     0.000958351     0.000765893     0.274300000
   17840     0.001061695     0.000762757     0.277500000
   17860     0.000937376     0.000756286     0.269300000
   17880     0.000962479     0.000739818     0.260300000
   17900     0.000908585     0.000689872     0.282400000
   17920     0.001007526     0.000766339     0.298200000
   17940     0.000962082     0.000743618     0.266700000
   17960     0.001087758     0.000777512     0.256700000
   17980     0.000970109     0.000715686     0.262500000
   18000     0.000973491     0.000729578     0.267700000
   18020     0.000958037     0.000727728     0.312600000
   18040     0.001029410     0.000810978     0.298400000
   18060     0.001058634     0.000797535     0.280200000
   18080     0.000948107     0.000709806     0.274300000
   18100     0.001081223     0.000725213     0.262600000
   18120     0.000957186     0.000738348     0.290900000
   18140     0.000858264     0.000705644     0.296000000
   18160     0.000908169     0.000730918     0.318300000
   18180     0.000991863     0.000770788     0.269100000
   18200     0.000943510     0.000742655     0.254000000
   18220     0.001069636     0.000767476     0.248900000
   18240     0.000980993     0.000753195     0.270100000
   18260     0.001007553     0.000731659     0.279600000
   18280     0.001000564     0.000769126     0.262800000
   18300     0.000913297     0.000730152     0.261100000
   18320     0.001072134     0.000770544     0.270100000
   18340     0.001119532     0.000773589     0.229300000
   18360     0.000929139     0.000680714     0.219300000
   18380     0.001034657     0.000760886     0.231600000
   18400     0.001023004     0.000763523     0.221900000
   18420     0.000940758     0.000709584     0.226600000
   18440     0.001050363     0.000713359     0.235500000
   18460     0.000969502     0.000734167     0.269700000
   18480     0.001025038     0.000780719     0.276500000
   18500     0.001066502     0.000769377     0.257500000
   18520     0.001070359     0.000796828     0.216300000
   18540     0.001004487     0.000719914     0.245300000
   18560     0.001047075     0.000766131     0.248300000
   18580     0.000952390     0.000723957     0.250700000
   18600     0.001156431     0.000712116     0.274500000
   18620     0.000896019     0.000655580     0.274200000
   18640     0.000905764     0.000727639     0.292300000
   18660     0.001002756     0.000766436     0.301100000
   18680     0.001058029     0.000734024     0.342200000
   18700     0.001000218     0.000805509     0.319800000
   18720     0.001046787     0.000812645     0.292300000
   18740     0.001108193     0.000873679     0.278000000
   18760     0.001070041     0.000788170     0.277200000
   18780     0.000950931     0.000763223     0.278900000
   18800     0.000981050     0.000771333     0.255600000
   18820     0.001051341     0.000808688     0.264100000
   18840     0.001028019     0.000794538     0.274700000
   18860     0.001012604     0.000789303     0.301500000
   18880     0.000935377     0.000707527     0.303500000
   18900     0.000945491     0.000752963     0.275700000
   18920     0.000969290     0.000724237     0.272400000
   18940     0.001040358     0.000773584     0.269900000
   18960     0.001135152     0.000844331     0.261900000
   18980     0.001054400     0.000776010     0.253600000
   19000     0.001049903     0.000759968     0.255500000
   19020     0.001014151     0.000717717     0.240900000
   19040     0.001029391     0.000719937     0.258100000
   19060     0.000867643     0.000631340     0.260300000
   19080     0.000899395     0.000678659     0.301300000
   19100     0.001062996     0.000830426     0.308100000
   19120     0.001156390     0.000897455     0.288800000
   19140     0.001109630     0.000784926     0.262700000
   19160     0.001069765     0.000749903     0.209200000
   19180     0.000972617     0.000723231     0.223800000
   19200     0.001115197     0.000738859     0.207800000
   19220     0.001023866     0.000743028     0.221500000
   19240     0.000924615     0.000697101     0.264100000
   19260     0.000927134     0.000740396     0.277100000
   19280     0.000930479     0.000710690     0.283300000
   19300     0.001011382     0.000749401     0.303100000
   19320     0.000956128     0.000773963     0.293000000
   19340     0.000934704     0.000729412     0.263700000
   19360     0.001007312     0.000751860     0.282500000
   19380     0.001029395     0.000775348     0.260600000
   19400     0.000999327     0.000755335     0.238800000
   19420     0.001133294     0.000844423     0.236500000
   19440     0.001110968     0.000771025     0.211300000
   19460     0.001136319     0.000724231     0.186900000
   19480     0.001198345     0.000775801     0.171900000
   19500     0.001155611     0.000771314     0.154400000
   19520     0.001036766     0.000743857     0.155000000
   19540     0.000970641     0.000627043     0.144900000
   19560     0.001178711     0.000725237     0.156900000
   19580     0.001033233     0.000605215     0.140500000
   19600     0.001104874     0.000710414     0.185900000
   19620     0.001001430     0.000680091     0.188900000
   19640     0.001036665     0.000741219     0.200200000
   19660     0.000961128     0.000655485     0.208700000
   19680     0.001073090     0.000757760     0.193800000
   19700     0.001085444     0.000744735     0.225300000
   19720     0.001035684     0.000739413     0.246800000
   19740     0.001009804     0.000679890     0.236000000
   19760     0.000881247     0.000651600     0.228600000
   19780     0.001052575     0.000783174     0.258700000
   19800     0.000925320     0.000701261     0.263300000
   19820     0.000930653     0.000762543     0.251900000
   19840     0.001026335     0.000776994     0.237800000
   19860     0.001146890     0.000842882     0.249000000
   19880     0.001044657     0.000776940     0.251700000
   19900     0.001013467     0.000766636     0.240900000
   19920     0.000952923     0.000734194     0.247500000
   19940     0.000949768     0.000734719     0.204000000
   19960     0.001080457     0.000758267     0.194900000
   19980     0.000950834     0.000705444     0.233300000
   20000     0.000797248     0.000647989     0.259800000
   20020     0.000892984     0.000719717     0.322100000
   20040     0.001023319     0.000798864     0.300500000
   20060     0.000988400     0.000782177     0.301900000
   20080     0.000932791     0.000755555     0.275200000
   20100     0.001061791     0.000774617     0.299800000
   20120     0.001116224     0.000857970     0.293900000
   20140     0.001037623     0.000779074     0.252300000
   20160     0.001021366     0.000749777     0.263400000
   20180     0.001103790     0.000772500     0.211600000
   20200     0.000961841     0.000703919     0.188100000
   20220     0.000919370     0.000674182     0.208700000
   20240     0.001016978     0.000727726     0.201200000
   20260     0.001087280     0.000771643     0.204900000
   20280     0.000947114     0.000665130     0.220100000
   20300     0.001075832     0.000717485     0.259600000
   20320     0.000934737     0.000739122     0.244600000
   20340     0.001125751     0.000880245     0.251800000
   20360     0.001036910     0.000705809     0.234500000
   20380     0.001068500     0.000750520     0.238200000
   20400     0.001079999     0.000803777     0.227700000
   20420     0.001086552     0.000782936     0.251400000
   20440     0.000989782     0.000747682     0.256700000
   20460     0.000953255     0.000714031     0.230900000
   20480     0.000997610     0.000734127     0.210800000
   20500     0.001037788     0.000724129     0.227200000
   20520     0.000866188     0.000673386     0.236100000
   20540     0.000916679     0.000671281     0.257900000
   20560     0.000880182     0.000679970     0.299500000
   20580     0.001036037     0.000748463     0.270000000
   20600     0.001065463     0.000757703     0.262700000
   20620     0.001013916     0.000754971     0.211000000
   20640     0.000904324     0.000691667     0.246400000
   20660     0.000944411     0.000741381     0.237400000
   20680     0.000933496     0.000692613     0.244200000
   20700     0.000948657     0.000723678     0.256600000
   20720     0.001060220     0.000784747     0.268400000
   20740     0.000939058     0.000686902     0.275900000
   20760     0.001036392     0.000780842     0.289400000
   20780     0.001105113     0.000785672     0.294200000
   20800     0.001023148     0.000769446     0.259200000
   20820     0.001169894     0.000817356     0.218700000
   20840     0.001064797     0.000766045     0.228900000
   20860     0.001061887     0.000744959     0.239200000
   20880     0.001074336     0.000752072     0.224100000
   20900     0.001093399     0.000768739     0.228000000
   20920     0.001043688     0.000760418     0.267900000
   20940     0.001012626     0.000749140     0.250500000
   20960     0.001176012     0.000779609     0.220200000
   20980     0.001038620     0.000732765     0.215200000
   21000     0.000974842     0.000679699     0.219000000
   21020     0.001071247     0.000721146     0.266600000
   21040     0.000953628     0.000688737     0.272300000
   21060     0.000959989     0.000724026     0.287000000
   21080     0.000970137     0.000733835     0.265600000
   21100     0.000965769     0.000760520     0.268500000
   21120     0.000954145     0.000719622     0.254600000
   21140     0.000922792     0.000701894     0.263400000
   21160     0.001027218     0.000774871     0.253700000
   21180     0.001040233     0.000744424     0.255700000
   21200     0.001056840     0.000754125     0.245800000
   21220     0.000935403     0.000716922     0.259800000
   21240     0.000975635     0.000744158     0.265200000
   21260     0.001043396     0.000756220     0.229700000
   21280     0.001067117     0.000762363     0.232800000
   21300     0.000985592     0.000787954     0.253900000
   21320     0.001000408     0.000756139     0.261600000
   21340     0.000959964     0.000749179     0.249600000
   21360     0.001000701     0.000770986     0.250900000
   21380     0.000964328     0.000702931     0.260100000
   21400     0.000943810     0.000750147     0.273300000
   21420     0.000972386     0.000731679     0.276200000
   21440     0.000991826     0.000734988     0.319500000
   21460     0.001051893     0.000812835     0.298400000
   21480     0.000962729     0.000778034     0.296200000
   21500     0.000930344     0.000723342     0.252000000
   21520     0.001000106     0.000759236     0.278500000
   21540     0.000873418     0.000665848     0.268500000
   21560     0.001012838     0.000744408     0.274700000
   21580     0.000927224     0.000700853     0.298800000
   21600     0.000992940     0.000767663     0.298200000
   21620     0.000984635     0.000795342     0.251600000
   21640     0.000970720     0.000748941     0.272600000
   21660     0.000994329     0.000762365     0.274200000
   21680     0.000996245     0.000749150     0.255100000
   21700     0.001056307     0.000806033     0.278200000
   21720     0.000954544     0.000703689     0.279200000
   21740     0.000938767     0.000732521     0.313900000
   21760     0.001037386     0.000814714     0.292300000
   21780     0.001053569     0.000799513     0.266800000
   21800     0.000999597     0.000755763     0.268500000
   21820     0.001005253     0.000761921     0.256500000
   21840     0.000946424     0.000721142     0.252100000
   21860     0.001004623     0.000749931     0.259700000
   21880     0.000985322     0.000720630     0.274700000
   21900     0.001106940     0.000819003     0.271100000
   21920     0.000978181     0.000746722     0.256100000
   21940     0.000925155     0.000711875     0.277500000
   21960     0.001006620     0.000797465     0.279200000
   21980     0.001063944     0.000822029     0.233100000
   22000     0.001040041     0.000766584     0.220300000
   22020     0.001131619     0.000823839     0.201100000
   22040     0.001118651     0.000785043     0.183500000
   22060     0.001008601     0.000704526     0.197400000
   22080     0.000982292     0.000694908     0.173000000
   22100     0.001074706     0.000713500     0.173800000
   22120     0.000946820     0.000630962     0.190800000
   22140     0.000984718     0.000681570     0.179500000
   22160     0.001003651     0.000695262     0.191900000
   22180     0.001089980     0.000757900     0.229500000
   22200     0.001024577     0.000724673     0.209500000
   22220     0.001150240     0.000776133     0.199800000
   22240     0.001128857     0.000802606     0.227800000
   22260     0.001104377     0.000767295     0.211600000
   22280     0.001028452     0.000724253     0.236800000
   22300     0.001012609     0.000676046     0.248400000
   22320     0.001024488     0.000792489     0.260000000
   22340     0.001069175     0.000783792     0.260700000
   22360     0.000945146     0.000734988     0.279200000
   22380     0.000895612     0.000679582     0.271600000
   22400     0.000898796     0.000696758     0.277600000
   22420     0.000947051     0.000756166     0.304500000
   22440     0.000975481     0.000741380     0.273700000
   22460     0.001094872     0.000847085     0.270400000
   22480     0.001056028     0.000793179     0.263700000
   22500     0.001136330     0.000769528     0.241900000
   22520     0.001182818     0.000784277     0.230100000
   22540     0.001190549     0.000810513     0.208300000
   22560     0.001125377     0.000779486     0.225900000
   22580     0.000908025     0.000660725     0.206700000
   22600     0.001116718     0.000767476     0.205300000
   22620     0.001074802     0.000709486     0.241600000
   22640     0.001051483     0.000797818     0.258200000
   22660     0.000978766     0.000717394     0.242700000
   22680     0.000879900     0.000685570     0.261600000
   22700     0.001053584     0.000792254     0.267900000
   22720     0.000934788     0.000741076     0.273600000
   22740     0.000939632     0.000727208     0.275700000
   22760     0.000994387     0.000715796     0.266600000
   22780     0.000923398     0.000684062     0.256900000
   22800     0.000871268     0.000629124     0.217700000
   22820     0.000894032     0.000688916     0.255600000
   22840     0.000996602     0.000763414     0.252300000
   22860     0.001000596     0.000719504     0.265700000
   22880     0.000924178     0.000747763     0.300500000
   22900     0.000944547     0.000738009     0.298700000
   22920     0.001075183     0.000794767     0.315400000
   22940     0.001004302     0.000796574     0.253900000
   22960     0.000968305     0.000723584     0.256000000
   22980     0.000884286     0.000667696     0.242700000
   23000     0.001178958     0.000810064     0.205400000
   23020     0.000988363     0.000763182     0.279500000
   23040     0.001019649     0.000785228     0.261600000
   23060     0.000984682     0.000734626     0.285600000
   23080     0.000839546     0.000645159     0.288200000
   23100     0.000978464     0.000728074     0.289700000
   23120     0.001105308     0.000837344     0.288500000
   23140     0.001155759     0.000849109     0.253900000
   23160     0.001089072     0.000760278     0.237600000
   23180     0.001026677     0.000734709     0.202800000
   23200     0.000947470     0.000689566     0.213500000
   23220     0.000965207     0.000696568     0.243800000
   23240     0.001020000     0.000756775     0.242600000
   23260     0.001083142     0.000790872     0.213200000
   23280     0.000895509     0.000671639     0.218100000
   23300     0.000961069     0.000694601     0.230100000
   23320     0.001026058     0.000730798     0.210100000
   23340     0.001095078     0.000712348     0.220700000
   23360     0.001183675     0.000796628     0.202700000
   23380     0.000989965     0.000708406     0.214300000
   23400     0.000973474     0.000668434     0.232300000
   23420     0.000997490     0.000724427     0.236800000
   23440     0.001000256     0.000741710     0.213200000
   23460     0.001147759     0.000831178     0.215900000
   23480     0.001089222     0.000762819     0.194200000
   23500     0.001023187     0.000727418     0.189300000
   23520     0.000894065     0.000657618     0.232200000
   23540     0.000970664     0.000695267     0.223800000
   23560     0.001128081     0.000836448     0.224200000
   23580     0.001032285     0.000651083     0.196700000
   23600     0.001158998     0.000740436     0.203400000
   23620     0.001059369     0.000700690     0.185500000
   23640     0.001060692     0.000720608     0.187700000
   23660     0.000895002     0.000682557     0.160700000
   23680     0.001136640     0.000732815     0.174400000
   23700     0.001023015     0.000650893     0.164600000
   23720     0.000882541     0.000613234     0.161000000
   23740     0.000885042     0.000607248     0.174800000
   23760     0.001039846     0.000742194     0.202300000
   23780     0.000913133     0.000686985     0.195400000
   23800     0.000978595     0.000761790     0.238900000
   23820     0.000908613     0.000694689     0.232300000
   23840     0.000919525     0.000695698     0.214600000
   23860     0.001064077     0.000756245     0.254400000
   23880     0.001108555     0.000720823     0.221000000
   23900     0.000873726     0.000695723     0.182500000
   23920     0.001131789     0.000776063     0.177800000
   23940     0.001106349     0.000795992     0.171000000
   23960     0.001064041     0.000712070     0.181600000
   23980     0.001063125     0.000726841     0.158600000
   24000     0.000943780     0.000664610     0.178200000
   24020     0.001052745     0.000730390     0.226200000
   24040     0.000924170     0.000706723     0.231900000
   24060     0.001167175     0.000826345     0.228300000
   24080     0.001101752     0.000745482     0.250800000
   24100     0.000968820     0.000744492     0.258000000
   24120     0.000902803     0.000710817     0.272100000
   24140     0.000939057     0.000752086     0.270200000
   24160     0.001020908     0.000801352     0.260500000
   24180     0.000972723     0.000766331     0.263600000
   24200     0.000987175     0.000776484     0.281200000
   24220     0.001051298     0.000792903     0.282700000
   24240     0.001145026     0.000823124     0.239700000
   24260     0.001002821     0.000762764     0.272300000
   24280     0.000963838     0.000769011     0.282700000
   24300     0.001046717     0.000831891     0.278200000
   24320     0.001126172     0.000828589     0.235800000
   24340     0.001088850     0.000723009     0.226500000
   24360     0.001039601     0.000727391     0.241300000
   24380     0.000887662     0.000683149     0.276000000
   24400     0.001041486     0.000781437     0.282300000
   24420     0.001008133     0.000753122     0.272800000
   24440     0.001013132     0.000711735     0.233500000
   24460     0.000813348     0.000671772     0.258000000
   24480     0.000868014     0.000692929     0.271200000
   24500     0.000970544     0.000741639     0.311000000
   24520     0.000979723     0.000747386     0.279100000
   24540     0.000976261     0.000779904     0.242000000
   24560     0.000943906     0.000740168     0.287900000
   24580     0.000970251     0.000686299     0.255500000
   24600     0.000999272     0.000696096     0.252900000
   24620     0.001019262     0.000740432     0.244400000
   24640     0.000909908     0.000729030     0.249400000
   24660     0.001001369     0.000752689     0.235200000
   24680     0.000958717     0.000710533     0.193500000
   24700     0.000938716     0.000737921     0.233100000
   24720     0.001019921     0.000734903     0.216900000
   24740     0.001039915     0.000783686     0.263700000
   24760     0.000976212     0.000680460     0.236600000
   24780     0.001123760     0.000696343     0.220100000
   24800     0.001003013     0.000771005     0.242100000
   24820     0.000813053     0.000610303     0.253400000
   24840     0.000942740     0.000743741     0.235800000
   24860     0.000905935     0.000725322     0.282000000
   24880     0.001159738     0.000821134     0.235700000
   24900     0.001185128     0.000834187     0.210200000
   24920     0.000989471     0.000772326     0.191500000
   24940     0.001153698     0.000721139     0.162200000
   24960     0.001153775     0.000735343     0.197000000
   24980     0.000946655     0.000655242     0.205800000
   25000     0.001076476     0.000731439     0.194600000
   25020     0.001073760     0.000711045     0.198700000
   25040     0.001184061     0.000710458     0.211800000
   25060     0.001112777     0.000815561     0.218300000
   25080     0.001028634     0.000729398     0.229600000
   25100     0.001112566     0.000771187     0.201100000
   25120     0.000990134     0.000709123     0.201200000
   25140     0.000946744     0.000701680     0.204400000
   25160     0.001076279     0.000773311     0.196700000
   25180     0.001038696     0.000654474     0.217900000
   25200     0.001024360     0.000771752     0.228700000
   25220     0.000998817     0.000754858     0.255700000
   25240     0.001081304     0.000767966     0.265900000
   25260     0.000961144     0.000741096     0.259300000
   25280     0.001001321     0.000786866     0.289700000
   25300     0.000987775     0.000748276     0.290500000
   25320     0.000957181     0.000716928     0.291600000
   25340     0.001158492     0.000807578     0.230300000
   25360     0.001067814     0.000752433     0.229800000
   25380     0.001031229     0.000788978     0.227000000
   25400     0.000985666     0.000679602     0.254400000
   25420     0.001105190     0.000731480     0.263300000
   25440     0.000976348     0.000753122     0.292000000
   25460     0.001028677     0.000773523     0.254400000
   25480     0.001004547     0.000759963     0.276000000
   25500     0.001007777     0.000747725     0.296300000
   25520     0.001067102     0.000753946     0.258500000
   25540     0.000890096     0.000683125     0.249800000
   25560     0.001034931     0.000710248     0.237100000
   25580     0.000968122     0.000719454     0.235400000
   25600     0.001049013     0.000731345     0.231800000
   25620     0.001015561     0.000741544     0.240200000
   25640     0.000944934     0.000690700     0.263400000
   25660     0.000917545     0.000716547     0.260400000
   25680     0.001117898     0.000800747     0.235200000
   25700     0.001029981     0.000777866     0.230600000
   25720     0.000842537     0.000690949     0.277800000
   25740     0.001032714     0.000773499     0.281300000
   25760     0.000908538     0.000714487     0.284500000
   25780     0.001016945     0.000793383     0.276900000
   25800     0.000963778     0.000775238     0.289000000
   25820     0.000950470     0.000776300     0.285400000
   25840     0.000937159     0.000736606     0.303300000
   25860     0.000928984     0.000721898     0.299600000
   25880     0.000896793     0.000738854     0.341800000
   25900     0.001115488     0.000797370     0.342000000
   25920     0.001003095     0.000815417     0.319000000
   25940     0.000937896     0.000762908     0.314300000
   25960     0.000984751     0.000760694     0.285000000
   25980     0.001026495     0.000778805     0.284200000
   26000     0.001047356     0.000761700     0.255700000
   26020     0.001012660     0.000739103     0.260900000
   26040     0.001026537     0.000760552     0.273500000
   26060     0.000955269     0.000716633     0.250300000
   26080     0.000906258     0.000699566     0.265900000
   26100     0.001017835     0.000765106     0.257200000
   26120     0.000903507     0.000707102     0.245800000
   26140     0.000935122     0.000720631     0.271100000
   26160     0.001054742     0.000798830     0.269000000
   26180     0.001080034     0.000794951     0.294300000
   26200     0.000991212     0.000732215     0.273500000
   26220     0.001035984     0.000812715     0.270300000
   26240     0.001054168     0.000757647     0.248900000
   26260     0.000920986     0.000701237     0.249000000
   26280     0.000977622     0.000742920     0.254300000
   26300     0.000975741     0.000671567     0.261100000
   26320     0.001043620     0.000828907     0.268700000
   26340     0.001005562     0.000778191     0.275300000
   26360     0.000983709     0.000769289     0.245900000
   26380     0.000960742     0.000743044     0.248500000
   26400     0.000984864     0.000767237     0.276800000
   26420     0.000961108     0.000745190     0.252700000
   26440     0.000987063     0.000756543     0.306100000
   26460     0.001143764     0.000852313     0.287600000
   26480     0.001029330     0.000759501     0.235000000
   26500     0.001072149     0.000785511     0.214200000
   26520     0.001012308     0.000707767     0.223000000
   26540     0.001010127     0.000671895     0.223200000
   26560     0.001112147     0.000751282     0.201500000
   26580     0.000976717     0.000658724     0.214500000
   26600     0.001110871     0.000780997     0.246500000
   26620     0.000951467     0.000726830     0.241300000
   26640     0.000889160     0.000684728     0.241000000
   26660     0.001080986     0.000751267     0.220900000
   26680     0.000984992     0.000779543     0.240300000
   26700     0.000943314     0.000747060     0.229300000
   26720     0.001062654     0.000835775     0.269500000
   26740     0.001080613     0.000817190     0.254200000
   26760     0.001140317     0.000767138     0.240700000
   26780     0.001065873     0.000768135     0.245600000
   26800     0.000990698     0.000715951     0.266700000
   26820     0.000905642     0.000749321     0.287600000
   26840     0.001042044     0.000787475     0.246900000
   26860     0.001051911     0.000707747     0.241400000
   26880     0.000960316     0.000723454     0.242700000
   26900     0.001042030     0.000768690     0.226700000
   26920     0.000965721     0.000701010     0.254700000
   26940     0.001079391     0.000826537     0.241300000
   26960     0.001067379     0.000773532     0.230600000
   26980     0.001133571     0.000760375     0.253400000
   27000     0.000956642     0.000733442     0.239200000
   27020     0.000970257     0.000754314     0.298100000
   27040     0.001082118     0.000801740     0.285700000
   27060     0.001017234     0.000778112     0.270100000
   27080     0.000976650     0.000756558     0.300200000
   27100     0.001042504     0.000819336     0.319200000
   27120     0.000949208     0.000772214     0.343900000
   27140     0.000973746     0.000793180     0.322900000
   27160     0.001006222     0.000775166     0.279600000
   27180     0.001002505     0.000773830     0.314100000
   27200     0.000889392     0.000693383     0.304300000
   27220     0.000950592     0.000764910     0.280100000
   27240     0.001046065     0.000818979     0.292300000
   27260     0.001122425     0.000859358     0.262000000
   27280     0.000887858     0.000691764     0.294900000
   27300     0.000894065     0.000714687     0.333900000
   27320     0.000981556     0.000796266     0.356400000
   27340     0.001104635     0.000837103     0.301400000
   27360     0.000968436     0.000771986     0.332100000
   27380     0.000895449     0.000748282     0.293700000
   27400     0.001070235     0.000823177     0.269800000
   27420     0.001037912     0.000829929     0.286700000
   27440     0.000992796     0.000739307     0.239800000
   27460     0.001147919     0.000762627     0.233900000
   27480     0.001039994     0.000738173     0.233900000
   27500     0.000981164     0.000659592     0.199600000
   27520     0.000925623     0.000626782     0.211000000
   27540     0.000941895     0.000668238     0.257800000
   27560     0.001010847     0.000739405     0.236900000
   27580     0.001073082     0.000733234     0.227500000
   27600     0.001147711     0.000728301     0.219000000
   27620     0.000947268     0.000659669     0.229800000
   27640     0.000912071     0.000667608     0.269300000
   27660     0.000964018     0.000778695     0.288100000
   27680     0.000970459     0.000764791     0.291800000
   27700     0.001096306     0.000805931     0.254900000
   27720     0.001040340     0.000743156     0.278400000
   27740     0.001051396     0.000698990     0.244900000
   27760     0.001019580     0.000727133     0.245900000
   27780     0.001054765     0.000727259     0.232100000
   27800     0.000957510     0.000659409     0.223400000
   27820     0.001063343     0.000743121     0.225000000
   27840     0.000933895     0.000697786     0.207000000
   27860     0.000951178     0.000681384     0.217400000
   27880     0.001021428     0.000740377     0.256800000
   27900     0.000959028     0.000701531     0.274400000
   27920     0.000962562     0.000729467     0.269400000
   27940     0.001041249     0.000775445     0.269500000
   27960     0.001042376     0.000757883     0.238000000
   27980     0.000932263     0.000701331     0.241300000
   28000     0.000950162     0.000732645     0.240300000
   28020     0.001037725     0.000731977     0.261300000
   28040     0.001054066     0.000806863     0.280300000
   28060     0.000974593     0.000773346     0.304400000
   28080     0.000970952     0.000755158     0.305200000
   28100     0.001039795     0.000827816     0.285800000
   28120     0.001046047     0.000804546     0.273200000
   28140     0.000981965     0.000735810     0.250900000
   28160     0.001040483     0.000788125     0.246100000
   28180     0.000997684     0.000707137     0.263600000
   28200     0.000964720     0.000720153     0.236500000
   28220     0.000995020     0.000719463     0.246600000
   28240     0.000877935     0.000689023     0.247000000
   28260     0.000895814     0.000691525     0.251800000
   28280     0.000968022     0.000696895     0.241600000
   28300     0.001011276     0.000742570     0.237500000
   28320     0.000905437     0.000666967     0.248000000
   28340     0.001052988     0.000721616     0.243900000
   28360     0.001027981     0.000770815     0.251400000
   28380     0.001156762     0.000796727     0.227900000
   28400     0.001013982     0.000748357     0.217800000
   28420     0.001145425     0.000775639     0.196300000
   28440     0.001269760     0.000756119     0.212300000
   28460     0.001088743     0.000775857     0.215300000
   28480     0.001278126     0.000810262     0.226800000
   28500     0.001070760     0.000733086     0.216300000
   28520     0.001054399     0.000764631     0.238500000
   28540     0.000982654     0.000694994     0.251500000
   28560     0.001064611     0.000732135     0.245900000
   28580     0.000918205     0.000728670     0.287400000
   28600     0.000991280     0.000787249     0.289200000
   28620     0.001008917     0.000703478     0.261000000
   28640     0.000873253     0.000707311     0.250600000
   28660     0.001051188     0.000772484     0.240600000
   28680     0.001057812     0.000755985     0.269300000
   28700     0.001117685     0.000811594     0.265300000
   28720     0.001005515     0.000743660     0.269000000
   28740     0.001194924     0.000877861     0.256900000
   28760     0.000992817     0.000756680     0.257400000
   28780     0.000988143     0.000731027     0.246500000
   28800     0.001059964     0.000727729     0.227900000
   28820     0.000963851     0.000721325     0.255000000
   28840     0.000999679     0.000671842     0.243000000
   28860     0.000994728     0.000722486     0.246000000
   28880     0.001004340     0.000741052     0.277000000
   28900     0.001038785     0.000759098     0.281600000
   28920     0.001103082     0.000836669     0.267400000
   28940     0.001015825     0.000784345     0.254100000
   28960     0.000928281     0.000691163     0.237700000
   28980     0.000976708     0.000757060     0.225700000
   29000     0.001097885     0.000802878     0.244800000
   29020     0.000925790     0.000634613     0.235100000
   29040     0.000989194     0.000720961     0.271200000
   29060     0.000978223     0.000738538     0.269900000
   29080     0.001122086     0.000841557     0.299200000
   29100     0.001059956     0.000749006     0.228900000
   29120     0.001044061     0.000770354     0.250200000
   29140     0.000955562     0.000740609     0.237900000
   29160     0.001155450     0.000770159     0.228400000
   29180     0.001065798     0.000758093     0.247700000
   29200     0.000980194     0.000720780     0.253700000
   29220     0.001114777     0.000830635     0.232900000
   29240     0.000961054     0.000669177     0.212300000
   29260     0.001013863     0.000662588     0.210500000
   29280     0.000949850     0.000656954     0.216700000
   29300     0.000972440     0.000735309     0.247100000
   29320     0.000925779     0.000732070     0.236300000
   29340     0.000868882     0.000644898     0.274800000
   29360     0.000942469     0.000727092     0.264200000
   29380     0.000870782     0.000692029     0.275600000
   29400     0.000961255     0.000716306     0.265700000
   29420     0.000960554     0.000748653     0.257200000
   29440     0.000839596     0.000643126     0.223300000
   29460     0.000794747     0.000640947     0.261300000
   29480     0.000958955     0.000717728     0.285000000
   29500     0.000950976     0.000709085     0.249600000
   29520     0.000997066     0.000727388     0.253600000
   29540     0.000921545     0.000762621     0.272300000
   29560     0.001060007     0.000786513     0.252200000
   29580     0.001000241     0.000750833     0.239100000
   29600     0.000935836     0.000727313     0.266200000
   29620     0.001064148     0.000806905     0.260700000
   29640     0.000909308     0.000719322     0.288100000
   29660     0.000893221     0.000732502     0.301200000
   29680     0.001028966     0.000786512     0.307500000
   29700     0.001028226     0.000813830     0.300200000
   29720     0.001091053     0.000819302     0.283500000
   29740     0.000975782     0.000770879     0.259800000
   29760     0.000991437     0.000761896     0.230300000
   29780     0.001039629     0.000757165     0.250800000
   29800     0.001110283     0.000781741     0.248800000
   29820     0.000969729     0.000728398     0.270900000
   29840     0.000991221     0.000740013     0.284600000
   29860     0.000939115     0.000728928     0.263300000
   29880     0.000985714     0.000769463     0.267100000
   29900     0.001057787     0.000750944     0.257300000
   29920     0.001151432     0.000817602     0.228800000
   29940     0.000975466     0.000697893     0.258100000
   29960     0.000934945     0.000704205     0.282600000
   29980     0.000905045     0.000754553     0.328900000
   30000     0.000891035     0.000727031     0.331300000
