      20   94   74  103   92   36   59   64   75   52   82
      40    7   66   70   41   58   23   39   60   74   73
      60    5   30   63    4   45   14   52   55   71   70
      80    3    6   69    7   51    3   23   65   48   60
     100    5   13   77   21   48   34   32   45   29   84
     120   30   52   51   19   79   43   54   52   15   92
     140   27   88   54    1   46   33   45   43   56   86
     160   26   81   31    6   37   40   65   20   88   17
     180   16   85   46    7   88   10   49   13    2   23
     200    8   56   25   21   81   38   28    0    0   16
     220    5   32   33   17   32   74   11   13    0   21
     240    0   15   39   60   26   49   28   71    1   46
     260   15    5   12   19   56   52   62   46    2   86
     280   44    5    1   19   86   63   51   30    0   41
     300   38   16    9   16   28   44   96   37    0    9
     320   35   24   12   21   30   12   45   33    0    8
     340   43   53    1   31   11    2   12   34    0   10
     360   33   30    0   34   21    0   25   26    1    4
     380   59   13    0   11   30    1   28   55   11   31
     400   67   63    2   12    7    2   33   42    0   61
     420   32   49    0    7   25    7   39   81    0   30
     440   43   74    4    7   15   11   52   53    3   16
     460   65   45    5    3   14    6   87   70   16   81
     480   17   26   12   29    0   32   27   64   41   72
     500   29   25   22   29    8   44   11   71   30   55
     520   64   24   26   85   21   15   15   29   26   50
     540   77   50   58   47   54   69   48   56    2   58
     560   27   63   19   47   86   34   46   77    0   68
     580   13   36   25   28   36   57   24   13    7   67
     600   10   15    5    0   42    4   25    0   20   76
     620    1   55   30    8   47    0   72   11   19   55
     640    0   56   32    8   22    1   16    9   30   70
     660    0   56   28   13    6    1    7    9   71   28
     680   10   38   19   37   15   30    2    7   78   42
     700    7   51    4   13   47   41   41   20   87   24
     720   26   71    1   26   11   12   38    3   56   14
     740    6   23   13   21   29    0   34   10   44   41
     760    0    3   27   34   55   76   16   21   21   50
     780   22    0   25    3   35   39    7   37   33   17
     800   41    0   53   24   15    7    2   35    0    5
     820   32    8   58   47    1    9    0   65    0    8
     840   30    1   62   23    0    8   27   57    3    4
     860   64    0   29   52    4   14    8   43   38   25
     880   46    3   28   31   10   24   40   12   21    0
     900   29    0    0   25    0   28   25   17   34    3
     920   25   14    1   38    0   50    4   42   57   39
     940    7   18   25   55   17   10   29   59   20   25
     960    0   64   34   48   25   20   24   10   34   24
     980    0   39   55   55   30   79   67   15   65   63
    1000   29   52   34   40   34   27   27   19   56   24
    1020   14   21   31   41   85   23   45    5   45   56
    1040    5    4   50   14   28   24   60    1   38   44
    1060    4    0   66   28   22   79   45   12   30    8
    1080    1    0  100   11   48   45   19    9   17   31
    1100   22   29   39   18   14    9   51   11   10   38
    1120   61    0   16   43   27   22   10   12   30   18
    1140   28    0    2   51   17   13   12   17   75   16
    1160   38    7    8   38   11   22   15   56   59    6
    1180   12   16    1   26   13   54    9   40   34   28
    1200    9    4    1   36   42   47   18   13   19   30
    1220   10    0    0   33   24   61   57   15    5   12
    1240    0    0    6   49   18   55   50   13    0   17
    1260    0    9   16   16   13   75   44    2    1   34
    1280    4   15    0   20   12   71   34    0    0   18
    1300    6   16    2   20   60   37   50    0    0   20
    1320    4   51    1   39   70   33   54    0    4   15
    1340    0   18    4   14   32   50   47    1    2    4
    1360    0    5    8   17   32   44   43    4    2    0
    1380   11    0    4   11   20   50   11    5    3   17
    1400   15    0    0   10    4   30    7   50    9   49
    1420   86    0    2   44    8   54   24   56   20    3
    1440   74    0    0   14    5   22   41   82   12   45
    1460   50    0    0   17    8    7   26   54   58   13
    1480   24    0    0   25   31   42   24   42   17   19
    1500   19    4    0   55    4   47   11   41   42   32
    1520   37   27   17   42    9   20   10   29   43   23
    1540   10   56   22   12   40   10   16   44   52   16
    1560    2   67   29   12   90   15   13   75   32    0
    1580    0   31   47   10   41   25    3   65   22    2
    1600    2   14   31   21   11   27    0   24    8    7
    1620    1   52   32    7   20   89    2   20    6    1
    1640    0   68   25    0   50   52   21   26    0    5
    1660    0   56   44    2   40   58   16   38    0   10
    1680    4    8   55    5   20    1    8   31    0   19
    1700   38   20   41   35   30   10   66   14    6   28
    1720   47   44   44   68   26   53  110   31    8   22
    1740   38   29   45   51   23   38   52   65   29    4
    1760   25   30   18    0   16    9   16   44    4    0
    1780   25   11    3    0   11   10   21   39    2    9
    1800   12   12    0   24    2   32    5   22    1   29
    1820   22   39    1   35   52   45    0   15   25    3
    1840   12   11    6    4    8    2    0   25   23    0
    1860   16   45    3    0    1    2    4   18   33   40
    1880    8   21    4    7    3    2    0   60    5   42
    1900    0   11    2   11   10    0    6   37   28   47
    1920    0   44    0   22    3    1    9   47   72   36
    1940    0   32    0   26    3   35   15   65   16   14
    1960    1    6   26   76    0   52   11   57   39    4
    1980    2    4   27   67   20   21    0   63   60    8
    2000   24   27   67   37   52   16   25   58   78   15
    2020   11   74   98   27   78    3    3   21   19   40
    2040   16   70   21   35   59   11    2   11   24   18
    2060   25   57   16   55   62    8    0    1   17   32
    2080   22   43   16   58   28   12   11    5   10   31
    2100   18   97   35   47   26    4   23   61   64    0
    2120   81   41   43   44   20    0   36   68   37    0
    2140   41   31   46   71    0    5   34   27   19    7
    2160   39   11   35   33    9   12   43    9    1    1
    2180   42    4    1   30   18    3   36    0    1    0
    2200   35    5   15   34   53    5   34    3    9    7
    2220   12    7   29   57   27   13   14    1   23   10
    2240    2    5   15   58   34   19   61    4    4    7
    2260    2   62   31   35   43   44   42    1    1    7
    2280    0   40   31   34   13   62   39    1    5   31
    2300    2   71   23   55    1   67   31    1    0   31
    2320   12   80    0   55    0   16   23    0   24   13
    2340   27   55    1   77    4   16   68    3   15   18
    2360   13   34   14   51   10    5   25   36    8   15
    2380    7   34    1   56    0    2   55   94   37   36
    2400    8   32   49   24   10   12   11   82    9   40
    2420   20   49   64   46   50   19   11   47   58   29
    2440   36   43   18   23   25   35   44   19   83   35
    2460   47   66    9   12    2   28   59   62   13   23
    2480   49   74   30   34    1   16   59   61    9   30
    2500    4   26   44   44    4    3   53   42   58   24
    2520   10    0   77   11    4    0   74   40   88   16
    2540   24    1   77    0    2    0   53   26   63   31
    2560    6    1   45   10    0    0   80    9   53   36
    2580   20    0   30    4    2    0   77    0   68   13
    2600   16    3   76    7    2   18   49    2   31    0
    2620    0    1   32   37    0    6   36    0   17    4
    2640    1    1   41   36   40   14   15    0   23   23
    2660    0    0   42   27   27    0    4    3    8   13
    2680   14    0   14   34   55    0    4    0    0    5
    2700   28    0    0    6   13    1    0   12    0   12
    2720   58   11    0    5    4    0    0    5    0    0
    2740   12   17    0    1    2    0    6    5    0    0
    2760   34   12    2    0    9    0   53   10    0    0
    2780   34   10    0    1   25   16   71   52    0    0
    2800   76    5   16    0   26   26   31   17    1    0
    2820   48   20    9    7   38   97   22   55   17    9
    2840   21   48    0    0   37   46    6   31    5   21
    2860   20   27    8    0   26   39    8   52   14    5
    2880   16   11   14    2   61   20    0   53   11    4
    2900   24   16   16   19   41    8    3   14   14   13
    2920   24    0   14   19   23    4    5    9    2   13
    2940    8    3   18   26   12   15    0    0   29   21
    2960   46   42   39    1   12   68    0    8   31    6
    2980   64   40   13    0    0   42    3    6   35    4
    3000   62   82    2    6   18   37    7    9   50    1
    3020   34   77    3   30   35   39   26   14   73    4
    3040   26   34    0   42   53   24   45   40   92   31
    3060   25   43    0   13   47   55   87   71   51   24
    3080   50   45   21    6   60   81   47   57   72    8
    3100   27   56   81   14   23   89   50   51   18    0
    3120   35   91   71    0   14   35   24   68    2   16
    3140   41   48   23    3    5   36   21   44    0   23
    3160   68    1   15    0    3   45   11   69    3   18
    3180   28    6   22    3    1   35   11   11   25   10
    3200   52   47   26   17   55   23    9   24   56   28
    3220   51   67   62   26   59   21    4   28   37    0
    3240   37   19   40    3   69    2    9   17   44   13
    3260   27   20   13    0   75    2   34   13    3   20
    3280   44   37    7    8   42    0   77   10    0    5
    3300   23   28   29    4   40   10   72   53    0    0
    3320   14   59   56   24   86   34   67   50    0    2
    3340   45    9   35   35   41   90   80   29    4    8
    3360   57   15   23   23   54   36   57   28    7   38
    3380   65   58   31   40   40    5   32    5    5   54
    3400   56   80   28   47    6    8   38   23    0    8
    3420   36   25   19   54   30   37    2   32    0   20
    3440   25   19   14   22   39    4    3    9    3   12
    3460   37   14   57   44   11    0    0    7    6    2
    3480    3    4   36   19   39   13    2   40    4    0
    3500    7   32   70   25   33   45    8   79    0    0
    3520    9   22   41   16    0   54   14   77    1    2
    3540   14    0    0   13    9   43   14   83    3   19
    3560    9    2    0    0    8   41   33   21    4   47
    3580   23    0    0    0    3   50   53    8   12   20
    3600   27    2    0    0    9   36   35   24   52    4
    3620   12    0    5    0    1   60   38   38   56   10
    3640   14    0   21   13    0    7   26   17   17    8
    3660   10    2   24   14    2   29   19   50    0   34
    3680    6    0   16    0   34   18    1   35    0    8
    3700    6    5   43    0   28   12    0   17    5   23
    3720   10    2   25    0    1    4    0    0    2   34
    3740   12    0   39    3   11    5   35    0    0    6
    3760   17   26   38    0    8    8   64    0   11   17
    3780   14   70   62    9    0   17   38    1   10   23
    3800    0   44   59    3   22    3   13    1    0   40
    3820    2   11   47    1   40   12    8    0    1   60
    3840    0    2   20    8    4   29   18   10    4   47
    3860    4    0   16    3    3    0    3   20   23   14
    3880   23   21    6   11   12    3    5   32    8    6
    3900   27   53   17   28   27   31   14   60   70   28
    3920   31   55   18   50   41   65   19   25   77   54
    3940   45   73    1   31   40   79   77    3   96   24
    3960   59   52   14   38   13   40  103   24   57    1
    3980   48    7   44   37   22   59   41   30   34    8
    4000   25    6   74   48    5   67   40    6    6    0
    4020   22    8   38   36    0   37   12   15   47   36
    4040   29    8   19    6   13   33   13   63   27    5
    4060    0   23    1   57   15   34   13   63    6   19
    4080    2   41    4   41   18   30   18   41    7   24
    4100    0   21   21   47    5   44   26   37   14   52
    4120    3   25   13   25   25   45   55   33   15   68
    4140    6   21   13   15   12   16   29   17    3   68
    4160    0    3    0    4    5   15   12   18    9   26
    4180   22    3   28   16    2   49    3    3    7   52
    4200   29    4   59   42    1   12    0    7    0   73
    4220   37    0   70   53   18   40   45   28    0   45
    4240   18   12   37   51   27   66   49   35    0   49
    4260  102   40   10   11   61   58   29   38    0   37
    4280   47   30    0    2   81   14   59   56   16    7
    4300   40    9    4   26   34   28   28   30    2   18
    4320   10   21   15   38   58   16    7    9   17   26
    4340    9   46   23   30   35   43   58   19   63   34
    4360   27   19    9   32   45   23   23   26   45   54
    4380   23   54   15   26   19   72   22   67    8   65
    4400   15   35   12   27   12   79    1   34    0   56
    4420   30   27   14   24    2   69    8   49    3   38
    4440   35   18   43   23    2   56   39   20    6   35
    4460    7   38   24   23    2   51    8   82    8   31
    4480    0   38   40   12    3   26    9   48    0   21
    4500   17   24   45    4   15   47   15    7    0   21
    4520   18   39   43   22   39    1   39   10    2    7
    4540   24    8   26   46    9    0   44   10    0    6
    4560    3    8   19   87   88    0   28   16    1   42
    4580   11   34    1   76   33    2   32   40   14   25
    4600   30   50    2   58   31    0    5   36   13   60
    4620   11   49    6   26   17    0    3   24   35   46
    4640   47   21   27   48   10   28    9   33   26   19
    4660   44   74   60   53   14   62    6   52   18   31
    4680   28   58   61   21   19   85    1   11   40   42
    4700    7    0   18   31   46   90   12   49   32   35
    4720   33    6    9   76   21   37   30   48   13   49
    4740    4    3   11   53   32   16   20   51   45   10
    4760    4   32   64   49   17    4   73   15   25    7
    4780    1   18   52   65   42    4   31   34   35    2
    4800    0   12   31   29   19    1   15    8   55   26
    4820    5    0    3   60   36    7   17    6   52   46
    4840    1    0    0   43    0   19   35    4   43   32
    4860   11    1    0    0   13    4   58    0   61   31
    4880    3    0    2    0   84    5   20    1   41   31
    4900   14    0    1    8   57    3    2    5   38   41
    4920   46    1    4    0   71   16    5   21   14   16
    4940   42    8    0    0   34    6    0    4   27   28
    4960    7   29    2    2   18    9    7    0   16   38
    4980    0   35   22   30   14   46   29    0    4   51
    5000    1   35   15   72   47   52   27    3    2   54
    5020   16   71    0   63   26   29   45   19    0   43
    5040    0   18    1   68   56    8   43   22    0   34
    5060   28   27    1   61   55    9    1   28    6   51
    5080   45   19    0   90   27    0   22   14   25   50
    5100   27   10    6   46    6    0   34   80   54   76
    5120   46    8   18   46    6    0   45   45   51   29
    5140   41    3   11    7   21    4   28   23   32    2
    5160   77    1   44   17    8    1   42   35   20   48
    5180   14   16   37   45   28    3   74   53    0   38
    5200   12   22   22   66   82   40   28   72    0   20
    5220    5   18   28   43   52   34    8   37    8   37
    5240    7   19   20   22   19    2    4   13   18   72
    5260   10    1   13    3    0    3    2    1    5   88
    5280    0    8    2    5    1   14    0    3   47   40
    5300    1   45    0   16    4   19    1   44   59    6
    5320   11    2    7   44    2   13    4   43   42    4
    5340   17    1   21   47    0    7   23   33   88    5
    5360   84    0    9   50    0    0   16   46   43    4
    5380   30    6   55   30    6    0    4   31   45   49
    5400   20    0   30   12    3    1    7   32    4   45
    5420    7    5   52   62    5    5    5   13    2   48
    5440   29   15   74   66    4    5    0   58   10   19
    5460   34    0   68   37    0    0    4   16   11   22
    5480   29    4   40   28   10    0    6    7   43   36
    5500    0    5   34    0    0   42    3    4   49   17
    5520   11    2   54   17    8   26    0    5   74   34
    5540   62   49   29   17   33   23    0    5   67   39
    5560   42   54   46   16   91   20    0   42   53   55
    5580    9   42   49   32   50   46    5   62   49   40
    5600   38   47   40   26   72   17   29   67    7   70
    5620   58   46   48   47   48   43   89   35   52   76
    5640   67   16   23   18   39   23   13   50   36   33
    5660   42   14   14    9   10   37    9   11   33    9
    5680   27   11    6    2    0   39    5   12    4    0
    5700   20   39   48    0    4   44    3   11    6   31
    5720   33   19   41   21   12   48    0   57    2   65
    5740    2   26    4   17   43   59    4   63    0   22
    5760   11    0    0   36   75   30    1   43   17   41
    5780   20    0   69   33   54   53    4   38   24   24
    5800   53   10   37   35   62   34    0   33   71    7
    5820   50    4   10   41   46   28    0   27   46    0
    5840   38    8    3   42   41    9   29   39   34    0
    5860   41   33    7   42   10   55   11    1   13    6
    5880   60   48   30   77   10   46   46    1    9   15
    5900   19   18    9   20   22   35   34    0   44   11
    5920   25    0   14   24    9    1   65   11   39   10
    5940   11   12   36    7    7   15   78   26   61    0
    5960   24    6   53    2   10    6   63   59   38   12
    5980   74   32   59   10   51   26   57   31   16    8
    6000   11   58   72   10   19   18   27   31   41   34
    6020   17   59   55    0   62   17    2   55   35   21
    6040   22   39   56    3   20   39   19   55   68   33
    6060    7   39   33   23   23   52    2   17   59   30
    6080   13   84    5   22   22   41    0    2   41   57
    6100    0   41    0   24   13   52   12    4   25   32
    6120    0   22    5   39   16   48    2   24   82   20
    6140    5    0   27   38   26   16   11   57   36    5
    6160    7    7   72   13    3   37   67   67   12   10
    6180   45   32   48   41    0   60   46   42   61   21
    6200   62   29   33   24    2   11   82   18   48   19
    6220   70   26   39   24    3   24   44   27   42   48
    6240   21    6   24   27    1    4   12   24   18   15
    6260    4   78   13   38    0   46    9   32   26   62
    6280   15   68   12    8   42   60   13   17   26   58
    6300   33   13    0   18   42   92   12   51   71   35
    6320   15    7    0   14   60   83    2   38   61   28
    6340   12    7    5   27   39   40    2   30   28   51
    6360   24   51    6   52   12   29    1   56   19   12
    6380   32   17    0   58   30    0    0   33   14    0
    6400   59   52    5   62    6    7    7   13   47    7
    6420   81   54   55   26    8   68    1   32   55    2
    6440  106   42   25   12   25   52    6   37   78    2
    6460   49   73    0   57   29   64    2   14   52    0
    6480   47   43    0   39   22   46    9   30   67   18
    6500   46   18    7   21   22   20   15   28   69   65
    6520   43   29   32    5   12    4    4    0   88   53
    6540   76   39   40    2   50    1    3    3   33   94
    6560   35   12   50    1   35    0   10   31   13   94
    6580   68   26   35   17   35    5   18   23   51   46
    6600   15   57   20   17   42    2    2   14    6   62
    6620   18   88    1   31   29   29   23    0    5   47
    6640   23   40    0   38   24   53   50    5   14   34
    6660   42    6    9   47    0   28   16   34   10    2
    6680    6    1    3   71    6   29   24   20    3    2
    6700   25    0    3   42    0   61   16    1   51   26
    6720   35   17    5   16    8   80    2    2   33   22
    6740   42    7   46   11   14   87    0   26   11   20
    6760   31    0   38   38   11   70    5   35    0   34
    6780   56    0   73   22   17   78   10   41    0   28
    6800   36    0   31   27   31   30    7   11    0   46
    6820   60    2   41   24   15   25   24    6    4   30
    6840   71    0    1   20   18    5   16   24    6   31
    6860   41    9    4    2   14   10   28   14   11   24
    6880    7   31    0    1    4   44  100   41    1   28
    6900    7   25    5   10    0   22   55   20    5    4
    6920   22    8    5   25    0    7   56   26   34    4
    6940   31   19   33   19   28    8   61   32   36    4
    6960   20   19   15   27   68   16   42   26   24    0
    6980   11   32   11   15    9   37   49   19   53    0
    7000   24   33    0   21    2   11   48   15   54    2
    7020   17   58    3   23   19   20   29   15   37   10
    7040   18   39   39   11   36    0   89   38   41    3
    7060   46    5   45   37   37    6   52   56   27    0
    7080   26    0   57   21   22   20   54   35   97    5
    7100    8    2   51   37   39   27   35   19   65   17
    7120   13    1   34   51   65    6   36    4   67    2
    7140    4    0    8   32   50    4   55    0   50    8
    7160   14    6    9   55   19    6   43   13    4   49
    7180    4    2    0   33   35   24   76    2    2   38
    7200    0   14    9   39   33   47   26    4   24   33
    7220   41    4   31   12    5   52   41   25   20   18
    7240   43    6   70    0   28   56   20    9   10   46
    7260   20   11   58    0   71   15    3   29   43   23
    7280   32   26   44   11   58    7    0   58   23   14
    7300   24   18   18    0   27   10    9   13   50    0
    7320   12   15    9    7   17    0    9   25   22    1
    7340    4   86    1   12    0    0    8    8    8    6
    7360    6   64    2   38   16    7    5    3    6   13
    7380    7   13    5   73   46    5    0   42    1    0
    7400   37   47   32   38   65    5   10   57    0    4
    7420   38   77   48    0   82    6    1   62    0   13
    7440   68   56   52    0   41   28    0   51    0   61
    7460   29    6   49   32   24   39    5   42    0   39
    7480    3   29   32    6   22   71   11   27    4   21
    7500    3   13   43   25    6   63   24   47    6    4
    7520    0    3   40   68   17   49   42   15   41    5
    7540    0    8   72   31   47   83   33   25   42    5
    7560    0   17   55    2   11   40   27   34   45   46
    7580    7   18   29   26    1   49   40   65   11   40
    7600    8   28   14    1   24    8   21   74    9    8
    7620   10   77   48    2   26   18   59   92   38   39
    7640    3   58   28   14   32   45   19   30    7   43
    7660    2   41   32    2   12   35    4    5   32   43
    7680   20   47   54   45    0    3   58    0   20   70
    7700   46   31   58   71   21    3   43    0   14   62
    7720   53   34    9   39   22    0   22    5   58   50
    7740   65    4   32   40   19   25   36   31   58   21
    7760   58   24   20   60   36    5   36   37   35   29
    7780   19   18   49   50   31    1   48   46    4  111
    7800   50   18   28   27   50    2   19   41    2   38
    7820   27   19   11   40   45   42    5   19   32   20
    7840    0    8    6   57   27   56   12   16   67   50
    7860    3    6   77   70   32   74   16    2   57   16
    7880    4    3   35   64   29   67    0   35   24    0
    7900   24   14    1   82   31   69    7   74   55    5
    7920   22   19    4   70   11   43    1   67   44    4
    7940   16   38    2   35   38   62   22   42   41   41
    7960   27   57    2   24   30   43   35  103   19   20
    7980   27   34    3   47    6   12   31   57   41   27
    8000    0   61   17   30    5   25   50    9   27   32
    8020    0   35   20   76    0   34   22   23   27   41
    8040    3   47   12   57    2    1   25    4   64   12
    8060    5    8    6   59    0    0   29   17   31    0
    8080    3    0    3   67    1    1   29   53   52    2
    8100    6    0   34   32    1    0   61   32   46   11
    8120    0    3   59   64   21   31   39   75   61   48
    8140    0    0   14   31   17   18   13   15   46   44
    8160   45    8   35   27    6    0    2    0   36   62
    8180   37    4   49   45    3    0    8   15   20   44
    8200   20    0   45   14    5    0    0   10    4   33
    8220   18    3   61   19    6    9    0    3   18   26
    8240   12   45   25   26    1    0   47    5    5   30
    8260    0   43   20   27    0    9   65   26   16   41
    8280   13   18   33   56    7   24   27    1   16   13
    8300    2    3   27   28    1   14   54    0    3   17
    8320   41    0    2   27    0   28   52    0    0   18
    8340    9    3    0   62    3   26   41    0    5   49
    8360    1   66   24   49    4   39   24    0    5   75
    8380    3   36   41   53   17    8   11   17    2    5
    8400    6   63   58   28   16   48   48   43   16    2
    8420    0   46   24   56   24   42   57   30    3   45
    8440    3   50   19   40   33   22    9   43    7   10
    8460    4   34   12   19   36    8   34   71    0   21
    8480   12   36    1   25   62    8   16   26    3   64
    8500   33    6    6   21   68    0    0   47   19   51
    8520   27    9    1   11   53    0   68   30   23   39
    8540    8    0    0   25   35    2   32   57   25   45
    8560   11   36    0   19   58   20   19   69   35   39
    8580   39   25   58   20   80    9   22   48   71   51
    8600   27   79   76   42   36    4    3   39   60   46
    8620   39   31   20   14   48   15   18   36   35   52
    8640   35    7    8   36   52   17   32   34   14   37
    8660   48    0   23   41   38    3   33   54    5   16
    8680   16   23  101    3   32   19    9   16    5   55
    8700   41    3   76    0   41   26   44   30   32   49
    8720   91    0   53    9    2   45   24   13   28   81
    8740   69    1   52    0    7   65   14   24   43   10
    8760   50    0   11    2   35   51   30   40   50    0
    8780   98    9    6    1   11   55   21   19   46    4
    8800   14    0   46    6    5   43   14   10   38   68
    8820   12    0   46   10    3   77   27    1   30   47
    8840    1    0  106    0    2   53   37    5   46   12
    8860    0    6   31    0    1   90   62    7   18   56
    8880    0   42   11    8    0   49   74   32    7   66
    8900    0   60   15   20    0   32   69   22    7   23
    8920   23   26   18   45    2    0   15   31    1    1
    8940   51   28   18   52   22   32    4   20    7   45
    8960   34    4   47   61   14   60    0    3    0   86
    8980    4    2   39   97    8   59    2   15    0   39
    9000    0    5   15   81   12   34    8    6    2   17
    9020    0    0    0   31    1   28    0    2    0    1
    9040    0    3   15   20   13   14    0    1    1    7
    9060    0   26   10   82   30    9    4    0    0    3
    9080    0   28   22   36   29   72   26    5    0   11
    9100    0   91   13   15   44   56   37    8   23    2
    9120    8   56   15   45   43   78   80   38   17    5
    9140   19   82    1   37   16   71   20   36   10   15
    9160    9   55   20   28   46   49    9   23   67   34
    9180    9   57   31   20   30   73    4   15   33   16
    9200    3   64   35   45   37   44    0   42   14   20
    9220    0   13   31   12   21   41    6    8   14   22
    9240    3   13   64    9   20    4   13    2   15   75
    9260    0   40   55    3   13    1    1    2   63   38
    9280    0   26    0    0    7   10    0    0   43   19
    9300    6   16    0    3   18   27   17    3   30   41
    9320    9   36   11    0    4   29   29   37   14    4
    9340   41   36   13    4    0   37   32   31   36    0
    9360   18   32   30    0    0    0   26   33   37    1
    9380    6   29  106    9    1    0   24   79   47    9
    9400    2   46   35   10    0    2    4  113   28   18
    9420    0   48   10   67    0    0   10   47   24    3
    9440    0    1   31   36   15    5    9   31   24   10
    9460   18   24   16   56   22    0   45    4   19    4
    9480   12   24   28   21   12    0   69   43   39    0
    9500   18   26   45   27   37    0   61   24    8    7
    9520   21   62   64   23   35   19   33   10    0   15
    9540    9   60   27   34   18   16   32   22   11   19
    9560   18   13    1   53    4   27   17   14   10   34
    9580   20    0   16   40   28   66   11    0   35   47
    9600   48   24   37   11   55   66   28    0    6   12
    9620   65   37   33    1   35   39   12    7    0   34
    9640   88   67   26    3   12   96    3   11    0   12
    9660   58   76   34    7    0   66    1    0    6   22
    9680   16   37   29   10   18   68    2   32   37   53
    9700   16   44   43   43   17   72    0   20   69   76
    9720   19   38   48   17   22   35   15   41   20   96
    9740   35   57   53   23   10    3   18   17    8   19
    9760   27   80   13    6    0   25    1   20    2   14
    9780   48   44    3   19    1   56   10   32    0   53
    9800   37   15   18   12   25   30   31    9    0   64
    9820   22    8   42   54   75   28   48   10    0   88
    9840   18    0   11   41   20    9   41    8    0   38
    9860   16    0    5   80   11   25   59   56    2   49
    9880   48   24    0   37    4   20   18   31   18   43
    9900   76   21   12   14   16   34   10   73    8   28
    9920   25   27   55   26   18   29    4   24   35   65
    9940   34   38   52   32   22    0    8   23   26   15
    9960   40    9   27    3   15    2    0   22   40   15
    9980   25   57    6    7    7   20    4    5   62   44
   10000   46   73    0   11    4    1    0    0   32   63
   10020   33   34    7   48    5    3    0    0   65   44
   10040    8   69   15   95    2    0    0    1   18   53
   10060    0   19   21   67    1    2    0    0   53   30
   10080    1   10   27   59   13    1    0   19   27   44
   10100   10   29   40   35   24    3   18    2   14   14
   10120    3   26   30   16   16    0   35   29   15   23
   10140    1   47    7   28   25    0   21    0   12   47
   10160    6   35    7    9    0    3   18   15   14   64
   10180    2    5   45    3    1   38    0   15   51   90
   10200    1    0   61    3    0   50    0   67   37   45
   10220    2    0   46    0    0   46    1   35   76   24
   10240    3    2   16   12    3   76    1   43   80   36
   10260    3   17    8    5    8   50    1   16   26   10
   10280    0   15    0    4    6   28   10   30   17   25
   10300    3   16    8   18   24   12    0    5   75   70
   10320   12   11   31   19    1    6    3   34   32   45
   10340   22    9   11   23    2    0    0   15   47   66
   10360   20    8   11    1   51   11    0    0    5   49
   10380    2    6    7    1   20   15    3   13    0    6
   10400    4    4   37    5   71    7   37    8   46    0
   10420    3    0   87   16   63   19   25    0   67    0
   10440    1    0   34   51    9    9   15    0   27   11
   10460   31    0   26   12    5    6    0    0   15    6
   10480   14    9   26   33   43    0    0   20   42   21
   10500   14   22    0   26   51   23    1    4  103   26
   10520   15    4    0   22   46   27    3   12   31   59
   10540    3   10    0    4   42   38   56    3   33   51
   10560    3   33    5   17   31   85   26    2    6   69
   10580    6   40   11    2   10   15   24   14   24   35
   10600    1   35   54    0   25   37   49   25   46   39
   10620    3   22   25    2   26    5   27   22   71   42
   10640   10   18   45   40   20    0   33   46   26   51
   10660    3   10   12   35   38   20    5   96   57   40
   10680    0   34    3   34   66    9    7   75   27   59
   10700    1   19    7   12   38   32   35  122    1   36
   10720    7   32    2   23   34    3   26   63    0   37
   10740    2   45    8   42    1   11   31   15    3   33
   10760    1   68   22   42    9   51   21   14    4   29
   10780    6   72   40   42   19   75   15   54    4   33
   10800    0   53   37   45   65   59   15   76   15   45
   10820    4   38   59   51   42   24   29   34   23   34
   10840   14   41   54   22    0   46   25   55   22   46
   10860   10   26   38   49    0   34   43   78   20   60
   10880   28   54   12   41    0   26   86   65   13   43
   10900   20   59   38   56    0    0   46   54   52   28
   10920   11   49   13   46    1   28   87   53   42   55
   10940   39   56    0   53   14   17   35   26   48   53
   10960   14   49    1   48   36    8   41   51    8   51
   10980    2   27   24   65   61    4   16   18    1   49
   11000    0   31   23   21   76   19   51   21    0   20
   11020    0   39   31   10   51   28   52   21    1   36
   11040    0   21   11    3   28    0   53    4    6   18
   11060    8    0   18    0   41   12   36   41    0    5
   11080    0    1    3    6   16   15   16   26    0    0
   11100    0    3   42    0    0    7   10   17    2    0
   11120    0   14   70    5    0   16    8   27   38    0
   11140    0   13   33   14    5    0    4   45   69    0
   11160    4   70    4   11    4    5   17   48   33    0
   11180   13   43    0   13    2    8    8   37   11    9
   11200    1   33    8    4    3   34    8   23    0    2
   11220   30   59   19   12   12   66    9    8    2    2
   11240   31   19   32   13    0   27   42   22   27    2
   11260   82   46    5    0    5    9   83   24   33    1
   11280   79   51   24    9   19   17   72   23   42    2
   11300   53   96   42   12   17   25   56   34   16   18
   11320   21   27   19   37   20    0   20   59   23    8
   11340    2    1   20   32    3   11   23   47    0   22
   11360   30   22   34   44    0   13   10   84   37    7
   11380   12   28   31   35    2    9    3   38   45    1
   11400   12    4   24   44    0   13    0   80   68   12
   11420    3   17    9   60   13   59    0   75   68   28
   11440    9   11   13   21    1   21    3   33   70   27
   11460    8    1   35   22    7   40   33    5   40    1
   11480    3    1   16   30    7   61   25   18    9    0
   11500   13    0   28    6    4   53    0    3   32    0
   11520    9    9    7    0    0   28    4    3   37   11
   11540    0    3   18   30   10   26    2    3    0   14
   11560    1   55   31   39   25   18    0   19    2    0
   11580   38   16   34   11   22   28   14    4    2    0
   11600    6   23   35    0   12    7   24    0    4    0
   11620   25    0   71    0   82   29   18    2    0    3
   11640   14    1   76    3   65   48   57   19    0   20
   11660   37   22   41   48   72   11   36   30    0   32
   11680   58   65   35   57   47   21   11   19    1   39
   11700   50   35   35   49   51    3   23   72   12   52
   11720   21   41   52   43   45   63   48   35    0   47
   11740   28   24   36    5    9   81   65   22   49   34
   11760   32   56   35    0    7   48   51    3   29   17
   11780   29    8   42   31    5   65   30   10   40   12
   11800   18   11   48   38   16   30   43    9   21    9
   11820    8   11   32   39    0   34   33    5   42    4
   11840    3    3   46   65    4   45   43   17   18    3
   11860    6    4   48   68    2   13   39    0    2   26
   11880   10    5   84   84    0   12   72    2    0   28
   11900   28   13   45   46    6    7   34   37    2   11
   11920   21    1   10   35    0    1   11   51    0    0
   11940   25    0    1   41    0    4   33   41    0    3
   11960   47   48    0   23    0    2   12   16    1    4
   11980   93   56   13   23    0    3    0   19    3   16
   12000   70   41   12   12    0    7    0   28    6   67
   12020   37   27    1   23    0   69    9    6    1   75
   12040   77   82    7   46    7   41   26    4    3   45
   12060   35   23    0   49   49   41   56   50    7   40
   12080   64   39    1   10   18   18   40   23   11   13
   12100   64   44    0    0   71    6   56   20   15    1
   12120   36   25    1    2   33   20   39   18   10    4
   12140   20    7   27    3   50   12   45   14   36    7
   12160   20    0   58    2   24   31   35   15   51   17
   12180   28    0   35    4   15   47   59    1   11   16
   12200   28    3   34   31   32   61   34    0    5   33
   12220    4   27   71   37   79   88   21   17    1   68
   12240    5   85   55   42   33   62   31    5    7   18
   12260    3   49   92   59   16   45   44   30    6   22
   12280   24   36   30   29   70   58   48   12   22    4
   12300   51   28   37   27   39   38   22    6   19   11
   12320   11   18   24   10   44   47   14   16    5    2
   12340   14   24   23   10    7   73    8   37    3   29
   12360   12   12   10    9    8   57    1   11    1   28
   12380   47    1   29    3   15   57   37   32    2    0
   12400    6    0   40   12   18   25   48   16    0    2
   12420   15    0   16   10   39   20   12   48    2    4
   12440   39    4   38    6   13   15   54   75    0    6
   12460   33    0   21   56   22   18   21   68   19   68
   12480   23   14    8    7   31   20    6   68   42  111
   12500   24   34   14   43   22   59    0   68   48   25
   12520   33   47   85   46    3   16    1   50   51   25
   12540   16   65   77   51    1    2    0   66   34   21
   12560   18   53   21   39    8   11   15   66   23   17
   12580   10   41   33   56   37   27    2   67   50   46
   12600   28   31   27   57   27   53    2   55   34   32
   12620   30   30   27   81   57   45    5   56    0    3
   12640   24   20   91   37    9   14   10   41    0   40
   12660    8    8   70   27    2   71    9   65    6   83
   12680   14    1   65   14    2   47   35   24    1   29
   12700   18   15   35    8   20   37   23   18    6   49
   12720   50   29   52   10   18   28   26    1   16   18
   12740   37   36   45   24   28   25    8   45   15    6
   12760    3   30   34   37   24   38   35   23   15   26
   12780   14   68   32   19   18   70   79   40    5    1
   12800   29   32   24   27   23   12   62   37   13   31
   12820   34   16   11   39   32    1   31    2   11   41
   12840   23   37   23   35   44   23    3   35    6   53
   12860   15   26   49   28   37    1    0   22   29    9
   12880    9   42   33    6   21    5    0    6   45   56
   12900   60    3   45   13   45   20    0    0   30   39
   12920   36   33   35   46   45    3    0    0   11   22
   12940   15   24   15   59   74    9   14    4   66   36
   12960   25   39   29   48   59    2   36    4   52   22
   12980   30   49   61   25   78    2   20    2   66   12
   13000   45   35   57   15   86   22   24   58   14    2
   13020   22   10   39    2   60   46   14   25   77    4
   13040   49   56   45    2   33   46    2   47   42   10
   13060   31   46   15   80   38   42    9   47   21   42
   13080   65  102   32   47   51   35   28   49   45   31
   13100   42   77   28   65   68   37   31   41   19   37
   13120   34   60   33   74   44   36   48   58   50   25
   13140   27   36   33   31   59   21   35   33   44   45
   13160    9   39   35    9   27   12   35   17   10   59
   13180   22   61   24    0   27   45    9   30   32   75
   13200   12   56   16    6    3   60    6    8   33   23
   13220   55   65   12    0    0   50   32    2    9   32
   13240   59   47    2    1    3   53   75   35   11   17
   13260   27    5    0    0   61   42    6   22   50    2
   13280    0    1   26   14   41   33   19    1   76    0
   13300    4    3   45    4   14    4    3    2   67   16
   13320   16    0   34    3    0    0    2   37   95   36
   13340   33   14   43   43   11   11    6    0   78    1
   13360   32    1   45   32   65    7    0    1   19    2
   13380    5    4    0   16   20    0    2   14   11   30
   13400    4   17    2   14   28    0    0    7   15    3
   13420    0   16    0    1   27    0    6   12   63    4
   13440    2   27    6    6    0    4   11    9   56    3
   13460   32   17    0   34   17   12   11   19   52    9
   13480   25   10    6   13   45   19    5    0   41   27
   13500   13    9   20   19   31   43   31    0    7   12
   13520   33    0   55   35   65   46   33    3   11   29
   13540   38    0   43   30   16   37   44    0    5   16
   13560   24   11   13    0   35   70   27    8   17   36
   13580   31   57    5    1   40   40   42   40   10   19
   13600   39   60    5    8   34   37   32   59   16   30
   13620   32   20    0   12   42   23   44   16    0   88
   13640   40   34    0   38   23   37   54   35   17   67
   13660   50   58    5   40   43   25   38    3   29    8
   13680   26   46   20   22   70   17   33   22   30   26
   13700   77   40   29   16   43   32    6   41   32   52
   13720   54   44   35   28   35   43    9   39   31   48
   13740   34   55   56   56   48   16   10   72   42   50
   13760   30   46   19   38   69   16   38   57   47   69
   13780   45   76   23   35   85   38   51   34   46   14
   13800   61    8   36   76   15   26   13   34   51   21
   13820   32    8   50    9    5   59   20   21   45   57
   13840   30    1   84    7    4   36   36   28   51   19
   13860   18    1   98    1   18   81   16   62   20   28
   13880   40    0   56    0   25    4   61   32    1   67
   13900   79    4   79    3    5   23    3   53    0   32
   13920   50    3   60    7   22   50   31   25    4   19
   13940   19   38   59   32   28   59   88   28   25   31
   13960   46   50   36   75   15   12   12   42   29   38
   13980   81   42   55   19   17    2   33   32    0   55
   14000   44   46   32   10    3   23    2    9    0    6
   14020   28   41   27   18    5   84   12   33   16    2
   14040    7   21   45   56    0   42    2   36    0    1
   14060    1   52   59   57    8   20    5   10    7    2
   14080   10   59   48   63   16    7   12   23    6   11
   14100   30   53   27   30   25   13   59   13   19   22
   14120   36   49    2   65   37   17   11   19   37   30
   14140   45   33   37   27   13   41    5    5   21    4
   14160   14   35   31   33    3   42    0   12   42   28
   14180   24   39   12   11    1   32    0    2   22   26
   14200   47   14   23   43    4   13   11   18   51   43
   14220   30    7   60    4   17   34    3   39   55   24
   14240   20   41   19    9    7   22   49   74   21    3
   14260   11   62    8   11    7   35   51   39   35   11
   14280    6   85   20   33   32   51   52   25   43    2
   14300    0   26    0   15   32   25   31   71    0    0
   14320   33   85    1    5    1   39   61   46    9    3
   14340    1   37   58    4    0    9   54   42   13   12
   14360    0    9   74   28   11   13   46   21   30    1
   14380    3    0   28   24    7    3   38   46   10    4
   14400   30    0   16   10   13   38   22   77    7   10
   14420   27    0   47   35   17   28   62   32    0    0
   14440   22    8   27   11    7   28   38   32   14   33
   14460    7    4   19    3    0   17   24   45    7   29
   14480    6    0   53    0    7    5   63   79    1    2
   14500    5    9    2   15   68    2   82   78    0   16
   14520   39   31    1   10   49    3   37   49    9   17
   14540   47   64   10   49   58   25   40   49   21   30
   14560   48   43    6   31    8   74   51   49    2   18
   14580   23   50    3   13   11   34   27   41   47   19
   14600    9   46   19   17   25   59   46   66   27   16
   14620   21   94   47   32   47   25   42   15   52   11
   14640    5   52   23   55   92   21    6   47   49   13
   14660   11   55    9   30    8   13   13   38   36    0
   14680   42   73    0   27   66   22   33   29   37   12
   14700   61   46   19   37   59    8   71    6   55   77
   14720   27   41    0   27   51    8   35    7   39   56
   14740    0   24   22   24   30    0   21   13  104   49
   14760    8    2   25   38    1    3    2   14   55   28
   14780    5   17   24   28    1    0    1   38   57   19
   14800    7   47  127   16    0    9    0   64   11   18
   14820   18   36   80    0    6    0    0   12   11   23
   14840    0    2   51    4   13    2   14   20    0    7
   14860    1    3    7   24   11    0    1    2    0    4
   14880    5    0    1   53   26    0    0    8    0   39
   14900    8   17    0   20   21    8    3    2    4   22
   14920    1   36    0    1   59    7   19    1   30   20
   14940    4   40   29   31   26    1   13    0   86   50
   14960    4   51   18   58   32    0   44    3   92   99
   14980    9   44    2   79    0   27   55    0   89   43
   15000    0   51    0   42   21   46   27    8   32    0
   15020    6   20    1   17   19   48   25    0   27    4
   15040    9   28    1   16   19   31   28    0    4    0
   15060    0    0   10   40   34    1    8    0   43    2
   15080   36    0    8   43   24    0   37   13   77    1
   15100   20    5    1   43    1   24   28    0   57    6
   15120   34   11    6   26    0   44    6   33   32    5
   15140   55   16    0   25   39   87    0   73   55   49
   15160   52   45    3   35   33   45    7   29   51   38
   15180   35   64    4   73   19   85    0   14   51   55
   15200   27   50    2   53   24   47    1   23   36   50
   15220   13   56   46   50   56   53    0   55   47   31
   15240   30   67   59   53   51   37    3   46   18   33
   15260   22   55  113   47    3   35   28   30   64   55
   15280   10   84   65   57   21   13   16   74   23   63
   15300    8   48   37   39   45   11   45   60    3   25
   15320   65   49   27   86   33   12    5   50    0   41
   15340   61   40    2   49   24   61    0   40    0   17
   15360   24   71    8   33   21   40    3    0   21   16
   15380    2   32   23    5    9   31   29    3   13    0
   15400   12    6   28    1    4    7   15    0   55    0
   15420    2    1    2   23    0   25    1   16   22   15
   15440    7    0   38   42    0    3    5   16   11   24
   15460   22   23   22   52   10   10   37    1   10    0
   15480   31   29   14   37   51    0    5   31   22    0
   15500    0    4    8   10   39    0    0   26   28    0
   15520   10    8    4   22   37    0   10    3   57   31
   15540    0    8    1   19   39    0    0    0   50    2
   15560    2   45    0   41   36    2    0    4   58    0
   15580    5   62    5   30   28    4    2    1   64   20
   15600   17   49    1   57   11   12    1   45   71   35
   15620   14   44    0   44   38   26    0   37   42   51
   15640   36   50   25   70   14    6   47   64   13   38
   15660   82   48   66   51   14    0   81   40   14   23
   15680   18   30   40   55   22    0   67    8   61   11
   15700    4   27   42   37   32   14   25    5   55    3
   15720   31   10   83    2   75   19    9    4   43    2
   15740   10   25   35    0   52   21   23   11   36    0
   15760    9    7   71    0    3   37   26    7   46    8
   15780    2   15   69   32    3   13   22   29   18   10
   15800    6   13   64    2    2    6    8   52   32    7
   15820   34   23   71   18    9    4   21   47   20    0
   15840   19   55   40   64    8    0   50   38   17    1
   15860   18   60   44   39    4    0   43   22   14   44
   15880   56    4   15   33   45    6   22   30   19   74
   15900   48    0    6   18   47   25   46    1   15   31
   15920   16    3    0   12   17   17   53    7    6   60
   15940    6   11    2    2   23   50   59   10    3   95
   15960    0    6    0    0   31   60   27   36    3   47
   15980    0   30   12    7   36   44   17   10    3   49
   16000   20   41   10   21    7   26    2   17   20   51
   16020   85   45   39    8    8    0    9   35   12   59
   16040   55   55   59    5   63   17   28   32    8   21
   16060   42   38   37   33   65   16   39   28   13   13
   16080   29   11   39   39   49   15   60    7   26   19
   16100    1    2   53   14   58   22   51   11   26   55
   16120   10    0   74   28   36   60   40   26   70   43
   16140    5    0   50    0   23   33   10    8   34   31
   16160   16    8   26    0   16   60    9    4    4   16
   16180   44    8   30    2   17   28    0   12    1   46
   16200   38    0    7    0   51    1    0    2    7   30
   16220   54    0    0    0   27    2    3    3    8   38
   16240   44    0    0    8    6    0    0    4   23   32
   16260   69    5   14    0    0    2    5    2   33   18
   16280   79   24   17    6   15   45   12    0   79   77
   16300   45   61    8   12   15   72   25    0   38   28
   16320   12   14   11   14   28   39    8    7   22   47
   16340   29    3    8    0    5   48   21   33   55   64
   16360   38   13    0   15    0   43   27   38   86   37
   16380   22    8    8    7    0   21   38   63   86   47
   16400   13   32    9   47    4   28   21   40   56   44
   16420   22   36   44   23    2   37    7   12   56   23
   16440   11   20   90    3    0   52    4    5   80    0
   16460    0    0   42    0    0   46    1    2   46   20
   16480    0    0    0   14    7   44    3    4   37   54
   16500   38   14    4    1   24   48    0    0   20   45
   16520    7   33    8    0   40   48   27    4   53   12
   16540   13   19   19    0   39   24   46    0   26   31
   16560   49   20    9   28   33   39   35    3   20   50
   16580   10    0   22    2   54   35   11    8   36   57
   16600   20    3    1    2   63    1    0    0   41   37
   16620   53   30    8    0   26   12    4   12   42   85
   16640   38   21   30    0    4    0   43    3   43   61
   16660   28   19   37   14   50    0   50    2   30   30
   16680   19    8   42   31   57   10   33    8   19   21
   16700   46    0   21    4   50    6   40   16   58   32
   16720   58    0   31    9   48    0   57   56   55   28
   16740   99    0   46    7   59    0   39   23   56   15
   16760   60    1   59   56   17   12   86   51   37    7
   16780   44   22   52   19    3   22   36   11   28   41
   16800   42   11   28   23    5   20   13   13   42   50
   16820    7   39   63   12   65   71   60   22   29   54
   16840    6   35   52    5   42   19   56   37   15    4
   16860   51   12   49    0   40   30   30   21   45    0
   16880   48    6    6    3   22   19   61   20   30    8
   16900   94   21   55    3   17    5   32   27   16   27
   16920   16   43   19    8    9    2   17   41   11   64
   16940   18   25   32   27   15    0   15   28    0   58
   16960   14   29   24   26   39    8   28   37   17   16
   16980   67   31    9   21   33   23   50    0   21   10
   17000   39   30   10   12   15    8   61    2   31    0
   17020   58   20   20    4   43   24   44    0   55    6
   17040   68   17    4   25   35   62   25    0   53    9
   17060   14   13    7   15   63   47   57    7   39   13
   17080   28   73   15    5   57   29   17    1   55   63
   17100   28   41   34    5   60   42   20    0   61   41
   17120   21   15   75   27   93   23    2   33   51   62
   17140   56   20   54   10   69   23    1   19   59   78
   17160   29   17   45   32   67   36    0    9   73   35
   17180   39   39   60   24   56   37   35    1   39   58
   17200   50   35   40   21   11   25   32    1   52   16
   17220   44   21   49   30   16   32   29    0   58   30
   17240   13   41    0   45   40    9    6    5   48   49
   17260   19   13    0   64   47   46   17    4   26   13
   17280    7   34    0   59   70   32   38   22    0   76
   17300    8    3   25    9   93    8   53   25    0   64
   17320    8   10   45   12   77   10   43    0    1   25
   17340    0   64    4    9   35    3   11    0    4   25
   17360    3   13    1    2   85   15   21    2    0   35
   17380    2   12    6   28   21   36   33    0    4    5
   17400    3   39   25   96   11   54   18   70    4   43
   17420   51   51   33   37   62   62   12   86    9   46
   17440   38   12   16   42    8   31   17   24   39   66
   17460   34   10   19   74   52   44    8   31   42   76
   17480   30    5   27   73   36   55   34   15   64   57
   17500   47    0   60   57   41   45   26    0   35   19
   17520   21    6   62   35   15   74   47    4   54   52
   17540   50    4   53   56   23   29   38   30   40   59
   17560   66   10   20   61   17   39   38   14   51   78
   17580    6    0   25   27   47   37   37   23   20   45
   17600    6    7   40    9   76   51    6   32   40   46
   17620    0   30   63    0   71   13    0   11    0   68
   17640   21    0   59    3   39   15    5    4    7   82
   17660   67    0   51   24   23   19   12    0    0   57
   17680   67    1   33   13   36   17   10    3    7   41
   17700   53    8   60   49   49   30    0    4    2   43
   17720   38    0   44   37   58   20    2    4    4   57
   17740   47    0   22   35   18   30    1   17    6   63
   17760   48   22    5   19   24   12    2   24   42   57
   17780   29   10    3   22   29   12    2    6   75   15
   17800   56   44   41   27   59    7   43    5   21   52
   17820   32   42   28   34   44   41   94    4   19   34
   17840   65   11   38   52   13   50   56    1   41   35
   17860   45   31   23   55   28   50   71    0   34   24
   17880    7   39    5    3   43   52   73    3   15    4
   17900    8   42   12    1   90   58   26    5   32    7
   17920    2    5    1   11   75   62   60   22    8    4
   17940   13   18   29   30   44   95   47    6   57   26
   17960   50   53   34   17   32   50   38    8   75   49
   17980   52   60   31   31   32   32   51   16   57   61
   18000   50   67   38    9   26   47   33    9   63   23
   18020   82   72   25   12   14   38   21    0   23   10
   18040   33    7   16   41   34   15   41    1   20   27
   18060   47    0    6   32    5   11   10    2   35   50
   18080   14    0    2   47   12    7   70    5   20   26
   18100   15    2   16    5   55    7   40    8    1   49
   18120   42    2   22    2   32   13   29    1    1   78
   18140   33   17   44    8   53   20   52   10    4   40
   18160   42   41   42   26   55   12   37   13   28   55
   18180   39   62   85   13   27    6   59    0    0   18
   18200   32   33   27   18   58    7   82    2    6    5
   18220    6   23   29   51   30    2   17    0    0   21
   18240    8   56    0   47   11   45   11    0    0   13
   18260   11   13    5   42   62   53    0    3    4   33
   18280    2   54    7   42   32   77   16   29    0   38
   18300    0   68   25   58   46   40   16   20   19   65
   18320   41   25   18   51   47   37    2   21    1   45
   18340   61   10   55   10    1   32   36   19    1   21
   18360   29   31   69   13    0   19   19   56    3   17
   18380    4   11   42   37    9    5    9    6    0   29
   18400   10    5   22   39    8   20   27   25   11    8
   18420    8    8   33   45   38   10    0    0   20    0
   18440   39    2   29   19   56   13    0   12   15    0
   18460   56    2   49    1   33   18    0   36   32    8
   18480   34   12   32   18   34   32    0   73   47    1
   18500   42   10   41   25   32   27   10   40   33   26
   18520   65    1    8   17   37    8   34   25   61   29
   18540   26    2    6   18   14    1   13   13   40   64
   18560   60   36    4   36    7   10    0    9   67   63
   18580   66   39   19   31   46   26    6   39   35   24
   18600   62   23   16   48   60    1   15   36   89    3
   18620   50    0   30   44   45    1   11    6   25    0
   18640   28    2    4   46   64    0   20   35   24    4
   18660   18    7   11    5   27    0   70   20   27    3
   18680   58    0   37    2   32    2   62   16   72    6
   18700   25   49   21    5   60    2   14   10   42   33
   18720   34   53    5   22   80    2   41   38   28   15
   18740   19   78   38   10   41    6   19   41    0   15
   18760   50   28   62   15   44    5   16   85    0    9
   18780   34    2   80   33   47   45   24   52    0   37
   18800   27   25   36   11   39   55    0    7    0   32
   18820  103    4   31   14   29   33   18    0    4   35
   18840   51   11   30   14    2   18   29    9    3   53
   18860   16   88    1    0    0   10   41    0   13   14
   18880    4   67   22   10    1   26   44   12    8    0
   18900    0   46   46    6    0   30   18   32    4    3
   18920   25   38   50    4    3    0   36   10    6   14
   18940   58   26   44    3   14    0   18   33   10   82
   18960   47   13   42    9    3    5   34   16    6   86
   18980   24   15    6   13   24    0   14    0    1   40
   19000    3    0   12   20   15   20   41    0    0  106
   19020    1    3    5    4   11    4   28    3    0   68
   19040    1    1   26   23   26   26   49    0    4   39
   19060    3   27   81    7   22   41   75    2   15   20
   19080   14    1   62   63    0   47   66    4   59   33
   19100   17    3   49   58    4   65   37   24   57   14
   19120   43    2   29   13    0   26   36   12   53   29
   19140   36    6   46   29   22   18    0   30  100   38
   19160   19    1   15    3    9   40    0   36   19   31
   19180    0   24   26    9    0    9    0   19   10   70
   19200    0   49   27    0   55   17    8   15    0   30
   19220    0   24   30   12   48   49   44    5    0   43
   19240    0   32   49   16   36   67   39    1    0   51
   19260   14   29   21   18    8   57   22   11    4   26
   19280   92   13   47   64   14   37    7    3    6   15
   19300   57   69   58   46   40   56    1    0   14   29
   19320   31   72   33   48   45   12    0   12   17   79
   19340   18   51    2   38   24   15    1   18   23   31
   19360   64   31    0   32   28   26    0    9   10   12
   19380   45   12    3    0   31   29    1    0    8    0
   19400   20   48   16    0   45    5   28    4   18    2
   19420   20   50   33    0    4    1   42    4   58    0
   19440    5   39   32    0    1   12   40   18   41    1
   19460    7   30   70    0    1    1   42   24   22   13
   19480   23    7   42    2    6   10   16   38   16   12
   19500    8    0   10    0    9    0   21   39    3   11
   19520    3    1    6    0   46    6    7    6    0    6
   19540    0    2    5    0   27    6    4   46    0   41
   19560    0    5    0    1   13    2   54   27    1   43
   19580    1    2    2   24    9    1   38   38    0   22
   19600    2    0    6    6    1    8   43   62    0    4
   19620   15   29   18    3    9    0   82    8    0   13
   19640    0   26    8    3    2    0   11    0   11    1
   19660   23   26   11    5    1    0   10    4    2    0
   19680   46    4   11    1    0   16   29   38    0    5
   19700   41    0   17    4    0   13   52   42    3    7
   19720   17    9    0   39   25   56    1   18    0   11
   19740   31   62    0   10   28   45    1   21   24    0
   19760   12   83    7    3   15    7    6   46   36    0
   19780    0   38    8    4    9   29    1  105   15    3
   19800   19   29   37    7    0   38    0   29   13    0
   19820   22   33   31    5    1   61   20   44   24    6
   19840    4   25   50    0    4   41   11   38   57   32
   19860   12   35   50    0    4   27   11   14   15    7
   19880   23   20   37    0   34   16   15    0   38   21
   19900   39   63   25    1   61   58   43    0   51   17
   19920    1   35    3    7    4   54   88    3   29   14
   19940    0   15   10   19   32   49   62   11   14   11
   19960   31   22   10   21   25   49   45   43    4    0
   19980   27   34   93   22   26   72   85   51    2    0
   20000   67   37   49    3   24   19   85   38    3   33
   20020   38   54   79    4    0   14   84   63    8    8
   20040   56   50   58   11    0    0   50   66    0    0
   20060   72   37   53   31    4    2   36   36    7    0
   20080   65   54   36   19   23    5   17   18   13    0
   20100   10   70   41   31   26    6   13   56   24    0
   20120   57   62   20   39   59   23   38   45   53    8
   20140   24   44   57   44   13   31   48   54   69    7
   20160   38   48    8   37   38    8   36   59   47    0
   20180   33   50   33   57   49    3   26   28   24    1
   20200   14   11   23    0   40   33   32   17   37    0
   20220   40    0   30   26   41   23   45    6   13    3
   20240   65    0   27   49   89    6   35   14    7    7
   20260   31    1   17   30   69    0   23   24    4    2
   20280   56   15   22   30   67    5   53   27    9   28
   20300   58    4   43   21   61   21   91   13   18    0
   20320   41    5   34   33   51   14   44    1   13    3
   20340   25   33   17   23   56    8   38    6   15    0
   20360    2   77    6   39   33    0   32    3   35    2
   20380    1   53   40   38   53    0   12    2   23    5
   20400    5   29   24   14    5    6   37    9   11   21
   20420    3   21   23   10   37    2   26    8   31   11
   20440   13   24    8   23   71    0   32    0   15   37
   20460   14   24    4    8   37    0    6    4   78   26
   20480    7    7   20   21   33    2   23   18   52   21
   20500   45    1   31   47   12    1    4   23   40   34
   20520   46    0    9   64   27   11    5   52   57   10
   20540   63    4   18   26   96   20   15   74   52    2
   20560   43    0   34   51   45    0   29   42   42    3
   20580   35   13   21   51    1    7   10   47   31    0
   20600   42   57   11   42    5    0   19   43   37    4
   20620   20   23   16   24    7    2   22   51   16    3
   20640   11   44   31    0   28   21    3   51    8    0
   20660    0   36   18    0   17   52    6   10    2    4
   20680    0   28   51   13    0   34    0    8    9    0
   20700    2   43   17    1    0   75    2   14   10    0
   20720    3   41    5   25   16   62    3   26   16    0
   20740    1   27   56    3   15   41    0   30    0   36
   20760    2    1   42   30   12   60    0   25    0   94
   20780    5    3   61   25   37   42    0    8    5   74
   20800    6   10   41    6   34   36    0   19   30   61
   20820    2   15   54   10   80   11    1   17   19   24
   20840    0   16   62    0   40   14    0    1   67    8
   20860    1    6   18    0   55    6    2   41   56    0
   20880    2    0   10    9   29    0    0   13   56   10
   20900    8    7   34   27   16    0   32   23   30   14
   20920    5   36   32   53   25   27   44    4   45    0
   20940   10   50   24   44   16   21   38   32   32    0
   20960   21   23   37   47   11   42   10   25    9    1
   20980   46   41   44   51    0   44   47   60    0    3
   21000   42    9   92   34    0  114   48   21   11    2
   21020   44    0   55   26   16   24   29    3   10    0
   21040   69    4   39    1   22    6   20   28   44    5
   21060   24   20   30    0   11    0   11   67   40   40
   21080    2   33   74    0   31    3   18   44   31   19
   21100    0   39   53   23   51    9   40   59   12   16
   21120    0   34   59   38   36   29   28   54    8   27
   21140    9   21   33   44   36   58   19   22   26   24
   21160   21    1    5   38   30   26   56   16   33   23
   21180   14    0    0   28   33   53   43    5   19   27
   21200    3    2   10   43   30   23   53   19   20   39
   21220    5   11    1   36   27   34   10   36   21   40
   21240   19   45    5   23   10   31   46   54    3   39
   21260    0   48   13   57   20   41   22   49    0   18
   21280    3   67   20   39    2   49   32   35    0   34
   21300    0   26   14   90    3   82    3   26    0   39
   21320    5   14   44   69   30   61    1   29    6   57
   21340    0   45   19   31   53   37    0    7    0   39
   21360    9   37   20   32   37   51   17    1    0   28
   21380   76   25   18   58    0    0    6    0   48   51
   21400   90   41   33   37    7   24    8    9   52   47
   21420   70   62   43   77   31   15   36   46   30   39
   21440   74   41   48   74   62   47   48   30   62   75
   21460   98   40   33   63   57   26   38   35   71   34
   21480   71   39   31   68   73   41   39   48   74    9
   21500   66   64    5   46   34   43    5    0   34    0
   21520   39   31   25    3   64   67   30    5   46    1
   21540   55   24   31   27   27   76   38   15   16    0
   21560   49   24   69   28   40   57   29   34    2    8
   21580   38   18   61   51   40   48    6    1    4   33
   21600    9   31  115   28   24   47   22    7   14   36
   21620   15    1   28   57    0    9   31   11   43   34
   21640   14   23    5   33   27   10   12   18   38   16
   21660    0   40    2   11    9    1   15    2   33   29
   21680   38   21    8    7    2    4   18    1    0    6
   21700   33   26    0   21    6    6   27    0   21    7
   21720   34    4    0   29   92    0    4   12   52    1
   21740   20   18    1   23   86   11   15   25   52    0
   21760    8    7   21   60   81    1   25   26   34    4
   21780   15   19    2   24   52    6    3   33   43   16
   21800   37    1   54   22   23    1   15   27   33   38
   21820   22   15   52    3   12    3   29    6   29   23
   21840    9   49   39   26   24    0   35    2   43    8
   21860   25   69   16   50   37    2   41    2   43   28
   21880   40   21    6   99   92    2   38    0   14   65
   21900   48   29    0   78   58    0   38   10    2   41
   21920   36    5    6   62   36   14   32    9   26   52
   21940   37    5   39    3   42    9   11    6    4   71
   21960   16   16   31    0   44    7   33   15   18   33
   21980    4    5   23    0   33    9   63    7   52   13
   22000    5    0    3    0    7    9   36   12   31   13
   22020    5    0   56    8   25    1    0    3   11    4
   22040    0    4   44   28    3    4   32   26    2   14
   22060   24   29   55    0    5    4   51   35    0   25
   22080   20   13   18    3    0   52   19   55    0    2
   22100   46    9   30    8    0   18    0   25    0    4
   22120   32    9   21    2    2    3    0   47    3    9
   22140   12   26    7   16    3    9    0   52    7    3
   22160   36   37    5   32    0   29    1   50    0   12
   22180   47   57    0   47    0    8    0   53    3   19
   22200    7   31   16   75    2    5    1   74   32   17
   22220   67   22    1   14    2    6    0    6    2   14
   22240   45   26    4   38   21   16    4   19    1    3
   22260   20   15    0   26    8   36   16   23    7   25
   22280   21   31    0    3   40   74    5   27   43   12
   22300   37   24   11   20   18   93    0   13   35    3
   22320    4   14    8   39    9   52   31   30   28    5
   22340    5   22    3   78   28   51   21   14   11   12
   22360    4    5   12   47   62   57   61   36    7   12
   22380   21    2   30   88   44   30   56   34   53    6
   22400   44    6   63   99   27   13   64   44   49    0
   22420   39   26   41   32   18   22   61   43   73    0
   22440   28   44   33    7   60    1   18   59   14    5
   22460   48   43   48    3   62    5    7   54   13   46
   22480    7    5   23    8   19   11    1   10    4   71
   22500   28   18   10    3   39    4    2   21    0   61
   22520    1   20    0    2   37    5    8   38    0   76
   22540    0    5    0    1   17    4   88   40    0   43
   22560    2   15    1    3   22   14   30   25    6   31
   22580    1   16   23   38   14   25   18   13   46    5
   22600   33    0   41   14    8   13    0   17    5    9
   22620   62    8   48   19    9    1    8   19   25   11
   22640   47   45   52   20    2    0   12   13   44   43
   22660   25   84   64   35    0   22    2   21   75   39
   22680   12   85   16    6   30   32    7   16   28   54
   22700   36   30   32    7   60    6    9    2   35   27
   22720    9   20   51   11   32    2    4   37   43   12
   22740   21   67   32    0   18    7    6   47   56   19
   22760    0   62   58   22   16   13   47   32   86   26
   22780    5   79   72    2    0   16    8   27   46   14
   22800   15   27    7   10    0   10    1    8   34    9
   22820   42   43    6   14    0    0   17   59   10    8
   22840   69   15    3   13    0    4   41   64   31   17
   22860   74    2    0   10    5   10   23   73   33   51
   22880   56   26    1   36    2    5   30   68   29   70
   22900   31   12    7   35   18   43   16   70   20   41
   22920   11   29   19   34   43   66   61   63   21   30
   22940    1   52    3    6   44   44   72   30   19   20
   22960   10   34    0   23    4   44   58   24   14    5
   22980    9   27    0   38    5   30   30    0   12   21
   23000    1   28    5   39    0   31   11    0   16   31
   23020    0   10   21   21    4   62   15   24   33   49
   23040    0   22   21   23   13   45    0    1    5   32
   23060    2   51   75   20   34   10   10   17    2    8
   23080   20   25   25   24   13    8    0   24   18    0
   23100   46   18   17   46    4   19    0   21   55   15
   23120   50   40    2   36    1   68    0   25   25   23
   23140   80   18    0   34    4   42    4   16   16   18
   23160   18   11    1   37    9   11    0   33   11    3
   23180   22   24    5   25   11    0    6    0   37    1
   23200   12   11    0   69   15    5    3    2   11   12
   23220   15   12    7   75   38    0    4   33    6   27
   23240    2    0   16   64   34    0    0   39   11   19
   23260   12    5    6   75   21    0    5   56   12   22
   23280   25   34    0   58    0    0    9   49   20   32
   23300    5   69    0   44    0    0   12   73   44   44
   23320    0   32    0   35    0    0   20   10   19   49
   23340    0   31   14   18    0    1   45    4   23   13
   23360    3   44    7    2    1    1   20   53   13    0
   23380    0   44    0    0    0    0   16   16    8   12
   23400    1   53    0    1    2    2   42    2   12    8
   23420    5   21    0    7    0    0   20   20    8    6
   23440    0    0    0    1    0    0   30    7    0   28
   23460    0    5    7    0    3    0   45   11    0   28
   23480    0   20   10    4    1    0   95   15    3   43
   23500    4   25   18    3    0    0   10   33   26   23
   23520   40   35   46    1    0    3    0   33    0   39
   23540   34   58    4   38    0    0    9   17    6   51
   23560   43   22    8   48    0   14   15   31   16   19
   23580   52   10    0   15    0   21   20   49   36    2
   23600   72    3    0    8    2   11   69   59   22    0
   23620   22    0    3    5    0   27   46   14   41    0
   23640   27    0    0    3    0   15   23    2    0    0
   23660   17    9    0    0   20    7   15    0    0    0
   23680    7   11   39    0   17   42   58    0    1    1
   23700    9   17   19    0    2   41   41    0    8    0
   23720   29    0   28    0    3   16   11    0    0    3
   23740   21   14   32    0   16    0    1    0    0    2
   23760   28   13   13    1    5    5    0    0    0   14
   23780   24   23   17    6    0    1    0   19    0    0
   23800   60   53   15    4    0    7    0   57    0    1
   23820   25    0   40    6    0   24    2   55    0    6
   23840   11    0   71    1    3    7    0   32    0    9
   23860   38   23   39    0    5   11    0   12    0    3
   23880   28   27   30    0   36   56    6    0    6   18
   23900   40   19   21    0   11   32    0    0    0   11
   23920   34   12    0    0    3   30    0    0    0   14
   23940   56    9    4    7    3   18    0   13   32   25
   23960   57    1    0    3    3   32    0   20   47   10
   23980   10    0    0   16    6   16    0   21   25    0
   24000   42    3    0   18   28   36    0   19   24   17
   24020   31   57   15   20   36   40    0   23   57    3
   24040   19   30   27   40   17   67    3   30   52    2
   24060   41   57   38   55   31   36    0   52   19   10
   24080   13   27   47   52   40    7    0   49    1    6
   24100    7   12   36   77   19    2    0   45    3   13
   24120    7    3   62   17    4   29    4   36    1    0
   24140   10   29   30    0   12   59    1   26    2    0
   24160   20   36   12    7    4   41    1   25    0    3
   24180   31   30   32    4    2   48    0    7    6    3
   24200   24   46   22    9    3   18   26   36    3   36
   24220    0   12    5   24    4   10   53   32    2   57
   24240    0    1    0   26   36    0   51   43    7   27
   24260   12    6    5   20   50    0   11   24   14   39
   24280    5   10    0    5   39   24    4   21   29   45
   24300    1   23   11    5   34    5    3   11   56   39
   24320    1    1   32    1   10   18    4   11   32    1
   24340    1    0   25    1    3    0   42    8   71    0
   24360    3    0    6   16    1    2   53    5   32    4
   24380    0   11   30   23    0   19   71   11   25   22
   24400   10    8   39   55    4   43   36   16   50   45
   24420   79    3   66    8    1   50   57    6   41   20
   24440   19    0   54   42    4   12   46    5   24    5
   24460   68    7   95   50    3    4   47   27   18   46
   24480   19    0   43   38    0    0   13   34    9   60
   24500   35    7   52   81    2    0   11    0   11   44
   24520    1   12   48   41    7    0   21    9    5  101
   24540    5   49   45   30    0    4   20   18    4   19
   24560    1   70   16   53    2   32   22   96    2   62
   24580   25   84    0   57    1   44   15   66    7   53
   24600    7   62    6   69    0   49    7   10   17   34
   24620    0   41    2   68   22   48   12    0   24    7
   24640    0   39    6   52   48   93    0   32    9    0
   24660    4   35   16   37   13   34    3   24    1    9
   24680   20    8    3   12   23    9    2   24    9   19
   24700    4   40    0   18   64    0   33   40    1    9
   24720    0   39    4   33   32    0   24   24    0    2
   24740    0   17   41   27   16    1   14    6    4    0
   24760    2   10   39   11   49   21    4   16    3    0
   24780    0   12   19   28    2    6   18   50   10    1
   24800    6   21   42   16   73    2   42   53    0    3
   24820    1   28   36   14   57    0   40   86    1    1
   24840    6   52    7   44   62   32   26   38   18   19
   24860    0   87    2   33   62   30   10   28   68   15
   24880    0   44    4   20   41   29   20    8   37   20
   24900    0   46   17   30   54   29   20   12    0    4
   24920    0   10    3   11   38    0    7   20    0   36
   24940    1    4   10    4   10    1    0    3   17   42
   24960    2    6   12   16   14    9    0    4   34    1
   24980    0   17    5    0    2   18    0   40   27   18
   25000    1   13   23    2    0   18    9    5    9   55
   25020    0    9   52    0    0   25    2    5   33   57
   25040   15    0   15    4   10   17   13    7    2   60
   25060   30    6   36   33    3    2    0    0    7   17
   25080    2   35   19   43   10    0    0    0    6   10
   25100    0   21    7   10    1   11    7    3   37   18
   25120   37   18    2    8   14    0   32   48   53   33
   25140   39   22    3    1   22    0   74   18   10   30
   25160   40    3    0    0    6    5   60    8    1    8
   25180   11   10    0    0    3   11    0    2    0   10
   25200   49   42   14    0    6   37   20   40   10   23
   25220   63   54    9    2    0   80    8   95   43   24
   25240   48   61   37    4    3   37    1   48   43   18
   25260   62   55   16   20   11   57    0   49   21   19
   25280   53   40    9   33   28   46    6   22   69    1
   25300   15   28    1    9   70   66   54    9   82    0
   25320    2   31    0   15   31   46   28   40   46    1
   25340    7   26    4    7   60  116   18   31    3    7
   25360    2   30   16    7   63   66    0   30    0    3
   25380   21   18   19    0   52   23    0    5    2    0
   25400   16   55   16    0   40   20    0    0    1    0
   25420    0   42   21    2   29   41    0    0   22    2
   25440    7   14   49    6   20   74    0    4   65    0
   25460   21    8   42   11    8   54    0    7   26   26
   25480   26   15   25    8   26   46    7   29   57   51
   25500    0   19   22    3   16   55   11    3   76   34
   25520   23   43   13   54    6    6    5    8   76   40
   25540   37   37   41   18   17   36    2   60    6   19
   25560   45   36   22   35   12   46    3   23   27   30
   25580   26   27   48   21   24   36    6    0   13   10
   25600    7   17   39   15   40   50    8    3   55    2
   25620    4   46   28   39   34   38   29   13   43    2
   25640    2   55   15   37   19   47   44   33   63    0
   25660    0   50   15   29   33   32    0   37   41   24
   25680    6   31    9   20   17   38   13   36    2   65
   25700   36    5    8    0   10   24    5   52   40   74
   25720    7    4   27   64    0   21    0   24   20   26
   25740    6    9   25   71    1   38   28    8   12   27
   25760   21   36   20   48    0   59   60    3   44   47
   25780   76   43   21   31    4   67   47    0   13   19
   25800   17   44   24   18    3   15   56    2    5   15
   25820    4   13   12    8    7   62   35    2    0    6
   25840    0   23    0    0   15   34   25    1   12   13
   25860    0   56    7    2   55   44   25   35   15   33
   25880    0   77    8    7   56   32   58   84   19   31
   25900   33   29   61   18   25   12   45   45   76   61
   25920   27    9   46   16    0   29   73   21   28    4
   25940   35   18   15   12   27   31  100   52   29    3
   25960   23   30    0    4   60   29   29   29   28    2
   25980   25   16    0    3   62   27   14   11   14    0
   26000   13   25    8    0   17   28    4   15   27   28
   26020    3   12    7   40    6   46    4   17   31   49
   26040    7   36   24   40    6   59    3    5   14   36
   26060   30    9   37   72   49   47    8    0   13   27
   26080   71   10   49   56   44   72    9    4    0   32
   26100   24   62    7   77   22   73    8    3   10   47
   26120    2   49    7   74   17   78   23    0    0   31
   26140    0   65    0   33   16   88   21    2    5   92
   26160    0   27    6   22   28   91    8   20    7   51
   26180   53   75   13   22   43   14   40    9   12   46
   26200   27   25   10   27   42   29   31   18   17   24
   26220   33    8   19    2   43   41   39    6   49   24
   26240   29    6   21    0   25   31   15    9   33    3
   26260   15    6   31    1   27   40   40   11    5    0
   26280   10    8   38    7   42   25   10   15   16    6
   26300   17   18   33    0   25   33    4    5   17    9
   26320   37   27   53   29   30   31   12    0   72    0
   26340   47   19  106   50   25   13    6    2   34    7
   26360    6    1   36   23   16    7   35    0   10    0
   26380    3   23   76   28   34   56   75    0   16    5
   26400   10   52   65   88   26   44   49    4   32   66
   26420   70   20   76   39   55   60   27    7   43   76
   26440   35   32   79   11   40    9    4    5   46   87
   26460   32   31   46   53   34    3   10    0   61   53
   26480    3   18   58   75   46    4   22    0   65   42
   26500    0   49   14   26    9    0   36    7   74   16
   26520    3   17    3   46   40    1   49   21   44   41
   26540   20    3   15   50   14   15   47   10   21   22
   26560   24    0   14   10    0    2   39   13   18   27
   26580   39    0   46    4    4    8   24   33   30   21
   26600   41    0   55    0    7   10    4   22   30   54
   26620   68    7   31    0   25   12   47   10   36   39
   26640   51   19  113   16   54   15   86   21   24   24
   26660   39    9   59    0   59    0  118    7   91    0
   26680   98   29   34   30   19    8   77   17   25    4
   26700   61   39   67   18    2    0    3   38   21   16
   26720   16   15  106   55    0    0    0   44   53   96
   26740   13   23   12    8   11    0    4   67   16   64
   26760   36   28   42    8   10   21    4   56    6   38
   26780   15   26   48   19   11   42    7   37   32   45
   26800    3    5   52   65   22    4   12   27   13   17
   26820    4   13   41   75   28   12   32   20    0    5
   26840    0   16   28   14    9   42   29   14    3    3
   26860    6    6   78   22    2   74    9   32    3    0
   26880    9    0  103    9    0   28   24   31   12    1
   26900   29    0   40   34    3    6   62   55    9    1
   26920    4   18   55   31   32    4   84   27   22    1
   26940   31    5   28   11   34    3   32   24   52    5
   26960    2    3   30   29   25   47   86    8   30   18
   26980   19    7    9   21    0    1   77   21   80    5
   27000   23   12   40    9    6   41   41    0   20   27
   27020   59    1   53   25    8   62   43    2   27   24
   27040   40    1   71   13   32   86   55   18   85   32
   27060   25    0   67   12    6   37   14    0   22   63
   27080   53   16   11   30    3   45    1    7   66   60
   27100   24   42   14   35    4   40   14   38   43   22
   27120   44   46   42   18   12   52   18   31   20   75
   27140   53   74   71    7   46    2    0   49   39   27
   27160   23   64    3    0   58   14    5   50   35   13
   27180    9   43    0    0   95   35   13   43   48   63
   27200    4   32    5    2   27    5   30   27   19  108
   27220   15   32   19    5   11   31   44   24   41   71
   27240   27   20   28    5    0   17   46   37   89   80
   27260    2   36    3   11    0   28   36    6   67   73
   27280   25   37   21   19    0   53   34   40   99   23
   27300   15   30   42    6    6   44   38   28   72   46
   27320   15   37   36    9   21   53   72    8   37   28
   27340    3   26   31   66   42   38   30   22   38   12
   27360    6   23    6   59   26   57   59   40   28    2
   27380   10   14    0   49   25   29   36   39   26    0
   27400   18   12    1   30   40    8   38   38   17   12
   27420   59    0    5    3   43   22   26   38    0   54
   27440    0   19   23    2   30    9   72   26    1   19
   27460   39   10    7   17   22   11   63   34    3   93
   27480   49   22    3   42   26   29   52   24    1   40
   27500   20   29    0    0   10   40   30   17   17   16
   27520    1   39    7    3    2   30   23   14   23   16
   27540   18   16   34    2   11   74   15   13   15    0
   27560   28   31    1   10    0   17   22   43    2    0
   27580   56   20    4   12    0   23   29   35   30    5
   27600   57   62   17    7   44   10   51   25    1    4
   27620   36   66   91   11   63   12   35    1    1    0
   27640   32   40   59   38   42    0   45    4    1    0
   27660   17   49   39    3   89    0   52    2    0   27
   27680    0   43   53    2   98   11   78    4    1   25
   27700    2   47   38    2   16    8   39    5   13    4
   27720    1   96   83    0    0    3   30   10   36   79
   27740   15   66   92   11    0    3   47    1   33   68
   27760   29   41   38   46    0    5   56    2   19   29
   27780   43   22   90   47    0   19   15    9   30   61
   27800   73   78   40    9   20   24   12   12   31   61
   27820   29   69   34    7   53   25   44   15   80   81
   27840   22   34    1    9    6   12   41   17   65   26
   27860   26   11    5   31    1    5   23   10   30   24
   27880   29   13    6   23   24   42   33    1   43   18
   27900   40    9   13   23   36   16   37    1   13   19
   27920   27   15    9   28   22    3   37    8    1   33
   27940   71   35    7   35   24    0    9   25    6   39
   27960   61   46    1   14   15    0    3    6    0   16
   27980   77   23    2   15    1   19    0    7    7   35
   28000   40    6    3   12   10   26   24    0   33   55
   28020   48    1   18   11    3   38   14    1   31   84
   28040   58    7   24    0    0    3    0   11   51   96
   28060   12   11    7    2    0   57   10    5   85   52
   28080    0    1   13    4    7   13    2   37   31   25
   28100    6    5   13    1    6   37    7   11   42   14
   28120   11    6    0    2   10   53    8   24   55   50
   28140   18    0    5    2    1   14   43   52   35   48
   28160   18    0    3    0   10   10   78   44   24   65
   28180   16    0   12    0    0   16   85   50   39   11
   28200   40   15    2   34    8   12   52   26   51   17
   28220   49   22   10   48    1    9   55    1    9   27
   28240   65   58   14   39    0    9   58    9    1   18
   28260   60   55   42   39   12   38   40   23   41    8
   28280   43   20   51   65    6   66   55   34   12    8
   28300   11   15   68   48    8   64   60   27    3   18
   28320    0   27   34   49    0   52   26    2    3    9
   28340   52    1    9   27    1   60   64    0    8    6
   28360  111    6    0    8   14   44  143    0   16   28
   28380   54    0    4   12    0   45   71    5   37   43
   28400   54   16   11   47    0   38   37   25   10   48
   28420   17    0   14   42    0   60   12   61    8   44
   28440   42    9    2   43    9   36    7   59    7   94
   28460   27    6    0   40    2   12    0   45   16   94
   28480   17    5    0   56   14    1    3   26    2   64
   28500   27   20    0    9   22    1   12    4    2    9
   28520   47    0    0   30   53    8   12   10    1   24
   28540   32    4    0   29   32   40    0   58    2   58
   28560   14    3   12   37   43   33    2   78    3   67
   28580   48    3   21   24   17   80   32   57    1   64
   28600   45    0   28   14   19   52   49   47    0   67
   28620   68    2   40   46   14   70   29   32    6   39
   28640   36    0   58   48   23   10   28   17   18   20
   28660   82   11   51   30   31    1   40    9   56   35
   28680   70    0   63   69   28    3   23   42   35   26
   28700   37   15   30   69   25    9   12   47   19   30
   28720   31   41   17   42   46    3   35   27   23    8
   28740   22   20   14   43   40   16   18   11   30   23
   28760   29    8   44   53   33   31    0   23   22   57
   28780    3    0   34   28   43    6    1   70   27   34
   28800   31   15    0   71   26    1    3   59   16   67
   28820   26   13    2   40   50    2   12   86   11   55
   28840    9    3    9   42   67   16    7   83    6    0
   28860    9   30   14   21   66    0   20   45   27    0
   28880    7   29   47    0   82    7   62   34   85    0
   28900    6   31   55    2   42   60   72   14   65    1
   28920    2   27   40   11   23   41   37   39   56   18
   28940   11   41   30   30   25   25   52   47   20   28
   28960   18   15   14   49   43   14   49   32    8   88
   28980    4   19    8   44   52    1   48   28   15   64
   29000    0   24   28   46   77    0   35   14   12   15
   29020   17   43   39   75   32   24   51    1    1   24
   29040   11   27   14   58   42   38   16   48    0   29
   29060   33   37   22   13   25   79   42   56   41   13
   29080   45   15   35   12    5   66   35   72   30    2
   29100   65   41   18   11    3   73   19  105    8   19
   29120   30   37    0   22    8   51   12   99   12    0
   29140   69   47    0   33    0    9    1   26   17    1
   29160   50   71    4   28   13    2    5   16    4    0
   29180   44   52    1   65   26    0    3   21    1    0
   29200   70   19    5   46    0    0    9   20    0    1
   29220   17    0    5   65   10    0    5   48   25    1
   29240   19   22    1   61   10    4    0   69   34    3
   29260   14   39    0   16    1    4    0   76   37    0
   29280   36   43    2   56    3   28    0   36   73    0
   29300   18   12    2   21    1   22    4   32   40    1
   29320   22    2    9   42   10   13    0   60   17    2
   29340   31    1   21   68   11   81   17   72    7   15
   29360   78   24   59   51    1   35   42   36    1   21
   29380   81   72   76   57    6   47   35    7   30   51
   29400   69   87   67   23    0  100   44    3   20    8
   29420   38   30   30   40    0   41   32   28   56   36
   29440   62   11   16    5   12   39   57   15   47   35
   29460   74   16    4    0    0   12   47   50   13   39
   29480   89    5   51    0    6    6   33   58   16   23
   29500   43    0   46    0    8   17   33   12   24   32
   29520   57    0   29   10   50   24   11    5    4   33
   29540    3    4   43   15   26    4    0    7    8   16
   29560    0   12   57    6   40    4    0    1   16   11
   29580   36   30   28   36   33    3    1    7   36   42
   29600   61   45   16   45    0   44    2   21   69   65
   29620   69   39   24   32    2    8    1   16   24   92
   29640   51   23    1   21   82    1    3    3   38   79
   29660   89    4   19   31   49    0   52   40   10   85
   29680   51    2   17   42   20    0   47   72   20   64
   29700   45    0   32   45   70   28   22   48   21   42
   29720   34    0   50    6   26   78   32   39    3    5
   29740   31   21   28    5   41   37   12   67   20   10
   29760    8   25   30   24    7   23    8   10   10   22
   29780    0   22   21   17    9   23   30   32   13   33
   29800   38   23   31   15   33   36   11   31    6   87
   29820   45   30   11   54   53   29    3    7   30   71
   29840   15   52    4   40   63   41   28    0   23   14
   29860    1    0    9   42   53    4   49    7   21   46
   29880    1    9    8   19   19   67   66    0   38   22
   29900    0   52   30    0    1   48   48   17   28   34
   29920    0   61   52    4   22   48   58   55   13   23
   29940    0   79   52    6    8   31   47   42    4    7
   29960    0   55   55    0    9   23   43   30    2   14
   29980    0   11   30    0    2   41   62   18   47   10
   30000   25   30    2    2    8   54   59    0   21   14
