      20     0.000621303     0.000596305     0.730300000
      40     0.000890359     0.000824667     0.540300000
      60     0.000881832     0.000801151     0.432400000
      80     0.000926486     0.000815970     0.368300000
     100     0.000956000     0.000797859     0.329200000
     120     0.000944630     0.000818361     0.363800000
     140     0.000944017     0.000828853     0.341100000
     160     0.000932249     0.000805201     0.335600000
     180     0.000978908     0.000824174     0.298800000
     200     0.001092284     0.000888460     0.291500000
     220     0.001038397     0.000820543     0.264300000
     240     0.000978814     0.000795344     0.259300000
     260     0.000887310     0.000738008     0.301400000
     280     0.000872074     0.000717953     0.292900000
     300     0.000974701     0.000806961     0.329900000
     320     0.000922918     0.000808712     0.345600000
     340     0.000920008     0.000794938     0.354300000
     360     0.000918734     0.000801092     0.357500000
     380     0.000963304     0.000826386     0.335100000
     400     0.000934393     0.000799796     0.368700000
     420     0.001006615     0.000832384     0.345100000
     440     0.000938743     0.000798102     0.328800000
     460     0.001049055     0.000878957     0.315200000
     480     0.000990435     0.000828728     0.306400000
     500     0.001008943     0.000835933     0.289600000
     520     0.001003080     0.000776978     0.276100000
     540     0.001093639     0.000886402     0.285200000
     560     0.001028766     0.000848616     0.275500000
     580     0.001028029     0.000832342     0.265600000
     600     0.000951852     0.000832201     0.293100000
     620     0.000951847     0.000818635     0.330400000
     640     0.000948806     0.000802426     0.325400000
     660     0.000956099     0.000832023     0.365800000
     680     0.001036659     0.000892832     0.389500000
     700     0.000918877     0.000795244     0.360700000
     720     0.000962945     0.000825027     0.368200000
     740     0.000903450     0.000806687     0.380000000
     760     0.000855468     0.000758370     0.377000000
     780     0.000944326     0.000818218     0.346900000
     800     0.000896231     0.000792750     0.375800000
     820     0.000939432     0.000813631     0.342300000
     840     0.001050669     0.000871827     0.292600000
     860     0.001029344     0.000856522     0.278000000
     880     0.000987109     0.000802201     0.266900000
     900     0.000988595     0.000826098     0.312000000
     920     0.000896081     0.000789158     0.342100000
     940     0.000922404     0.000794785     0.320800000
     960     0.000931686     0.000787202     0.336200000
     980     0.000920020     0.000777835     0.306900000
    1000     0.000910307     0.000763053     0.313600000
    1020     0.000967319     0.000822030     0.339500000
    1040     0.000928547     0.000786255     0.288100000
    1060     0.001036343     0.000856325     0.305100000
    1080     0.000985241     0.000831808     0.305100000
    1100     0.000977569     0.000812797     0.323300000
    1120     0.001045789     0.000853567     0.326400000
    1140     0.000943196     0.000779898     0.330700000
    1160     0.001006112     0.000850041     0.316600000
    1180     0.000939114     0.000802506     0.327900000
    1200     0.001032350     0.000858695     0.316400000
    1220     0.001001888     0.000863360     0.312600000
    1240     0.001057079     0.000870830     0.304800000
    1260     0.000897017     0.000767367     0.305700000
    1280     0.000968688     0.000813218     0.317800000
    1300     0.001012022     0.000848174     0.328800000
    1320     0.000970810     0.000833908     0.311200000
    1340     0.000967965     0.000792679     0.275500000
    1360     0.000940283     0.000780399     0.278800000
    1380     0.001021224     0.000861203     0.327100000
    1400     0.001076394     0.000865919     0.318100000
    1420     0.000962567     0.000815900     0.336400000
    1440     0.001083481     0.000917614     0.313200000
    1460     0.001203289     0.000930360     0.265500000
    1480     0.001181825     0.000896346     0.273300000
    1500     0.001040355     0.000830121     0.282200000
    1520     0.000980368     0.000805230     0.280500000
    1540     0.000908211     0.000755557     0.294600000
    1560     0.001091145     0.000912609     0.270400000
    1580     0.000971573     0.000811353     0.273200000
    1600     0.000913277     0.000746887     0.262300000
    1620     0.001064145     0.000877737     0.269600000
    1640     0.001109613     0.000886920     0.276900000
    1660     0.001107401     0.000876375     0.271900000
    1680     0.001049851     0.000838270     0.249800000
    1700     0.001071704     0.000829855     0.271300000
    1720     0.001022036     0.000817832     0.278700000
    1740     0.000952708     0.000817642     0.332200000
    1760     0.000938904     0.000778814     0.321300000
    1780     0.000979963     0.000817006     0.312900000
    1800     0.000974864     0.000818294     0.340800000
    1820     0.001000271     0.000837405     0.328800000
    1840     0.001003052     0.000854564     0.350900000
    1860     0.000932515     0.000811711     0.335200000
    1880     0.001075224     0.000892030     0.350400000
    1900     0.000957191     0.000798130     0.340200000
    1920     0.000942543     0.000818883     0.330400000
    1940     0.000969802     0.000834782     0.339700000
    1960     0.001065061     0.000879562     0.315600000
    1980     0.000975300     0.000841525     0.335400000
    2000     0.000967023     0.000825480     0.316500000
    2020     0.001004748     0.000822959     0.302400000
    2040     0.001012627     0.000840097     0.324000000
    2060     0.001046688     0.000879044     0.306800000
    2080     0.001038751     0.000890219     0.342400000
    2100     0.001027709     0.000830725     0.302200000
    2120     0.001038756     0.000826797     0.285100000
    2140     0.000928337     0.000781500     0.281900000
    2160     0.001033758     0.000843331     0.311200000
    2180     0.000933065     0.000765864     0.320100000
    2200     0.000976955     0.000846124     0.351100000
    2220     0.001028401     0.000843687     0.290500000
    2240     0.000995104     0.000802123     0.307600000
    2260     0.000962391     0.000809101     0.314100000
    2280     0.001048184     0.000861618     0.300700000
    2300     0.001054882     0.000827569     0.255800000
    2320     0.000929915     0.000774127     0.264900000
    2340     0.000958050     0.000792480     0.295700000
    2360     0.000956583     0.000804575     0.302400000
    2380     0.000991107     0.000838052     0.341900000
    2400     0.000976460     0.000824255     0.358300000
    2420     0.001067127     0.000892545     0.313700000
    2440     0.000975858     0.000836886     0.334700000
    2460     0.001006963     0.000839388     0.303500000
    2480     0.000949284     0.000820113     0.327600000
    2500     0.001070677     0.000870666     0.272100000
    2520     0.001009868     0.000797501     0.263800000
    2540     0.000937276     0.000759493     0.289600000
    2560     0.000982253     0.000806857     0.277500000
    2580     0.000940974     0.000768754     0.313400000
    2600     0.000960016     0.000814343     0.307200000
    2620     0.001008440     0.000822719     0.343700000
    2640     0.001054431     0.000878721     0.368600000
    2660     0.000909599     0.000770251     0.311900000
    2680     0.000921280     0.000794029     0.363600000
    2700     0.001014135     0.000860967     0.343900000
    2720     0.001008179     0.000833043     0.331000000
    2740     0.001107622     0.000913598     0.312500000
    2760     0.001011888     0.000833282     0.304300000
    2780     0.000944298     0.000793152     0.288600000
    2800     0.001044837     0.000865369     0.291400000
    2820     0.001075083     0.000843648     0.285000000
    2840     0.001100174     0.000903574     0.283000000
    2860     0.001036547     0.000831234     0.242400000
    2880     0.001004460     0.000797517     0.284100000
    2900     0.000938447     0.000784160     0.316000000
    2920     0.001027455     0.000858800     0.321900000
    2940     0.000973827     0.000827244     0.366700000
    2960     0.000970904     0.000825064     0.345100000
    2980     0.001019262     0.000881858     0.323800000
    3000     0.001052906     0.000859074     0.283300000
    3020     0.001058939     0.000855094     0.305500000
    3040     0.000976708     0.000810816     0.315100000
    3060     0.001000202     0.000844908     0.329000000
    3080     0.000907584     0.000796006     0.366300000
    3100     0.000923741     0.000809818     0.367500000
    3120     0.000966460     0.000828471     0.347000000
    3140     0.001028415     0.000866679     0.355800000
    3160     0.000895377     0.000766694     0.317300000
    3180     0.001049807     0.000883862     0.299900000
    3200     0.001109098     0.000859815     0.239600000
    3220     0.001065382     0.000827347     0.248100000
    3240     0.001082956     0.000843403     0.252900000
    3260     0.001040588     0.000868557     0.276300000
    3280     0.001029784     0.000873859     0.297400000
    3300     0.000969263     0.000802753     0.313100000
    3320     0.000932477     0.000795110     0.321400000
    3340     0.000985631     0.000819075     0.290500000
    3360     0.001121172     0.000909832     0.307100000
    3380     0.001102668     0.000899160     0.296800000
    3400     0.001032635     0.000859618     0.284400000
    3420     0.000938555     0.000790265     0.298700000
    3440     0.001033545     0.000862752     0.294700000
    3460     0.001190643     0.000916121     0.305000000
    3480     0.001037267     0.000863211     0.303300000
    3500     0.001088134     0.000886459     0.309100000
    3520     0.000973659     0.000768801     0.252500000
    3540     0.001129323     0.000862967     0.291300000
    3560     0.001021121     0.000811250     0.293500000
    3580     0.000932547     0.000784545     0.333300000
    3600     0.000937821     0.000804084     0.314800000
    3620     0.001132211     0.000929672     0.305900000
    3640     0.000897019     0.000767748     0.310400000
    3660     0.001075831     0.000866572     0.298800000
    3680     0.001061546     0.000876969     0.300100000
    3700     0.001090604     0.000862125     0.292900000
    3720     0.001079708     0.000886746     0.289300000
    3740     0.001019763     0.000834392     0.297900000
    3760     0.001027835     0.000846174     0.314400000
    3780     0.001009778     0.000846976     0.312200000
    3800     0.000871660     0.000742702     0.334300000
    3820     0.000993156     0.000794320     0.316100000
    3840     0.000945372     0.000801947     0.338100000
    3860     0.000954280     0.000807688     0.340000000
    3880     0.000893569     0.000781134     0.359000000
    3900     0.000949239     0.000811099     0.338500000
    3920     0.001086863     0.000890888     0.293700000
    3940     0.001087043     0.000870228     0.283100000
    3960     0.000906897     0.000766771     0.322600000
    3980     0.000856128     0.000725159     0.310600000
    4000     0.000987125     0.000795316     0.326400000
    4020     0.000974609     0.000816646     0.290300000
    4040     0.000847034     0.000734580     0.295800000
    4060     0.000970326     0.000799119     0.347000000
    4080     0.000887931     0.000779324     0.369400000
    4100     0.001008113     0.000869671     0.381800000
    4120     0.001010514     0.000882474     0.333000000
    4140     0.001034569     0.000866365     0.335000000
    4160     0.001057519     0.000871247     0.311000000
    4180     0.000937155     0.000805038     0.303900000
    4200     0.000975862     0.000796265     0.312600000
    4220     0.001092893     0.000895199     0.335000000
    4240     0.000942962     0.000759791     0.316800000
    4260     0.000861487     0.000715389     0.331900000
    4280     0.000863330     0.000723176     0.334100000
    4300     0.000902582     0.000793372     0.390300000
    4320     0.000952989     0.000818132     0.364400000
    4340     0.000915331     0.000801177     0.397100000
    4360     0.000895320     0.000793274     0.371700000
    4380     0.001091526     0.000916405     0.309000000
    4400     0.001039816     0.000830526     0.296900000
    4420     0.001073726     0.000863532     0.297100000
    4440     0.001058402     0.000860087     0.282300000
    4460     0.000977167     0.000791147     0.292700000
    4480     0.000876972     0.000717989     0.313000000
    4500     0.000869037     0.000762178     0.344000000
    4520     0.001069749     0.000884640     0.333800000
    4540     0.001008547     0.000858904     0.339500000
    4560     0.000943834     0.000807071     0.348700000
    4580     0.000877772     0.000778187     0.353600000
    4600     0.000871832     0.000767560     0.341900000
    4620     0.000982854     0.000850733     0.358900000
    4640     0.001064655     0.000872216     0.345900000
    4660     0.001045949     0.000860935     0.307300000
    4680     0.001061579     0.000878150     0.317500000
    4700     0.001104285     0.000899672     0.304900000
    4720     0.001194573     0.000971184     0.282400000
    4740     0.001118217     0.000809768     0.260700000
    4760     0.001070306     0.000842918     0.269600000
    4780     0.000930740     0.000775673     0.251100000
    4800     0.000812498     0.000703473     0.265600000
    4820     0.000894813     0.000706034     0.279600000
    4840     0.000857856     0.000754058     0.330100000
    4860     0.000938306     0.000793252     0.315100000
    4880     0.000838014     0.000721081     0.307300000
    4900     0.000978535     0.000831652     0.315400000
    4920     0.001114353     0.000933761     0.285300000
    4940     0.001049831     0.000839264     0.247800000
    4960     0.000916188     0.000714023     0.223100000
    4980     0.000922341     0.000717095     0.255100000
    5000     0.000926998     0.000740755     0.260100000
    5020     0.000998657     0.000817202     0.321300000
    5040     0.000885755     0.000760908     0.327200000
    5060     0.000936603     0.000809281     0.334100000
    5080     0.000939467     0.000812021     0.368100000
    5100     0.001052552     0.000896067     0.358100000
    5120     0.001090858     0.000935307     0.335300000
    5140     0.001078216     0.000887824     0.308200000
    5160     0.001007864     0.000857481     0.322500000
    5180     0.001043940     0.000856258     0.297200000
    5200     0.000991081     0.000847724     0.320700000
    5220     0.001040998     0.000845725     0.278500000
    5240     0.000959822     0.000800591     0.297300000
    5260     0.000951786     0.000793267     0.322400000
    5280     0.001069268     0.000885927     0.311400000
    5300     0.000968123     0.000771680     0.310400000
    5320     0.001038504     0.000882413     0.339800000
    5340     0.001009924     0.000829267     0.308500000
    5360     0.001100075     0.000926593     0.303400000
    5380     0.000962806     0.000810641     0.334700000
    5400     0.001000467     0.000808856     0.317000000
    5420     0.001035520     0.000840374     0.260500000
    5440     0.000972449     0.000771448     0.276400000
    5460     0.001039544     0.000850228     0.293000000
    5480     0.000959770     0.000810001     0.291900000
    5500     0.001006797     0.000823208     0.281300000
    5520     0.000909969     0.000775403     0.302800000
    5540     0.000990148     0.000813264     0.314300000
    5560     0.000909751     0.000777123     0.326600000
    5580     0.000927949     0.000783827     0.322900000
    5600     0.000931932     0.000744814     0.291700000
    5620     0.001040174     0.000836646     0.303400000
    5640     0.000915877     0.000756549     0.308600000
    5660     0.001014222     0.000832587     0.281200000
    5680     0.001015679     0.000804194     0.286700000
    5700     0.001045607     0.000835409     0.306700000
    5720     0.000929786     0.000796705     0.308100000
    5740     0.000926074     0.000789273     0.338500000
    5760     0.001000216     0.000821571     0.344900000
    5780     0.000974288     0.000818073     0.322400000
    5800     0.001013092     0.000878656     0.311000000
    5820     0.000932893     0.000783194     0.312300000
    5840     0.000985896     0.000806323     0.301600000
    5860     0.000977796     0.000824843     0.302300000
    5880     0.001004520     0.000773584     0.272400000
    5900     0.001058155     0.000852308     0.310300000
    5920     0.000916353     0.000789818     0.286300000
    5940     0.000941746     0.000779595     0.338800000
    5960     0.000948881     0.000755181     0.357300000
    5980     0.000877435     0.000757621     0.339100000
    6000     0.000936837     0.000806021     0.376900000
    6020     0.001021495     0.000864344     0.318600000
    6040     0.000973004     0.000826322     0.314100000
    6060     0.000984433     0.000808386     0.284600000
    6080     0.001025336     0.000868464     0.343000000
    6100     0.000970652     0.000830579     0.317200000
    6120     0.000974598     0.000793752     0.298200000
    6140     0.000865491     0.000744178     0.294300000
    6160     0.001035632     0.000834327     0.278700000
    6180     0.001063054     0.000874221     0.266900000
    6200     0.001045927     0.000839883     0.263000000
    6220     0.001000879     0.000797697     0.278900000
    6240     0.000996528     0.000824118     0.283400000
    6260     0.001084287     0.000907530     0.295000000
    6280     0.000887141     0.000730576     0.280800000
    6300     0.000909414     0.000767687     0.297700000
    6320     0.001016559     0.000843663     0.288000000
    6340     0.001019766     0.000859305     0.278600000
    6360     0.000861166     0.000713432     0.311000000
    6380     0.000949381     0.000828474     0.366900000
    6400     0.000969650     0.000814669     0.340100000
    6420     0.001048318     0.000884597     0.299100000
    6440     0.001013812     0.000827663     0.301100000
    6460     0.001023744     0.000807657     0.293600000
    6480     0.000895627     0.000746292     0.311100000
    6500     0.000946191     0.000812394     0.358200000
    6520     0.000915107     0.000773015     0.343400000
    6540     0.001006679     0.000830906     0.306200000
    6560     0.000944934     0.000771801     0.298100000
    6580     0.000909346     0.000798477     0.337200000
    6600     0.001044980     0.000875433     0.312500000
    6620     0.001105178     0.000900574     0.274700000
    6640     0.001087926     0.000876884     0.279300000
    6660     0.000960819     0.000790887     0.283800000
    6680     0.000891207     0.000750175     0.292000000
    6700     0.000925037     0.000756234     0.312100000
    6720     0.000967287     0.000799102     0.329700000
    6740     0.000956779     0.000809070     0.318700000
    6760     0.001018678     0.000836300     0.299700000
    6780     0.001055140     0.000837933     0.265800000
    6800     0.001011755     0.000787831     0.282100000
    6820     0.001010259     0.000821788     0.317000000
    6840     0.001062994     0.000882526     0.324900000
    6860     0.001012295     0.000792885     0.299000000
    6880     0.000962003     0.000802703     0.285000000
    6900     0.000830494     0.000710527     0.302000000
    6920     0.000907914     0.000786475     0.342700000
    6940     0.000972556     0.000826771     0.306800000
    6960     0.000936620     0.000776321     0.302400000
    6980     0.001031269     0.000860705     0.331800000
    7000     0.000970564     0.000794216     0.294000000
    7020     0.001011027     0.000833969     0.296600000
    7040     0.001025721     0.000849196     0.283900000
    7060     0.000935611     0.000772191     0.302700000
    7080     0.000981706     0.000796154     0.307400000
    7100     0.000970238     0.000796081     0.312900000
    7120     0.000973833     0.000802571     0.315600000
    7140     0.000988023     0.000825833     0.319500000
    7160     0.001039567     0.000888982     0.332100000
    7180     0.000966157     0.000818466     0.338200000
    7200     0.000959436     0.000821878     0.332800000
    7220     0.001004839     0.000853748     0.297800000
    7240     0.000962567     0.000793939     0.313500000
    7260     0.001009873     0.000835951     0.282200000
    7280     0.001005822     0.000787790     0.283900000
    7300     0.000846728     0.000726616     0.328100000
    7320     0.000976387     0.000846836     0.329000000
    7340     0.000971063     0.000818842     0.329100000
    7360     0.000959242     0.000817214     0.352600000
    7380     0.000936054     0.000805446     0.359600000
    7400     0.000959689     0.000783537     0.321100000
    7420     0.000972010     0.000827904     0.331800000
    7440     0.000928490     0.000816148     0.360800000
    7460     0.000891712     0.000785330     0.354000000
    7480     0.001050324     0.000902152     0.343000000
    7500     0.001027211     0.000825985     0.299200000
    7520     0.000931789     0.000795453     0.327100000
    7540     0.000982360     0.000827410     0.328800000
    7560     0.001095387     0.000896612     0.317900000
    7580     0.001028230     0.000825255     0.315500000
    7600     0.001037261     0.000861865     0.308500000
    7620     0.000986805     0.000845468     0.310600000
    7640     0.000955719     0.000799481     0.321400000
    7660     0.000932499     0.000776558     0.276000000
    7680     0.000973837     0.000830183     0.291700000
    7700     0.000981492     0.000835090     0.314100000
    7720     0.001089550     0.000888730     0.307700000
    7740     0.001021133     0.000853909     0.287300000
    7760     0.000982478     0.000805443     0.314800000
    7780     0.000981743     0.000822218     0.320400000
    7800     0.000883840     0.000743185     0.290300000
    7820     0.001020351     0.000845444     0.314500000
    7840     0.001023778     0.000845373     0.340100000
    7860     0.000945609     0.000806355     0.354200000
    7880     0.000906888     0.000766950     0.345500000
    7900     0.000915707     0.000815452     0.417100000
    7920     0.001024021     0.000901136     0.341200000
    7940     0.000996167     0.000846430     0.323500000
    7960     0.001014418     0.000824236     0.304800000
    7980     0.000986791     0.000798569     0.290600000
    8000     0.000991140     0.000821798     0.330300000
    8020     0.000980503     0.000829688     0.319500000
    8040     0.001029422     0.000866054     0.306700000
    8060     0.000975767     0.000766463     0.275000000
    8080     0.000941423     0.000747010     0.293100000
    8100     0.000924950     0.000779190     0.318900000
    8120     0.000958217     0.000829933     0.328700000
    8140     0.001035587     0.000885023     0.358500000
    8160     0.001073305     0.000880198     0.327900000
    8180     0.001094097     0.000890834     0.294100000
    8200     0.000942872     0.000771495     0.268800000
    8220     0.000937208     0.000776737     0.284000000
    8240     0.000907951     0.000784265     0.287700000
    8260     0.000926330     0.000787507     0.291000000
    8280     0.000822535     0.000696468     0.289800000
    8300     0.001034538     0.000858153     0.302400000
    8320     0.000964453     0.000816750     0.341000000
    8340     0.000995043     0.000824961     0.326700000
    8360     0.000931408     0.000804604     0.291900000
    8380     0.000964005     0.000789595     0.259000000
    8400     0.000947627     0.000759196     0.261300000
    8420     0.000939423     0.000795689     0.289800000
    8440     0.000944064     0.000795302     0.300300000
    8460     0.000936489     0.000789070     0.321700000
    8480     0.001014270     0.000842700     0.332600000
    8500     0.000924886     0.000807949     0.351700000
    8520     0.000966606     0.000830303     0.352300000
    8540     0.001018176     0.000877839     0.344200000
    8560     0.000991434     0.000848568     0.309900000
    8580     0.000917935     0.000771331     0.316500000
    8600     0.000924503     0.000799396     0.354100000
    8620     0.000948610     0.000813054     0.307100000
    8640     0.000915588     0.000747822     0.283600000
    8660     0.001095943     0.000919465     0.308700000
    8680     0.000939310     0.000790313     0.349700000
    8700     0.001004442     0.000825569     0.308500000
    8720     0.001022615     0.000859250     0.292600000
    8740     0.000856307     0.000737448     0.324900000
    8760     0.000884646     0.000756630     0.325300000
    8780     0.000945075     0.000778697     0.332300000
    8800     0.000976658     0.000836109     0.330500000
    8820     0.000966050     0.000784141     0.283200000
    8840     0.000918355     0.000791320     0.312400000
    8860     0.001060912     0.000893493     0.317000000
    8880     0.000977610     0.000818188     0.313300000
    8900     0.001034089     0.000833951     0.294000000
    8920     0.000983164     0.000809105     0.277200000
    8940     0.001011826     0.000823196     0.306300000
    8960     0.001017684     0.000844615     0.279800000
    8980     0.001096842     0.000878405     0.282600000
    9000     0.001090959     0.000892015     0.281600000
    9020     0.001047243     0.000875563     0.279200000
    9040     0.001007671     0.000800270     0.263900000
    9060     0.001006432     0.000846686     0.299400000
    9080     0.000990909     0.000822120     0.303000000
    9100     0.000949559     0.000784561     0.301000000
    9120     0.001100515     0.000884322     0.287200000
    9140     0.000927058     0.000778305     0.296300000
    9160     0.000933138     0.000776225     0.326700000
    9180     0.000915346     0.000782905     0.338700000
    9200     0.000964728     0.000827469     0.339000000
    9220     0.001029049     0.000880237     0.342300000
    9240     0.001048765     0.000863259     0.338300000
    9260     0.000906558     0.000802027     0.345700000
    9280     0.000933108     0.000797622     0.336400000
    9300     0.000960159     0.000811662     0.294800000
    9320     0.001021180     0.000887441     0.335200000
    9340     0.001078650     0.000916912     0.303400000
    9360     0.001044016     0.000856914     0.293900000
    9380     0.000993176     0.000786672     0.299200000
    9400     0.000934286     0.000807705     0.345900000
    9420     0.001013369     0.000840452     0.297600000
    9440     0.001121045     0.000936873     0.323900000
    9460     0.001060032     0.000868528     0.325400000
    9480     0.001097844     0.000875521     0.274600000
    9500     0.000957152     0.000784420     0.294800000
    9520     0.000925187     0.000794141     0.341800000
    9540     0.000968125     0.000821250     0.307200000
    9560     0.001123484     0.000905715     0.285900000
    9580     0.000993560     0.000833217     0.312800000
    9600     0.000914586     0.000789025     0.343600000
    9620     0.000972677     0.000818825     0.315000000
    9640     0.000964491     0.000826397     0.338900000
    9660     0.001023381     0.000861997     0.314800000
    9680     0.001074205     0.000886811     0.295400000
    9700     0.000907447     0.000750090     0.296700000
    9720     0.000906574     0.000784522     0.312400000
    9740     0.001002434     0.000851547     0.337800000
    9760     0.000931354     0.000787110     0.308100000
    9780     0.000952924     0.000799581     0.286500000
    9800     0.001011796     0.000797115     0.318000000
    9820     0.000965229     0.000818912     0.290400000
    9840     0.001051157     0.000887951     0.305600000
    9860     0.001121770     0.000875571     0.282700000
    9880     0.001016504     0.000811678     0.293700000
    9900     0.000882434     0.000732639     0.264100000
    9920     0.000961784     0.000797651     0.306600000
    9940     0.000885885     0.000766438     0.347500000
    9960     0.000910630     0.000796009     0.352200000
    9980     0.000965775     0.000838491     0.353500000
   10000     0.000925340     0.000795763     0.346900000
   10020     0.000943130     0.000798487     0.314300000
   10040     0.001010059     0.000856683     0.326900000
   10060     0.001046104     0.000875283     0.300100000
   10080     0.000992532     0.000835106     0.315300000
   10100     0.000910362     0.000749788     0.322900000
   10120     0.000884614     0.000762975     0.305100000
   10140     0.000977702     0.000806449     0.332900000
   10160     0.000971473     0.000833211     0.360200000
   10180     0.001008626     0.000847543     0.334300000
   10200     0.001036762     0.000839121     0.263300000
   10220     0.000993098     0.000791391     0.270000000
   10240     0.000991692     0.000816146     0.276900000
   10260     0.000905926     0.000728348     0.264300000
   10280     0.000922256     0.000745475     0.259700000
   10300     0.000912364     0.000749075     0.302500000
   10320     0.000909275     0.000763672     0.313800000
   10340     0.000995578     0.000827604     0.294300000
   10360     0.001042751     0.000836036     0.297500000
   10380     0.000988510     0.000806195     0.316400000
   10400     0.001025668     0.000870364     0.326300000
   10420     0.001081572     0.000903305     0.282800000
   10440     0.001126134     0.000879512     0.264600000
   10460     0.000999696     0.000807558     0.249300000
   10480     0.000970956     0.000791080     0.246300000
   10500     0.001025145     0.000848563     0.240900000
   10520     0.001127701     0.000881991     0.270700000
   10540     0.001083927     0.000853678     0.259300000
   10560     0.000899238     0.000770414     0.306500000
   10580     0.000997714     0.000829956     0.331700000
   10600     0.000908857     0.000788821     0.301600000
   10620     0.000945221     0.000766645     0.317500000
   10640     0.000879552     0.000771222     0.341800000
   10660     0.000965153     0.000804507     0.330000000
   10680     0.001052500     0.000829254     0.301800000
   10700     0.000990659     0.000824821     0.280700000
   10720     0.001050162     0.000866401     0.316700000
   10740     0.000975699     0.000834782     0.324900000
   10760     0.000897001     0.000765902     0.320900000
   10780     0.000912955     0.000788285     0.359300000
   10800     0.001023363     0.000860390     0.334500000
   10820     0.001055103     0.000896855     0.309300000
   10840     0.000909026     0.000769411     0.311300000
   10860     0.001009571     0.000839919     0.283200000
   10880     0.000972062     0.000804039     0.307000000
   10900     0.000937524     0.000796279     0.350100000
   10920     0.001001466     0.000861031     0.338400000
   10940     0.001098091     0.000915863     0.291200000
   10960     0.001137840     0.000919881     0.261700000
   10980     0.001213428     0.000972349     0.266500000
   11000     0.000906972     0.000722903     0.242400000
   11020     0.000902553     0.000760848     0.312400000
   11040     0.000904203     0.000773982     0.343800000
   11060     0.000943462     0.000765943     0.331000000
   11080     0.000876393     0.000769777     0.342900000
   11100     0.000875939     0.000752426     0.318400000
   11120     0.000933291     0.000786250     0.316600000
   11140     0.001037729     0.000874932     0.315300000
   11160     0.001028220     0.000834903     0.299500000
   11180     0.001017386     0.000814912     0.283400000
   11200     0.001006196     0.000832049     0.276500000
   11220     0.001044930     0.000858970     0.281100000
   11240     0.001055351     0.000828681     0.310400000
   11260     0.000978990     0.000823302     0.317300000
   11280     0.001045826     0.000892536     0.344200000
   11300     0.001072461     0.000882421     0.331500000
   11320     0.001126017     0.000914720     0.318100000
   11340     0.001004907     0.000822240     0.305500000
   11360     0.001013962     0.000844782     0.306200000
   11380     0.001010129     0.000864784     0.312300000
   11400     0.001073550     0.000844944     0.263200000
   11420     0.000945928     0.000810449     0.316600000
   11440     0.000902121     0.000764226     0.310700000
   11460     0.000983398     0.000824430     0.304600000
   11480     0.000940917     0.000783296     0.295600000
   11500     0.000943280     0.000791851     0.302200000
   11520     0.001107243     0.000844892     0.322000000
   11540     0.001007335     0.000825759     0.281900000
   11560     0.000957622     0.000814521     0.308300000
   11580     0.000988710     0.000831154     0.308400000
   11600     0.000871425     0.000751836     0.315400000
   11620     0.000925721     0.000784951     0.318300000
   11640     0.000992419     0.000833837     0.331100000
   11660     0.001151767     0.000932849     0.328700000
   11680     0.000940988     0.000800672     0.292200000
   11700     0.000969243     0.000816655     0.316000000
   11720     0.000946429     0.000810690     0.293200000
   11740     0.000972941     0.000797620     0.285100000
   11760     0.000899015     0.000764125     0.322700000
   11780     0.000949603     0.000804863     0.312300000
   11800     0.001022376     0.000871800     0.309500000
   11820     0.001043099     0.000841797     0.310400000
   11840     0.000945713     0.000796655     0.296200000
   11860     0.000953107     0.000765183     0.308700000
   11880     0.000942553     0.000803682     0.333300000
   11900     0.000972440     0.000820196     0.345400000
   11920     0.000862323     0.000760008     0.356400000
   11940     0.000852560     0.000680669     0.341300000
   11960     0.001002584     0.000857679     0.347600000
   11980     0.000898062     0.000790881     0.373200000
   12000     0.000991920     0.000850423     0.340400000
   12020     0.001077411     0.000910076     0.325800000
   12040     0.000975331     0.000810529     0.306000000
   12060     0.000975728     0.000820683     0.323800000
   12080     0.001066016     0.000838940     0.315300000
   12100     0.001062583     0.000879849     0.314400000
   12120     0.001010218     0.000830644     0.272400000
   12140     0.001005563     0.000834619     0.287400000
   12160     0.001033324     0.000829245     0.294000000
   12180     0.001059363     0.000856792     0.316300000
   12200     0.000991222     0.000836484     0.284400000
   12220     0.000988565     0.000813350     0.277600000
   12240     0.001109622     0.000867961     0.252800000
   12260     0.001066858     0.000855139     0.270600000
   12280     0.001121747     0.000866560     0.288000000
   12300     0.001060354     0.000863907     0.258300000
   12320     0.000941504     0.000768418     0.260400000
   12340     0.000886453     0.000732857     0.311600000
   12360     0.000969146     0.000805312     0.304700000
   12380     0.000947719     0.000821793     0.340500000
   12400     0.000956766     0.000811985     0.341600000
   12420     0.001003742     0.000837043     0.293000000
   12440     0.000881127     0.000757337     0.299800000
   12460     0.000972403     0.000825359     0.301200000
   12480     0.000983013     0.000818420     0.309800000
   12500     0.000940534     0.000788994     0.317400000
   12520     0.000943163     0.000780828     0.318700000
   12540     0.000953975     0.000800223     0.303300000
   12560     0.000897614     0.000732399     0.288600000
   12580     0.000858733     0.000717799     0.258600000
   12600     0.001023095     0.000824265     0.263500000
   12620     0.001007584     0.000775347     0.300800000
   12640     0.001009122     0.000828039     0.315100000
   12660     0.001063303     0.000864221     0.294800000
   12680     0.000998722     0.000851548     0.295700000
   12700     0.001040355     0.000804603     0.298000000
   12720     0.001005439     0.000844075     0.335100000
   12740     0.000945647     0.000804261     0.337700000
   12760     0.000947022     0.000806883     0.343000000
   12780     0.001052147     0.000872998     0.343200000
   12800     0.001065050     0.000913810     0.328600000
   12820     0.000978752     0.000815192     0.307500000
   12840     0.001066218     0.000867479     0.282900000
   12860     0.000950142     0.000783035     0.290800000
   12880     0.000998585     0.000809568     0.287600000
   12900     0.000996581     0.000849933     0.318500000
   12920     0.000996518     0.000824944     0.298100000
   12940     0.001040095     0.000874120     0.318300000
   12960     0.001069576     0.000863918     0.262400000
   12980     0.001094364     0.000886260     0.241100000
   13000     0.000883624     0.000713790     0.273100000
   13020     0.001010627     0.000814864     0.303700000
   13040     0.000969081     0.000792645     0.317200000
   13060     0.000937872     0.000788771     0.371400000
   13080     0.001008865     0.000835683     0.335700000
   13100     0.000990994     0.000821558     0.289800000
   13120     0.000942976     0.000785912     0.310300000
   13140     0.000953307     0.000796200     0.308100000
   13160     0.001028693     0.000878604     0.326700000
   13180     0.000934872     0.000804827     0.337300000
   13200     0.000914457     0.000789147     0.319200000
   13220     0.000968597     0.000822424     0.355600000
   13240     0.000914696     0.000801291     0.367100000
   13260     0.001062721     0.000849786     0.370300000
   13280     0.000968570     0.000835884     0.354800000
   13300     0.001033734     0.000878502     0.340900000
   13320     0.001078016     0.000856620     0.318400000
   13340     0.000943667     0.000785284     0.325800000
   13360     0.000923876     0.000805645     0.318000000
   13380     0.001030335     0.000840177     0.292100000
   13400     0.001112756     0.000864741     0.290600000
   13420     0.000888936     0.000766958     0.283100000
   13440     0.001043757     0.000834705     0.319600000
   13460     0.000933199     0.000790584     0.324700000
   13480     0.000938195     0.000786131     0.321900000
   13500     0.000958487     0.000807733     0.298800000
   13520     0.000919963     0.000763281     0.330400000
   13540     0.000987716     0.000863714     0.384700000
   13560     0.000950702     0.000810151     0.320800000
   13580     0.000900639     0.000772433     0.318800000
   13600     0.000888429     0.000763903     0.342400000
   13620     0.000972912     0.000830547     0.330300000
   13640     0.001052724     0.000884895     0.328900000
   13660     0.001008293     0.000854730     0.332000000
   13680     0.000855477     0.000727407     0.320700000
   13700     0.000964090     0.000808387     0.316100000
   13720     0.000987432     0.000847756     0.318400000
   13740     0.000875915     0.000768727     0.344500000
   13760     0.000934879     0.000811358     0.374200000
   13780     0.001004429     0.000859072     0.349000000
   13800     0.000928236     0.000817585     0.390400000
   13820     0.000956960     0.000835990     0.390000000
   13840     0.001042923     0.000864773     0.336800000
   13860     0.001088730     0.000895946     0.304700000
   13880     0.001049904     0.000825160     0.314000000
   13900     0.000980101     0.000821156     0.333200000
   13920     0.001013401     0.000847853     0.323500000
   13940     0.001006711     0.000821482     0.309600000
   13960     0.000888338     0.000761152     0.329400000
   13980     0.000927094     0.000804973     0.355200000
   14000     0.001081867     0.000914675     0.345500000
   14020     0.001036464     0.000871783     0.345600000
   14040     0.001067790     0.000932378     0.331800000
   14060     0.001093476     0.000901607     0.299100000
   14080     0.001013290     0.000821980     0.291600000
   14100     0.000939479     0.000773731     0.281100000
   14120     0.000999671     0.000792557     0.268300000
   14140     0.001085137     0.000855734     0.271200000
   14160     0.000978755     0.000797848     0.289300000
   14180     0.000925561     0.000770194     0.294900000
   14200     0.000843513     0.000676902     0.293900000
   14220     0.000955054     0.000779874     0.354100000
   14240     0.000944743     0.000820513     0.317100000
   14260     0.000928187     0.000778044     0.323300000
   14280     0.000942376     0.000819185     0.336900000
   14300     0.000996680     0.000843850     0.343300000
   14320     0.000940430     0.000807857     0.345100000
   14340     0.001019376     0.000869253     0.355500000
   14360     0.001018278     0.000863401     0.338500000
   14380     0.000910701     0.000796204     0.332400000
   14400     0.000899026     0.000779064     0.349900000
   14420     0.000937141     0.000774901     0.334100000
   14440     0.001043828     0.000864237     0.277200000
   14460     0.001005247     0.000814593     0.288600000
   14480     0.000977536     0.000807055     0.328100000
   14500     0.000942106     0.000774531     0.328200000
   14520     0.000854853     0.000735055     0.321400000
   14540     0.001020839     0.000860802     0.330900000
   14560     0.001035098     0.000865264     0.310100000
   14580     0.001061512     0.000866728     0.282800000
   14600     0.001027569     0.000843356     0.293100000
   14620     0.000928320     0.000754673     0.282100000
   14640     0.000951222     0.000759626     0.280800000
   14660     0.000993400     0.000808599     0.276400000
   14680     0.001129262     0.000871797     0.254000000
   14700     0.000973352     0.000794302     0.284000000
   14720     0.000986239     0.000790962     0.286100000
   14740     0.000929143     0.000784170     0.277100000
   14760     0.001089875     0.000858748     0.279400000
   14780     0.001056511     0.000820367     0.264200000
   14800     0.001050600     0.000850085     0.263000000
   14820     0.000921159     0.000746393     0.256600000
   14840     0.001036828     0.000854344     0.284900000
   14860     0.000935414     0.000780226     0.284500000
   14880     0.000984782     0.000827234     0.288700000
   14900     0.001051645     0.000861494     0.300000000
   14920     0.000983170     0.000800112     0.296300000
   14940     0.001015095     0.000862670     0.287600000
   14960     0.001004990     0.000820731     0.284600000
   14980     0.000988332     0.000812282     0.311900000
   15000     0.001019975     0.000860792     0.301500000
   15020     0.000997437     0.000811111     0.291700000
   15040     0.000962831     0.000792039     0.313700000
   15060     0.000919727     0.000796743     0.322800000
   15080     0.000983846     0.000796553     0.296300000
   15100     0.000926775     0.000741545     0.285900000
   15120     0.000981787     0.000795281     0.313400000
   15140     0.001031252     0.000859780     0.328400000
   15160     0.001056280     0.000880393     0.310900000
   15180     0.000956571     0.000808912     0.305300000
   15200     0.000997932     0.000833229     0.321900000
   15220     0.000914433     0.000793937     0.308000000
   15240     0.000955013     0.000817315     0.339900000
   15260     0.000983861     0.000830154     0.335600000
   15280     0.000957401     0.000833281     0.357800000
   15300     0.000950477     0.000822784     0.337300000
   15320     0.000891648     0.000756123     0.336400000
   15340     0.000901293     0.000789620     0.330500000
   15360     0.000946116     0.000823601     0.349100000
   15380     0.000889112     0.000772478     0.378600000
   15400     0.000942952     0.000814022     0.355900000
   15420     0.001018347     0.000878517     0.368800000
   15440     0.001090932     0.000924654     0.319500000
   15460     0.001029294     0.000863364     0.310800000
   15480     0.000875949     0.000749847     0.300900000
   15500     0.001018034     0.000828433     0.289200000
   15520     0.001067641     0.000835805     0.291300000
   15540     0.000929337     0.000782805     0.305400000
   15560     0.000925091     0.000809574     0.324600000
   15580     0.001004470     0.000864400     0.316200000
   15600     0.001023628     0.000872816     0.350000000
   15620     0.001015055     0.000838450     0.340700000
   15640     0.000972473     0.000820960     0.339900000
   15660     0.000997928     0.000841375     0.342000000
   15680     0.001008778     0.000874784     0.350600000
   15700     0.000916767     0.000797986     0.345900000
   15720     0.000972297     0.000839076     0.341900000
   15740     0.001089146     0.000904739     0.315600000
   15760     0.001022552     0.000849263     0.299400000
   15780     0.000972836     0.000781936     0.275300000
   15800     0.000997805     0.000835073     0.315700000
   15820     0.001042359     0.000789154     0.301900000
   15840     0.000905087     0.000766366     0.291600000
   15860     0.000944168     0.000783669     0.272400000
   15880     0.000958180     0.000760068     0.278500000
   15900     0.001016310     0.000848780     0.293500000
   15920     0.001042173     0.000868294     0.322400000
   15940     0.000971601     0.000821043     0.312200000
   15960     0.001027794     0.000868140     0.306600000
   15980     0.000991178     0.000861633     0.339600000
   16000     0.000996779     0.000857137     0.311800000
   16020     0.000944759     0.000809107     0.327900000
   16040     0.000993551     0.000809613     0.298700000
   16060     0.000934967     0.000800637     0.316700000
   16080     0.001015503     0.000795851     0.292700000
   16100     0.000873619     0.000733339     0.328600000
   16120     0.000877252     0.000755054     0.312700000
   16140     0.000811258     0.000688169     0.297500000
   16160     0.000963593     0.000803108     0.349200000
   16180     0.001031436     0.000862899     0.349800000
   16200     0.001070661     0.000901576     0.321300000
   16220     0.000976767     0.000817908     0.306300000
   16240     0.001053110     0.000864177     0.329300000
   16260     0.001036365     0.000854855     0.331800000
   16280     0.000991177     0.000834945     0.301200000
   16300     0.001036512     0.000839607     0.319300000
   16320     0.000966613     0.000814819     0.293500000
   16340     0.001021711     0.000831291     0.328400000
   16360     0.000974187     0.000821930     0.320500000
   16380     0.001049903     0.000814906     0.288000000
   16400     0.001023089     0.000854132     0.306100000
   16420     0.001060204     0.000891604     0.310900000
   16440     0.001010757     0.000814186     0.282700000
   16460     0.001007621     0.000810676     0.265200000
   16480     0.000945425     0.000784040     0.277200000
   16500     0.000969673     0.000781151     0.293700000
   16520     0.001029439     0.000827603     0.287900000
   16540     0.000964441     0.000805586     0.284300000
   16560     0.001024296     0.000845128     0.289600000
   16580     0.000873645     0.000748877     0.317500000
   16600     0.001105642     0.000935485     0.356000000
   16620     0.000948821     0.000785997     0.289700000
   16640     0.000945888     0.000798921     0.293900000
   16660     0.001048695     0.000873244     0.292700000
   16680     0.001003104     0.000845129     0.329700000
   16700     0.001081413     0.000888489     0.285200000
   16720     0.001041072     0.000845577     0.263900000
   16740     0.001030635     0.000828403     0.307100000
   16760     0.001009465     0.000847464     0.297700000
   16780     0.000901513     0.000754765     0.282200000
   16800     0.000936871     0.000807364     0.313900000
   16820     0.001085095     0.000895218     0.321800000
   16840     0.001086714     0.000887662     0.281500000
   16860     0.001045113     0.000847551     0.294900000
   16880     0.000941969     0.000799035     0.305600000
   16900     0.000970579     0.000830124     0.298500000
   16920     0.001025337     0.000805227     0.319900000
   16940     0.000992133     0.000868234     0.341800000
   16960     0.001084094     0.000906339     0.336600000
   16980     0.001097127     0.000921952     0.306100000
   17000     0.001055259     0.000881820     0.327900000
   17020     0.000988299     0.000800395     0.321900000
   17040     0.000985074     0.000807109     0.297600000
   17060     0.000941846     0.000789432     0.294600000
   17080     0.000981509     0.000829291     0.359500000
   17100     0.001011170     0.000874647     0.349700000
   17120     0.000961685     0.000847945     0.352000000
   17140     0.000951608     0.000825234     0.354200000
   17160     0.000983607     0.000808506     0.332100000
   17180     0.000858962     0.000748573     0.340400000
   17200     0.000936363     0.000801048     0.368600000
   17220     0.001004295     0.000857621     0.367200000
   17240     0.001024374     0.000859954     0.313800000
   17260     0.001036629     0.000862724     0.323900000
   17280     0.000997238     0.000816355     0.297500000
   17300     0.000928694     0.000745251     0.279900000
   17320     0.000944084     0.000787472     0.324300000
   17340     0.001004242     0.000837077     0.315000000
   17360     0.001040214     0.000873103     0.298100000
   17380     0.000964819     0.000777273     0.297700000
   17400     0.000953267     0.000797325     0.289900000
   17420     0.000894756     0.000761298     0.300900000
   17440     0.000983748     0.000825119     0.341900000
   17460     0.000985149     0.000844403     0.349100000
   17480     0.001063818     0.000883565     0.342300000
   17500     0.000902382     0.000797209     0.330700000
   17520     0.000991126     0.000866558     0.343100000
   17540     0.000997474     0.000853882     0.329600000
   17560     0.001059877     0.000885876     0.305800000
   17580     0.000919373     0.000771501     0.308900000
   17600     0.000869819     0.000747891     0.327400000
   17620     0.001005598     0.000850619     0.335600000
   17640     0.000958022     0.000800061     0.323100000
   17660     0.001039249     0.000827852     0.307200000
   17680     0.000892113     0.000756603     0.313900000
   17700     0.001099853     0.000916415     0.283700000
   17720     0.000983267     0.000832277     0.273500000
   17740     0.001028500     0.000837629     0.274200000
   17760     0.000919024     0.000747279     0.285000000
   17780     0.000958997     0.000791838     0.328600000
   17800     0.001023714     0.000866797     0.314200000
   17820     0.000973968     0.000824952     0.280100000
   17840     0.000881923     0.000746976     0.338400000
   17860     0.000856172     0.000742595     0.334200000
   17880     0.001014818     0.000856528     0.345900000
   17900     0.000992357     0.000832559     0.369600000
   17920     0.001031367     0.000875076     0.355000000
   17940     0.001157733     0.000970864     0.322600000
   17960     0.001114599     0.000912194     0.279500000
   17980     0.001102608     0.000874291     0.261200000
   18000     0.000973452     0.000761079     0.233100000
   18020     0.000958046     0.000744359     0.254000000
   18040     0.000950697     0.000774782     0.261000000
   18060     0.001101041     0.000843430     0.259200000
   18080     0.000901956     0.000729564     0.265300000
   18100     0.000846838     0.000728655     0.314100000
   18120     0.000900966     0.000765994     0.370800000
   18140     0.000990340     0.000807651     0.353400000
   18160     0.000916659     0.000807958     0.373000000
   18180     0.001005156     0.000866357     0.321900000
   18200     0.000932173     0.000789470     0.283000000
   18220     0.001003216     0.000821869     0.312900000
   18240     0.000946113     0.000775008     0.327800000
   18260     0.000885635     0.000749013     0.330800000
   18280     0.000959764     0.000803683     0.338100000
   18300     0.001040310     0.000872186     0.356200000
   18320     0.001117568     0.000911339     0.320600000
   18340     0.000991577     0.000801189     0.287700000
   18360     0.000996126     0.000842769     0.297900000
   18380     0.000995651     0.000831521     0.320800000
   18400     0.000983201     0.000792095     0.344700000
   18420     0.000925362     0.000803280     0.365500000
   18440     0.001107606     0.000933424     0.341700000
   18460     0.000993136     0.000848514     0.326300000
   18480     0.001028083     0.000882502     0.335200000
   18500     0.000941039     0.000791689     0.291600000
   18520     0.001000599     0.000792386     0.310600000
   18540     0.000868873     0.000730019     0.313400000
   18560     0.000982551     0.000845641     0.342600000
   18580     0.001048605     0.000896270     0.348400000
   18600     0.001116939     0.000938090     0.328000000
   18620     0.000984886     0.000841300     0.342400000
   18640     0.000928513     0.000780580     0.347900000
   18660     0.000923514     0.000796497     0.353400000
   18680     0.001062310     0.000916989     0.365400000
   18700     0.001003669     0.000856395     0.322000000
   18720     0.001032572     0.000854178     0.348600000
   18740     0.000935904     0.000797925     0.329200000
   18760     0.000914438     0.000764996     0.324400000
   18780     0.001122511     0.000915554     0.311400000
   18800     0.000943022     0.000792075     0.276100000
   18820     0.001023494     0.000827797     0.294500000
   18840     0.000937455     0.000788752     0.340400000
   18860     0.000959313     0.000814312     0.324500000
   18880     0.000978644     0.000811029     0.327100000
   18900     0.001045749     0.000870533     0.295500000
   18920     0.001029938     0.000818543     0.254000000
   18940     0.000927046     0.000739937     0.281300000
   18960     0.000886709     0.000759508     0.301200000
   18980     0.000969042     0.000812584     0.310600000
   19000     0.001006854     0.000846602     0.319000000
   19020     0.001000954     0.000821492     0.300600000
   19040     0.000908353     0.000762167     0.301600000
   19060     0.000972814     0.000775565     0.293200000
   19080     0.000943606     0.000779218     0.316000000
   19100     0.001007119     0.000809126     0.276400000
   19120     0.000992013     0.000835970     0.323200000
   19140     0.000956784     0.000805142     0.329100000
   19160     0.000925836     0.000772562     0.334900000
   19180     0.000917598     0.000773652     0.342600000
   19200     0.000874346     0.000768599     0.351300000
   19220     0.000905130     0.000759711     0.346200000
   19240     0.000885005     0.000764018     0.352500000
   19260     0.000942847     0.000827093     0.346900000
   19280     0.000950365     0.000801239     0.318000000
   19300     0.000985166     0.000834765     0.312600000
   19320     0.000979823     0.000857297     0.344700000
   19340     0.000985351     0.000844390     0.327000000
   19360     0.000998100     0.000847940     0.326000000
   19380     0.000908333     0.000784412     0.306600000
   19400     0.000989918     0.000826485     0.326300000
   19420     0.000958318     0.000811589     0.314800000
   19440     0.001019019     0.000827000     0.323000000
   19460     0.000984483     0.000839741     0.295600000
   19480     0.000929725     0.000789537     0.344300000
   19500     0.000966566     0.000824458     0.331000000
   19520     0.001027762     0.000865538     0.355900000
   19540     0.000945059     0.000778244     0.325500000
   19560     0.000873656     0.000751745     0.334500000
   19580     0.001030942     0.000870084     0.314000000
   19600     0.001096334     0.000889601     0.301600000
   19620     0.001011306     0.000861134     0.296500000
   19640     0.001026115     0.000858332     0.307800000
   19660     0.001108469     0.000861142     0.285900000
   19680     0.000978374     0.000797344     0.276100000
   19700     0.000937980     0.000794476     0.321100000
   19720     0.000888996     0.000771850     0.328600000
   19740     0.000946454     0.000788548     0.315200000
   19760     0.000949319     0.000825585     0.344600000
   19780     0.000941008     0.000795691     0.312800000
   19800     0.000955595     0.000790909     0.312500000
   19820     0.001068825     0.000886138     0.305300000
   19840     0.001099319     0.000887241     0.284800000
   19860     0.000975325     0.000801845     0.290800000
   19880     0.000927244     0.000797799     0.328500000
   19900     0.000970119     0.000835138     0.290400000
   19920     0.000988755     0.000835049     0.294700000
   19940     0.000999187     0.000839200     0.277900000
   19960     0.001036666     0.000884808     0.329300000
   19980     0.000911646     0.000780163     0.337400000
   20000     0.000983606     0.000818790     0.300600000
   20020     0.001029425     0.000818424     0.330200000
   20040     0.000971680     0.000804610     0.328000000
   20060     0.001072250     0.000900648     0.333200000
   20080     0.001096448     0.000909537     0.308300000
   20100     0.001098963     0.000876691     0.271900000
   20120     0.000933449     0.000773474     0.296000000
   20140     0.000968155     0.000811794     0.304900000
   20160     0.001049083     0.000897983     0.326900000
   20180     0.001052292     0.000867144     0.306000000
   20200     0.000897092     0.000771392     0.307100000
   20220     0.000933338     0.000821480     0.320100000
   20240     0.000940535     0.000804621     0.305100000
   20260     0.001146412     0.000905190     0.275900000
   20280     0.001046017     0.000861738     0.273300000
   20300     0.000959000     0.000778317     0.256600000
   20320     0.000942877     0.000786983     0.299000000
   20340     0.000914653     0.000765666     0.320800000
   20360     0.001030863     0.000845605     0.339300000
   20380     0.000982610     0.000833653     0.343700000
   20400     0.001000452     0.000848530     0.331000000
   20420     0.000939455     0.000814953     0.360400000
   20440     0.000869096     0.000747976     0.329700000
   20460     0.000980401     0.000808750     0.331500000
   20480     0.000936738     0.000797341     0.346400000
   20500     0.000956757     0.000826623     0.328300000
   20520     0.000952258     0.000822099     0.326000000
   20540     0.001046038     0.000846213     0.318700000
   20560     0.000918248     0.000794220     0.330600000
   20580     0.000933329     0.000801569     0.339600000
   20600     0.000949410     0.000827015     0.336600000
   20620     0.000949784     0.000826657     0.324300000
   20640     0.001070675     0.000872542     0.300900000
   20660     0.000958008     0.000803058     0.307300000
   20680     0.000968008     0.000771922     0.258900000
   20700     0.001032078     0.000822839     0.272200000
   20720     0.000966903     0.000774986     0.302100000
   20740     0.001047680     0.000853679     0.302800000
   20760     0.001076433     0.000831464     0.297500000
   20780     0.000930340     0.000742502     0.289600000
   20800     0.000955088     0.000814597     0.301700000
   20820     0.001027287     0.000841582     0.310800000
   20840     0.000994345     0.000827057     0.283100000
   20860     0.001065061     0.000892649     0.327100000
   20880     0.001026918     0.000856826     0.325600000
   20900     0.000995421     0.000819027     0.323000000
   20920     0.001079346     0.000919628     0.290000000
   20940     0.001038883     0.000874068     0.291300000
   20960     0.000965877     0.000822017     0.304100000
   20980     0.001003373     0.000856684     0.314300000
   21000     0.001025513     0.000860708     0.319500000
   21020     0.000933981     0.000787170     0.321000000
   21040     0.000948672     0.000782756     0.313400000
   21060     0.000942192     0.000804513     0.288300000
   21080     0.001086125     0.000906856     0.306200000
   21100     0.001155351     0.000942601     0.272300000
   21120     0.001139764     0.000912109     0.277200000
   21140     0.001010691     0.000809013     0.256600000
   21160     0.000990370     0.000790210     0.254900000
   21180     0.000947800     0.000768636     0.257900000
   21200     0.001011849     0.000803975     0.268600000
   21220     0.000991439     0.000833865     0.296900000
   21240     0.000934890     0.000775298     0.306000000
   21260     0.000970182     0.000826726     0.332600000
   21280     0.000980996     0.000815756     0.339700000
   21300     0.001016456     0.000833440     0.335600000
   21320     0.001059993     0.000860931     0.299700000
   21340     0.000947571     0.000745674     0.314100000
   21360     0.001035444     0.000871673     0.320200000
   21380     0.001036761     0.000858699     0.307600000
   21400     0.001018086     0.000840665     0.331100000
   21420     0.000944408     0.000808412     0.327200000
   21440     0.000882589     0.000750758     0.360000000
   21460     0.000965101     0.000844175     0.336700000
   21480     0.000901432     0.000785152     0.347300000
   21500     0.000895838     0.000780663     0.358800000
   21520     0.000901504     0.000789095     0.358400000
   21540     0.000980422     0.000848050     0.341900000
   21560     0.000890530     0.000776336     0.351000000
   21580     0.000953170     0.000832760     0.381600000
   21600     0.001015360     0.000895317     0.376900000
   21620     0.000930019     0.000830627     0.382500000
   21640     0.001005813     0.000871131     0.379900000
   21660     0.000872436     0.000751624     0.345100000
   21680     0.001023937     0.000869640     0.325000000
   21700     0.001049436     0.000884648     0.313500000
   21720     0.000974955     0.000802409     0.298300000
   21740     0.001011368     0.000825740     0.282400000
   21760     0.000997803     0.000808592     0.293600000
   21780     0.001010289     0.000833600     0.300700000
   21800     0.001076077     0.000900434     0.278500000
   21820     0.000904122     0.000767226     0.304600000
   21840     0.000959134     0.000831364     0.347000000
   21860     0.000908222     0.000792215     0.305800000
   21880     0.000998110     0.000845668     0.291300000
   21900     0.001021614     0.000854253     0.306500000
   21920     0.001055297     0.000870024     0.329000000
   21940     0.001035146     0.000856421     0.319400000
   21960     0.000968140     0.000802837     0.291200000
   21980     0.000897683     0.000722816     0.308300000
   22000     0.000963856     0.000812898     0.307700000
   22020     0.000967512     0.000830978     0.335400000
   22040     0.000995243     0.000787754     0.322600000
   22060     0.001009109     0.000846491     0.350200000
   22080     0.001011138     0.000892408     0.341000000
   22100     0.000932531     0.000796256     0.303300000
   22120     0.001070117     0.000862569     0.301200000
   22140     0.001000257     0.000818200     0.259700000
   22160     0.001099508     0.000890576     0.268400000
   22180     0.001025934     0.000826798     0.251000000
   22200     0.000950142     0.000765976     0.288500000
   22220     0.000941787     0.000795398     0.282000000
   22240     0.000956005     0.000785909     0.307400000
   22260     0.001013222     0.000853528     0.325000000
   22280     0.000993680     0.000777198     0.310400000
   22300     0.000953856     0.000792700     0.327300000
   22320     0.000977960     0.000836016     0.346600000
   22340     0.000917493     0.000798081     0.348100000
   22360     0.000957205     0.000836757     0.384100000
   22380     0.000990768     0.000852890     0.361900000
   22400     0.000974191     0.000853170     0.353500000
   22420     0.000921311     0.000803000     0.380400000
   22440     0.000937073     0.000827090     0.364000000
   22460     0.000970661     0.000849433     0.347900000
   22480     0.000921806     0.000811777     0.344400000
   22500     0.000978549     0.000817763     0.347100000
   22520     0.001008771     0.000865904     0.343800000
   22540     0.001015123     0.000825925     0.315600000
   22560     0.000914164     0.000801969     0.337800000
   22580     0.000962861     0.000823576     0.329100000
   22600     0.000980843     0.000814081     0.307400000
   22620     0.001035503     0.000787136     0.287000000
   22640     0.001094411     0.000874605     0.295700000
   22660     0.000897975     0.000769030     0.316300000
   22680     0.000973862     0.000797913     0.331800000
   22700     0.001067315     0.000885984     0.284600000
   22720     0.001056880     0.000843307     0.244100000
   22740     0.001206279     0.000952326     0.242300000
   22760     0.000923751     0.000728757     0.251400000
   22780     0.001055609     0.000794258     0.285500000
   22800     0.000973697     0.000786249     0.288400000
   22820     0.000947124     0.000822233     0.318900000
   22840     0.000965826     0.000814052     0.315800000
   22860     0.000978221     0.000832196     0.325800000
   22880     0.000967588     0.000812858     0.324900000
   22900     0.001008709     0.000817580     0.283600000
   22920     0.001041667     0.000811266     0.294000000
   22940     0.000991040     0.000834461     0.311400000
   22960     0.001049322     0.000869419     0.307500000
   22980     0.001062177     0.000822727     0.300500000
   23000     0.001027151     0.000828746     0.298200000
   23020     0.001063590     0.000860050     0.299600000
   23040     0.000998676     0.000829650     0.277800000
   23060     0.001031513     0.000864491     0.284400000
   23080     0.000974859     0.000811429     0.261200000
   23100     0.000918174     0.000774413     0.296600000
   23120     0.000886602     0.000754192     0.299900000
   23140     0.000985833     0.000814980     0.299000000
   23160     0.001026614     0.000862240     0.332600000
   23180     0.000972515     0.000794863     0.283300000
   23200     0.000919815     0.000762369     0.302900000
   23220     0.000944474     0.000799823     0.300900000
   23240     0.000946878     0.000789465     0.303300000
   23260     0.000952464     0.000820626     0.320800000
   23280     0.000986065     0.000807793     0.327500000
   23300     0.000891273     0.000777567     0.370900000
   23320     0.000906522     0.000809370     0.358500000
   23340     0.000951331     0.000822939     0.340400000
   23360     0.000992513     0.000846941     0.369000000
   23380     0.000932451     0.000816655     0.355400000
   23400     0.000924204     0.000797982     0.307000000
   23420     0.000948640     0.000791790     0.317100000
   23440     0.000906699     0.000786424     0.317400000
   23460     0.000875489     0.000749666     0.299200000
   23480     0.000950047     0.000828971     0.333700000
   23500     0.000962078     0.000835045     0.344400000
   23520     0.000993445     0.000833810     0.296300000
   23540     0.001007216     0.000853689     0.320900000
   23560     0.000965122     0.000828607     0.327300000
   23580     0.000923909     0.000788148     0.357600000
   23600     0.000965210     0.000809238     0.369900000
   23620     0.000937888     0.000827497     0.350500000
   23640     0.001012866     0.000854786     0.337300000
   23660     0.001073587     0.000914154     0.360200000
   23680     0.000986391     0.000834899     0.367600000
   23700     0.000917198     0.000784413     0.348200000
   23720     0.000918443     0.000804344     0.380600000
   23740     0.000927532     0.000793945     0.352000000
   23760     0.001011765     0.000867625     0.339200000
   23780     0.001034746     0.000882955     0.340600000
   23800     0.000894277     0.000756919     0.344200000
   23820     0.001045242     0.000891670     0.299100000
   23840     0.001038164     0.000818569     0.301500000
   23860     0.001098614     0.000800506     0.308500000
   23880     0.001053659     0.000850600     0.338700000
   23900     0.001085582     0.000881431     0.287400000
   23920     0.000892205     0.000738574     0.324700000
   23940     0.000984445     0.000837136     0.324000000
   23960     0.000985921     0.000837204     0.290000000
   23980     0.001056129     0.000870475     0.298400000
   24000     0.001059928     0.000852843     0.289900000
   24020     0.001022937     0.000818760     0.270000000
   24040     0.001032475     0.000826012     0.272600000
   24060     0.001000990     0.000834247     0.287100000
   24080     0.001060160     0.000844404     0.301300000
   24100     0.000813591     0.000704729     0.325800000
   24120     0.000978803     0.000806377     0.312200000
   24140     0.001017398     0.000825332     0.294500000
   24160     0.001051066     0.000843539     0.276200000
   24180     0.000898915     0.000760256     0.316600000
   24200     0.000933312     0.000799511     0.300300000
   24220     0.001031355     0.000851502     0.289500000
   24240     0.000921676     0.000776619     0.305500000
   24260     0.000944955     0.000782297     0.312800000
   24280     0.000942124     0.000761100     0.292100000
   24300     0.001016897     0.000838400     0.324700000
   24320     0.000997295     0.000816155     0.276300000
   24340     0.001024060     0.000862366     0.284500000
   24360     0.001035357     0.000810160     0.282700000
   24380     0.000943577     0.000781472     0.303300000
   24400     0.000916236     0.000795256     0.348600000
   24420     0.000942823     0.000791779     0.310800000
   24440     0.000979327     0.000829777     0.306300000
   24460     0.001121194     0.000914505     0.291400000
   24480     0.000966862     0.000789116     0.290800000
   24500     0.001007231     0.000819035     0.282600000
   24520     0.000997110     0.000777721     0.259800000
   24540     0.001045541     0.000836202     0.302400000
   24560     0.000954181     0.000798619     0.293200000
   24580     0.000849950     0.000718690     0.311900000
   24600     0.000874576     0.000753219     0.330200000
   24620     0.001050250     0.000894760     0.334500000
   24640     0.001068292     0.000909247     0.323000000
   24660     0.001002730     0.000826324     0.269400000
   24680     0.000858075     0.000691146     0.248500000
   24700     0.000955033     0.000778855     0.289800000
   24720     0.000954311     0.000794605     0.285000000
   24740     0.000993070     0.000782244     0.294900000
   24760     0.001009330     0.000837711     0.311800000
   24780     0.000999136     0.000790281     0.287500000
   24800     0.000962951     0.000802550     0.293700000
   24820     0.001073425     0.000871228     0.289600000
   24840     0.001039458     0.000849348     0.298200000
   24860     0.000994097     0.000824559     0.290900000
   24880     0.000936769     0.000765287     0.286900000
   24900     0.001007155     0.000783992     0.253200000
   24920     0.001064964     0.000855928     0.308700000
   24940     0.000974744     0.000815803     0.319800000
   24960     0.000976352     0.000830567     0.315700000
   24980     0.001048853     0.000896538     0.342000000
   25000     0.001094639     0.000894763     0.312000000
   25020     0.001070079     0.000881509     0.308700000
   25040     0.001152151     0.000890761     0.256000000
   25060     0.000902396     0.000752547     0.280600000
   25080     0.000974653     0.000820411     0.283600000
   25100     0.000951285     0.000788224     0.308700000
   25120     0.000911171     0.000773197     0.338900000
   25140     0.000928603     0.000781232     0.342500000
   25160     0.000953683     0.000823018     0.327700000
   25180     0.000919173     0.000785001     0.348400000
   25200     0.000951237     0.000817825     0.340200000
   25220     0.000940626     0.000792418     0.337900000
   25240     0.000929410     0.000793509     0.349300000
   25260     0.000967238     0.000842484     0.342900000
   25280     0.000887146     0.000780531     0.354900000
   25300     0.000927342     0.000819179     0.358200000
   25320     0.000972681     0.000837610     0.342500000
   25340     0.000951901     0.000819259     0.338100000
   25360     0.001066235     0.000875876     0.310000000
   25380     0.001061408     0.000868057     0.297800000
   25400     0.001068967     0.000858035     0.282500000
   25420     0.001119149     0.000882929     0.239300000
   25440     0.001058212     0.000833299     0.272600000
   25460     0.001042303     0.000861065     0.259500000
   25480     0.001057311     0.000809570     0.244800000
   25500     0.001027785     0.000798715     0.249900000
   25520     0.000961731     0.000808945     0.295800000
   25540     0.001083542     0.000817888     0.262700000
   25560     0.000924860     0.000764831     0.282500000
   25580     0.001012093     0.000826931     0.328400000
   25600     0.001016560     0.000806293     0.283800000
   25620     0.001027717     0.000878543     0.323400000
   25640     0.001000428     0.000821337     0.321200000
   25660     0.000936053     0.000810644     0.337100000
   25680     0.001001924     0.000851836     0.294100000
   25700     0.001069677     0.000856864     0.274600000
   25720     0.001071707     0.000820181     0.286100000
   25740     0.000861440     0.000710408     0.264400000
   25760     0.000986582     0.000795406     0.307800000
   25780     0.000956920     0.000796888     0.320000000
   25800     0.000941612     0.000805739     0.333000000
   25820     0.000984924     0.000827278     0.290900000
   25840     0.000944213     0.000811899     0.304100000
   25860     0.000928605     0.000772667     0.312800000
   25880     0.000964611     0.000820421     0.302200000
   25900     0.001001152     0.000842890     0.307000000
   25920     0.000957586     0.000819165     0.337600000
   25940     0.001090280     0.000927775     0.322100000
   25960     0.000998407     0.000842819     0.305600000
   25980     0.001073296     0.000858272     0.276200000
   26000     0.001048557     0.000847573     0.263600000
   26020     0.000997814     0.000822911     0.276800000
   26040     0.001057120     0.000860613     0.288000000
   26060     0.000980794     0.000817997     0.252400000
   26080     0.001004274     0.000786810     0.252700000
   26100     0.000998093     0.000756264     0.238800000
   26120     0.000977415     0.000782384     0.266000000
   26140     0.001008088     0.000836083     0.278800000
   26160     0.000958860     0.000752520     0.278900000
   26180     0.000906071     0.000789692     0.329200000
   26200     0.001019996     0.000853779     0.312800000
   26220     0.001021328     0.000855014     0.343200000
   26240     0.001005545     0.000809405     0.298900000
   26260     0.000995776     0.000807624     0.261100000
   26280     0.000942008     0.000782443     0.294800000
   26300     0.001023622     0.000833112     0.291800000
   26320     0.001016877     0.000820380     0.266900000
   26340     0.000975016     0.000800075     0.259900000
   26360     0.000966912     0.000808207     0.307800000
   26380     0.001052658     0.000876247     0.312900000
   26400     0.000959167     0.000791863     0.302200000
   26420     0.000965249     0.000774546     0.314600000
   26440     0.000970133     0.000830840     0.328800000
   26460     0.001023366     0.000837704     0.285100000
   26480     0.000934226     0.000755799     0.304500000
   26500     0.000939602     0.000800210     0.336100000
   26520     0.000944960     0.000824751     0.361200000
   26540     0.000988733     0.000869048     0.373200000
   26560     0.000990816     0.000864001     0.358800000
   26580     0.000941933     0.000820707     0.366300000
   26600     0.000878282     0.000779792     0.380600000
   26620     0.000899688     0.000801320     0.385700000
   26640     0.000949448     0.000832552     0.350700000
   26660     0.001029857     0.000871493     0.326700000
   26680     0.000959652     0.000816595     0.304600000
   26700     0.001000637     0.000812681     0.312500000
   26720     0.000991073     0.000841556     0.294300000
   26740     0.000957518     0.000801811     0.318900000
   26760     0.000954398     0.000816700     0.375600000
   26780     0.001098278     0.000922635     0.340500000
   26800     0.000923776     0.000757040     0.275600000
   26820     0.001029488     0.000870049     0.298700000
   26840     0.000951867     0.000790140     0.306700000
   26860     0.000945657     0.000804181     0.312400000
   26880     0.000991151     0.000830514     0.312700000
   26900     0.000927135     0.000799858     0.337100000
   26920     0.001188594     0.000963774     0.295900000
   26940     0.000992635     0.000832594     0.309700000
   26960     0.000981286     0.000836268     0.312000000
   26980     0.000996590     0.000856172     0.324100000
   27000     0.001129080     0.000920002     0.306800000
   27020     0.000976389     0.000800076     0.311900000
   27040     0.000996963     0.000834653     0.304800000
   27060     0.000987121     0.000835996     0.310900000
   27080     0.000989209     0.000826334     0.293500000
   27100     0.001146435     0.000923132     0.262500000
   27120     0.001067650     0.000831903     0.259300000
   27140     0.001097642     0.000829920     0.273700000
   27160     0.001021489     0.000859226     0.328900000
   27180     0.001001480     0.000823468     0.305000000
   27200     0.000970979     0.000810905     0.310500000
   27220     0.001032572     0.000852144     0.295600000
   27240     0.000948683     0.000750432     0.279800000
   27260     0.000986156     0.000808064     0.300900000
   27280     0.000947983     0.000797026     0.304600000
   27300     0.000943530     0.000805371     0.317500000
   27320     0.001068915     0.000851775     0.319600000
   27340     0.000989453     0.000828646     0.273300000
   27360     0.001070045     0.000884265     0.302100000
   27380     0.001099059     0.000885996     0.304600000
   27400     0.001049701     0.000853475     0.288800000
   27420     0.000954422     0.000777039     0.312000000
   27440     0.000963045     0.000842022     0.337200000
   27460     0.000980003     0.000835336     0.330000000
   27480     0.000970901     0.000807244     0.312500000
   27500     0.000973772     0.000829245     0.316700000
   27520     0.000940812     0.000815557     0.328400000
   27540     0.001037114     0.000887647     0.338500000
   27560     0.000967101     0.000823198     0.320900000
   27580     0.000966397     0.000827516     0.351300000
   27600     0.000924442     0.000785028     0.346900000
   27620     0.001013704     0.000848136     0.345300000
   27640     0.001084899     0.000920965     0.317400000
   27660     0.000995489     0.000805929     0.300800000
   27680     0.000925394     0.000761537     0.313900000
   27700     0.000911345     0.000774319     0.312500000
   27720     0.000950684     0.000809255     0.356300000
   27740     0.001003839     0.000867214     0.354700000
   27760     0.000925414     0.000807259     0.336300000
   27780     0.000942227     0.000822546     0.374500000
   27800     0.001051943     0.000887591     0.325900000
   27820     0.000918317     0.000773252     0.341700000
   27840     0.000872868     0.000751984     0.341300000
   27860     0.000997158     0.000833436     0.337600000
   27880     0.000915414     0.000777443     0.306100000
   27900     0.001038546     0.000868273     0.321100000
   27920     0.000937590     0.000786050     0.311400000
   27940     0.000982810     0.000827280     0.307700000
   27960     0.000976808     0.000826308     0.312900000
   27980     0.001074701     0.000886856     0.299900000
   28000     0.000986717     0.000827005     0.312400000
   28020     0.000967341     0.000823518     0.312400000
   28040     0.000995561     0.000842615     0.286500000
   28060     0.001148297     0.000907888     0.291400000
   28080     0.000978753     0.000833450     0.286900000
   28100     0.001026971     0.000832834     0.292300000
   28120     0.000995264     0.000812693     0.292200000
   28140     0.001007243     0.000830134     0.298100000
   28160     0.001117645     0.000875622     0.296700000
   28180     0.001054303     0.000828365     0.279900000
   28200     0.000994042     0.000774308     0.248700000
   28220     0.001066749     0.000851553     0.255400000
   28240     0.001071952     0.000878007     0.312000000
   28260     0.001092786     0.000892982     0.281100000
   28280     0.001061430     0.000796344     0.256600000
   28300     0.001105788     0.000861191     0.267200000
   28320     0.001013694     0.000832848     0.272100000
   28340     0.000872048     0.000747935     0.299000000
   28360     0.000983298     0.000827950     0.326400000
   28380     0.000909493     0.000766279     0.317100000
   28400     0.000961500     0.000775754     0.323600000
   28420     0.000983737     0.000824224     0.356500000
   28440     0.000888880     0.000770300     0.336600000
   28460     0.000943884     0.000812741     0.320400000
   28480     0.000934820     0.000804005     0.354200000
   28500     0.001024822     0.000862477     0.337100000
   28520     0.000949730     0.000825661     0.353100000
   28540     0.000976735     0.000828758     0.355000000
   28560     0.001071775     0.000913533     0.298300000
   28580     0.000976621     0.000820174     0.278200000
   28600     0.001019289     0.000816745     0.278600000
   28620     0.000956615     0.000774342     0.315700000
   28640     0.000957873     0.000794271     0.299700000
   28660     0.001057381     0.000867077     0.305200000
   28680     0.001095356     0.000879786     0.303700000
   28700     0.001106173     0.000897146     0.268300000
   28720     0.001045575     0.000823494     0.289400000
   28740     0.000928352     0.000758095     0.315100000
   28760     0.000961511     0.000823527     0.294700000
   28780     0.000940676     0.000804258     0.313700000
   28800     0.000922530     0.000781547     0.314800000
   28820     0.001035534     0.000854488     0.349300000
   28840     0.001010319     0.000860605     0.332000000
   28860     0.000978181     0.000838316     0.313000000
   28880     0.000931527     0.000828583     0.356400000
   28900     0.000989805     0.000840836     0.348000000
   28920     0.001013778     0.000870823     0.358500000
   28940     0.001012530     0.000862391     0.348200000
   28960     0.001008619     0.000848316     0.310900000
   28980     0.001057051     0.000881882     0.355900000
   29000     0.000932159     0.000808878     0.342900000
   29020     0.001029488     0.000837784     0.318400000
   29040     0.001003769     0.000794132     0.313000000
   29060     0.001014082     0.000846570     0.309900000
   29080     0.001001705     0.000835567     0.315800000
   29100     0.000994741     0.000847484     0.311800000
   29120     0.001104386     0.000921861     0.294500000
   29140     0.001010546     0.000837100     0.273400000
   29160     0.001023382     0.000822225     0.257800000
   29180     0.001000651     0.000798759     0.267900000
   29200     0.000970417     0.000789566     0.320300000
   29220     0.001000174     0.000825312     0.300400000
   29240     0.000890552     0.000723879     0.323300000
   29260     0.001009213     0.000831307     0.291900000
   29280     0.000948293     0.000788105     0.296700000
   29300     0.000963389     0.000810558     0.309900000
   29320     0.001007846     0.000820549     0.295000000
   29340     0.001007530     0.000795082     0.309600000
   29360     0.000984367     0.000812380     0.279000000
   29380     0.000915371     0.000784098     0.332200000
   29400     0.000895728     0.000769150     0.322900000
   29420     0.001029337     0.000890040     0.331800000
   29440     0.000975509     0.000812986     0.329600000
   29460     0.000963349     0.000832493     0.344900000
   29480     0.000968478     0.000840599     0.360900000
   29500     0.000977326     0.000827713     0.349900000
   29520     0.000980800     0.000843413     0.341000000
   29540     0.001074031     0.000893660     0.298100000
   29560     0.001031585     0.000813363     0.275200000
   29580     0.001005465     0.000821921     0.303400000
   29600     0.000921481     0.000782525     0.299100000
   29620     0.000907454     0.000740449     0.291300000
   29640     0.000942185     0.000787991     0.335500000
   29660     0.000979312     0.000819244     0.329800000
   29680     0.000912089     0.000770554     0.329900000
   29700     0.000999203     0.000841695     0.346800000
   29720     0.000980195     0.000830982     0.289300000
   29740     0.001011164     0.000808824     0.277500000
   29760     0.001029892     0.000842258     0.291800000
   29780     0.001224160     0.000942785     0.274700000
   29800     0.000910269     0.000751855     0.283300000
   29820     0.001017591     0.000861272     0.313300000
   29840     0.001030627     0.000877229     0.323400000
   29860     0.001022492     0.000826664     0.301200000
   29880     0.001213445     0.000984955     0.294300000
   29900     0.001064275     0.000890248     0.292600000
   29920     0.001149753     0.000896768     0.269000000
   29940     0.000973457     0.000819005     0.304100000
   29960     0.000982091     0.000819897     0.310100000
   29980     0.001034630     0.000883837     0.319900000
   30000     0.001026157     0.000862778     0.302700000
