      20   80   59   94   67   70   71   41   68  106   88
      40   27   62   76   69   25   25   39   38   49   82
      60   16   16   67   27   47   33   33   42   25   34
      80   34   27   50   69   43   54   17   28   35   13
     100   30   44   69   32   43   47   22   28   23    8
     120    8   26   61   29   42   60   29   41   10   28
     140   14   32   55    3   43   17   29    4   16   52
     160    5   10   29    7   46   13   21   67   12   61
     180    3   26   27   19   53   61   11   56   13    5
     200   15   10   23   12   21   44    0   43   27   15
     220    8    9    9    3   22   21    9   48   14   33
     240   14   18   15    4   29   18   22    9    2   22
     260   53   28   15   43   51   23   22   17   55   33
     280   36    3   26   17   69   17   35   12   17   41
     300   21    1   29   48   52   22   68   19   20   42
     320   58   37   18   50   30   33   67   16    7   42
     340   59   27    7   29   29   33   53    8   34   32
     360   38   49   23   41   42   34   62   35   25   10
     380   39   64   11   24   33   20   12   36   39   30
     400   64   43   73   45   12   28   22   45   37   46
     420   43   35   40   42   41   17    2   26   23   48
     440   18   27   43   34   97   26    2   25   45   19
     460   24   22   27   27   29   67   27   26   40   23
     480   15    2   59   46   21   78   19   51   30   18
     500   24   26   12   14   40   55   14   33   49   12
     520   22   38   26   14   46   61   45    9  109   13
     540   52   30   14   31   23   62   52   13   56   27
     560   17   43   10   22    8   42   12   20   41   27
     580   16   21   10   28   27   25   15    7   60   11
     600   43   12   16    5    3   28   19   14   68   10
     620   42    8   67   16   18   39   13   10   48   37
     640   34    4   36    5   45   37   27    7   15   62
     660   11   11   11    2   59   44   71   24   54   52
     680   43   12   22    1    8   62   46   66   48   37
     700   20   11    4   18   30   39   15   16   46   36
     720   51   20    3   38   18   46   20   13    8   18
     740   43   57   33   27   16   88   30   36   49   16
     760   24   94   36   17   40   37   55   75   18   14
     780   21   53   28   13   40    5   21   53   15   27
     800   10   73   42   13   24   12   28   30   20   75
     820   41   79   61   16   40    2   18   46   54   58
     840   10  102   47    5   11   44   67   26   34   36
     860    3   50   25   28   33   60   44   80   54    1
     880   25   36   15   25   54   36   29   50   30    2
     900   52   21   12   17   32   66   42   63   62    8
     920   27   40    6   23   31   34   30   61   52   14
     940   58   48    4   38   21   15   44   38   53   21
     960   42   51    7   36    4   42   49   64   65   23
     980   34   10   49   18   14   56   82   47   46   11
    1000   50   13   26   12   41   45   58   11   29   15
    1020   67   10   25   25   26   59   50   19   16    2
    1040   30   34    9   18   25   72   32   36   30   40
    1060   44   22   29   48   18   73   33   12   47   51
    1080   38   48   39   33    3   38   43    6   51   69
    1100   19   64    8   61   11    9   53    8   39   51
    1120    9   42    8   27    0   21   38    5   15   35
    1140    8   20   45   66   23   58   26   23   39   50
    1160    0   19   51   43   26   25   38   54   26   25
    1180   12   45   66   17   38   18   58    9   55   37
    1200   22   41   42   10   33   22   87   15   38   26
    1220   29   64   21   19    9   17   44   17   21   11
    1240   68   58    4   52    3   41   40   61    2   63
    1260   87   24    9   47    6   17   21   59   36   19
    1280   15   36   27   35   10   32   43   38   23   44
    1300   28   62   39   27   24   26   28   23   81   66
    1320   26   85   25   35   43   38   10    2   19   47
    1340   13   53   33    5    9   64   40   25    9   31
    1360   30   28   19    7   19   58   43    7   33   30
    1380   29   51   61   40   39   72   74    6    6    7
    1400   39   92   22   82   62   66   55    1   28   49
    1420    7   11   47   70   93   42   35   12   60   12
    1440    9   48   41   40   47   33   36    3   30   22
    1460   28   51   14   23   63    2   37   16    8    5
    1480    1   59    5    9   52   25   43    5   10   19
    1500   23   39   12   28   40   37    4    3   26   29
    1520   52   15   15   13   32    8   54   28   15   28
    1540   22    7   13   16   19   30   14   18   31   26
    1560   31    1   48   16   45   51   25   34   68   33
    1580   60   28   25   37   79   42   90   32   36    2
    1600   53   30   26   75   35   33   41   29   48   24
    1620   16   13   10   18   20   53   37   48   17   50
    1640   23   32   41   10   31   65   15   66    4   55
    1660    4   35   27   25   34   36    2   55    0   37
    1680   34   26   37    6   62   11    7   38   29   26
    1700   52   12   26   15   42   15   12   35   76   35
    1720   99   22   51   30   38   18   27   20   62   27
    1740   22   26   74   64   38   53   38   32   39   25
    1760    8    2   67   47   25   41   47   52   32   35
    1780    8   19   29   44   15   50   82   50    9   17
    1800   20   40   10   54    2   56   39   47    0   24
    1820   36   34   34   16   31   25   15   27    1   66
    1840   52   36   34    1   48   28   34   28    0   47
    1860   35   26    8   51   70   30   36   37   19    9
    1880   57   66    8   23   35   79   45   15   20   45
    1900   58   38   56   45    3   13   33    4   15   54
    1920   79   26   48   33   22    8   22   19   23   51
    1940   38   27   50   50   16   28    0   15   23   40
    1960   32   19   57   42   22   21   11   14   43   46
    1980   37   55   41   57   26   30   73    5  104   45
    2000    7   52   25   27   13   24   96   12   36   43
    2020   13   20   53   18    0   34   59   15   75   32
    2040   45   30   80   32    2   45   19   19   21   42
    2060   40    8   65   42   22   50   44   22   54   32
    2080   35    4   37   59   27   59   41   41   24   45
    2100   54    2   64   25    3   66   32   26   29   54
    2120   53    5   29   34   17   10   10    5   25   55
    2140   57    6   25   18   13    2    2   12   23   60
    2160   10   10   33   52    9   10    4   38   39   56
    2180    6   24   16   58   16    6   42    2   31   12
    2200   29   29   29   43   31   47   45    3   57   14
    2220   26   14   19   15   23   25   31   19   68   20
    2240    6   16   11   30    4   56   51   49   33   32
    2260    1   13   46   31   36   40   40   48   20   34
    2280    5    4   35   31   18   41   63   43   32    0
    2300    3    9   31   16    6   14  113   33   45   22
    2320   12   21   86   19    3   30   53   33   41   17
    2340   14   43   48   43    0   35   24   28    8   31
    2360   24   25    5   18   20    9   45   29   13   67
    2380   22   43   17   10   22   34   39   35   17   27
    2400   36   35   12   42   60   22   22   33   37   14
    2420   31   48    3   42   47   35    1   43   65   30
    2440   28   57   15   42   54   60   17   55   21   28
    2460    9   31    2    9   23   56   20    5   24   12
    2480    8   42   23    4    5   13   18   17   30    5
    2500    4   61   12   40    6   10    5    7   82   31
    2520   12   36   18   32    6    2   16    7   63   20
    2540   22   68   22   23    6    9   21   15   32   14
    2560    7    5   42   92   28    8   27   13   38    6
    2580   28   26   32   78   24   13   45   27   52   16
    2600   12   10   10   56   49   27   21   41   48   42
    2620    6    2   11   60  103   73   87   28   28   61
    2640   24    1   49   26   28   63   46   41   45   86
    2660    7    9   25   21   70   31   21   30   31   59
    2680    1    7   56   26   27   34   41   51   27   60
    2700   37   33   38   51   31   28   83   55   15   23
    2720   27   40    9    8   52   61   86   22   43   42
    2740   11   43    2   53   39   44   33    6   40   34
    2760    2   14   34   77   48   52   14   19   38   17
    2780    0   12   22   54   27   20   17   17   36   49
    2800    0   19   12   44    6   29   13   13   57   42
    2820   14   48    8   44   15   32   35   44   48   20
    2840   17   32   34   53   35   15   10    0   56   19
    2860   19   36   27   58   28   22    3    7   33    1
    2880   44   84   54   65   25   19   15   20   34   16
    2900   44   37   77   66   54    3   28   52   37    8
    2920   24   62   39   45   24    5   28   39   48   34
    2940   11   18   65   70   15   18   25    8   42   28
    2960   15   35   65   59    2   57   24   25   18   40
    2980    6   11   34   53   17   52   37    5   11   26
    3000    3   12   26   37    3   48   13    2    5   18
    3020   13    2    6   48   23   21    7    3   11   38
    3040   33    5   53   37   26   15   29    5   27   45
    3060    4   11   27   44    6   47   51   14   10   23
    3080   33   32   32   26   14   43   53   16   34   38
    3100   43   10   15   22   19   16   24   56   33   27
    3120   64    4    1   31   43   47   43   23   73   19
    3140   48   36   34   18   38   17   82   42   45   11
    3160   37   19   39   48    2   33   24   46   34   41
    3180   11    9   23   64   28   52   31   24   11    8
    3200   14    5   32   28   89   32   16    8   15   14
    3220   20   66   21   53   64   21   21   14    9   31
    3240   27   52    9   47   40   30   30   14   12   56
    3260   24   42    3   33   31   24   17    7   29   77
    3280   40   43    8   46   26   23   51   13    9   71
    3300   15   60    2   52   52   23   21   11    0   69
    3320   34   66   34   31   15   33   42    6    7   41
    3340   67   94   25   25   27   50   31    3    0   33
    3360   17   51   17   49   25   47   69   39   25   15
    3380   24   45   22   22   28   21   90   25   33    7
    3400   38   41   62   57   27   14    9   36   55    0
    3420   53   30   45   51   59   15   34   47   10    3
    3440   37   50   57    8   29    7    7   53    7   33
    3460   43   53   68    0   44   23    9   35    4   93
    3480   64   36   43    8   59   36   32   45   36   63
    3500   41   34   38    8   14   62   46   28   47   75
    3520   45   15   26    3    0   36   70   35   13   19
    3540   37   14   38    1    0   54   93   24   21    1
    3560   72   52   36   16   14   55   40   16    6   63
    3580   74   22   35   59    0   76   45   17   26   24
    3600   35   31   20   60    0   42   51   39   48   12
    3620   20   45   15   42    1   10   35   18   50   12
    3640    0   62   27   31    8   25   36    7   58   30
    3660   13   57   16   39    3   50   23   42   55   34
    3680   25   44    6   67    5   11   18   29   45   30
    3700   34   34    7   33   20   19   39   25   35   12
    3720   15   26    5   34   43   45   40   13   34   20
    3740   29   29    0   25   29   56   24   12    7   13
    3760   81    4    0   27   25   24   10   10    5    2
    3780   26    2    7   25   40   22   34   36   15    0
    3800   20   12    9   29   57   63   29   18   31    7
    3820   54   25    0   40   39   51   26    4   55   32
    3840   53   12   13   45   38   65   26   11   56   12
    3860   35   35   33   10   42   29   11   17   51   49
    3880   50   34   48   18   44   80   42   38   53   36
    3900   67   12   15   35   16   33   58   37   21   52
    3920   56    5    3   16   13   35   60   42   45   71
    3940   46    1    5   30   12   40   13   21   20   41
    3960   23   48    5   44   15   26   12    5   24   28
    3980   28   50    4   16   44    4   32    9    3   40
    4000    7   11   17   38   62   31   77   72   12   27
    4020   48   26   23   13   50   11   44   70   54   15
    4040   54   20   33   10   11   19   25   14   23   18
    4060   96   42   62   25    7   15   69   36   10    8
    4080   43   33   64   24    7   40   41   42   19   27
    4100   55   42   47   14   61    0   63   41   11   44
    4120   26   73   21   52   39    0   49   27   48   40
    4140   44   71   19   29    7    6   15   18   27    2
    4160   77   48   48    0   28    0   22   17   78    1
    4180   43   48   80   25   53   19   15   12   35    8
    4200   28   26   39   45   49   21   17   30    1    7
    4220   26   20   13   18   45    7   16   27   18    5
    4240   40   42   39   20   29   22   32   24   40   18
    4260   42    7   36   29   51    2    8   27    0    2
    4280   35   14   13   20   61    6   37    0   51    1
    4300   72   33   99   49   69   37   30   13   76    1
    4320   41   38   56   28   21   40   17   26   71    1
    4340   47   21   72   54    5   54   26   29   89   28
    4360   45   44   88   16   13   40   51   35   47   16
    4380   35   45   27   26   14   14   25   61    9   23
    4400   22   36    4   38    0   17    6   69   10    1
    4420   16   19   22   31    0    7    1   27   26   37
    4440    5   24   63   34    3   16   19    6   22   12
    4460   13    0   60   44    3    9    8   19   12   29
    4480    0    6   17   45   18   33   19   28    4   31
    4500   15   43   68   80    1   63   64   38   46   22
    4520   33   36   24   44    7   40   36   27   69   14
    4540   27   44   32   58   22   54   22   23   77   51
    4560   28   18   26   33   11   26   21   17   61   43
    4580   35   39   75   29   28   20   21    5   31   50
    4600   29   31   47   19   47   57   30    4   31   45
    4620   18   45   30   40   21   48   21   16   18   29
    4640    7   32   14   41   23   57   11   29   12   17
    4660    2   15    7   24   22   33   50   42   21   19
    4680   14   15   22   29   32   23   36   47   56   15
    4700   20   31   17   22    1   47   25   51   56   39
    4720    3   29   21   14   13   35   39   32    4   18
    4740    1   20   15   42    8   25   58    8    8    7
    4760   41    0   11   21   11   34   54    6    8    5
    4780   25    7   12   46   13   22   31    8   52   28
    4800   38   21   10   95   70   21   36   11   27   34
    4820   12   49   29   32   49   24   73    4    5   31
    4840   60   81   26   89   48   53   29    0   59   23
    4860   42   72   59   41   67   15   68    9   31   75
    4880   55   39   18   28   49   14   29    6   54   48
    4900   11   23   44   16   51    6   38    4   63   32
    4920   35   30   39   26   76    3   21   11   68   18
    4940   40   37   20    7   36   11   23    8   44    2
    4960   19   13   38    9   34    0   43    4   37   28
    4980   18   55   20   26    6   32   31    0    9   60
    5000   17   20    4   46   22   53   46   19   13   60
    5020   12   11   30   38   23   42   18    5   15   39
    5040   13    2   13   61   16    1    0   14   32   43
    5060   28   12   18   67    8   21   27   19   30   26
    5080   20   43   66   29   14    2   28   14   16   46
    5100   34   21   27   18   14   35   31   38   33   31
    5120   21   24   33   33   22   39   40   13   36   33
    5140   35   47   47   33   17   23   18    3   28   16
    5160   36   69   47   32  101   27   20   38   12   67
    5180   56   57   29   32   31   11    1   22   45   52
    5200   24   30   93   45   14   52    9   21   18   51
    5220    3   36   36   24   24   27   11   27    8   47
    5240    6   19   71   32   17   47   49   28   23   10
    5260   18   18   21   19   30   26   41   60   36    5
    5280   56   12   17   19   39   10   32   90    5   16
    5300   62   17   25   28   18   41   43   80   13   23
    5320   44   61   25   64   13   29   14   23   15   69
    5340   41   77   39   46   29   14   12    9   11   45
    5360   16   23   48   41   55   25   18   50   12   20
    5380   15   14   45   30   59   36   11   47   11    5
    5400   10   16   58    7   40   31   13    8   53   53
    5420    1    5   48   15   40    3   14   19   59   24
    5440    6    2   29    9   23    0    3   30    9   12
    5460   35    1   10    1   19    2   27   31   15   64
    5480   21    8   31   11   13    9   43    5   54   23
    5500   17   10   62   35   65   40   19   40   20   13
    5520   35   14   39    8    2   18   11   26   37   52
    5540   41   48   29    4   43    7   10   13   72   38
    5560   77   94   28   27   21   73   16   64   60   19
    5580   50   17   47   57   41   49   38   48   36    8
    5600   26   72   28   20   44   34   64   48   19   23
    5620   44   48   60   29   61   24   36   76   20   40
    5640   97   46   66   21   84   24   65   77   16   34
    5660   40   42   40   13   43    5   39   52   20   32
    5680   28   27   56   28   37   35   29   42   28   84
    5700   60   30   29   53   61   50   17   34   10   42
    5720   56   32   38   37   37   41   21   33    9   10
    5740   41   41   44   57   43   49   21   25   50   43
    5760   53   19   33   30   19   21    9   30   82   47
    5780   60   10   20   20    6   39   13   31   48   28
    5800   17   23   53   16   10   38   38   77   23   40
    5820   14   24   54   12   20   15   51   49   25   31
    5840    1   14    1   26   20   18   41   25   44   36
    5860    1   37    3   23   47   35   68    8   45   25
    5880   25   46    0   55   21   21   51    1   29   44
    5900   18   44    1   40   54   27   77   65   29   16
    5920   60   58   35   11   22    7   17   40   27   26
    5940   60   53   41   13   12   50   12   36   35   23
    5960   30   54   44    9   11   23   58   40   38   22
    5980   37   63   62   29   32   34   49   36   50   27
    6000   45   67   34   47   35   41   49   76   68   19
    6020   61   36   31   31    4   38   49   34   32   15
    6040   74   25   31   10   19   56   31   18   17   19
    6060   70   18   30    2   20   57   13   23    5    3
    6080   41   24   56   17   31   11   46    4   55   16
    6100   27   14   24   22   36   10   61   43   45    7
    6120   28   28   57   21   25    9   52   30   23    5
    6140   17   70   21   42   34   42   23   11   40   21
    6160   23   47   14   13   11   16   28    1   46   22
    6180   26   46   10   23   22    3   19   12   27   37
    6200   58   31    6    0   10    5   23   26   19   11
    6220   54   28   25   13   27   71   26   30    7    0
    6240   45   25   27   21   74   53   35   17   30   19
    6260   23   17   41   42   52   26   48   61   21   18
    6280   15   14   59   42   31   23   40   58   64   17
    6300   17   60   29   61   37   34   43   15  104   38
    6320   48   26   41   50   39   21   22   39   67   23
    6340   37   27   37   24   40   24   52   29   25   16
    6360   79   60   14   18   55   12   53   24   27   28
    6380   15   51   14   19   42   21   72   44   28   54
    6400    9   71   30   20   28   28   21   68   60   28
    6420    5   12   33    7   23   25   23   29   41   40
    6440   14   20    3   37   10    7    4   75   20   79
    6460   35    4    9   31   13   37   23   51   12   57
    6480   22    3   75    1   16   56   24   55    8   49
    6500   19    6   52   17   20   29   53   22   22   21
    6520   41   28   40   38   58   30   26   46   25   28
    6540   50   19   75   43   58   25   23   50   13   43
    6560   35   19   62   20   63    1   17   69   36   22
    6580   27   53   54   58   20   17   39   53   58   58
    6600   35   19   11   41   30   36   21   30   40   39
    6620   21   35    7   11   17   23   11   31   37   42
    6640   47   27    6   24    1   15    1   32   50   54
    6660   11   22    1   28   18   19   35   38   37   31
    6680   39   69    8    0   26   27   40   51   32   29
    6700   12   56   21    2   40   32   61   64   34   97
    6720   24   30   38   21   61   13   34   36   48   41
    6740   23    1   31   37   43   15   63   25   24   11
    6760   55   52   42   64   23    1   26   36   26   21
    6780   24   19   19   23   37    2   26    6   17    8
    6800    2    1    4   15   15   13   12   18   79   26
    6820    6   12   16    6   28    7   30   12   65    8
    6840    9   10   53    0   18    8   17   43   43    8
    6860    1   31   42   14   10   12   15   13   47   41
    6880   43    3   26   33   11   70   10   39   49   24
    6900   26   13   52   43   19   26    7   56   37   19
    6920   18   26   15   44    0   49   22  123   78   39
    6940   31   37   25    4   14   41   13   34   41   14
    6960   27   35   57   14   56   37   10   64   46   29
    6980   26   13   44   64   27   40    9   50   49   38
    7000   47   41   33   48   44   32   75   35   53    5
    7020   65   54   30   62   13   44   26   30   10    3
    7040   18   38    3   66   16   14    2   17   31    5
    7060   25   19    0   75   18   19   18   34   41    6
    7080   50   31   13   13    5   41   43   36    5   15
    7100   29   24   17    5   36   23   27   72    9   16
    7120   58   11    7   31    5   37   37   34   49   40
    7140   40    3   57   46   11   31   84   71   58   27
    7160   31   18   81   38   27   26   41   41   30   10
    7180   10   52   40   53   28   45   41   23   17   13
    7200    5   39   66   28   21   45   40   17   75    4
    7220   33   10   17   37    8   20   14   25   79    9
    7240   59   44   13   59   32    2    3   36   33   19
    7260   32   40    8   52   41   48   17   16   14   45
    7280   10   43    6   30   50   20   27    5    3   27
    7300   21   57    9   19   30    5   50   32   26   62
    7320   12   41   14   22   21   36   53   12   27   35
    7340    4   42   44   56   22   14   37   35   10   44
    7360   24   45   55   31   28   53   38   32   25   38
    7380   33   49   46   81   61   47    1   60   25   66
    7400   37   32   56   36   52   86   12   35   77   58
    7420   12   21   26   46   20   27    6   11   46   51
    7440   40  102   19   55   35   20   32   16   64   15
    7460   53   67   17   31   50   10   22   23   38    3
    7480   20   30   43   22   37   37   50   12   36   53
    7500   49   24   23   26   25   20   68   17   30   67
    7520   53   70    4   28   15   58   29   26   17   31
    7540   30  106    1   38   22   32   33   55   22   23
    7560   40   39   16   52   28   24   45   18   32    6
    7580   30   10   35   35   62    4   31    8   23    1
    7600   17    9   12   18   34   22   51    3   32   13
    7620   31    3   56   37   30   25   45    9   14   22
    7640   58   20   19   71   78   17   25    1   18   15
    7660   41   18    9   60   49   15    8   35   31    2
    7680   54   43   26   49   40   15   24   24   24    4
    7700   24   55   17   60   21   28    9   56   41    0
    7720   17   25    7   59    5   37   21   52   37    0
    7740   53   17    6    5   23   62   50   59   45   31
    7760   21   23    6   32   60   25   54   64   48   22
    7780   65    2   23   62   40   51   28   51   27    9
    7800   37   24    7   40   30   32   42   22   34   30
    7820   53   11   17   59   84   23   22   28   27   29
    7840   41   31    4   48   67   28   37    5   50   26
    7860   23   10   36   33   12   61   28    3   32   24
    7880   25   40    8   28   17   27   65   20   39   16
    7900   35   28    5    7    7   16   20   22   81   93
    7920   27   56    0   34   92    7   14   31  101   43
    7940   41   36    9   74   70    4   34   13   48   26
    7960   33    6    9   41  102   16   52   45   77   29
    7980   29    7   44   38   69   13   26   47   43   13
    8000   38   92   37   27   23    4    9    8   55   73
    8020   15   72    9   40   24   30   17   12   40   44
    8040    7   40   12   40   37   71   30    1   29   43
    8060    4   15    9   25   33   33   24    0   40   26
    8080   12    8    1   28   29    5   47    3   71   52
    8100   21   16   13   57   11   13   32    4   17   30
    8120   17   24   41   46   49    0   14   42    8   19
    8140   33   48   37   21   14   27   26   45   13   10
    8160   41   25   38   14   10   49   51   15   22    7
    8180   63   63   50   43   12   37   22   49   26   16
    8200   34   31    6   18   49   49   41   92   21   65
    8220    9   12    5    0   32   85   47   13   37   53
    8240   16   27   43   11   29   36   31   22    0   40
    8260   22   33   39   14   24   25   50   45    0   21
    8280   13   61   13    9   41   12   62   34    9    6
    8300   36   35    6    5   43   66   42   62   22   60
    8320   26   51    9    9   66   58   47   43   16   42
    8340   24   54   23   42   66   40    2   41   25   30
    8360   53   40    6   35   24   24    9   38   49   16
    8380   26   59   31   19   30   14    9   37   23    8
    8400    3   23   42   57   36    0   12   65   27   32
    8420    2    6   45   26   28    8   42   35   15   47
    8440   32    0   25   31    3   29   65    4    6   19
    8460   43    5   39   23   24   72   77   54   13   29
    8480   41    1   40   51   27   65   43   38   28   58
    8500    7    8    7   62   58   34   16   66   43   54
    8520   24   28   24   60   11    2    8   37   24   75
    8540   44   19   14   30   13   11   10    3   47   41
    8560   48    9   19   48   58   19   34   11   12   17
    8580   30    5   18   38   30   27   17    7    1   13
    8600   41    4   16   44   19   37   29   25   36   34
    8620   11    5   21   18   43   35   60    7   34   35
    8640   15   23   10   15   74    9   20   36   10   41
    8660    9    8   27   27   59   15   20   21   35   41
    8680   68   30   23   11   34   40    3   26   59   31
    8700   81   31   30   20    9   20   24   22   11   12
    8720   24   26    0   30   12   28   30   14   24   25
    8740   68   52    6   45   21   43   40   19   33   70
    8760   46   18   24   32   18   23   65   48   24   69
    8780   63   37   14   51    5   47   42   43   33   49
    8800   25   56   10   77   33   83   23   48   28   34
    8820   37   31   11   31   29   43   17   45    8   27
    8840   45   37   39   68   26   27   17   15    2   25
    8860   55    9   20   52   44   36   48   30    4   25
    8880   47   12    7   75   55   50   32   58   22   41
    8900   39   22   24   12   45   32    3   22   59   29
    8920   17   16   21   25    1   32    5   21   36    4
    8940   25   47    1    0    7   55    0   32   63    0
    8960   43   59   13   11    7   82    0   12   24    9
    8980   38   40   44   39   16   31    0   47    4   12
    9000   38   14   55   51   21   54    3   59   63    5
    9020   29    9   20   13   27   41   11   11   29   35
    9040   53   15   59   19   14   54   11   33   15   16
    9060   69   22   57   16    2   27   21   19   11   43
    9080   45   53   21   18    6   32   35    5    8   28
    9100   15   35   20   29    3   64   46   18   49   28
    9120    9    2   30   44   14   22   35   28   47   36
    9140   61   20   45   41    0   62   52   14   32   19
    9160   33   46   12   20   25   85   61   20   14   47
    9180   15   37    2   38   14   50   49   39   45   37
    9200   46   51   13   22   23   39   92    5   26   27
    9220   49   19   22   10   62   41   20   31   50   44
    9240   41   26   66   67   51   31   29   67   66   21
    9260   27   10   69   33   26   42   84   42   35   22
    9280   25    9   52   21   69   52   80   27   37    9
    9300   21   15   10   39   54   19   40   69   35    7
    9320   37    9   29   34   67   17   15   23   64   32
    9340   39    7   32   24   43   37   21   11   37   41
    9360   23    3   43   37   16   15   12   61   58   47
    9380    5   10   78   63   29   17   16   33   25   21
    9400   40    5   34   39   27   50    9   27   77   28
    9420   25   44   13   13   44   23   19   30   64   38
    9440   14   38   46   53   20   33   15   10   26   53
    9460   42   65   16   39   35   97   27   42   48   37
    9480   16   41   49   43   44   42    7   30   46   36
    9500   64   18   32   32   35   68   14   76   13   43
    9520   35   41   25    2   40   62   26   58    0   17
    9540   15   46   13   10   64   17   29   25   22   25
    9560    4   10   15    3   37   36   42   47   35    4
    9580   10   10   22    2   30   19   11   49   25   31
    9600   43    6   48   47   26   51   10   65    1   23
    9620   26    5   38   36   31   25    5   19   22    1
    9640   22   34   79   47   52   18   34   11   61   20
    9660    2   41   18   38   26   53   15   37   28   11
    9680    5    0    0   22   19   41   26   39   13   56
    9700   10    5    8   24   44   58   11   12    7   30
    9720   38    2   10   40   49   70   30   47    5   37
    9740   21    3    7   65   44   48   59   15   16   56
    9760   23   50   24   45   24   16   57   33   13   22
    9780   21   57   34   28   27    1   45    8   15    0
    9800   21   60   22   50   51    2   64   13   24    2
    9820   58   43    9   46   40   23   43   13   56   20
    9840   29   25   44    8   11   28   17   48   54    9
    9860    4   13   97    0   23   24   17   29   30   32
    9880   13   22   51    0    0   18    8   46   33   12
    9900    1   63   40    2   34    5   41   10   28   29
    9920    7   81   32    8   34    7   55   37   51   52
    9940   18   78   29   58   45   35   30   36   55   62
    9960   27   13   27   67   50   22   64   16   44   46
    9980   44   55   29   65   38    4   56    2    9   80
   10000   30   72   22   19   68    5   52   11   83   60
   10020   41   40   17   23   72    0   26   46    9   43
   10040   28   31   36   26   10    7   64   48   20   33
   10060   35   19   53   16    6    2   45   46    6   32
   10080   66    2   37   13   10   12   24    0   48   22
   10100   32   18   20    1    2   11   16    8   33    2
   10120   11    2   31   22    4   10   23   41   19   27
   10140   62   13   30   44   15    3   28   59   29   39
   10160   54   15   43   84   48    1   80   37   35   18
   10180   54   39   66   37   35    5   64   67   54   19
   10200   42   17   43   62   31   18    9   64   26   15
   10220   26    5   46   55   40   10    1   33    7   15
   10240   25   38   75   29   37    5    1   30   11   24
   10260   34   37   51   32   28   42   32   49   17   21
   10280   51   38   50    0   36   26   17   53   35   64
   10300   27   18   46   13   56   60   34   71   24   96
   10320   46   10   36   23   28   52   33   52   45   66
   10340   30   18   22    7   28   38   23   42   28   37
   10360   20   32   57   17   60   39   33    9   85   49
   10380    7   20   17   34   11   23   48   33   57   59
   10400   11   34   71   49    0   17    6   26   46   51
   10420   11   37   77   47    5   38   30   26   10   22
   10440   13   48   34   27    3   31   53   14    0   63
   10460   30   16   33   22    1   30   20   15   22   36
   10480   14   27    9   42    2   34    7   14   40   79
   10500    1   39    7   32   10   66   18   14   26   42
   10520   16   23   28   39    2   60   21   27   42   30
   10540    2   14   31    9    0   21   25    7   47   24
   10560   23    3   44    0    5   11   10   13   57   31
   10580   71   44   66   11   11   14   37   36   22   31
   10600   23   22   19   14    6   31   40   17   19   23
   10620    1    6    2   35   10   66   17   13   22   40
   10640   19    0   19   10    4   42    7    5   58   51
   10660   39   14   25   24   13   33    3    5   56   50
   10680   31   46   30   35   10   42   16   15   91   23
   10700   13   40   33    3    1   34   34   16   41   22
   10720    3   47   68   21    4   48   19    4   32    5
   10740   12   45   28   39   14   62   58   19   28   46
   10760   26   34   67   28    5   45   47    8   24   42
   10780   34   53   73   21   10   45   54   48   58   44
   10800   59   50   33   40   14   31   59   43  101   45
   10820   30   44   11   45   23   25   31   37   48   38
   10840   14   48   23   69   53   37   19   36   60   10
   10860   24   21   17   28   38   45   30   36   45   23
   10880   32   65   37   96   32   18   67   17   45   30
   10900   14   95   26   66   45   77   27   16   74   26
   10920   29   31   32   33   27   24   12   12   40   61
   10940   60   38   47   46   29   29   48   11   41   35
   10960   29   25   29   17   26   14   57   36   13   38
   10980    8   19   34   14   16   27   15   32    9   37
   11000   73    5   22   13    2   30   43   14   10   38
   11020   29   14   13   37   16   38   12    2   27   54
   11040   18   21   11   40   29   37   13   25    8   31
   11060   43   16   33   36   40   25   22   68   18   14
   11080   46   57   16   42   54   21   25   72   65    7
   11100   33   48   22   33   29   22   30   57   10   43
   11120   15   16   22   11   21   56   23   52   18   69
   11140   58   26   14   13    4   39    9   22   40   72
   11160   45   26   33    3   11   39    2   11   37   27
   11180   43   42   36   20   18   23   12   22   38   41
   11200   19   33   12    5   54   27   27   19   26   65
   11220   26   18   25   34   47   48   15    1   29   31
   11240   71   51   38   55   65   53   17    0   60   27
   11260   32   38   11   28   69   75   31    3   91   15
   11280   37   24   28   41   27   47   45   15   61   49
   11300   29   19   42   18    9   36   48   25   22   71
   11320   19   25   35   24   23   30   54    2    3   53
   11340    6   14   45   27   27   26   33   33   54   40
   11360   42   32   31   25   44   18   50   34    6   17
   11380   34   52   40   22   56   23   47   41   19    7
   11400    3   38   38    7   35    5   17   37    3   18
   11420   17   14   55   20   53   33   20   25   23  126
   11440   39   24   40    8    4   13    1   33   18   47
   11460   24    6   14    6   11   15   19   54   18    8
   11480   23   13   30    1    5   24    3   42   45   38
   11500   86    6    6   30    6   30   27   38   21   32
   11520   47    0    4   27   52   36   16   53   13   50
   11540   39    3   35   59   10   40   13    3   29   73
   11560   30    6   75   31   15   50   25   26   39   41
   11580   46    5   40   41   71   29   16   40   50   19
   11600   54   15   50   72   38   22   24   43   61   42
   11620   13   14   69   60   24   38   63   30   51   56
   11640   42   72   41   45   65   40   42   25    6   15
   11660   47   48   19   22   45   39   30   57    7   28
   11680   24   39   49   15   25   43   15   57   32   24
   11700   38   82   33    8   28   42   42   81   29   21
   11720   47   37   13    2    8   83   12   66   60   28
   11740   16   17   54   18   12   39   24   54   31   26
   11760   21   50   45   37   20   28    7   61   21   20
   11780   64   17   35   26   55   18   16    6   39    2
   11800   26   70   38    8   53    3   43   13   15   13
   11820   15   31   30    3   46    6   19   27   41   59
   11840   22   43   23    1   22   24   21   47   40   32
   11860   48   41   30    8   27   43    1   37   24   24
   11880   57   20   23   17   39   40    0   61   16   15
   11900   74   53   40   51   77    0   10   17   19   72
   11920   53   81   29   47   31   37   14   45   13   57
   11940   66   21   28   62   56   59   21   23   10   29
   11960   14   26   49   55   44   71   42   21    5   52
   11980    9   28   58   35   26   89   27   66   21   57
   12000   22   21   46   67   47   60   21   35   23   31
   12020    3   11   55   66   50   22   34   33   35    8
   12040   12   83   36   30   27    9    8   50   57    0
   12060   17   81   17   45   45   49   14   45   38   13
   12080   48  105   24   40   67   37   38   32    9   32
   12100   33   52   15   23   39   34   42   51   33    5
   12120   38    8    7    6   19   70   22   73   27    5
   12140   26   33    7    6   17   43   31   73   48   10
   12160   57   33   17   17    7   38   51   32   40   24
   12180   48   37    9   41   15   28   84   54   56   23
   12200    7   13    0   40    8   20   22   30   95   41
   12220   16   14   20   24    0   12    2   22   65   14
   12240    6   24   53   22   14    1    7   22   26    4
   12260   21   56   45   33   18    3   10   87   40   15
   12280   15   46   29   29   14   49   37   59   53   44
   12300   17    6   54   14    9   31    8   38   49   59
   12320    3   16   11    8   94   55   15   34   27   69
   12340    5   38   20   23   55   53   23   38   44    7
   12360    1   11   47   30   10   48   19    5   37   16
   12380    9   31   47    4   27   20   13   11   59   31
   12400   25   18   31   17   22   32   33    0   59   16
   12420   17   26    1    7   56   80   42    1   41   17
   12440   44   42   29   23   45   50   39   13    3   10
   12460   27   38   54   13   63    4   35   13    3   25
   12480   62   12   59   39   20   35   41   11    0   27
   12500   42    1   36    9   26   56   21    4   18   36
   12520   18   22   22    1   37   25    4    9   20   42
   12540   12   26   36    0   63   32   26   12    7   35
   12560   24   21   23    3   11   32   51    4    2   25
   12580   33   37   62    7    8   21   54   21    3   29
   12600   60   22   59    3   11   36   39   14   23   33
   12620   65   62   20    9   37   69   46   13   16   45
   12640   21   58   59   55   26   67   35   20   28   54
   12660   29   47   29   23   31   43   65   41    0   36
   12680   17   29   35   15   47   25   47   19   14   20
   12700   25   73   47    6   15    3   40   46   10   22
   12720   27    4   48   33   54    3   54   34   30   18
   12740   66   11   47   28    5   22   45   34   49    8
   12760   49    5   13   44    8   47   24   50   47   19
   12780   48    6    9   27   14   79   54   44    9   18
   12800   41   23   15    6   20   65   72   29   12   34
   12820   19   38   12    0   31   19   41   41    2   53
   12840   25   30   19    1   12    9   38   34    3   18
   12860   19   23    4    7    5   25   21   35   30   42
   12880    5   33   29    4   10   62   50   21   11   24
   12900   26   38   28   17   28   84   51   32   37   10
   12920   34   49   27    6   34   52   33   29   26   35
   12940    1   54   54   14   49   36   13   22   12   52
   12960   18   51   38   13   14   18   11   10   14   30
   12980   40   39   35   42   22   27   20   10    6   25
   13000   55   51    9   63   27    6   75   31   19    6
   13020   35   80   31   42    6   33   46   19   68    2
   13040   35   80   34   82   51   21   69   42   61   30
   13060   48   67    4   66   27   49   46   30   68   37
   13080   53   35   30   46   47   37   24    2   47   34
   13100   60   34    9   10   23   38    9   12   32   43
   13120   64    9    2    3   20   42   23   52   24   93
   13140   13   13    6    1   39   20   89   37   22   79
   13160   37   12   42   38   30    7   78   22   46   49
   13180   21   26   24   18   42   31   54   34   57   13
   13200   43   23   26   27   68   38   19   28    7    4
   13220   31    3   12   32   82   47   34   28   49   18
   13240   43    5    5   52   39   33   27   19   60    4
   13260   39    4   33   38   32   49   38   66   33   16
   13280   33   13   56   47   36   67   40   15   21   26
   13300   61   77   30   44   20   23   18   18   33   19
   13320   58   46   11   68    3   39   17   17   26   55
   13340   46   41   51   14   13    0   14   29   25   58
   13360   45   63   59   13   12   31   39   24   26   13
   13380   54   19   31   21   24   43   34   26   10   22
   13400   47   12   11   45    2   29   34   44   24    5
   13420   26   49    8   39   11   32   37   30   21   10
   13440   31   66   24   36   28    9   20   12    4   25
   13460   45   57   61    3   75   16    3   22   12   80
   13480   76   50   40   17   48   16   37   51   26   51
   13500   52   49   20   10   45   11   26    2   48   21
   13520   28   83   66   22   33   50   28   29   38   34
   13540   23   58   34   25   39   52   60   30   41   23
   13560   23   11   18   20   22   25   39   18   69    9
   13580   18    6   46    9   39   31   28   14   58   14
   13600   18   19   37   11   41   44   33   10  100    8
   13620   49    8   28   39   78   27   29   33   68    8
   13640   53   31   43   18   26   45   19   15   43   16
   13660   45   67   29   27   47   12   46   17   24   12
   13680   27   58   33   28   46   42   30   49   36   35
   13700   40   52   11   51   65   34   77   29   23   45
   13720   67   28    3   42    3   28   38   22   60   58
   13740   33   46    7   21    1    5   53   54   21   40
   13760   10   44    9   33    4   17   40   34   27   16
   13780    7   36    5   77   20   43   25   45   19   13
   13800   10   40   37   77    5   28   76   63   21   13
   13820   28   21   38   74   19   48   69   62   58   20
   13840   30   33   20    7   47   30   51   30   30    8
   13860   10   10   33   16   60   36   54   10   23   11
   13880    2   45   53   45   61   42   48   62   27    8
   13900   12   38   35   58   33   35   98   49   50   14
   13920    9   21   44   50   29   30   27   48   70   14
   13940   40    6   25   65   44   12   37   40   16   39
   13960   22    0   23   17   74   32   23  126   33   13
   13980   22   28   32   29   53   61   11   37   61   15
   14000   26   25   26   26   62   38   13    6   58   10
   14020   38    1   24   33   31   25   25   39   67   25
   14040   62    8   13   13   25    5   25    4   24   62
   14060   56   20    7   10   39   27   19   18   40   53
   14080   31   73    9   44   62   40    2   36   26   27
   14100   14   60   11   42   49   14   31   10   61   24
   14120   12   47   32   90   22   18   34   46   44    8
   14140   10   55   14   49    7   35   13   21   12   10
   14160    3   44   55    9   16    8    0   48   27   12
   14180   24   48   67   27   13   35    6   60   54   26
   14200   18   11   70   36    4    8   12   22   49   40
   14220   15   17   60   14    3    6   14    5   17   38
   14240   22   33   37   19    5    0   48   28   18   32
   14260   16   16    5   31   45   11   78   23   12   22
   14280   32   33   36   70   58   33   36   18   21   54
   14300   57   91   24   59   34   20   39    6   11   95
   14320   31   60   51    9   15   23   18   40   16   67
   14340   53    9   36   12   42   20   15    4   11   66
   14360   58    3   25   36   62   17   20   29   51   65
   14380   70    8   55   27   68   20   14   58   18   59
   14400   33   20    9   21   53   28    8   38   34   51
   14420   25   14   48    3   23   18    9   30   72   58
   14440   40   26   35    3   52   31    1   18   38   40
   14460   19   30   25   48   31   27    0    8   91   24
   14480   35   16   49   68   60  100   12   28   45   15
   14500   40   34   88   24   35   42    2   59   10   27
   14520   97   15   57   50   18   42   22   22   41   19
   14540   71   41   57   12   29   20   46   19   29   59
   14560   29   43   20   16   35   28   47   26   29   21
   14580   42   96    1   18    9   26   44    0   13   27
   14600   13   70   14   38   15   19    4   28   39    8
   14620   21    5   24   35   26   25   43   33   30   54
   14640   28    5   42   31   13   15   18   15   81   67
   14660   52    9   31   31   24   53    2    3   26   35
   14680   16    0   14   23   15   49   26   37   48   46
   14700    0   22    0   23   36   42   14   31   21   59
   14720    3   63    8   39   23   31    9   50   25   45
   14740   10   42   12   14    5   51   17   18   42    9
   14760   50   32    3   42    5   34   11   25   33   59
   14780   12   23   11   66    6   22    1   19   18   57
   14800    0   35    5   39   14   49   47   25   32   41
   14820   16   30   15    4    0    7   20   12   32   45
   14840   14   39   11   32    0   13   34   33   12   39
   14860    0   67    4   26    4   10   74   17    5   22
   14880   20   40   21   40    4   31   34   10   24   68
   14900    4   15   47   19   30   26   16   22   33   12
   14920    9    7   47   19   80   48   13   13   13   26
   14940   27    0   38   15   80   17   23   10    0   55
   14960   46    1   23    5   48   48   44   39   20   31
   14980   35   11   96   26   59   10   77   37   76   46
   15000   48   17   34   28   72   10   33   14   11   71
   15020   56   44    1   55   37    5   35    4   27   12
   15040   53    9   23   60   17   33   16   24   65   19
   15060   20   21   33   53   32   25   31   50   49   11
   15080   28   28   53   46   60   16   17   38   19    9
   15100   65   64   37   22   41   23   34   37   17   12
   15120   48   59   75   42   37   31   22   40   15   16
   15140   36   15   49   39   47    4   48   44   31    9
   15160   30    4   27   27   35    0   31   42   26   25
   15180    0    0    7   11   27   32   49   46   23   52
   15200    5   16   28   20   32   28   34   28   24   52
   15220   28    2   28    4   18   46   10   19   28   48
   15240   60   20   19   17   28   31   18   27   19   33
   15260   77   20   27    4   27   13   21   18   48   21
   15280   49   31   42   59   87   34   24   29   62   24
   15300   28   24   25   30   35   42   28   85   31   33
   15320   47    6   10    8   15   29   14   38   39   34
   15340   39   12   30    9   17    3   37   39   37   21
   15360   19   72   43   40   12   21   72    1   12   38
   15380    5   30   53    3    9    6   33   32   21   30
   15400    1   20   21   27    2   31    3   78   39    6
   15420   11   46   46   32   14   47    8   79   35   17
   15440   28   13   15   38    1   12   19   21   27   18
   15460   37   15   31   29    1   40   31    4    7    7
   15480   24   40   17   19    0   25    7   19   28   16
   15500   20   37   14   33   32   39   32   11   29   14
   15520   28   67   26   27   65   50   46    6    1    5
   15540   72  100   64   46   30   37   39    0    3   15
   15560   18   56   51   79   32   45   67    7   13   15
   15580   19   75   12   17    2   34   65   19   15   43
   15600    3   66    8   14   35   70   58   44   26   69
   15620   13   61    1   35   38   22   55   27   34   27
   15640    4   38   45   87   34   18   29    9   19   25
   15660    8   46   19   54   32    9   15   37   13   75
   15680   33   23   23    7   40   12   53   47   44   13
   15700   65   13   37   28   46   13   53   33   16   31
   15720   25   50   36   34   23   17   21   20   14   52
   15740   35   43    0   54    8    6   21   11   29   20
   15760   62    1   24   33    4   81   57   13    5   13
   15780   58   20   13    3   18   41   51   16   16   53
   15800   22   27   17   45   59   38   33    9   14   33
   15820   39   12   11   25   26   43   19    3   96   22
   15840   58    1   29   60    1   59    9    0   50   28
   15860   64   30   35   43   16   62   26   22   63   12
   15880  100    3    8   32   26   31   73    0   51   23
   15900   34   10   10   30   50   37   32   21   34   22
   15920   39   20   15   40   35   27   10   49   86   13
   15940   25   27    2   18   23   28   25   21   58   49
   15960    0   39   22   20   25   58   50    5   32    9
   15980   23   52   13   70   56    6   58    7   48   41
   16000    3   29    5   51   34   37   43   18   53   33
   16020    0   39   11   45   30   41   98   42   11   64
   16040    1   15   24   38   38   32   33   34   27   35
   16060   32   48   53   29    7   57   12   49   16   18
   16080   28   61   17   87   32   51   34   44   70    2
   16100   26   78   48   46   30   58   65   67   20   24
   16120    7   38   48   27   48   59   47   65   41   56
   16140   15   33   40   64   70   37   21   30   16   47
   16160    2   54   41   22   60    7   40   21    6   42
   16180    5   20   74   20   37   20   27   58    1   23
   16200    1   28   51   32   82   13   18   48    0   16
   16220   40   43   45   49   50   27   15   21    4   28
   16240    3   42   33   49   69   24   33   26   17   43
   16260   20   40   39   29   62   36   55   17    6   26
   16280   15   10    9   23   52    4   52   32   21   41
   16300    2   18   70   20   74   38   93   58   15   19
   16320   22    4   44   14   41   19   31   38   13   26
   16340   11    9   25   45   24   32   10   46   27   45
   16360    8   17    6    5   38   42   40   12   15   49
   16380   23   20   45    1    7   24   42   36   20   42
   16400   16   25   30    2    6   27   52   20    8   41
   16420   15   71   40    4   10    6   25   19   54   18
   16440   10   45   32    1    6   14   14   40   33   19
   16460    0   39   42   16   11    4    8   31   17    8
   16480   18   60   50   14   27   12   55   50   30   18
   16500   29   63   32   54   19   17   34   36   13   10
   16520   21   39   25   27   10   20   14    8   38   33
   16540   10   40   28   28   19   24    6    3   14   51
   16560   34   16   40   24   11   27   42   24    9   28
   16580   42    9   64   75   13   58   10   11   29   19
   16600   71   42   26   55    6   78    6   55   20   27
   16620   54   18   10   37    0   53   50   76   41   10
   16640   67   22    7   17    7   24   26   72   43   14
   16660   15   30   30   20   39    1   29   50   65   61
   16680   25   19   33   49   11    1   68   25   71   39
   16700   44    9   19   48   12    3   42   63   38   46
   16720   45    4   22    2   21   21   28   19   34   27
   16740   31   28   43    1   42   39   27   57   17   22
   16760   65   65   35    4   53   55   29   55    8   65
   16780   12   69   45    1   33   56   15   50    1   29
   16800   12   33   29    3   33   56   27   26   13   45
   16820   37   36   53    4   56   67   31   23    5   40
   16840   13   32   24    5   58   19   34   18   10   24
   16860   22   23   10    8   29   34   37    4    6   19
   16880    7   14   13   12   32   36   17   26   10   34
   16900    3   16   10   32   43   20   46   21    8   16
   16920   62   28   55   31   36   14   24    6    4   53
   16940   32   39   15   31   48   18    1   36   71   27
   16960   36   58   19   67    9   20   34   78   39   22
   16980   38   66   13   15   25   28   17   46   14   12
   17000   67   81   16    4   20   18   36   84    3   19
   17020   58   21   20   25   18   17   42   79   10   25
   17040   21   37   11   27   29   24   47   45   11    9
   17060   19   32   20   50   36   61   18   37   36   35
   17080   31   56   41   38   23   55    4   20    3   70
   17100   68   94   39   40    2   16   34   33    7   53
   17120   53   35   38   41   14   45   46   40   59   55
   17140   46   41   21   28   28   56   21   42   20   36
   17160   40   53   30   20   36   17   24   13   39   67
   17180   78   16   49   39   19   28   10   43   16   51
   17200   15   41   51   48    2   27   34   33   24   47
   17220   38   29   58   40   42   11   42   41   19   37
   17240   55   28   26    2   22   44   21   43   14   42
   17260   10   18   29   20   35   30   22   65   34    9
   17280   34   28   37   51   34   38    7   57   19   23
   17300    6   28   28   23   24   16   29  101   35   27
   17320    5   29   33   62   27   12   29   62   33   27
   17340    9   52   37   34   33    3   53   30   31   33
   17360    8   20   25   32   73   24   39   47   30   42
   17380   15   14    9   65   54   17   32   18   39   11
   17400    7   34   20   33   37   39   19   15   40   16
   17420    7   32   12   31   52   29    8   23   43    7
   17440   24   75   10   24   48   33   21   19   32   37
   17460   42   52   45    9   20   82   18   25   60   50
   17480   43   60   13    3    1   48   36   35   38   27
   17500   22   32   42   27   35   46   13   26   20   23
   17520   36   60   31   21   78   30   53   56   12   18
   17540   39   23   51   21   54   50   54   66   15   49
   17560   24   21   67   21    5   31   41    4   17   43
   17580   22   30   34    0   17   57   38    6    5   29
   17600   49   55    2    5   23   45   47   22   15   55
   17620   75   30   18   11   46   31   12   45   19   65
   17640   46   33    1   27   65   45   20   29   41   37
   17660   37   37    7   14   52   55    3   33   37   43
   17680   19   90   53   39   72   64   10   14   37   40
   17700   23   44   21   21   60   42   16   32   54   61
   17720   30   30   17    0   30   29    0   28   43   54
   17740   45   21   28    8    8   16    8   50   13   65
   17760   54   25    6   11   17   42   17    8    2   45
   17780   33   13   32   25    9   26   35   38   28   77
   17800   47   10   37   32    4   46   26   41   54   39
   17820   32    5   42   41   15   13   34   13   51   26
   17840   43   10   51   45   46   29   15   30   39   61
   17860   52   19   17   66   47   61   29   37   32   52
   17880   19   35   33   29   38   63   41   32   31   92
   17900   39   33   24    4   83   32   46   37   62   20
   17920   27   57    9   24   20   50   28   39   57   17
   17940   12   26   14    0   58   31   19   20   36   14
   17960    9   45    9   26   62   42   28   19   55   21
   17980    4   47   17   40   50   26   33   11   37   30
   18000   16   16   23   41   23   30   36    6   46   26
   18020   28   23   57   27    0   16   12    2   53   66
   18040   16   29   22   28   30   41   31    4   51   42
   18060   67   11   14   33    9   15    8    6   48    9
   18080   54    0   12   53   42    3   10    3   24   12
   18100   38   14   31   27   12    7   12   11   23   82
   18120   50   16   67   35   54   15   44   49   44   50
   18140   81    4   63   37   55   27   40    9   41   37
   18160   44   61   89   63   22   68   11   36   58   57
   18180   46   42    7   38   29   41   28   50   12   13
   18200   54    4   28   22   51   22   49   60   24   26
   18220   14    0   24   66   24   65  101   14   19   14
   18240   65    9    5   35    3   87   36   31   14   21
   18260   86   11    0   18   10   74   26   18   10   29
   18280   22   53    3   24    9   34   47    3    8   33
   18300   25  101   53   31   17   47   23    4    2    6
   18320   20   13   76   15   17   53   58    4   66   32
   18340   27   20   30   26   37   19    9    2   73   57
   18360   56    9   36   56   17   37   18   31   52   80
   18380   68   13   42   79   27   38   28   23   39   34
   18400   56    3   42   42   48   67   17   39   51   27
   18420   25   53   60   49   72   37   30   38   40   42
   18440   70   50   32   49   21   10   18    8   35   40
   18460   40   36   63   17   27    9    2   13    4   29
   18480   15   41   51    8    8   12    0   39   20    8
   18500   44   43   38   15   38    9    2    7   10    9
   18520   22   40   78   35   51   59   18   23   16   68
   18540    8   63   66   50   51   40   61   15   19   36
   18560   21   55   23   28   59   72   28   21   60   17
   18580   32   18   21   32   38   53   21   21   34   30
   18600   44   27   17   18   57   44   30   44   29   31
   18620   90   50   29   42   45   43   35   61   36   30
   18640   36    5   43   39   61   76   26   24   83   26
   18660   35   17   58   27   23   55   51   16   57    6
   18680   25   46   35   45   54   49   26   38   45   26
   18700    7   33   47   33   23   28    1   20   83   61
   18720   12   17   65   25   41   42    3   34   70   41
   18740   13   17   86   14   47   27   21    8   65   24
   18760   22   11   33   34   12   38   24   27   15   32
   18780   30   16   46   30   20   39   13   18   10   21
   18800   11   26   28    4   53   18   14   12   21   29
   18820    7    4   17   14   33   40   33    9   24   55
   18840   17   38   33   18   15   36   17   44   60   82
   18860    3   52    8   28   31   22   24   13   71   18
   18880   13   64   47    3    3   29   45   16  105   31
   18900   48   51   10    2   22    5   28   10   57    1
   18920   38   14    4    5   32    3   22    1    5   10
   18940   56    5    6   19   25    0   49    9   27   21
   18960   52   15   30   68   54   11   64    9   43    9
   18980   47   49   35   37   47   13   55    6   51   57
   19000   62   64   26   43   34   31   26   21   50   97
   19020   50   26   13   19   44   48   14    3   11   70
   19040   96   18   25   49   11   47   13   13   52   39
   19060   98   38   52   23   48   50   23    8   61   21
   19080   69   60   60   73   56   67    0    2   62    3
   19100   46   28   34   65   42   26   20   17   22   31
   19120   44   44   72   47   51    4    9   13   43   41
   19140   32   35   21   12   30   33   35   31   34   40
   19160   53   43   64   35   24   43   53   32   32   76
   19180   51   43   37   32   54   46   52   10   31   49
   19200   29   92   25   18   75   50   22    1   25   65
   19220   22   27   70   43   51   77   39    6   27   61
   19240   22   16   26   73   21   26   41    3   31   40
   19260   37    3   29   13    4   11   62    1    3   78
   19280   20   15   12   31   38   10   17   15   26   28
   19300   26   13   13   47   33   22   34   18    9   31
   19320   34    4    5   60   39   19   27   28   26   21
   19340   15    4   13   53   32   26   23   17   82   36
   19360   40   13   16   74   49   26   56    6   73   72
   19380   44   49   45   28   28   13   44    7   55   29
   19400   33   10   55   16   33   23   46   44   59   24
   19420   35   15   35   52   71   44   75   42   34   35
   19440   36    1   45   40   61   30   31    7    1   16
   19460   38    8   14   33   51   21   26   43    6   11
   19480   60    8   52   17   48   61   36   27   13   49
   19500   59   42   28   17   38   28   56   70   12   37
   19520   58   26   68   20   59   35   79   44   28   35
   19540   26   42   15   32   53    6   92   16   26   32
   19560   34   53   50   28   17    1   64    9   33   38
   19580   38    7   38   10   24   15   57   50   26   16
   19600    4   14   30    3   15    9   53    5    9    8
   19620   10   58   37    1    3   28   28    1    4   20
   19640    9   26   26   27   11   20   14   21   24   18
   19660    2    3   14   19   14   48   16   14   60   32
   19680   16   11   44   20    2   62   25    0   41   36
   19700   47   41   59   10   12   39    2   29   27    8
   19720   13    4   48   41   13   41   17   21   27   52
   19740   18   21   17   63   30   24   42   23   19   57
   19760   29   45   27   47   49   38   57   85   15   43
   19780   14   18   30   75    8   24   26   40   26   39
   19800   14   15   47   21   30   39   53   55   27   74
   19820   54   36   38   17    7   42   51   23   20   56
   19840   17   32   18   33    0   24   51   41    5   12
   19860   36   44   45    2   27   28   51   82   12    7
   19880   16   65   43   25   51   17   28   35   48   46
   19900   45   15   60    8    3   25   44   46   70   26
   19920   21   13   80   45   13   68   29   52   42   48
   19940   30   15   28   59    5   47   27   19    5   19
   19960   27   72   12   84    7   45   51   27    9   20
   19980   24   36   35   11    6    8   49   38   51   12
   20000    6    5   16   21   15   24    6   27   27   64
   20020   12    0   20   32   31   50    3   17   11   55
   20040   22   13    5   60   36   70   26   18   25   48
   20060   69   20   50    6   39   79   70   27   48   53
   20080   72    2    4   25   43   56   32   21   59   56
   20100   38    4   81   19   61    8   15   12   20   55
   20120   17   13   50    9   29    1   38   31   67   45
   20140   14    4   50   15   32   11   57   46   53   36
   20160   25    7   41   13   19   31   32   33   49  102
   20180   32   14   21   17   13   35   44   22   44  112
   20200   32   16   56   11   39    9   69   35   29   39
   20220   82   18   20   14   38   33   47   49   60   22
   20240   69   24    8    3   81   67   21   56   58   13
   20260   47   69   22   13   53   49   73   38   31   27
   20280   41   23   22   10   66   21   15   43   85   23
   20300   35   30    0    3   88   11    6   56   35   30
   20320   45   39   15   29   63    0   14   43   46   42
   20340   42   33   15    8   47    4   11   35   49   36
   20360   19   58   23   10   50   68   32   34   59   52
   20380   36   58   34   26   48   61   71   10   61   76
   20400   41   53   56   17   75   53   28   21   25   54
   20420   85   46   37   63   57   45   58   48   82   66
   20440   62   44   10   25   39   22   59   44   43   14
   20460   58   59   30   28   58   68   45   36   12    5
   20480   26   30   75    4   19   52   25   39   60   19
   20500    9    4   56   18   20   10   10   16   45    4
   20520   20   18   54   20   39    7   33   16   28   15
   20540   16   17   19   29   17    7   53   15   19   32
   20560   34   25   44   27   18   30   34    0   55   51
   20580   18   74    4   45   44   52   39   39   43   38
   20600   73   64   18   43   30   41   18   15   28   47
   20620   87   26   49   35   16   30   85   11   23   27
   20640   54   17   16   34   30   43   24   46   11   11
   20660   73   24   30    9   68   70   59   44   20    4
   20680   22   72   47   48   44   20   33   13    7   12
   20700   46   27   25   49   54   21   44   22   19   20
   20720   29   24   40   73   73   73   69   21   53    3
   20740   22   23   39   35   56   78   45   20   56   25
   20760    4   74   28   70   17   46   60    3   52   13
   20780    6   21   29   77   48   13    8   10   23   15
   20800   17   82   34   64   24   32    7   26   16   28
   20820   27   36   46   55   23    4   54   31   28    2
   20840   21   22   42    9   29   21   43    9   43   20
   20860   22   51   35    8   15   20   68    4   45    7
   20880   44   42    8   54    8   12   33    4   27   43
   20900    4   31    3   32    7   35   11   10   26   62
   20920    6   62    5   23   24   56   22   36    1   26
   20940   21   51    6   21   48   44   40   46    8   13
   20960   44   45   31   37   27   29   59   79    7   17
   20980   57   37   20   17    7   65   46   27   50   37
   21000   65   27   32   18   10   23    6   18   58   39
   21020   54   88   69   16    0   14   33    5   37   64
   21040   50   28   70   17   14    0   39    4   38   47
   21060   22   20   10   10   21    6   53   28   37   51
   21080   25   13   33   24   94    9   40    4   13   40
   21100   15   26   17   27   69   17   54   18   22   19
   21120   25   64   54    8   12    4   19   20   56   14
   21140   39   61   21    5    3    3   40   31   46    3
   21160   33   36   24   12   23    9   59   86   44   51
   21180   53    0   52    5   30   13   74   59   31   39
   21200  102   10   24   26   10   24   40   46   42   58
   21220   38   12   22   20   42   32   42   71   11   35
   21240   43    9   26   38   14   15   19   43    9   29
   21260   55    4   21   69   17   17   36   26   28    4
   21280   23   57   37   19    8   41   18    9   25   17
   21300   43   43   89    6    9   57   13    9   26   54
   21320   37   37   52    2    8   66   25   28    2   13
   21340   23   69    7   35    9   35   53   45    1   29
   21360   43   70   20   12    7   19   46   58    1    3
   21380   35   69   45    1   14   25   12   34    5   36
   21400   60   57   51   17   41   20    8   36   10   42
   21420   33   27   28    9   79   29    0   52   34   67
   21440   47   35   29   17   42   62    8   44   25   24
   21460   20   44   40   19    7   44   45   25   20   33
   21480   18   45   49   38    9   79   62    2   25   25
   21500   45   28   50   61   15   66   52   17   19    2
   21520   32   19   98   70   21   10   57   57   18    1
   21540   55   24   39   28   32   25   24   44   34   11
   21560   28   27   75   13   61   25   30   30    9   43
   21580   25   24   74   45    7   60   59   46   22   45
   21600   61   23   45   49   13   42   35   35   15   38
   21620   73   38   54   63   53   31   32   40   23   15
   21640   23   18   61   50   35    3   48   32    5   54
   21660   12   12   47   63   64   10   22   14   31   50
   21680   20   89   45   18   29   24   14    8   39   53
   21700   27   89   46   40   16   80    8   10   62   48
   21720   31   99   21   30    8   42   19   12   27   25
   21740   17   58   35   24   25   32   47    0    8    8
   21760   31   51   28   35   48   47   23    8   15   18
   21780   16   30   18   10   49   43   18   24    2   27
   21800   26   18   18    7   54   41   23   13   17   33
   21820   29   16   15   23   36   22   39   23   18   57
   21840   40   36    7   28   73   19   23   34   14   56
   21860   68   27   28   20   33   22   53   37   12   13
   21880   70   53   34    8   30   23   91   28   16   53
   21900   24   34   10   57   19   18   70   12   10   93
   21920   32   74    6   64   37   50   56   12    5   20
   21940   10   50   36   32   24   26   31   22   10   24
   21960    1   47   14   16    0    2    8   36    1   17
   21980    8    7   14   10   31    8    1   27    8   22
   22000    2   17   56    2   51   20   10    9   48   55
   22020   22   21   22    6   46   60   22   40   35   40
   22040   52    1   34   20   19   25   35   73   37   29
   22060   48    4   65   18   28   25   28   24   55   44
   22080   70   10   67   30   16   12   34    0   38   57
   22100   61   15   49   38   31   10    5    1   38   43
   22120   55   23   38   35   68    1   15   12   30   31
   22140   18   29   30   32   29    2   60    6   22   19
   22160   26   24   21   15   29   10    8    3   71   26
   22180   18   38    4   23   19   26    0   16   64   23
   22200    4   25    1   20   10   76   24   73  100   32
   22220   16   33    0   15   36   33   16   37   20   65
   22240   34   14   15   15   19   32   31   16   53   79
   22260   36   33    8   22   18   73   41    8   31   51
   22280   33   25   28   56   16   33   57   13   25   44
   22300   28    7   36   31    5   41   27   27   22   53
   22320   30   27    2   27   18   24   33   22   30   37
   22340   45   24   18   30    9   22   30    7   39   47
   22360   46   28    9   53   74   56   57   21   29   24
   22380   42   35    3   36   34   31   39   14   10   39
   22400   31    3    9   29   15   43   54   16    3   26
   22420   33   19   13   62   17   23   68   29   42   22
   22440   18   16   48   57   47    9   39   12   76   25
   22460   32    8   18   19   84    4   36   23   18   45
   22480    6   24   31   20   44   57   13   16   47   29
   22500   20   17   86   23   56   69   49   60   22   12
   22520   60   19   59   33   38   91   49   39   17   37
   22540   32   22   25   22   32    7   27   68    3   83
   22560   19    4   17    3   55   27   79   54   15   50
   22580   36   38   65   19   65   25   54   63   43   31
   22600   34   40   18   54   53   21   44   16   45   30
   22620   38   15   15   31   59   33   18   24   45   27
   22640   38   14   13   29    5   12   42   14   39   56
   22660   55    9   41   16   17   11   49   48   80   61
   22680   31   24   71    9   53   34    4   44   57   25
   22700   14   28   40    2   48   37   23   28   48   45
   22720   37   39   49    6   41   38    1   31   53   15
   22740   31   15   37   47   19   50   14   28   22    5
   22760   38   28   68    9   57   68   27   39   52   13
   22780   57    9   40    5    4   69   13   35   35   10
   22800   37   12   20   29    1   44   17    9   42    3
   22820   26   27   27   32    7   12   35   29   13   29
   22840    0   67    5   42   80   22   53   41   29   62
   22860   14   33    0   75   35   25   72   40   50   29
   22880   25   19    8   41   24    9   22   47   65   33
   22900   35   22   28   39   22   13   43   34   17   26
   22920   33   31   41   13   40    4   88   16   65   28
   22940   43   36   18   29   65   29   40   69   72   25
   22960   51   34   20   27   56   48   66   62   38   29
   22980    9   58   49   36   59   66   44   88   71   18
   23000   15   40   34   65   37   27   48   19   23   18
   23020   47   30   37   43   31    7   36   28   26    2
   23040   41   55   33   48   14   17   29   22   29    0
   23060   17   59   22   38   12   14   28   13   26    7
   23080   14   58   16    8   15   36   26   55   16   14
   23100    6   44   40   28   30   28   75   20   33   16
   23120   22   59   16   33   56   31   31    6   84    7
   23140   57   57    1   43   35   60   28   33   42   21
   23160   90   24   18   38   75   56   50   16   64   51
   23180   55   26   36   31   24   18   87   22   16   17
   23200   47   29   13   35   12   39   56   19    0   41
   23220   28   63   38   32   22   43   30   13   17   47
   23240   46   64   29   12   26   15   14   34   55   34
   23260   43   49   25   11   20   12   59   42   21   21
   23280   46   20   36   40    5   11   79   61   36   31
   23300   12   42   69   79    8   67   31   48   26   32
   23320    7   35   74   55   17   86   17   12   25   36
   23340   30   27   12   47   35   60   13   19   61   73
   23360   37   29   36   70   47   21    3   75   70   39
   23380    6   15   50   23   32   29    1   22   42   32
   23400   59   26   36   37   25   35   22   30   20   32
   23420   32    7   59   26    6   81   29   28   57   58
   23440   40   47   50   22   17   28   25   22   42   22
   23460    5   30   46   40    7   16   35   48   17   43
   23480   12   33   62   27    6   33   15    9   50   19
   23500   16   19   53   47    9   22   11   15   15   11
   23520   48   32    7   26   24    1   23   55   32   45
   23540    7   56   47   43   11    6   58   48   62   13
   23560   13   42   26   21   10   17   40   46   38   27
   23580   18   39   36   17   26   33   30   50    7   28
   23600   57   55   33   41   33   69    2   45   13   36
   23620   64   22   31   25   53   66   15   43   55   58
   23640   73   39   11   28   27   37   50   13   63   20
   23660   53   38   39   72   57   41   49   17   57   42
   23680   51    9   28   34   49   95   83   37   60   22
   23700   28   25   12   49   46   64   88   13   43   23
   23720   59   70    0   62   34   37   29    4   31   13
   23740   56   34    2   85   49    9   29    4   41   11
   23760   32   26   22   44   25   29   52   11   35   42
   23780   23    5   34   38   25   44   46   14   43   37
   23800   25    1   85   45   24   58   29   33   75   27
   23820   17    4   46   48   10   34    6   27   78   43
   23840    8   10   29   26   24   34   33   42   37   14
   23860    4   43   30   32   53   18   40    8   27    8
   23880   43   64   45   47   36   32   74    3   30   31
   23900   34   54    5   40   17   58    1   10   34   37
   23920   54   36    4   18    1   37   32   25   26   30
   23940   57    7   12   17    9   16   51   59   21    5
   23960   14   17   15    7    8   40   27   37   14   42
   23980   38    3   11   10   28   36   53   46   16    8
   24000    6   46    0   24   10   27   15   57    5   28
   24020   42   24   10   23    3   46    0   66   10   29
   24040    5   67    9   35   31   39    2   61    0   21
   24060   11   35   24   43   50   52   20   20    4    8
   24080   21   10    1   48   30   47   41   32   30   14
   24100   16    4    6   30   26   23   40   13   11   40
   24120   14    9   13   10   20    6   21   18   34   12
   24140    3    3   53   12   45   15   12   50    2   12
   24160    0   10   13   13   22   17   26   56   35   18
   24180   23   12   26   85   15    6   36   21   76   11
   24200    9   23   36   55   13   20   71   10   50   65
   24220   21   41   64   58   20   49   65   11    6   40
   24240   48    5   10   64   11   19   29   31   36   15
   24260   32    7   30    5   44   15   25   18   44   19
   24280   38   17   20    6   26    0   26    9   35   16
   24300   25   36   35    6   32    7    2   65   48    8
   24320   28   14    8   37   32   17    2   26   58    0
   24340   24    3   22   47   58   38    5   35   20    5
   24360   11    7   23   31   64   36   42   61    3    6
   24380   19   12   16   73   16   64   36   33    6    4
   24400   33    4   18   58   39   73    9   17   25    0
   24420   52    0   27   25   54   39   28   15   37    6
   24440   33   10   34   33   35   61   27   42   71   13
   24460   12    0   16   28    1   67   12   55   48   10
   24480   14    1   15   25   20   31   11   22   51   28
   24500   30    9   12   26   32   56   47   66   21   48
   24520   22   34   26   10   42   77   27   45   77   72
   24540   17   66   35   41   14   48   49   20   32   92
   24560   53   67   28   79   12   14   25    9   54   38
   24580   32   56   19   12    7   32   13   41   40   24
   24600   51   27   40   17   20   31   27   43   55    5
   24620   46   39   18   42   10   35    0   78   59   15
   24640   47   38   20   59    1   31   14   70   10   60
   24660   47   12   31   20    2   17   28   42   11   54
   24680   28   17   20   32   12    2   27   27   39   50
   24700   28   34   24  113    9   12   27   38   37   12
   24720   18   31    0   64   19   17   71   48   13   27
   24740    3   19   18   33   52   26   44   35    1   26
   24760    4   21   25   37   35   18   35    1    4   39
   24780    8   22   41   23   47   25   24   31    0    9
   24800   14   61   31    9   38   26   28   29    7   24
   24820   52   12   25   24   22   50   19    7   33   60
   24840   77    8   22   45   23   24   39   25    3   44
   24860   41   25    8   52   54   17   47   37    6   23
   24880   19   27   42   61   66   35   22   48   11    5
   24900   18    7   23   63   37   43   27   14   27    9
   24920   58   33   52   35   58   43   12   29   23   11
   24940   27   37   44   16   61   37    7   26   24   29
   24960   45   24   53   32   17   19    1   18   23   52
   24980   41   30   46   54    9   25   11   56   23   53
   25000   28   29   10   43   27    8    0   85   33   40
   25020   47   33   24    9   48   16   11   33   26   10
   25040   20   29   10   24   30   16    9   25   30   14
   25060   15   16   25   44   37   18   36   56    4   49
   25080   23   20   82   36   29   15    0   42   21   44
   25100   22   49   72   48   50   58   11   43   24   22
   25120   20   53   18   35   81   24   15   37   28    4
   25140    1   40   31   12   34   31   81   46   37   48
   25160   20   39   63   28   43   40   42   50   29   20
   25180   27   37   50   41   16  102   96   60    3   21
   25200   28   72   76    6    1   61   60   24    3    6
   25220   21   45   85   10    3   44   34   41   29    8
   25240   27   46   46    1   11   31    7   35   36   17
   25260   15   60   41    1   30   18    9   27   25   21
   25280    8   25   75    9   82   37   31   57   24   40
   25300   29   27   43   65   89   26   46   70   19   31
   25320    6   31   16   33   41   12   13   39    9   38
   25340   30   81   14   28   50   16   38   53   41   15
   25360   41   62   25   69   29   31   45   58   59   10
   25380   65   36    6   21   13   29   68   40   52   63
   25400   28   42    6    0   24    4   79   47   56   52
   25420   13   23   31    1   14    0   52   22   30   17
   25440    6   15   39   13   18   20   30   59   40   63
   25460   34   22   87    6    3   33   12   31   17   84
   25480   20   10   14   51    7   32    2   20    0   44
   25500   11   44   12   31   36   26    7   22    2    5
   25520   22    7   87   16   82   14    1   12   50    2
   25540   53   19   55   36   35   12    8   64   47   11
   25560   40   50   38   54   19   14   23   35   60   32
   25580   39   54    7   42   20   12   34   21   47   24
   25600   24   21    7    9    8   20   17   36   36   34
   25620   11    4   18   51   47   73   14   10   34   43
   25640    0    3   83   59   31   64   66    3   51   28
   25660   38    4   43   15   31   33   51   47   35   27
   25680   28   24   39    6   28   13   24   64   23   21
   25700   14    6   33    1   53   34    4   38   40   13
   25720   16   14   34    0    9   44   54   33   53   79
   25740   61    9   14   20    6    6   58   20   35   50
   25760   21   51   31   57    9   34   37   58   70   60
   25780   23   37    7   83   40   39   20   18   15   54
   25800   33   30   12   66   18   35    7   27    5   34
   25820    2   72   44   39   48   15    3   67    6    7
   25840    2   69   33   36   71   33   26   24    9   49
   25860    5   98   48   20   33   53   36   20   30   43
   25880   36   56   45    8    2   14   24    6   17   26
   25900   31   20   15   28   24   54   41   30   19   39
   25920   17   43   23   36   19   43   22   38   21   22
   25940   21   18   13    2   33   17   39   19   23   36
   25960   58   33   18    9   26   40   32    2   21   14
   25980   27    9   21    0   31   38   12   23    4   27
   26000   88   25   15    9   51   42   29   24   23    8
   26020   13   45   14   19   64   73   79   25   37   25
   26040   17   49    5   10   42   77   58   32   49   30
   26060   15   47    3    6   35   62   34   35   30   35
   26080   19   16   23    7    4   31   21   36    8   26
   26100    8   24    6    1   39   33   26   39    8   54
   26120    0   40   10    4   29   80   47   37    2   16
   26140    3   30    7    0   32   33   62   29    0   19
   26160    7   18    8    3    0   23   36   33   17   17
   26180   20   41   18    8   16   35   46   33   43   33
   26200   33    7    0    0   37   24   23   19   33   33
   26220   57   13    2   27   19   32   61   17   38   18
   26240   55   11    4    0   27   17   54   11   19   22
   26260   28   28   34    1    2   20   33   43   27   24
   26280    5   30   30    6   37   47   34   19   35    9
   26300   22   37   30    8   14   42   59    5   52   45
   26320   12   44   15   18   14   34   57   29   24   40
   26340   83   36    4    3   41   38   26   20   26   65
   26360   53   28   23   10   47   37   32    0   18   43
   26380   29   19   56    2    7   16   17   18   32   62
   26400   18   42   56   31   47   41   11   35   59   19
   26420   18   11   41   16   35   52   35   30    5    4
   26440   36    7   37    9   36   49   50   46    9   20
   26460   43   24   28   11   16   18   36   38   17    7
   26480   56   54   51   10   40   11   34   52   24   27
   26500   44   63   43   11   55   29   19   52   49   32
   26520   65   25   15   38   49   46   12   43   35   51
   26540   60   45   51   28   48   45   37   27   32    5
   26560   71   16   30   26   21   49   36   47   23   45
   26580   38   20   22   36    7   59   43   19   13   27
   26600   19   32   50   52   11   45   43   57   83   25
   26620   41   14   50   45   15   36   78   70   17   37
   26640   44   18   18   60   17    7   41   28   38   14
   26660   18   17   35   41   47   15   11   16   20   27
   26680   12   10   26   19   84    7   46    2    8   34
   26700   14   30   15   33   63   12   46   39    1   46
   26720   10   49   12   45   26    9   32   28   11   34
   26740    9   83   12   30   24   41   20   59   14   26
   26760    7   16   23   16   24   27    6   17    0   59
   26780    5   16   50    4    2    7    9   28    9   85
   26800    5   17   28    0    8   15    2    0   27   28
   26820   12   30   15   27   55    0   14   37   41   38
   26840   18   60   17   24   60   12   14   44   67   22
   26860    6   33    0    7   29   23   32   68   43   35
   26880   67   30   18   13   76   25   31   36   23   40
   26900   52   51   45   16   59    2   66   28   56   47
   26920   72   30   20   26   27    0   51   14   13   44
   26940   54   45   39   71   64   18   47   12   36   23
   26960   37   68   30   15   37   11   82   14   37   48
   26980    6   45   37   52    3   63   40    7   29   32
   27000   18   25   51   17   26   14   21   24   46   13
   27020    4   52   11    8    5   32   65   27    9    6
   27040   30   54    5   20    0   61   35   32    7   32
   27060   46   31   63   37    0   37    4   42   30   46
   27080   83   11   53   37    7   10   16    3   26   58
   27100   31    9   21   23   18   16   32   23   25   50
   27120   22    8   14   11   40    4   19   39   33   13
   27140   32   17   12    6   59   21   20   90   19   21
   27160   59    6   48    5   38   33   68   13   62   40
   27180   33   22   48    8   23    8   43   19   47   65
   27200   34   27   34   10   17    0   56   51   16   42
   27220   49   46   30   12   11   10   32   50    8   13
   27240   37   14   35   46   19   40   12   56   15   28
   27260   65   79   24   66   37   52   16   28   30   39
   27280   67   71    7   49   41   58   51   29   59   45
   27300   30   34   29   25   17   22   48   28   19    8
   27320   36    3   42   12   24   75   72   24   19   34
   27340   36    2   21    0   29   24   45   26   31   51
   27360   34    7   10    6   34   14   44   54   92   33
   27380   34    3   23   35   19    9   42   42   25   15
   27400   39   36   13   65   18   18   44   16   23   23
   27420   16   31    4   91   14   39   65   30   14    5
   27440   31   81    0   57   41   26   32   22   55    6
   27460    2   30    9   17   13   68    8   20   38   14
   27480    9   17   43   24   20   31   24   26   43   21
   27500    8   42   50   13    7   44   21   16   52   12
   27520   53   60   16   11    6   73   17   34   41   34
   27540   19   52   10   87   36   18    4   37   72   39
   27560   37   22    6   33   33   11   16   28   74   10
   27580   26   32   13   64   26   43   14   32   58   17
   27600   25   55   23   73   26   37    0   24   39   29
   27620   39   72    0   34   12   26   11   34   40   91
   27640   60   65    0   33   16   35   36   30    0   18
   27660   50   38   13   32   10   63   20   51    0   13
   27680   62    9   45   66   56   21   56   33   11   18
   27700   32    3   42   26   40   32   72   66   24   14
   27720   36    4   92   30   54   53   87   32   33   32
   27740   40    6   86   19   49   28   36   15   30   27
   27760   42   31   48   28   27    2   22   10   46   33
   27780   42   37   48   41    0    9   24   21   67   23
   27800   31   45   43   41   55   16    8   44   12   50
   27820   29   19    4   41   11   23    8   83    8    6
   27840   36    5   28   61   57   42   11   41    9   22
   27860   14   18   64   46    6    8   20   20    0   43
   27880   25   30   42   24   23   15   40    5   26   22
   27900   58   41   29   19   94   13   37   11   42   32
   27920   70   57   30   13   18   28   53    9   13   20
   27940   58   51   25   20   33    6   34   35   45   62
   27960   19   23   62   55   39    4   17   23   74   37
   27980    4   31   33   48   32    9   32    7   42   15
   28000    5   40   37   30   30    5    6    5   48   16
   28020   19   78   18   60   16   29    0   28   26   49
   28040    6   62    5   27    7    7   20   20   36   34
   28060   13   32    3    5    2   27   55   69   44   37
   28080    8   25   19   13   12   25   50   30   51   33
   28100   30   13   15   54   18   42   59   59   35   65
   28120    7   21    2   34   34   37   37   59   60   54
   28140   15   19   37   45   20   81   30   27   44   43
   28160   19    1   51    8   21   41   12   37   27   44
   28180   19   16   34    0   49   21    2   15    6   10
   28200    9   14    8   19   20   21   28   15   27   15
   28220    3    0   76   21    5   34   31    4   38   67
   28240    4   23   59   32   19   26   15    4   44   31
   28260   12    6   66   32   42   14   47    1   68   20
   28280   16   29   88   46   39    3   36    5   34   17
   28300   39   51   35   35   39   20   44    4   39    2
   28320   13   44   38   45   52   52   24   15    8    0
   28340   44   22   69   13   23   63    0    6    4    9
   28360   34   49   43    5   25   34   23    8    9   42
   28380   15   23   37    0    4   42   20   26   14   23
   28400   26   74   40   32   11   33   63   43   66   46
   28420   13   46   15   47   11   25   34   51   67   16
   28440   13   70   14   66   11   68   34   21   87   56
   28460   59   43   15   26    3   54   25   20   43   47
   28480   65   26   29   43   22   35   46    9   83   10
   28500   18   21   13   32   32   33    2    2   30   49
   28520    8   35   19   19   25    2   23   11   37   50
   28540   20   50   62    4   51    5   36    9   58   27
   28560   32   41   31   42   31    4   47   42   23   11
   28580   58   38    6   46   12   31    8   56    5   30
   28600   74    7   18   34   23   29   25   70    8   52
   28620   64    2   55   35   26    4   40  101   11   42
   28640   22   39   29   61   85   22   52   27   17    7
   28660   26   22   59   46   84   31   42    9   21   26
   28680   33   22   12   46   37   21   81   14   24   46
   28700   41   31   12   49   47   67   24    5    4   17
   28720   38   30   24   23   56   14   32   26   26   64
   28740   89   16    0   44   45   40   65    5   35   63
   28760   27   61   10   26   28   23   36   11    8   29
   28780   52   25   38   47   28   20   27    9    2   18
   28800   72    9   68   18  103    7    3    0   10   43
   28820   19   46   90    8   95   25   15   11   49   34
   28840   75   56   41    4   71    5   48    8   35   66
   28860   28   38   42    3   37   37   77   34   19   10
   28880   38   75   44   19   15   50   39   59   37   30
   28900   45   32   35   10   13   64   62   47   35   25
   28920   34   47   33   52    1   52   27   28   21   85
   28940   23   48   75   52    6   60   38   20   23   47
   28960   39   48   60   27    2   24   15   36   35   56
   28980   35   46   70   21   28   24   76   19   50   49
   29000   20   28   56   16   57   46   14    7   10   30
   29020   23   24   52   35   43   54   22   39   49    1
   29040    9   31   24   66   50   17   10   68   15   11
   29060   36   19   11   38   30   22    6   50   52   20
   29080   54   20   20   65   39   10    9   40   45   10
   29100   34   47   24   46   21    0   14   22   30    7
   29120   20   84    7   27    7    2   18   33   29   15
   29140   50   24    5   33   70   11   56   89   16   21
   29160   40   17    3   19   74   31   19   60   59    5
   29180   56    8   10   21   61   65   48   71   45    0
   29200   48    2   14   29   77   40   56   13    6    1
   29220   55   19   32   34   78   28   50   27   26    3
   29240   44   72   26    3   28   37   25   58   63    1
   29260   18   31   61    7    2    8   29   19   24   16
   29280   27   40   15    0   24    3   43   11   15   73
   29300   26   48   14   16   12    9   10   23   65   57
   29320    9   23   23    7   31   26   23   45   77   57
   29340   10   17   27   11   33   25    2    1   76   39
   29360   60   21   13   18   29   25   19    0   42   61
   29380   46   22   21   55   33   30   19   12   44   81
   29400   33   33   21   42    4   33    5   21   35   31
   29420   54   42   39    7   48   20   47   27   34   17
   29440   24   39   48   27   36   57   35   21   43   70
   29460   30   22   34   40   43   34    8   47   34   24
   29480   62   67   35   39   34  101   47   14   44   23
   29500   45   44   47   14   39   87   52   39   18   47
   29520   52   56   11   11   54   46   30   59   39   10
   29540   63   14   25    0   23   28   10   54   84   40
   29560   40   15   61   10    4   13    2   59   46   22
   29580   14   48   70   14   33   29   10   46    7   26
   29600    5   65   26   45   35   12   22   88   50   12
   29620    8   29   53   48   14    5   22   66   31    3
   29640   25    9   50   58   26    8    6   15   53   46
   29660   12   11   19   65   53   39    7   59   93   14
   29680   32   26   16   71   39   14   10   81   68   19
   29700   37   57   13   36   51    3   15   38   20   23
   29720   20   35    1   17   25   33    5   68   63   11
   29740    6   13    3    0   43   62   17   79   23   32
   29760    0    4   26   35   14   71    7   64   45   27
   29780   17   17   23   14   30   29    4   40   25   17
   29800   44   37   16   22   30    8    4    6    8   49
   29820   27   65   21   34   73   20    3    9    5   74
   29840   30   57   24   51   69   36   24   17    9   13
   29860   54   36   21   29   38   26   25    2   30   11
   29880   38   38   16    7   37   43   16   13   37   11
   29900   33    3   49   18   36   63   54   34   46   16
   29920   24   25   79   16   18   63   44   13   37    8
   29940   64   20  100   25    8   58   52    3   12    1
   29960   48   28   27   44   49   66   30   12   14    2
   29980   19    8   29   33   20   53   67   42   54   33
   30000   43    8   50   23   36   38   27   81   87   13
