      20  117   99   90  121   87   82  117   87  115  115
      40  128  118   99   93  103  120   97   74   69   91
      60   82   87   77  103   90  120   96   90   97   68
      80  118   78  116   64  106   72  118  118   96   94
     100  104   89   98  112   65   72   67  106  129   82
     120   98   88  101  109  131   85  126   79  117  108
     140   75  103   97  104   82  109   78   98  133  111
     160   96  126   82  117   73   71  118  100  103   70
     180   88  115  109  118  107   88  106   83   80   99
     200   52   86   81  114   76   65   76  116   79   79
     220  113  130   83  109  101   93  107  104   76   60
     240  122   85   88   69   74   87  131  115  143   71
     260   82  141  119   46  101   62   90  100   48   98
     280  100  102   81   70   83   81  138   89   79   95
     300   89   81  119  112  115   66   95   95   72   96
     320   86   77   98   52   79  116   72  116   62   80
     340   75   96   67  105   91  100   44   91   96  100
     360   87  100   91  126   99   62   87   74   82   84
     380   91   81   96   90  118   97   94   82   75  104
     400   71   95   77   55   76   89   44   80  112   94
     420   75   89   46   89   85   91   96   89   70   85
     440   67  133   74  118  110   82   82   82   72   91
     460   64   85   55   69   68  100   91   97   86  106
     480   62   80   87  107   65   89  102   59   63   90
     500   99   94   70  102   82   72   56   85  110  105
     520  102   78   68   90   83   84  100   80   72   95
     540   84   65   82   51   77   69   78   65   82   86
     560   73   67   95   62   82   48   91   85  105   68
     580   85  103   96   71   86  108  111   89   89   66
     600   93   95  110   98   94  118   75   85  129   70
     620   73   98  112   93   81   90   74   85   88   73
     640   65  101  108   65   69   76   80   77   87   95
     660   61   77   69   36   86   91   73   82   65  100
     680   59   99   89   74  102   67   49   65   64   75
     700   84  108   83   63   82   96   86   99   83   60
     720   82   68   73  114   83   78   95   79  108   92
     740   79   85   75   86   59   83  107   87   68   50
     760   83   98   93   80   86   85   68   70   42   72
     780   50   84   58  109  122   71  112   71   68   77
     800   57   73   93   53   43   82   60   82   70   49
     820   64   95   77   88   88   73   84   81   91   98
     840   63  105   71   78   93   58   79   70   75   68
     860   81   81   93   86   62   83   75   66  115   47
     880   90  103   66   39   64   90   76   41   78   51
     900   90   79   76   79   76   76   91   70   59   90
     920   99   65   76   72   90   84   82   81   65   78
     940   56   71   79   70   56   93   85   85  110   94
     960   83   78   73   91   83  100   94   64   52   66
     980   38  103   88   55   67   57   93   67   62   92
    1000   35   83  106   91   98   68   63   72   68   71
    1020   66   58   77   78   83   73   77   62   76   51
    1040  108   71   94   89   68   91   95   61   90   82
    1060   60   28   89   64   80   71   63   84   38   92
    1080   71   73   65   54   86   72   63   61   60   93
    1100   41   68   77   75   61   48   82   51  114   60
    1120   65   62   41   76   41   59   86   68   64   50
    1140   66   81   93   87   85   74   62   79   93   57
    1160   60  103   68   94   75   67   92   72   80   80
    1180   71   60   58   44   78   56   53   40   45   64
    1200   93   68   77   53   97   64   43   92   82  107
    1220   59   65  100   63   83   84   33   42   64   48
    1240   41   73   87   62   65   47   51   72   98   38
    1260   58   49   89   93   78   66   80  116   61   56
    1280   79   43   88   55   76   60   76   49   62   66
    1300   97   47   58   43   64   54   73   37   47   67
    1320   85   88   48   59   68   75   58   35   40   61
    1340   37   53   74   89   98   51   62   77   90   53
    1360   69  105   85   50  126  113   85   81   50   54
    1380   51   50   66   46   67   53   73   72   81   79
    1400   35   88   79   77   60   52   79   47   50   70
    1420   85   64  106   79   66   72   39   57   68   92
    1440   49   76   73   60   67   71   62   63   54   87
    1460   52   93   95   61   43   67   72   78   52   78
    1480   68   91  107   78   71   26   83   99   74   93
    1500   47   56   49   54   79   57   86   79   51   49
    1520   65   50  106   50   47   49   62   92   51   47
    1540   46   61   45   69   49   70   75   31   66   48
    1560   73   60   42   36   50   97   50   34   79   68
    1580   79   95   73   75   78   56  116   88   76   92
    1600   71   87   61   97   79   92   96   68   55   64
    1620   74   60   69  103   86   67   79   68   48   47
    1640   47   70  101   52   67   28  102   65   71   79
    1660   71  101   59   66   38   56   40   25   56   62
    1680   97   64   57   98   61   54   59   48   72   55
    1700   59   78   46   73   60   79   50   46   33   68
    1720   75   46   67   57   78   86   62   61   52  117
    1740   45   31   54   44   44   76   75   45   73   63
    1760   78   65   50   67  100   34   60   58   70   66
    1780   61   59   85   56   85   68   67  107   71   72
    1800   87   45   69   56   90   59   63   56   71   52
    1820   51   55   84   67   51   51   67   84   89   77
    1840   46   61   72   69   64   57   40   68   60   67
    1860   62   81   52   61   52   79   56   93   63   68
    1880   54   95   68   57   71   61   58   75   79   67
    1900   72   82   67   60   50   67   57   72   58   76
    1920  120   68   86   70   49   36   37   98   72   69
    1940  103   92   84   50   67   85   80   65   66   68
    1960   66   68   87   88   48   53   69   86   54   60
    1980   83   53   61   73   53   75   58   67   55   68
    2000   53   76   67   62   87   51   44   60   62   99
    2020   57   92   61   73   81   80   66   59   72   74
    2040   46   83   84   64   72   76   63   81   62   55
    2060   64   63   66   42   80   73   61   69   75   68
    2080   52   53   90   47   92   64   76   89   50   74
    2100   55   67   42   39   96   51   60   60   62   63
    2120   76   58   48   72   82   71   63   73   37   76
    2140   79   89   63   87   52   68   50   46   65  100
    2160   69   65   63   71   71   39   47   46   69   74
    2180   85   77   42   36   19   81   60   78   81   59
    2200   66   50   62   42   54   39   66   52   60   65
    2220   78   46   85   48   53   43   67   63   53   36
    2240   60   27   79   60   45   71   73   75   66   54
    2260   60   69   34   34   65   55   63   52   54   81
    2280   73   49   73   47   56   72   38   69   73   58
    2300   39   81   56   78   52   92   78   65   77   73
    2320   64   63   45   42   70   83   36   96   58   69
    2340   50   50   56   60   50   51   88   72   49   48
    2360   64   37   59   63   47   68   78   78   72   59
    2380   86   55   58   69   53   63  107   61   61   60
    2400   45   57   84   61   55   74   47   35   63   70
    2420   46   77   85   75   62   67   73  105   60   33
    2440   59   81   67   53   56   59   43   43   84   99
    2460   61   94   89   54   50   50   56   76   44   65
    2480   63   42   74   68   65   61   44   42   42   76
    2500   82   44   21   68   69   41   56   39   40   59
    2520   89   25   55   38   61   65   68   29   42   64
    2540   35   59   60   45   79   46   49   47   65   50
    2560   59   66   61   52   41   59   71   63   91   61
    2580   44   54   41   85   48  105   33   52   61   66
    2600   68   56   57   78   76   68   44   53   48   97
    2620   44   79   42   64  102   74   57   62   46   71
    2640   61   65   65   69   59   72   94   51   72   35
    2660   67   57   69   55   76   37   66   97   66   61
    2680   60   34   55   89   51   89   45   52   59   76
    2700   57   79   46   83   58   77   38   45   64   41
    2720   60   73   59   53   31   93   60   61   74   57
    2740   60   45   57   31   45   71   68   99   60   61
    2760   39   76   65   73   43   63   69   74   35   42
    2780   32   61   60   85   49   60   68   55   48   48
    2800   63   64   86   57   50   65   62   55   64   67
    2820   82   57   64   51   71   45   58   78   80   68
    2840   75   22   55   36   77   43   58   82   63   89
    2860   44   77   41   73   63   45   91   51   60   54
    2880   57   57   53   77   62   75   63   58   57   28
    2900   66   40   59   63   80   70   68   47   64   79
    2920   44   69   63   67   43   76   53   89   57   31
    2940   62   63   34   61   69   72   49   50   75   62
    2960   56   64   59   43   55   61   96   78   63   85
    2980   88   59   66   52   81   47   70   66   51   51
    3000   48   81   45  107   51   40   69   66   52   59
    3020   43   73   42   63   62   49   45   63   48   92
    3040   75   50   46   35   74   47   66   65   70   37
    3060   54   79   43   37   62   75   55   82   96   58
    3080   58   57   64   39   44   35   58   85   45  111
    3100   94   50   80   57   75   38   52   78   84   47
    3120   79   38   68   81   75   76   32   66   65   60
    3140   44   71   33   59   60   78   79   69   54   67
    3160   68   93   61   55   74   76   68   46   56   53
    3180   72   42   48   44   88   61   74   69   32   87
    3200   63   47   60   65   74   79   53   90   52   73
    3220   61   77   63   88   78   49   75   55   47   85
    3240   89   52   85   73   74   76   59   59   62   78
    3260   58   31   75   71   73   73   26   62   74   72
    3280   44   78   57   73   66   56   62   61   36   54
    3300   44   56   60   58   59   79   65   41   65   85
    3320   65   33  102   57   71   47   62   63   92   95
    3340   80   55   52   60   47   70   57   68   92   38
    3360   80   61   41   42   22   71   58   66   52   59
    3380   73   66   50   32   61   73   41   54   71   62
    3400   43   64   72   57   60   47   60   63   51   64
    3420   62   43   69   54   81   56   84   53   40   62
    3440   74   56   68   38   60   69   80   61   64   55
    3460   68   55   76   84  101   70   52   64   45   71
    3480   41   42   39   74   68   64   91   69   59   65
    3500   62   81   48   59   60   69   62   51   33   66
    3520   85   74   75   66   43   49   65   46   60   35
    3540   69   82   98   64   47   84   64   70   50   57
    3560   56   72   75   54   53   74   56   56   59   67
    3580   48   49   37   32   46   44   50   76   86   67
    3600   41   71   74   47   60   64   44   65   59   69
    3620   67   69   66   40   59   46   50   78   42   53
    3640   42   64   63   50   56   45   43   56   51   59
    3660   29   34   59   62   58   58   52   65   67   39
    3680   89   63   75   83   58   63   47   48   79   93
    3700   62   69   44   62   47   55   83   60   51   85
    3720   73   88   27   63   69   67   91   51   61   78
    3740   71   68   48   59   76   64   59   41   66   40
    3760   85   56   60   99   53   64   81   64   68   72
    3780  107   47   57   39   88   57   59   84   34   69
    3800   49   77   63   53   64   39   49   58   86   63
    3820   55   41   55   61   56   52   54   68   41   60
    3840   51   81   22   80   55   65   36   56   69   64
    3860   49   89   65   72   49   71   54   61   99   58
    3880   58   41   48   38   69   73   50   58   61   73
    3900   58   97   72   41   68   69   50   84   69   81
    3920   61   54   40   74   32   68   84   57   51   68
    3940   55   72   42   54   67   46   80   67   51   46
    3960   63   70   52   63   69   56   84   43   40   56
    3980   59   64   56   62   60   54   67   57   32   47
    4000   28   50   40   60   66   60   62   62   56   52
    4020   61   59   62   40   66  102   65   56   69   64
    4040   60   74   68   55   54   60   43   60   53   86
    4060   52   67   48   79  112   43   55   44   70   28
    4080   79   55   64   68   28   42   81   52   56   30
    4100   70   63   75   66   51   51   62   51   53   95
    4120   35   68   56   62   70   77   87   95   92   71
    4140   49   84   71   66   56   55   96   48   70   41
    4160   45   65   69   44   73   37   34   62   81   51
    4180   72   84   52   77   51   71   46   76   45   90
    4200   75   67   57   64   83   61   58   74   56   92
    4220   64  101   70   47   34   62   69   54   65   53
    4240   71   74   85   63   56   69   50   77   32   81
    4260   34   39   55   60   40   77   50   70   64   47
    4280   44   56   66   41   78   82   80   79   79   50
    4300   71   62   76   43   88   61   81  108   47   51
    4320   73   79   68   31   56   96   52   37   76   68
    4340   68   63   60   75   70   54   62   38   44   50
    4360   62   65   55   57   64   61   76   56   42   61
    4380   75   67   59   57   82   60   63   50   44   73
    4400   62   53   42   83   62   57   66   65   60   50
    4420   96   66   40   80   61   59   53   72   25   49
    4440   66   74   54   43   46   37   58   46   82   72
    4460   59   81  106  111   68   30   69   54   69   36
    4480   85   86   65   53   44   65   64   80   54   68
    4500   63   49   33   49   25   59   66   29   34   61
    4520   76   65   66   72   44   53   45   58   46   58
    4540   70   53   89   82   52   53   36   68   60   68
    4560   38   55   49   60   69   38   48   47   73   63
    4580   34   61   92   63   73   62   46   55   73   46
    4600   47   62   54   60   70   28   58   82   50   75
    4620   52   48   47   62   50   57   94   73   51   70
    4640   59   50   81   48   30   48   39   77   55   51
    4660   29   94   40   59   56   55   90   78   43   60
    4680   44   37   60   52   57   43   33   35   34   67
    4700   80   63   66   63   60   57   20   48   48   53
    4720   68   65   40   63   34   56   56   41   70   39
    4740   54   63   48   53   46   72   36   43   44   64
    4760   97   38   90   50   56   46   72   62   59   46
    4780   58   64   47   47   74   55   42   68   75   57
    4800   94   63   44   40   50   59   67   57   79   55
    4820   72   79   72   47   62   59   42   57   55   77
    4840   75   32   58   55   67   60   31   32   41   63
    4860   43   57   25   49   27   61   57   53   66   55
    4880   49   68   64   58   66   40   75   70   77   64
    4900   54   74   70   67   47   58   70   71   39   84
    4920   60   70   33   73   73   65   60   75   38   51
    4940   55   44   25   63   62   64   77   67   34   69
    4960   42   75   75   41   74   46   39   48   47   42
    4980   47   88   78   67   66   44   63   30   32   65
    5000   75   41   86   44   54   46   53   81   64   59
    5020   50   39   65   54   59   57   89   60   48   55
    5040   39   71   56   52   81   60   34   64   41   58
    5060   35   48   31   59   33   47   43   97   26   67
    5080   39   76   61   35   46   71   59   33   46   51
    5100   43   72   52   43   41   69   50   56   63   48
    5120   61   53   47   85   37   66   65   52   49   35
    5140   87   59   57   73   65   43   40   86   60   49
    5160   48   44   56   73   72   44   38   58   51   65
    5180   55   39   63   80   67   68   80   61   76   75
    5200   60   76   83   57   44   64   59   73   57   71
    5220   66   83   79   63   45   86   52   81   67   63
    5240   59   55   99   37   64   62   49   72   76   66
    5260   49   32   54   76   44   61   50   54   67   80
    5280   61   48   27   86   57   54   41   55   70   53
    5300   34   76   49   56   94  105   51   83   29   72
    5320   59   45   49   62   61   44   64   72   40   56
    5340   53   65   82   63   34   72   53   83   96   69
    5360   55   28   72   63   66   68   46   74   60   74
    5380   58   30   79   51   91   43   41   63   42   56
    5400   53   35   69   76   52   77   73   49   31   65
    5420   65   64   30   40   64   60   56   59   63   65
    5440   46   41   57   63   67   48   80   49   84   50
    5460   72   61   64   57   58   73   57   56   87   41
    5480   39   79   77   45   74   79   62   43   67   42
    5500   57   65   36   54   35   80   89   74   71   48
    5520   72   89   66   55   64   51   69   73   52   48
    5540   75   49   97   66   60   64   74   53   38   94
    5560   98   68   45   83   79   65   37   91   69   55
    5580   49   52   54   48   58   36   70   70   52   46
    5600   61   68   69   92   55   78   77   41   77   53
    5620   54   81   61   81   94   98   60   75   81   55
    5640   40  101   61   54   62   84   74   44   53   70
    5660   71   65   56   45   80   36   56   43   64   80
    5680   50   78   60   62   61   46   72   50   59   60
    5700   65   88   47   60   56   51   86   92   30   91
    5720   39   74   48   63   51   54   58   66   66   38
    5740   80   62   41   68   35   44   68   32   51   67
    5760   56   78   90   59   60   88   73   73   54   55
    5780   70   63   82   69   94   68   54   58   55  114
    5800   59   57   75   59   40   60   44   71   41   71
    5820   71   68   80   58   49   52   26   61   89   71
    5840   78   80   64   57  104   53   48   71   57   75
    5860   42   55   59   71   70   57   67   66   71   62
    5880   47   64   57   70  101   51   73   80   33   78
    5900   68   61   72   79   58   53   49   67   65   42
    5920   40   87   68   47   55   68   67  114   70   57
    5940   44   45   72   62   76   60   97   80   65   62
    5960   36   44   67   48   96   82   64   47   61   61
    5980   50   69   40   71   83   54   34   66   60   60
    6000   87   39   55   71   58   63   55   63   39   47
    6020   71   42   67   66   57   63   52   71   51   81
    6040   69   78   91   64   82   54   67   52   72   51
    6060   74   63   70   83   74   60   86   63   43   64
    6080   69   77  100   78   36   57   58   22   88   73
    6100   60   90   54   60   52   63   61   73   69   55
    6120   81   64   70   68   80   59   87   61   55   64
    6140   48   66  102   61   70   73   62   68   35   78
    6160   66   78   54  105   60   62   35   35   42   34
    6180   66   45   48   70   66   74   69   56   44   67
    6200   68   66   51   34   59   52   73   78   54   47
    6220   40   64   77   42   53   76   86   67   38   54
    6240   56   65   94   73   48   51   75   78   60   45
    6260   66   75   79   78   89   45   98   57   43   62
    6280   70   50   43   71   68   55   61   46   69   74
    6300   53   78   86   68   66   65   84   37   84   54
    6320   66   51   58   59   32   53   55   73   57   67
    6340   60   58   55   41   71   58   69   94   72   44
    6360   72   38   51   88   61   45   74   57   34   58
    6380   55   64   65   52   61   37   72   79   82   57
    6400   54   66   59   47   52   45   80   73   51   39
    6420   77   70   55   70   83   81   41   61   86   63
    6440   42   40   80   47   50   88   33  103   66   45
    6460   48   71   58   29   94   69   62   61   60   59
    6480   54   49   41   61   49   57   76   42   42   80
    6500   51   60   52   36   67   49   36   62   52   53
    6520   28   54   39   82   67   76   74   64   40   45
    6540   69   59   53   69   58   53   37   63   61   73
    6560   75   53   84   67   71   41   30   66   49   39
    6580   54   63   72   83   64   46   88   70   84   71
    6600   67   58   61   65   67   58   74   80   56   80
    6620   39   63   65   78   62   45   68   25   64   53
    6640   98   52   90   54   78   67   61   69   72   59
    6660   61   34   72   61   59   60   47   56   96   59
    6680   45   58   81   70   45   62   21   64   58   58
    6700   37   66   68   49   82   46   44   51   47   85
    6720   48   76   53   62   42   59   75   74   54   76
    6740  107   57   63   59   60   68   73   50   76   77
    6760   78   75   53   44   60   81   77   52   74   62
    6780   81   71   63   39   73   78   72   63   69   40
    6800   42   44   56   62   58   68   41   79   72   55
    6820   92   59   63   32   64  107   33   66   88   77
    6840   62   54   62   63   58   48   65   57  112   34
    6860   59   65   55   43   81   73   69   43   87   67
    6880   58   59   51   41   79   73   69   63   62   47
    6900   69   41   61   54   69   36   47   70  104   50
    6920   41   63   83   84   63   83   75   54   42   77
    6940   68   55   54   40   63   33   64   56  109   46
    6960   57   78   42   53   69   78   65   63   45   50
    6980   54   68   61   76   59   43   90   72   54   40
    7000   47   40   76   83   40   54   32   79   51   45
    7020   43   25   61   66   83   72   38   71   47   70
    7040   81   93   57   57   85   73   72   63   74   59
    7060   62   70   61   90   87   63   59   48   59   54
    7080   65   60   44   55   38   61   65   46   48  102
    7100   67  107   49   78   65   52   57   80   47   68
    7120   70   59   77   79   44   63   47   66   57   54
    7140   71   69   47   63   54   72   65   55   79   88
    7160   62   76   47   92   36   49   50   71   62   60
    7180   87   88   54   44   64   70   89   64   64   91
    7200   85   63   70   66   62   38   66  127   93   49
    7220   49   61   39   54   82   62   53   61   66   66
    7240   76   62   56   51   87   41   55   45   83   59
    7260   74   55   53   74   35   38   68   67   60   67
    7280   62   96   49   59   86   89   69   72   60   62
    7300   60   80   75   58   85   76   64   55   39   66
    7320   60   58   59   65   50   57   91   56   70   46
    7340   71   67   74   45   63   53   75   67   40   64
    7360   57   57   50   57   64   71   67   61   65   61
    7380   57   37   68  103   45   93   87   72   55   40
    7400   86   48   91   70   43   60   39   49   70   46
    7420   66   73   49   40   57   41   51   73   49   38
    7440   81   44   72   65   67   46   80   63   72   55
    7460   88   49   65   56   65   64   59   55   60   61
    7480   80   49   62   66   60   77   56   37   57   62
    7500   53   30   61   64   76   57   46   59   58   73
    7520   52   63   55   52   85   60   70   74   31   78
    7540   95   80   46   50   55   61   71   83   67   89
    7560   51   70   70   24   61   39   78   50   43   68
    7580   74   55   80   53   74   61   58   70   55   72
    7600   94   60   67   71   95   70   65   66   76   66
    7620   69   61   67   54   71   61   67   59   57   71
    7640   97   80   55   56   81   58   43   39   50   86
    7660   79   52   55   56   69   77   72   60   68   38
    7680   88   67   71   74   87   71   69   85   40   48
    7700   50   71   60   52   61   65   28   52   64   52
    7720   44   57   44   33  104   76   66   52  108   67
    7740   56   64   54   74   78   69   38   76   39   55
    7760   49   57   81   39   46   49   62   53   63   55
    7780   68   66   65   70   80   61   55   65   43   62
    7800   57   63   61   41   66   69   52   58   82   61
    7820   58   44   83   54   72   64   54   63   61   73
    7840   76   79   88   59   58   54   51   62   65   66
    7860   65   45   60   37   76   79   51   68   58   58
    7880   63   56   61   82   64   58   68   59   81   79
    7900   38   43   49   53   82   85   81   60   42   53
    7920   50   78   57   45   70   54   73   63   49   62
    7940   59  113   59   44   28   55   60   81   48   69
    7960   64   81   40   65   46   88   45   71   54   92
    7980   78   55   57   53   41   74   57   61   54   37
    8000   83   49   35   59   45   70   43   69   60   81
    8020   60   70   63   60   34   45   89   60   71   47
    8040   72   51   32   74   74   82   46   91   72   63
    8060   89   42   40   51   59   40   60  102   61   62
    8080   49   47   82   66   60   86   84   54   92   55
    8100   72   49   80   65   47   41   53   73   69   46
    8120   65   61   74   60   61   58   70   64  110   42
    8140   54   53   56   65   50   90   67   81   55   78
    8160   51   55   46   72   35   43   58   83   82   97
    8180   48   78   80   33   80   82   94   76  111   81
    8200   68   74   56   66   67   36   63   29   72   70
    8220   59   58   77   63   64   72   43   78   51   57
    8240   44   62   42   53   84   33   39   56   85   76
    8260   75   45   67   32   84   54   43   52   78   58
    8280   52   47   68   56   71   64   40   85   41   60
    8300   58   34   47   37   59   67   65   48   88   40
    8320   98   43   52   64   34   64   75   46   71   27
    8340   53   30  102   41   54   37   31   43   48   50
    8360   62   51   79   67   84   61   61   69   50   67
    8380   54   40   64   26   39   76   48   50   64   31
    8400   43   49   69   73   68   68   77   52   62   39
    8420   50   51   51   77   62   45   57   81   80   45
    8440   75   76   69   70   66   58   82   48   61   57
    8460   71   56   67   46   47   48   78   50   70   79
    8480   39   53   57   61   33   76   51   74   56   53
    8500   90   65   61   74   75   62   71   73   56   79
    8520  104   68   63   55   82   91   55   46   65   51
    8540   61   54   63   52   69   54   67   60   43   40
    8560   72   58   39   63   58   69   42   66   70   79
    8580   54   71   35   52   43   70   56   39   54   51
    8600   76   61   47   45   70   61   69   87   58   47
    8620   75   35   59   75   61   65   57   71   59   32
    8640   41   39   60   50   69   60   80   72   73   63
    8660   34   57   56   58   86   84   51   53   44   54
    8680   25   63   42   58   44   48   71   49   62   84
    8700   61   55   73   77   50   55   85   88   85   55
    8720   69   42   60   80   51   70   32   42   45   46
    8740   61   69   36   76   65   60   65   79   91   48
    8760   55   58   64   64   43   37   98   47   64   84
    8780   58   58   73   55   51   75   40   51   61   31
    8800   54   61   69   71   49   87   56   56   58   58
    8820   83   53   38   71   40   74   79   60   42   55
    8840   75   64   31   76   52   59   39   62   93   58
    8860   51   38   71   53   82   39   70   49   60   61
    8880   30   82   70   43   52   53   67   79   57   31
    8900   85   39   35   34   94   72   48   45   64   81
    8920   59   55   57   58   47   82   54   36   61   53
    8940   50   69   55   91   69   50   63   54   64   47
    8960   47   49   66   49   82   64   60   88   47   58
    8980   40   72   55   49   95   75   78   50   53   39
    9000   87   51   47   59   55   78   61   84   46   84
    9020   58   32   70   78   59   67   48   83   60   58
    9040   71   55   97   65   54   53   71   62   67   55
    9060   43   46  109   62   58   63   78   39   69   40
    9080   57   58   57   55   71   77   70   50   59   73
    9100   70   52   49   50   59   44   58   39   92   60
    9120   66   39   51   27   58   51   22   37   75   41
    9140   65   44   73   71   58   21   75   75   39   90
    9160   59   56   80   49   58   54   68   39   49   57
    9180   39   49   50   39   79   35   77   54   51   52
    9200   62   54   59   94   59   39   49   62   40   53
    9220   68   79   61   68   65   75   53   37   55   49
    9240   41   50   50   85   50   41   63   66   36   33
    9260   41   76   62   55   67   30   71   73   32   27
    9280   68   60   80   45   63   69   69   76   97   40
    9300   49   53   79   81   75   55   76   66   73   76
    9320   66   63   63   65   57   60   58   46   77   61
    9340   69   46   57   57   38   73   52   65   83   58
    9360   56   74   78   45   44   88   82   53   81   87
    9380   64   56   89   56   45   70   89   66   76   78
    9400   81   51   64   55   86   46  109   57   65   87
    9420   70  103   70   41   32   48   36   68   57   89
    9440   72   97   83   55   53   65   59   44   59   70
    9460   55   50   67   67   57   38   76   46   74   85
    9480   54   43   93   51   53   44   56   92   41   78
    9500   70   65   24   39   63   71   43   76   48   53
    9520   85   38   71   58   53   44   73   66   47   62
    9540   50   95   89   64   44   55   54   60   57   38
    9560   32   67   75  100   99   86   66   97   99   60
    9580   66   45   53   72   39   54   82   56   68   57
    9600   53   47   57   50   75   63   67   79   41   49
    9620   71   57   62   27   51   69   69   53   74   58
    9640   59   62   64   34   38   75   89   51   68   82
    9660  100   90   69   68   83   41   63   75   48   68
    9680   71   70   15   47   42   58   55   54   64   58
    9700   96   36   38   40   51   61   49   39   70   52
    9720   68   60   62   55   54   93   62   61   53   67
    9740   42   56   80   68   80   45   95   47   28   45
    9760   61   52   69   71   60   45   74   44   69   43
    9780   55   51   74   44   65   85   69   50   57   86
    9800   97   66   57  101   82   50   49   88   54   56
    9820   52   99   83   72   68   67   66   72   75   68
    9840   53   57   69   77   48   63   91   75   95   65
    9860   58   72   94   67   38   49   51   67   61   76
    9880   71   52   82   63   49   59   95   68   53  103
    9900   48   47   64   65  111   54   32   65   48   45
    9920   69   53   79  101   46   58  107   78   51   79
    9940   36   64   56   61   53   57   58   60   68   81
    9960   52   46   65   53   47   73   88   28   43   98
    9980   46   92   71   55   57   54   72   76   68   75
   10000   59   69   56   63   80   58   61   63   50   57
   10020   64   58   83   47   67   42   59   72   48   55
   10040   76   79   43  110   45   83   56   84   78   54
   10060   89   73   93   44   70   79   67   96   76   77
   10080   55   82   58   41   82   64   54   83   59   75
   10100   62   60   37   57   50   71   66   45   75   54
   10120   52   59   46   74   85   41   63   63   60   69
   10140   59   71   50   65   77   54   42   74   65   62
   10160   84   69  105   93   74   38   56   56   42   58
   10180   44   87   65   56   60   44   56   86   48   67
   10200   58   43   64   73   56   52   58   67   74   91
   10220   29   62   63   59   40   55   38   40   71   98
   10240   55   90   63   75   37   46   49   62   56   40
   10260   81   46   47   56   40   46   72   56   62   53
   10280   73   92   92   49  104   71   71   48   85   77
   10300   71   63   87   49   79   60   56   88   54   50
   10320   52   61   47   66   59   57   52   52   40   57
   10340   81   55   41   86   47   75   75   65   75   57
   10360   67   61   81   53   64   54   74   83   77   73
   10380   40   35   61   47   51   54   63   59   49   48
   10400   43   85   33   52   72   57   74   78   38   33
   10420   64   58   47   94   57   58   82   45   74   76
   10440   71   65   39   86   62   56   72   68   84   59
   10460   72   61   58   48   54   81  104   50   40   41
   10480   50   99   48   58   33   39   63   50   38   41
   10500   40   73   88   77   65   39   40   47   34   73
   10520   79   63   83   39   46   40   62   37   85   43
   10540   57   40   59   36   62   45   32   72   87   59
   10560  105   51   61   72   82   63   56   51   55   70
   10580   34   79   41   96   63   54   63   56   56   40
   10600   41   53   77   62   60   72   28   87   51   50
   10620   40   57   79   69   58   68   64   65   92   62
   10640   83   74   64   92   55   80   70   89   67   53
   10660   87   23   52   49   83   66   57   71   52   58
   10680   78   50   59   62   63   82   69   67   54   68
   10700   76   69   49   62   82   66   66   58   67   82
   10720   53   49   62   59   80   39   28   65   43   75
   10740   45   46   53   59   51   65   55   58   47   49
   10760   56   63   76   76   39   56   75   66   88   41
   10780   60   61   74   67   49   61   71   50   60   66
   10800   51   58   65   46   46   79   95   48   61   71
   10820   35   54   68   79   41   70   50   44   49   78
   10840   74   80   25   63   64   62   69   44   63   51
   10860   65   75   55   80   69   21   60   62   79   92
   10880   38   53   45   45   63   58   66   82   64   59
   10900   40   37   71   50   38   34   68   46   64   63
   10920   37   57   67   62   84   64   32   57   75   61
   10940   71   46   64   66   80   52   38   48   67   66
   10960   79   64   54   59   42   72   30   43   50   61
   10980   66   69   67   39   73   36   78   71   41   84
   11000   64   52   70   77   84   51   61   76   57   52
   11020   59   76   79   58   46   66   67   58   37   50
   11040   66   54   64   76   87   45   42   71   53   58
   11060   47   62   62   59   69   70   63   97   42   67
   11080   47   63   40   65   63   56   55   56   51   64
   11100   49   75   69   84   45   64   69   56   44   73
   11120   63   67   73   68   86   62   50   50   43   35
   11140   68   56   66   57   58   46   43   92   70   51
   11160   65   73   66   92   45   69   55   63   55   32
   11180   49   42   30   46   23   46   52   54   64   46
   11200   31   56   52   79   67   29   55   51   58   77
   11220   53   79   36   87   55   44   61   64   49   63
   11240   48   87   53   42   57   61   99   81   88   42
   11260   57   56   37   54   72   45   76   43   39   31
   11280   67   53   63   69   70   76  101   49   59   73
   11300   57   54   40   28   73  110   60   54   10   72
   11320   90   63   74   57   70   75   82   49   36   79
   11340   58   52   62   52   38   54   64   61   46   50
   11360   77   55   41   49   52   81   45   37   55   52
   11380   49   50   46   33   54   78   74   63   61   31
   11400   88   88   78   35   73   48   48   60   52   40
   11420   36   23   54   31   53   57   63   56   83   68
   11440   63   36   80   68   42   49   58   58   82   78
   11460   54   77   66   76   80   45   74   58   45   58
   11480   70   23   77   38   46   52   45   81   62   70
   11500   58   72  100   32   69   70   28   62   33   57
   11520   62   40   58   59   62   62   51   49   70   77
   11540   56   59   86   54   49   34   62   66   77   69
   11560   65   41   60   34   58   58   35   71   46   39
   11580   80   40   65   62   37   56   84   55   51   68
   11600   65   69   57   59   68   47   55   81   37   29
   11620   53   87   52   50   83   57   62   51   40   26
   11640   67   69   62   63   56   48   40   77   70   34
   11660   79   36   56   49   67   48   37   67   89   40
   11680   74   62   65   61   46   42   32   59   66   56
   11700   54   59   38   55   67   58   67   43   60   58
   11720   54   47   61   65   41   70   41   67   55   67
   11740   72   45   75   42   39   43   55   36   50   87
   11760   52   57   59   62   41   63   65   44   32   57
   11780   62   77   53   80   78   34   31   70   59   44
   11800   32   50   52   79   61   34   51   84   40   50
   11820   43   74   62   50   84   46   70   83   40   54
   11840   82   64   67   63   65   46   29   41   62   72
   11860   48   44   58   41   84   73   61   63   42   91
   11880   74   89   72   78   90   75   43   24   89   62
   11900   50   52   64   68   76  135   56   71   77   48
   11920   27   46   55   51   49   42   28   41   52   48
   11940   36   60   89   58   73   49   64   55   53   66
   11960   69   82   52   49   72   79   48   61   51   38
   11980   57   43   57   89   62   69   37   42   44   83
   12000   50   42   97   75   72   69   46   48   52   48
   12020   72   32   70   42   57   69   54   65   53   51
   12040   56   37   60   58   90   84   65   84   38   93
   12060   82   70   67   89   58   75   44   72   87   69
   12080   89   61   42   65   58   69   63   58   59   88
   12100   48   57   55   69   50   89   61   60   99   77
   12120   48   42   71   45   79   65   48   85   46   54
   12140   53   24   41   38   49   65   58   47   38   65
   12160   41   41   83   48   65   63   49   79   49   66
   12180   61   77   50   49   93   53   57   78   57   57
   12200   60   79   72   62   92   58   43   77   98   75
   12220   38   72   82   52   50   96   61   46   73   56
   12240   53   46   63   65   80   69   84  108   76   68
   12260   50   81   70   60   84   69   51   68   47   78
   12280   76   55   75   73   37   64   85   50   64   56
   12300   63   53   60   72   98   73   74   42   71   69
   12320   67   49   44   48   27   71   65   71   47   50
   12340   55   67   48   68   78   98   69   46   45   67
   12360   63   41   73   49   53   64   93   64   46   71
   12380   57   42   68   72   51   62   37   89   49   35
   12400   59   59   33   47   50   56   81   67   66   60
   12420   83   38   69   61   62   48   77   50   60   31
   12440   77   44   72   48   56   34   76   80   82   37
   12460   60   52   53   65   57   65   80   76   57   66
   12480   63   63   54   53   54   72   41   41   84   43
   12500   70   50   72   46   68   51   60   71   72   62
   12520   57   54   48   59   80   61   50   29   74   68
   12540   47   53   86   78   83   91   72   48   82   69
   12560   68   41   69   78   67   66   65   75   75   59
   12580   74   89   53   49   94   57   72   51   71   64
   12600   51   91   67   30   84   70   57   70   84   73
   12620   33   57   68   75   66   21   34   58   53   44
   12640   64   78   86   70   88   75   58   82   67   53
   12660   51   34   40   52   51   46   71   96   56   76
   12680   38   69   53   66   82   51   59   54   65   79
   12700   66   58   54   77   67   36   52   39   49   61
   12720   47   90   69   62   39   40   55   57   51   52
   12740   51   61   71   66   33   69   73   66   34   72
   12760   66   69   34   50   71   42   28   63   67   90
   12780   65   59   62   37   35   44   59   37   60   67
   12800   61   65   81   81   36   54   34   64   69   68
   12820  108   73   58   40   43   79   54   44   34   63
   12840   67   59   89   76   47   78   60   46   59   71
   12860   58   49   51   72   61   69   47   86   66   53
   12880   61   24   95   86   72   69   56   63   41   71
   12900   77   75   70   96   66   62   87   68   64   67
   12920   79   66   53   71   70   58   80   61   57   75
   12940   61   90   98   56   70   76   63   37   23   83
   12960   88   76   75   59   80   91   76   51   68   77
   12980   73   78   66   97   67   74   54   65   38   93
   13000   93   90   71   90   37   50   66   83   35   66
   13020   59   25   66   68   64   80   93  114   73   65
   13040   62   38   76   87   62   67   77   87   30   76
   13060   51   70   71   34   39   55   50   65   47   60
   13080   73   50   79   60   43   61   90   68   55   67
   13100   84   40   57   68   66   58   98   63   82   66
   13120   81   36   42   47  104   42   71   36   82   49
   13140   53   60   45   72   54   47   99   48   83   58
   13160   78   72   45   55   54   56   50   63   90   61
   13180   58   57   85   43   69   65   59   55   56   51
   13200   77   66   58   41   37   78   81   59   73   58
   13220   98   46  101   26   64   78   57   64   89   63
   13240   61   51   64   68   35   50   76   71   70   46
   13260   99   52  121   33   58   79   55   74   62   42
   13280   52   66   58   56   57   68   49   63   77   64
   13300  105   63   49   66   68   67   40   63   62   59
   13320   64   83   93   81   61  100   85   43   60   63
   13340   75   69   57   67   68   90   66   65   40   71
   13360   67   46   29   74  101   50   65   68   89   62
   13380   55   55   55   44   64   54   51   67   61   75
   13400  119   71   46   53   71   67   76   70   45   48
   13420   36   69   63   71   36   70   76   64   58   57
   13440   69   86   69   63   61   53   45   65  110   53
   13460   44   44   50   64   56   79   70   48   56   43
   13480   67   59   55   49   69   61   78   81   66   52
   13500   66   39   56   52   76   42   75  105   69   75
   13520   81   67   55   44   65   72   80   48   88   91
   13540   55   53   53   48   32   69   75   81   79   36
   13560   67   57   30   52   62   29   62   83   58   55
   13580   67   71   52   38   49   80   69   80   69   58
   13600   66   51   55   90   72   54   68   53   63   60
   13620   63   65   58   68   80   69   58   51   87   82
   13640   46   77   67   69   55   59   69   67   80   66
   13660   56   55   21   62   62   56  107   72   64   52
   13680   77   77   90   35   68   73   60   60   62   54
   13700   66   62   79   84   88   68   44   65   81  104
   13720   83   50   53   62   76   69   69   61   49   58
   13740   81   36   64   73   77   94   59   83   70   50
   13760   59   50   38   72   71   49   37   80   81   47
   13780   72   80   64   66  113   42   62   62   34   89
   13800   68   73   45   64   49   42   71   52   72   39
   13820   30   45   52   62   49   67   43   65   30   35
   13840   54   50   80   42   25   69   32   81   59   61
   13860   93   51   65   54   53   66   67   64   82   58
   13880   41   45   46   37   40   28   49   57   82   59
   13900   74   57   63   77   49   51   56   42   69   42
   13920   36   59   66   93   44   75   61   67   47   50
   13940   70   86   49   53   61   43   55   56   66   65
   13960   54   70   72   73   79   44   53   34   33   77
   13980   52   98   76   82   58   55   76   72   61   80
   14000   61   45   55   44   48   70   82   69   58   80
   14020   68   39   99   94   40   69   98   41   33   42
   14040   84   28   77   75   68   84   77   45   78   65
   14060   69   46   66   53   42   78   39   51   64   74
   14080   59   63   57   37   41   93   71   51   52   59
   14100   68   69   66  101   88   62   87   46   53   59
   14120   83   44   98   46   55   67   84   60   72   45
   14140   52   62   71   41   38   70   68   43   46   61
   14160   59   53   71   68   73   56   73   49   47   45
   14180   75   49   41   54   64  117   69   71   44   52
   14200   66   42   76   36   86   71   89   28   61   56
   14220   59   46   53   78   44   41   54   56   70   45
   14240   83   76   74   63   70   54   65   72   70   56
   14260   72   69   53   52   46   55   81   72   78   72
   14280   70   49   58   66   70   47   35   44   62   46
   14300   76   62   63   88   48   72   50   60   81   38
   14320   77   87   43   94   68   35   45   74   82   46
   14340   63   58   70   31   87   92   85   54   71   72
   14360   32   80   55   58   48   71   31   68   58   81
   14380   64   49   50   65   43   80   55   56   49   71
   14400   82   61   56   31   19   65   62   66   96   62
   14420   93   49   82   54   58   77   75   54   62  111
   14440   53   67   65   43   45   72   64   73   47   75
   14460   51   77   67   56   71   78   80   73   60   85
   14480   55   75   76   50   76   62   97   61   68   48
   14500   58   56   63   61   53   81   83   27   76   80
   14520   56   68   43   43   43   78   35   63   58   97
   14540   61   43   63   47   66   84   35   68   45   61
   14560   57   66   65   60  120   92   41   49   71   32
   14580   75   67   64   82   76   37   65   59   63   78
   14600   86   88   69   46   55   64   87   28   52   66
   14620   45   71   37   62   67   45   62   95   94   60
   14640   36   58   52   63   44   36   48   59   48   82
   14660   51   71   52   74   46   51   62   70   73   42
   14680   42   72   45   59   62   42   32   65   73   49
   14700   41   90   38   43   56   53   49   54   58   69
   14720   67   55   87   69   58   80   37   57   70   43
   14740   72   15   59   93   47   61   82   44  101   75
   14760   55   64   57   74   55   80   62   84   44   36
   14780   50   44   54   65   53   51   71   54   72   99
   14800   52   53   71   55   66   74   72   64   81   36
   14820   53   42   47   53   39   55   67   73   57   99
   14840   41   52   55   34   56   67   59   67   61   56
   14860   75   47   44   81   71   75   73   66   70   54
   14880   99   37   75   57   75   72   66   67   68   78
   14900   49   65   36   78   39   72   53   54   43   61
   14920   51   37   49   44   53   61   54   58   65   30
   14940   60   74   61   76   68   69   66   61   51   71
   14960   87   48   43   63   64   62   48   93   73   65
   14980   44   51   68   69   53   96   51   59   82   38
   15000   73   50   57   66   47   54   83   58   64   58
   15020   61   62   49   35   73   65   62   62   46   68
   15040   49   56   52   74   43   57   60   78   73   48
   15060   61   51   39   57   48   62   58   91   45   55
   15080   43   56   39   46   57   48   71   43   76   94
   15100   80   53   51   56   61   56   58   59   68   47
   15120   63   53   57   45   48   44   58   48   54   62
   15140   57   84   77   59   39   99   66   94   53   61
   15160   44   53   58   48   62   78   66   50   21   89
   15180   48   68   56   51   74   43   55   75   79   74
   15200   34   57   74   61   85   34   58   48   60   31
   15220   70   57   45   66   79   53   28   51   69   66
   15240   54   46   41   57   73   51   64   35   38   68
   15260   56   42   61   43   57   63   28   55   76   72
   15280   60   72   32   23   64   50   40   57   86   64
   15300   50   53   77   43   83   61   57   38   41   55
   15320   44   64   78   71   61   85   69   73   63   62
   15340   47   65   45   70   84   60   61   69   72   65
   15360   90   64   52   53   47   48   52   48   49   56
   15380   76   52   48   80   51   90   87   70   45   69
   15400   56   55   68   67   75   66   82   62   65   24
   15420   71   70   66   71   78   70   54   53   54   59
   15440   83   76   62   78   65   40   58   57   55   49
   15460   49   69   33   57   48   63   60   47   78   60
   15480   71   64   71   55   78   71   52   68   89   67
   15500   52   54   74   90   81   71   61   65   40   65
   15520   49   56   59   78   55   69   49   55   68   27
   15540   56   47   64   93   46   80   82   58   89   74
   15560   52   64   40   61   65  105   72   67   66   52
   15580   66   84   57   65   71   96   62   63   76   52
   15600   91   73   90   60   49   59   84   71   40   90
   15620   68   53   77   45   43   39   68  105   76   73
   15640   65   55   59   49   70   69   52   48   62   63
   15660   85   54   61   76   75   59   71   80   64   98
   15680   63   64   68   60   57   58   58   87   51   81
   15700   73   61   68   46   62   64   49   92   39   39
   15720   36   44   50   55   66   66   79   86   57   69
   15740   57   52   75   74   52   56   75   64   77   42
   15760   79   45  118   71   65   77   85   98   54   63
   15780   68   95   40   93   73   77   82   58   82   79
   15800   73   62   72   73   64   47   64   50   68   58
   15820   65   57   42   47   73   55   65   65   54   81
   15840   29   64   54   94   65   94   58   67   45   65
   15860   40   76   63   72   81   75   56   52   60   54
   15880   40   23   51   90   63   47   97   61   70  115
   15900   94   65   62   54   92   66   74   76   56   76
   15920   85   57   46   58   77   66   72   50   71   73
   15940   24   59   59   51   41   69   55   52   52   59
   15960   30   54   56   46   64   83   60  100   74   54
   15980   56   59   45   56   47   83   41   37   82   71
   16000   75   86   44   69   58   93   38   68   47   69
   16020   79   56   57   48   72   79   66   42   47   54
   16040   39   55   91   63   63   70   61   86   69   69
   16060   61   36   45   45   63   79   85   57   51   67
   16080   84   33   66   82   46   78   61   67   55   94
   16100   57   78   82   67   61   73   66   55   89   98
   16120   80   75   70   50   62   33   42   34   74   79
   16140   59   64   53   56   59   60   63   84   47   64
   16160   45   45   94   85   76   50   51   77   83   64
   16180   60   45   68   54   72   37   55   69   90   53
   16200   56   69   68   58   78   39   47   40   84   85
   16220   71   48   51  103   79   83   54   43   39   65
   16240   68   44   61   35   72   57  102   71   43   69
   16260   45   37   46   56   62   36   74   49   60   49
   16280   52   42   92   94   63   75   53   47   33   40
   16300   42   83   88   79   78  114   60   52   51   92
   16320   43   60   63   65   69   81   59   67   54   32
   16340   70   44   53   86   92   63   29   27   23   93
   16360   73   34   49   48   65   46   42   61   71   48
   16380   92   33   38   52   64   46   48   80   61   85
   16400   43   48   58   45   64   73   64   63   39   46
   16420   53   51   42   57   39   61   53   63   68   80
   16440   65   80   64   64   78   78   29   67   57   47
   16460   94   70   65   76   41   62   90   75   71   49
   16480   66   66   55   72   33   78   59   82   84   70
   16500   50   99   61   79   69   60   96   25   52   66
   16520   54   42   57   46   53   84   49   59   77   32
   16540   77   66   84   65   61   57   51   51   40   37
   16560   60   96   44   56   39   43   37   47   68   72
   16580   46   78   58   73   68   39   55   46   23   53
   16600   64   63   59   92   66   81   51   70  103   60
   16620   44   51  116   57   76   56   76   81   61   70
   16640  108   34   83   63   75   52   59   74   77   72
   16660   55   93   80   53   57   45   63   39   53   62
   16680   61   58   64   66   89   52   73   66   61   59
   16700   47   58   37   64   91   77   47   95   51   60
   16720   43   38   46   50   62   48   51   53   71   43
   16740   84   45   47   48   55   63   71   49   74   88
   16760   78   78   39   61   57   43   67   64   60   44
   16780   89   76   55   75   46   57   42   64   62   59
   16800   99   77   59   87   56   30   51   26   25   57
   16820   36   87   52   68   30   64   31   36   84   63
   16840   53   57   45   30   50   70   72   66   62   76
   16860   49   51   82   56   41   73   50   63   42   42
   16880   37   63   55   94   52   82   61   61   54   49
   16900   63   93   81   71   29   55   34   51   37   40
   16920   53   55   77   79   52   57   60   68   36   73
   16940   61  102   67   54   56   44   60   44   61   84
   16960   81   75   42   43   44   54   92   63   90   64
   16980   45   76   31   36   40   70   69   71   90   61
   17000   61   75   68   47   68   71   58   61   60   58
   17020   57   67   64   70   57   47   41   54   88   62
   17040   68   52   72   92   46   43   62   52   59   76
   17060   55   60   78   38   66   57   43   66   66   52
   17080   58   39  101   72   71   67  102   95   64   90
   17100   92   33   58   98   49   64   80   72   53   60
   17120   73   56   88   59   75   73   82   54   69   69
   17140   51   55   48   72   77   68   69   38   73   92
   17160   56   64   65   77   62   81   51   95   92   60
   17180   68   90   66   72   60   90   56   83   73   79
   17200   76   54   70   78   84   81   47   47   46   74
   17220   80   60   70   75   74   66   48   44   57   55
   17240   70   51   49   67   50   87   74   75   63   66
   17260   77   53   50   43   25   66   43   43   56   39
   17280   83   41   58   86   75   54   37   53   62   64
   17300   69   73   49   69   59   58   57   47   38   46
   17320   45   67   85   69   44   63   87   50   39   67
   17340   63   47   59   59   88   57   71   53   70   78
   17360   38   57   57   44   59   96   73   60   77   75
   17380  104   73   49   76   75   79   94   57   68  101
   17400   56   64   74   69   53   82   74   80   59   45
   17420   53   77   58   64   38   54   66   58   90   75
   17440   49   70   61   65   33   67   62   69   61   74
   17460   68   51   68   49   56   49   91   56   59   59
   17480   56   88   69   72   97   80   72   47   56   82
   17500   69   55   60   67   52   50   38   65  105   33
   17520   73   61   77   81   65   47   74   84  111   49
   17540   86   77   58   54  101   48   75   55   41   69
   17560   68   49   99   33   65   65   57   40   68   52
   17580   55   74   49   66   57   57   77   83   52   56
   17600   80   70   64   64   77   45   50   74   36   75
   17620   56   67   65   65   73   72   82   26   43   36
   17640   66   67   55   64   53   58   48   63   53   40
   17660   44   43   84   58   52   94   76  102   82   84
   17680   58   61   67   77   52   64   91   49   77   88
   17700   74   79   64   82   89   71   76   55   67   84
   17720   35   55   84   64  103   80   58   68   72   48
   17740   74   51   56   83   57   64   36   66   76   59
   17760   56   46   54   87   55   54   80   55   60   54
   17780   40   45   70   98   60   52   72   82   83   65
   17800   77   58   58   55   77   86   51   50   51   62
   17820   54   48   69   93   72   62   38   75   32   68
   17840   61   88   51   73   91   60   55   71   77   74
   17860   51   64   64   76   77   49   93   70   45   57
   17880   71   65   60   77   84   64   67   43   50   57
   17900   36   53   62   56   54   62   69   79   91   55
   17920   75   63   50   57   68   65   37   63   96   87
   17940   63   70   78   48   61   85   57   65   50   40
   17960   65   91   47   45   54   62   48   52   76   80
   17980   65   91   50   77   72   88   37   80   54  109
   18000   37   39   55   73   71   60   43   68   59   76
   18020   71   67   58   71   70   65   86   48   52   43
   18040   87   47   58   84  100   73   65   50   60   34
   18060   77   72   69   49   61   63   60   50   57   70
   18080   79   75   72   75   46   62   71   53   65   64
   18100   69   45   68   81   49   20   61   70   60   56
   18120   56   68   63   43   36   64   90   47   43   55
   18140   98   56   93   64   82   75   85   92   40   66
   18160   78   67   84   67   68   58   41   54   66   67
   18180   69   51   60   93   65   65   74   70   65   69
   18200   74   73   55   75   53   91   47   69   55   82
   18220   70   88   30   46   61   42   82   33   98   95
   18240   67   73   60   81   79   68   80   63   57   43
   18260   54   67   59   61   76   53   81   46   67   53
   18280   43   68   80   41   74   63   67   74   69   88
   18300   59   81   87   97   68   56   49   59   76   79
   18320   49   87   58   64   91   66   69   38   58   74
   18340   61   60   57   58   58   50   74   72   80   28
   18360   82   54   60   72   67   71   77   58   49   65
   18380   30   84   74   45   64   56   52   68   73   67
   18400   67   57   77   64   71   94   63   70   72   68
   18420   91   55   77   74   61   62   70   52   31   94
   18440   66   67   56   51   61   36   66   97   61   45
   18460   58   54   64   59   67   69   74   38   73   63
   18480   47   58   41   65   38   84   47   71   50   73
   18500   72   44   60   66   68   72   37   67   88   67
   18520   68   62   44   76   92   84   95   55   71   27
   18540   41   58   63   75   45   39   59   55   65   95
   18560   46   74   79   61   51   27   50   67   51   84
   18580   49   50   64   50   73   69   82   71   44   42
   18600   73   50  102   61   63   45   71   65   51   73
   18620   64   93   84   77   49   73   52   63   73   77
   18640   79   61   47   39   68   77   30   66   52   83
   18660   70   51   48  125   68   73   66   77   71   55
   18680   37   65   71   64   48   88   76   63   69   53
   18700   62   82   70   81   48   70   63   68   97   55
   18720   55   38   58   64   43   85   59   66   87   55
   18740   55   50   57   50   57   78   38   56   54   59
   18760   82   78   61   47   67   67   51   55   72   71
   18780   62   52   84   64   45   70   69   34   61   58
   18800   77   61   44   42   33   41   66   30   36   70
   18820   43   59   67   45   70   63   69   68   64   43
   18840   58   75   31   53   73   35   58   25   66   61
   18860   79   78   51   65   45   76   61   69   60   29
   18880   77   50   44   63   76   85   32   70   74   48
   18900   47   71   44   79   94   54   55   69   70   36
   18920   70   66   66   69   35   43   96   78   70   43
   18940   83   68   55   74   72   85   86   66   58   51
   18960   74   49   46   77   75  105   59   59   29   81
   18980   34   66   46   71   50   89   56   27   96   75
   19000   41   53   59   83   77   53  104   72   67   79
   19020   34   27   45   92   50   76   73   72   45   72
   19040   56   77   68   50   62   51   54   93   66   54
   19060   43   54   96   64   52   59   75   69   65   52
   19080   77   76   66   37   58   74  102   69   77   85
   19100   55   59   74   57   57   73   36   58   77   68
   19120   57   52   64   72   66   92  100   56   45   44
   19140   64   55   99   72   58   53   43   43   57   64
   19160   55   62   86   50   54   56   86   52   67   59
   19180   47   79   59   53   58   64   48   49   83   40
   19200   64   51   64   31   62   90   64   75   38   65
   19220  107   60   54   97   79   73   55   70   60   64
   19240   82   68   67   47   59   64   44   67   31   79
   19260   63   58   92   60   60   77   62   32   30   35
   19280   47   81   51   61   85   87   49   50   85   74
   19300   71   59   56   71   88   55   86   64   80   65
   19320   57   69   34   83   43   65   51   61   75   65
   19340   73   66   48   62   70   43   75   62   58   49
   19360   96   74   46   72   33   60   54   95   63   67
   19380   77   84   53   42   55   75   83   56   93   53
   19400   63   73   74   66   49   66   52   53   74   39
   19420   95   90   48   55   82   71   56   30   63   55
   19440   73   91   81   53   37   76   55   66  102   84
   19460   71   82   77   46   37  117   54  115   63   85
   19480   81   57   75   55   66   56   54   70   79   81
   19500   70   66   47   40   51   90   73   63   87   51
   19520   71   70   60   54   65   52   59   62   75   56
   19540   48   89   75   37   30   80   69   60   57   35
   19560   39   65   56   60   41   62   82   48   24   47
   19580   42  110   47   77   60   46   40   42   58   30
   19600   80   66   64   67   51   69   47   43   83   74
   19620   54   35   37   50   58   46   49   66   56   90
   19640   32   69   49   59   59   51   44   70   63   78
   19660   44   53   62   46   46   52   42   43   73   42
   19680   74   25   64   59   79   58   51   59   89   65
   19700   57   60   53   55  109   52   54   68   57   52
   19720   68   75   97   76   70   93   55   62   60   38
   19740   85   63   76   44   81   66   76   50   80   67
   19760   53   62   64   48   71   66   76   52   63   81
   19780   52   66   57   46   50   83   65   62   46   53
   19800   80   70   84   48   70   49   92   66   75   75
   19820   42   70  105   61   65   50  112   80   62   78
   19840   52   52   73   74   91   62   38   70   59   47
   19860   62   75   74   80   49   49   66  112   83   51
   19880   32   35   62   54   53   85   68   51   50   73
   19900   59   60   75   52   48   50   43   62   63  107
   19920   68   55   48   92   76   86   68   72   43   51
   19940   59   80   73   43   72   54   82   55   73   73
   19960   79   80   64   65   51   53   77   52   71   52
   19980   38   48   57   50   31   62   64   47   66   56
   20000   64   34   47   60   53   56   72   53   69   57
   20020   77   58   60   57   72   64   47   55   75   43
   20040   88   61   69   56   65   33   34   60   61   57
   20060   50   47   60   45   57  100   48   78   61   52
   20080   84   99   54   53  102   66   76   93   83   29
   20100   56   85   62   62   53   57   91   49   62   54
   20120   41   74   80   72   58   74   60  104   60   81
   20140   55   48   51   70   59   74   74   82   66   37
   20160   52   78   50   92   78   62   64   46   82   54
   20180   83   58   60   67   62   56   84   69   85   69
   20200   61   45   44   47   63   68   40   54   61   39
   20220   82   69   66   84   63   84   80   68   52   64
   20240   54   58   47   77   52   55   37   57   50   51
   20260   45   60   77   74   58   48   80   47   59   41
   20280   34   62   45   26   40   59   80   84   82   58
   20300   74   70   56   59   35   55  101   75   67   79
   20320   43   68   42   50   50   75   60   61   49   80
   20340   60   38   58   63   55   62   67   61   51   48
   20360   80   60   89   56   65   57   54   61   81   63
   20380   59   62   76   57   52   76   76   78   58   70
   20400   78   73   64  104   48   70   45   88   79   77
   20420   50   56   86   59   75   60   69   52   48   82
   20440   47   54   54   53   73   98   72   60   53   50
   20460   50   66   52   56   79   49   63   28   61   54
   20480   34  102   57   68   76   64   48   66   55   76
   20500   61   47   47   43   49   66   55   51  106   54
   20520   73   71   79   97   71   84   74   54   49   81
   20540   68   63   38   57   76   43   50   32   44   66
   20560   54   50   53   70   60   79   39   71   73   64
   20580   58   78   68   75   74   64   58   85   48   72
   20600   83   43   55   66   93   73   58  103   45   82
   20620   94   67   66   74   45   62   58   65   93   68
   20640   43   71   34   50   60   59   46   63   61   52
   20660   67   62   43   66   80   70   64   66   59   32
   20680   62   66   92   67   68   65   76   65   71   62
   20700   52   66  101   76   73   58   66   63   80   64
   20720   66   77   80   47   75   69   59   70   35   54
   20740   67   42   59   38   69   57   34   61   77   44
   20760   58   39   41   49   62   72   40   39   44   33
   20780   62   66   89   44   54   65   71   61   83   75
   20800   85   66   73   83   80   67   66   60   26   53
   20820   78   45   71   54   66  105   65   53   68   40
   20840   70   63   40   62  101   69   63  104   88   75
   20860   46   71   63   52   49   80   66   68   77  100
   20880   64   73   70   49   63   72   59   47   44   76
   20900   80   84   46   25   25   60   43   55   55   56
   20920   77   47   23   68   48   59   96   70   55   36
   20940   63   64   43   59   43   73   63   53  102   81
   20960   72   55   71   37   57   57   47   60   59   78
   20980   66   40   66   46   56   63   47   60   72   48
   21000   83   43   56   83   67   77   79   61   75   50
   21020   70   52   79   58   62   62   57   77   76   55
   21040   69   96   39   55   37   57   60   51   50   60
   21060   55   51   47   34   67   49   71   30   63   32
   21080   43   76   58   58   40   84   68   62   37   84
   21100   60   43   71   76   87   71   63   73   45   85
   21120   47   48   56   56   49   46   47   44   45   74
   21140   61   62   62   46   52   82   55   60  103   56
   21160   81   70   68   68   68   67   36   34   74   75
   21180   46   79   70   57   50   83   74   60   80   68
   21200   51   59   77   48   79   36   69   37   62   79
   21220   54   37   47   75   43   86   95   50   62   36
   21240   55   73   67   62   74  109   70   54   61   41
   21260   51   38   59   42   32   56   63   54   43   76
   21280   68   53   52   49   64   49   69   85   43   35
   21300   79   65   66   50   64   62   77   45   46   82
   21320   29   61   80   94   88  112   70   93   72   62
   21340   60   48   61   44   98   66   80   73   77   74
   21360   51   64   48   55   61   78   90   91   61   48
   21380   85   59   88   66   71   49   50   76   48   74
   21400   73   40   65   56   41   54   72   80   52   60
   21420   79   65   45   63   54   42   64   52   99   79
   21440   76   42   49   78   67   54   53   32   68   84
   21460   50   68   74   80   66   54   81   75   60   65
   21480   61   47   66   71   74   49   37   98   52   33
   21500   82   49   71   50   54  111   96   68   59   54
   21520   59   59   68   60   69   61   66   50   66   44
   21540   53   69   56   74   70   63   84   61   63   67
   21560   40   54   38  104   46   64   55   91   89   60
   21580   62   73   57   90   53   49   74   55   71   66
   21600   52   77   70   48   76   72   93   57   64   63
   21620   60   75   52   52   51   74   59   23   47   91
   21640   79   63   65   75   51   54   38   67   85   77
   21660   78   73  107   72   65   73   65   52   71   48
   21680   66   54   64   60   72   44   55   63   76   91
   21700   50   64   71   42   62   63   50   46   58   87
   21720   36   50   68   54   67   68   79   73   47   68
   21740   48   42   60   54   66   67   53   56   77   56
   21760   65   49   46   63   81   86   35   58   66   52
   21780   77   56   75   54   48   82   66   48   80   60
   21800   72   78   39   62   57   45   54   63   47   59
   21820   44   75   50   42   89   62   43   53   46   65
   21840   55   86   46   44   46   51   31   52   53   44
   21860   54   56   61   44   48   82   52   48   47   51
   21880   27   61  100   55   42   68   61   46   76   67
   21900   71   62   58   36   38   51   64   38   59   70
   21920   70   53   61   70   81   62   62   45   54   57
   21940   85   62   72   62   45   65   39   69   68   39
   21960   74   72   36   61   73   45   49   83   39   48
   21980   75   71   74   77   84   43   53   38   38   54
   22000   60   49   67   56   86   58   97   51   39   58
   22020   56   64   65   70   77   41   50   32   60   57
   22040   57   63   66   63   42   55   70   63   57   65
   22060   55   77   71   41   55   67   79   50   61   60
   22080   41   66   57   67   32   74   50   58   53   64
   22100   39   52   81   39   54   84   50   77   92   65
   22120   61   69   69   90   96   74   60   89   65   86
   22140   49   49   81   50   46   47   52   65   42   39
   22160   35   51   46   35   86   73   77   48   44   51
   22180  103   82   66   46   76   50   79   66   55   48
   22200   63   69   85   50   56   70   67   69   44   81
   22220   86   41   82   82   53   87   69   55   63   54
   22240  102   48   82   51   38   75   50   40   57   62
   22260   74   43   44   69   56   53   44   44   78   70
   22280   94   59   55   82   51   55  104   52   91   71
   22300   57   80   90   34  100   48   53   66   77   59
   22320   50   37   43   41   50   46   67   97   45   59
   22340   67   56   59   57   75   40   58   87   65   60
   22360   89   46   43   60   46   76   50   43   63   50
   22380   46   42   54   51   59   38   46   37   46   49
   22400   60   55   61   54   55   87   55   63   31   41
   22420   48   74   53   84   65   47   60   54   83   63
   22440   80   60   85   30   81   44   89   59   68   66
   22460   69   55   79   86   67   60   83   54   89   36
   22480   64   85   44   73   89   53   48   66   58   89
   22500   48   48   60   66   88   72   63   98   68   24
   22520   56   61   87   71   65   67   66   52   77   69
   22540   64   77   69   53   79   59   67   60   52   56
   22560   78   39   50   85   76   91   57   61   91   54
   22580   54   32   69   69   57   54   56   51   63   77
   22600   43   51   87   59   65   38   39   64   60   49
   22620   76   34   44   64   75   60   66   95   71   60
   22640   72   44   66   98   83   56   49   73   56   37
   22660   61   62   54   46   62   51   52   56   75   67
   22680   56   43   66   46   71   69   75   49   67   73
   22700   53   49   42   42   75   75   39   60   70   66
   22720   54   64   45   69   51   52   79   42   93   70
   22740   59   45   69   78   67   66   81   55   63   91
   22760   68   46   74   48   55   62   74   44   61   74
   22780   50   59   43   70   67   66   58   75   61   48
   22800   50   67   62   65   62   67   72   77   52   89
   22820   67   76   74   41   61   51   55   74   85   79
   22840   74   70   91   57  102   78   89   68   53   64
   22860   65   56   63   70   76   53   64   39   47   76
   22880   35   82   81   68   75   53  105   36   76   82
   22900   45   53   75   64   61   57   81   55   69   74
   22920   32   67   62   97   66   52   43   57   99   60
   22940   71   50   90   42   45   87   68   64   43  124
   22960   60   67   69   66   51   63   63   72   57   55
   22980   76   76   34   78   71   32   99   68   65   67
   23000   69   54   60   55   64   48   70   68   37   62
   23020   69   67   66   67   59   39   48   52   61   51
   23040   82   57   66   79   65   94   39   85   63   85
   23060   32   50   50   39   53   86   48   46   68   53
   23080   74   63   70   62   86  112   48   45   39   39
   23100   66   71   57   62   55   41   58   35   90   63
   23120   75   70   50   56   41   26   43   71   49   62
   23140   57   87  107   59   64   42   47   99   57  111
   23160   24   70   76   34   91   58   47   66   62   38
   23180   76   66   77   26   43   52   71   67   40   48
   23200   48   64   61   65  104   47   51   61   20   59
   23220   67   98   59   51   64   28   53   72   71   57
   23240   59   74   58   61   73   54   53   39   43   72
   23260   65   51   32   53   41   64   41   67   46   60
   23280   85   51   76   48   48   51   61   66   59   59
   23300   48   65   34   40   43   81   46   56   53   89
   23320   53   81   58   72   82   66   35   75   79   51
   23340   73   41   58   68   55   60   62   68   64   70
   23360   72   72   75   51   57   65   61   53   57   76
   23380   78   73   39   75   88   50   61   57   26   52
   23400   53   59   26   87   50   76   66   68   45   60
   23420   62   40   35   59   51   49   80   55   48   66
   23440   51   72   76   67   29   61   75   49   80   51
   23460   95   60   76   86   43   70   35   41   34   61
   23480   69   58   59   53   33   43   83   60   95   73
   23500   43   65   33   76   73   39   32   70   31   46
   23520   62   44   63   76   52   47   74   41   59   87
   23540   99   77   55   54   68   42   48   73   52  106
   23560   53   65   48   53   68   68   96   66   61   62
   23580   46   88   46   27   76   67   65   56   25   66
   23600   55  101   68   46   91   47   40   73   27   59
   23620   58   61   71   43   61   42   66   84   48   69
   23640   48   63   52   57   59   51   65   83   49   69
   23660   64   45   47   55   23   45   62   44   37   60
   23680   87   61   76   46   57   70   48   38   51   22
   23700   76   65   61   59   42   45   46   66   49   58
   23720   54   40   59   71   24   81   53   84   84   47
   23740   76   36   58   67   51   63   68   56   26   53
   23760   59   46   45  100   69   40   43   39   57   27
   23780   68   69   58   76   63   35   32   42   38   68
   23800   44   51   57   63   50   62   50   70   43   80
   23820   44   58   60   56   36   51   72   76   51   72
   23840   38   58   65   82   51   83   50   39   62   87
   23860   76   63   55   44   58   65   57   54   75   51
   23880   67   42   69   34   53   68   68   76   57   84
   23900   60   69  119   41   55   74   62   80   49   59
   23920   78   69   58   63   63   62   33   71   47   60
   23940   53   73   50   36   78   58   44   40   63   72
   23960   65   49   69   55   58  106   88   35   68   72
   23980   58   36   63   70   39   64   59   77   58   67
   24000   87   64   72   62   52   60   51   73   23   60
   24020   65   73   91   35   54   82   33   86   64   69
   24040   40   85   37   54   62   69   68   55   54   50
   24060   30   53   52   53   46   76   66   33   66   32
   24080   59   72   56   42   53   71   42   57   58   60
   24100   45   96   56   46   70   73   93   87   53   50
   24120   46   67   67   50   68   47   72   71   54   66
   24140   80   71   99   58   79   35   71   44   70   96
   24160   72   63   43   67   44   43   59   51   38   74
   24180   66   55   52   66   44   61   69   70   51   65
   24200   69   39   57   50   48   88   42   96   37   34
   24220   43   32   27   58   54   70   59   58   52   57
   24240   78   45   67   60   58   70   64   24   72   61
   24260   73   69   67   44   53   64   54   56   31   75
   24280   80   91   72   73   76   63   66   71   76   63
   24300   82   79   68   57   60   75   48   65   45   49
   24320   68   71   43   81   51   84   65   68   71   50
   24340   44   67   50   51   48   72   85   53   80  114
   24360   62   91   60   61   69   82   50   55   34   53
   24380   54   61   34   47   61   67   51   55   55   75
   24400   68   47   49   54   49   62   75   43   51   70
   24420   67   49   30   65   58   93   52   53   67   57
   24440   68   48   48   59   50   74   78   66  102   58
   24460   46   66   74   39   60   68   74   67   80   68
   24480   78   61   59   38   80   66   40   70   74   73
   24500   37   52   68   80   71   70   46   92   36   48
   24520   42   66   59   33   79   54   50   50   57   59
   24540   47   39   29   33   54   86   57   57   89   76
   24560   45   60   54   51   68   47   55   68   70   67
   24580   76   73   87   51   78   50   64   51   72   52
   24600   81   80   68   30   45   88   51   92   39   76
   24620   85   73   42   61   72   52   59   64   41   46
   24640   62   84   50   65   53   71   35   56   52   72
   24660   61   51   54   31   90   77   46   48   41   93
   24680   70   51   71   62   59   62   64   64   60   59
   24700   69   62   72   63   74   61   84   39   42   67
   24720   49   53   77   68   58   60   90   81   63   65
   24740   54   32   62   63   79  105   66   71   31   75
   24760   85   37   77  100  102   66   67   70   58   52
   24780   61   42   68   65   60   60   82   89   59   64
   24800   51   79   84   76   54   58   91   76   72   48
   24820   35   42   35   55   71   58   42   71   71   55
   24840   32   60   50   69   41   51   73   67   51   76
   24860   53   78   57   68   75   70   56   63   84   65
   24880   53   62   66   40   55   63   47   53   59   41
   24900   80   47   72   56   89   59   65   63   56   43
   24920   77   77   63   52   80   52   65   30   43   86
   24940   95   37   49   85   67   33   98   50   71   62
   24960   57   83   65   93   40   51   70   61   53   81
   24980   55   74   63   50   72   53   55   43  105   64
   25000   69   41   33   45   72   68   47   44   53   77
   25020   55   71   73   37   54   77   47   58   88   93
   25040   45   77   64   70   65   63   53   83   55   76
   25060   52   61   65   76   65   55   66   59   37   50
   25080   81   74   51   74   82   59   68   74   62   62
   25100   52   99   64   55   73   76   62   56   73   45
   25120   57   77   74   71   60   47   46   63   46   58
   25140   87   74   63   72   49   62   61   64   61   70
   25160   86   49   89   70   59   53   71   79   31   72
   25180   87   71   74   72   74   70   99   86   60   50
   25200   74   51   60   60   59   54   79   70   44   74
   25220   49   45   64   54   94   81   79   75   50   86
   25240   43   67   45   74   54   45   91   62   97   80
   25260   97   71   70   47   47   54   65   44   41   25
   25280   86   51   67   63   72   56   48   60   43   63
   25300   87   61   86   49   85   50   83   50   64   38
   25320   62   50   36   34   63   49   63   50   42   55
   25340   52   42   51   71   58   79   55   50   69   54
   25360   74   53   56   88   74   67   62   49   70   73
   25380   89   64   43   92   64   60   60   49   63   72
   25400   74   88   59   66   37   32   63   79   70   55
   25420   86   37   63   39   51   66   75   85   45   47
   25440   72   70   42   85   52   80   82   47   73   45
   25460   79   82   74   50   51   77   70   80   61   74
   25480   51   51   70   64   51   60   61   79   71   80
   25500   45   54   37   46   35   54   88   65   50   72
   25520   38   41   51   49   75   45   78   55   54   56
   25540   36   63   53   50   78   40   44   62   44   29
   25560   38   72   62   62   56   28   54   56   59   66
   25580   72   47   44   52   65   39   65   50   69   49
   25600   61   69   73   84   88   68   64   48   42   69
   25620   60   67   65   52   38   64   60   68   47   50
   25640   46   74   52   53   48   66   57   74   60   46
   25660   73   35   54   82   47   63   81   78   33   54
   25680   58   43   51   29   56   29   76   86   52   93
   25700   57   51   45   55   77   42   93   39   50   42
   25720   63   43   51   98   75   59   60   58   39   43
   25740   46   53   58   40   85   40   76   83   64   70
   25760   82   58   64   73   74   62   32   49   54   41
   25780   59   62   46   60   31   67   61   58   58   55
   25800   76   59   70   84   37   54   56   59   59   59
   25820   45   58   76   78   62   78   77   69   52   67
   25840   60   42   51   96   65   69   87   32   76   63
   25860   51   68   35   48   66   57   79   55   56   52
   25880   38   45   48   49  109   66   64   39   51   62
   25900   39   49   70   90   57   50   55   56   70   76
   25920   79   50   56   73   44   61   52   87   70   72
   25940   90   22   37   83   42   50   84   72  108   50
   25960   73   41   50   74   40   59   74   59   82   38
   25980   47   57   92   58   69   67   55   36   47   56
   26000   65   38   64   49   60   51   72   46   41   69
   26020   50   78   27   52   62   52   62   70   37   71
   26040   97   67  102   95   67   38   62   53   70   75
   26060   67   75   53   60   77  109   59   48   51   48
   26080   76   64   60   72   52   70   63   52   30   65
   26100   71   58   52   81   59   37   41   54   62   74
   26120   42   32   52   75   53   92   49   29   44   85
   26140   49   49   77   62   71   40   28   34   90   71
   26160   53   68   60   65   39   76   45   56   59   71
   26180   51   52   59   58   60   49   43   62   53   35
   26200   35   67   78   42   40   64   55   76   46   41
   26220   38   50   41   44   30   39   70   67   83   92
   26240   34   85   60   48   32   64   21   62   70   52
   26260   51   48   56   71   42   45   54   71   31   46
   26280   41   83   48   54   61   53   44   39   31   53
   26300   60   55   45   73   67   73   40   56   46   52
   26320   53   77   66   64   42   81   43   66   49   34
   26340   49   56   49   45   47   58   51   55   56   62
   26360   60   75   55   64   70   41   36   66   49   53
   26380   64   33   35   54   61   46   53   80   58   82
   26400   59   46   54   86   83   24   73   71   58   90
   26420   23   69   69   47   67   45   54   51   42   45
   26440   75   93   69   81   40   47   79   88   34   51
   26460   47   47   58   66   65   54  116   64   63   50
   26480   44   75   51   49   53   53   70   67   62   64
   26500   76   66   62   67   46   63   50   41   57   56
   26520   61   45   89   45   64   62   67   36   64   39
   26540   61   64   51   49   81   85   43   49   54   73
   26560   67  115   65   54   35   57   36   60   78   62
   26580   46   44   43   94   72   57   85   63   49   51
   26600   48   46   72   57   52   65   45   66   36   66
   26620   99  104   66   47   50   94   57   83   44   71
   26640   39   53   60   50   45   74   42   94   55   56
   26660   54   42   71   86   85   74   27   23   51   48
   26680   64   49   84   93   55   49   68   81   58   83
   26700   31   60   41   53   74   80   64   95   62   45
   26720   59   73   55   75   66   57   68   54   49   49
   26740   54   57   98   65   56   82   53   64   43   42
   26760   39   84   74   44   63   98   57   71   60   65
   26780   52   64   40   62   61   62   97   67   66   78
   26800   70   73   74   78   52   48   97   81   48   64
   26820   53   90   82   44   80   48   72   71   30   43
   26840   59   78   75   55   83   80   53   95   65   74
   26860   97   62   64   64   43   52   90   56   33   47
   26880   92   55   72   68   84   75   74   55   35   71
   26900   86   56   68   82   80   72   70   71   72   62
   26920   39   54   76   31   54   73   97   56   48   57
   26940   54   67   48   97   65   42   60   55   64   61
   26960   80   84   79   54   48   61   28   80   67   71
   26980   41   53   56   71   45   45   59   82   81   72
   27000   59   56   47  108   55   79   75   59   70   58
   27020   42   50   47   56   75   75   42   40   65   66
   27040   76   58   54   99   63   64   53   60   91   60
   27060   58   65   28   68   95   70   86   73   68   61
   27080   62   68   48   84   87   52   48   54   32   58
   27100   35   77   60   73   54   76   84   75   72   45
   27120   46   44   65   79   92   59   55   94   53   45
   27140   30   73   72   88  100   67   76   69   64   61
   27160   32   51   84   66   53   62   66   73   89   64
   27180   55   46   78   59   72   61   77   80   71   64
   27200   72   68   81   61  102   78   65   62   39   67
   27220   66   47   74   73   59   61   88   62   53   87
   27240   60   38   70   57   62   46   74   54   75   87
   27260   65   64   50   53   54   47   54   65   22   70
   27280   56   76   64   83   37   57  113   68   66   31
   27300   68   74   73   50   51   50   70   58   74   72
   27320   62   59   73   26   49   76   37   56   51   73
   27340   72   61   34   68   28   78   95   67   34   66
   27360   61   65   48   44   29   79   49   69   74   46
   27380   62   77   85   43   83   62   35   64   29   29
   27400   68  109   63   46   70   72   67   52   46   57
   27420   69   52   90   57   80   69   27   55   69   53
   27440   46   73   43   53   49   80   41   32   86   67
   27460   53   57  103   30   61   54   45   33   65   25
   27480   34   51   47   47   61   82   48   48   41   52
   27500   45   48   44   38   26   86   60   50   38   22
   27520   40   58   27   78   51   61   55   58   50   89
   27540   62   65   25   53   44   77   59   46   59   41
   27560   39   65   63   82   33   62   49   51   86   54
   27580   39   54   56   48   40   93   60   62   78   43
   27600   44   54   21   65   80   53   85   54   76   87
   27620   30   64   72   41   55   68   60   49   74   70
   27640   57   58   49   45   79   56  126   87   56   44
   27660   75   83   70   66   63   55   68   69   77   59
   27680   77   54   50   42   46   55   79   48   53   55
   27700   56   76   35   42   70   91   85   37   55   86
   27720   67   61   55   72   86   36   81  100   81   68
   27740   87   63   63   43   78   63   75   85   79   43
   27760   53   77   43   66   59   73   60   60   71   68
   27780   46   52   48   36  119   81   80   47   70   86
   27800   49   57   58   57   57   57   88   87   75   62
   27820   73   24   52   45   93   49   63   83   59   88
   27840   81   78   54   47   46   61   52   66   53   71
   27860   83   87   45   62   59   69   58   55   82   53
   27880   79   35   62   49   50   72   48   90   50   68
   27900   64   70   55   57   41   40   66   64   61   80
   27920   75   59   60   62   36   71   64   84   79   50
   27940   42   59   53   46   63   85   69   79   66   55
   27960   59   59   68   84   70   74   79   67   77   46
   27980   48   63   24   44   59   36   48   45   61   54
   28000   47   65   57   82   46   33   72   50   62   48
   28020   42   78   68   58   52   60   58   61   75   73
   28040   85   67  100   44   50   82   64   76   61   42
   28060   64   66   69   84   81  105   48   59   71   87
   28080   77   68   59   40   48   86   62   70   63   71
   28100   77   71   67   48   59   58   71   53   45   49
   28120   52   74   86   49   54   82   90   40   96   57
   28140   66   67   83   68   80   65   76   31   37   34
   28160   50   45   83   71   56   65   61   82   74   72
   28180   41   61   52   47   61   66   48   66   76   61
   28200   58   69   46   34   47   49   51   51   47   57
   28220   56   58   65   85   67   56   89   42   61   84
   28240   90   59   29   47   66   46   53   53   61   97
   28260   86   57   54   62   65   62   67   98   46   83
   28280   50   54   77   46   56   54   47   57   27   55
   28300   62   60   76   97   71   47   60   65   51   77
   28320   51   55   79   59  104   91   69   62   25   78
   28340   69   91   72   91   56   78   61   48   71   81
   28360   55   53   49   70   45   74   50   60   43   93
   28380   79   66   73   67   64   58   69   73   48   66
   28400   56   68   58   54   56   74   78   52   73   55
   28420   45   55   62   62   54   47   92   45   74   65
   28440   72   76   59   98   62   76   60   75   65   61
   28460   68   52   28   47   78   59   80   81   83   81
   28480   59   43   68   42   59   59   30   62   34   96
   28500   76   88   65   85   61   67   28   87   66   43
   28520   67   74   60   53   70   62   44   75   39   46
   28540   47   78   65   60   69   55   61   70   50   49
   28560   43   85   77   61   61   42   96   73   47   61
   28580   44   75  107   54  109   52   67   61   66   74
   28600   68   54   90   59   64   69   88   45   48   63
   28620   43   65   67   99   63   90   53   81   48   44
   28640   59   47   63   73   44   57   51   69   80   85
   28660   80   66   69   42   56   53   72   45   52   65
   28680   51   54   37   66   47   22   43   65   33   76
   28700   66   66   75   76   49   61   49   57   44   66
   28720   52   67   62   55   65   42   65   73   32   38
   28740   70   46   60   72   37   53   62   68   63   55
   28760   80   65   61   86   59   80   61   61   46   64
   28780   64   97   77   98   51   45   36   46   98   49
   28800   72   63   80  101   70   26   53   47   54   54
   28820   77   44   86   51   64   71   44   60   61   45
   28840   82   18   53   36   41   35   80   91   23   68
   28860   26   68   35   63   54   53   44   59   28   64
   28880   79   31   40   61   64   56   43   50   71   46
   28900   69   89   55   54   58   71   63   26   70   86
   28920   24   58   86   36   46   68   45   43   55   77
   28940   67   73   62   62   83   72   60   31   69   69
   28960   75   79   92   57   53   72   65   50   50   48
   28980   55   56   80   54   72   43   85   60   90   59
   29000   39   51   70   55   73   24   61   57   63   75
   29020   62   68   86   46   80   41   70   58   55   71
   29040   34   71   63   31   51   78   59   63   58   61
   29060   47   49   70   88   63   54   80   71   50   58
   29080   60   42   56   74   97   58   88   54   61   69
   29100   72   67   54   61   71   33   68   37   48   85
   29120   77   50   54   62   67  115   56   51   54   69
   29140   46   61   63   66   51   70   69   69   30   68
   29160   57   69   56   40   72   43   85   55   55   60
   29180   73   46   65   49   72   80   70   65   85   22
   29200   72   92   72   78   47   38   74   50   86   50
   29220   57   63   37  102   72   60   91   77   66   76
   29240   65   51   82   25   81  112   85   76   76   80
   29260   42   44   60   75   55   36   66   66   62   55
   29280   63   69   42   64   74   87   59  108   44   94
   29300   73   88   50   51   69   79   47   53   90   65
   29320   44   39   60   73   70   51   63   54   61   38
   29340   69   71   68   67   69   60   62   80   71   78
   29360   41   65   85   56   50   46   66   87   72   64
   29380   51   38   73   54   36   59   76   57   61   48
   29400   30   85   78   64   46   59   61   48   58   87
   29420   50   64   44   77   69   63   63   59   64   49
   29440   68   59   73   42   65   50   51   66   88   81
   29460   54   69   63   48   42   62   49   52   55   70
   29480   71   76   66   53   53   61   62   28   50   69
   29500   73   76   44   47   87   54   45   89   47   56
   29520   51   50   50   75   51   32   40   87   57   65
   29540   64   54   51   67   63   94   56   68   77   44
   29560   70   97   60   58   43   39   71   66   52   66
   29580   23   90   64   38  106   46   49   47   77   29
   29600   57   69   49   60   64   62   66   51   50   35
   29620   48   47   36   38   62   43   56   56   78   48
   29640   73   30   36   92   95   89   73   55   69   49
   29660   66   39   48   70   67   49   70   71   64   54
   29680   62   79   51   58   54   41   68   46   34   51
   29700   46   49   45   66   37   65   78   44   52   34
   29720   40   80   62   56   40   62   75   73   67   98
   29740   65   64   73   72   67   58   54   48   64   68
   29760   30   38   63   30   40   72   70   50   29   38
   29780   72   53   91   59   96   66   70   37   74   66
   29800   95   57   81   84   58   38   61   61   67   52
   29820   71   53   56   69   69  106   66   71   75   61
   29840   55   57   36   32   70   50   67   58   59   68
   29860   55   63   90   70   84   91   71   97   35   85
   29880   42   59   48   37   66   62   70   74   39   71
   29900   69   44   39   80   61   59   35   63   44   63
   29920   63   53   74   34   77   51   52   45   80   60
   29940   65   73   69   38   44   78   58   72   76   45
   29960   54   73  131   49   51   47   67   70   68   77
   29980   70   60   82   61   60   53   55   46   71   73
   30000   59   64   33   47   61   38   44   65   51   59
