      20     0.001053144     0.001029073     0.999300000
      40     0.002057745     0.002001437     0.948400000
      60     0.002936740     0.002850886     0.937700000
      80     0.003900755     0.003777562     0.943900000
     100     0.004878072     0.004710816     0.920100000
     120     0.005701379     0.005505065     0.988100000
     140     0.006595432     0.006360148     0.943100000
     160     0.007570315     0.007279336     0.944300000
     180     0.008390004     0.008055716     0.931100000
     200     0.009187832     0.008800475     0.891800000
     220     0.010479967     0.010025116     0.948500000
     240     0.011410356     0.010904783     0.926200000
     260     0.012207760     0.011653471     0.896400000
     280     0.013298020     0.012666701     0.902100000
     300     0.014335327     0.013638129     0.906200000
     320     0.015036320     0.014295281     0.895600000
     340     0.015830253     0.014996276     0.892000000
     360     0.016777633     0.015883914     0.902600000
     380     0.017567598     0.016597438     0.866700000
     400     0.018310390     0.017268786     0.876800000
     420     0.018764467     0.017646268     0.830700000
     440     0.019426502     0.018280275     0.875700000
     460     0.020115925     0.018918181     0.874000000
     480     0.021008698     0.019697521     0.849800000
     500     0.021622033     0.020283507     0.856000000
     520     0.022745759     0.021277899     0.838500000
     540     0.023187599     0.021672477     0.805300000
     560     0.023916003     0.022281316     0.793700000
     580     0.024642324     0.022965947     0.833300000
     600     0.025121938     0.023445015     0.893700000
     620     0.025703326     0.023980442     0.852100000
     640     0.026226109     0.024408595     0.820800000
     660     0.026882351     0.024966395     0.796800000
     680     0.027140985     0.025166798     0.782900000
     700     0.027797759     0.025781970     0.828600000
     720     0.028428852     0.026371459     0.825000000
     740     0.029037921     0.026862638     0.808200000
     760     0.029568109     0.027321125     0.810500000
     780     0.030371799     0.028027858     0.785900000
     800     0.030959939     0.028474048     0.707600000
     820     0.031477807     0.028971518     0.772200000
     840     0.032353994     0.029696514     0.770600000
     860     0.033100986     0.030271969     0.691600000
     880     0.033540872     0.030693617     0.713500000
     900     0.033974775     0.031096373     0.726600000
     920     0.034323825     0.031411641     0.733200000
     940     0.034353091     0.031418240     0.712400000
     960     0.034672990     0.031749080     0.789900000
     980     0.034921900     0.031943659     0.756800000
    1000     0.035589239     0.032517929     0.727800000
    1020     0.036071788     0.032877857     0.705000000
    1040     0.036905912     0.033660487     0.744500000
    1060     0.036869088     0.033481804     0.662600000
    1080     0.037189079     0.033731354     0.664700000
    1100     0.037458260     0.033945185     0.668800000
    1120     0.037380860     0.033892146     0.672200000
    1140     0.037590380     0.034145880     0.732500000
    1160     0.038021237     0.034596101     0.745700000
    1180     0.038339566     0.034813087     0.669700000
    1200     0.038091397     0.034608280     0.695400000
    1220     0.037825984     0.034423049     0.751800000
    1240     0.038074341     0.034511730     0.665600000
    1260     0.038042214     0.034422793     0.650600000
    1280     0.038207843     0.034441888     0.630800000
    1300     0.038353750     0.034642695     0.658800000
    1320     0.038788693     0.035145130     0.700600000
    1340     0.039367268     0.035588641     0.665800000
    1360     0.039307041     0.035683549     0.738600000
    1380     0.039251524     0.035485566     0.656900000
    1400     0.039769241     0.035876680     0.622100000
    1420     0.039966328     0.036223418     0.709600000
    1440     0.040189534     0.036368081     0.686700000
    1460     0.040318474     0.036401331     0.649800000
    1480     0.040385821     0.036426362     0.643800000
    1500     0.040503764     0.036639470     0.650000000
    1520     0.040585112     0.036659854     0.648900000
    1540     0.040703635     0.036677561     0.633100000
    1560     0.040640842     0.036699592     0.675400000
    1580     0.041182986     0.037209177     0.703400000
    1600     0.041137969     0.037195983     0.688700000
    1620     0.041132629     0.037245121     0.704400000
    1640     0.041221968     0.037222861     0.674700000
    1660     0.041140578     0.037064678     0.638900000
    1680     0.041059989     0.037040913     0.690500000
    1700     0.041649144     0.037516842     0.665400000
    1720     0.042023781     0.037789842     0.652500000
    1740     0.042032892     0.037729023     0.608300000
    1760     0.042150614     0.037895663     0.654700000
    1780     0.041679435     0.037536272     0.634600000
    1800     0.041751610     0.037560896     0.644000000
    1820     0.041861949     0.037643890     0.651400000
    1840     0.041725954     0.037563482     0.660200000
    1860     0.041841781     0.037550266     0.653500000
    1880     0.042039733     0.037773399     0.651800000
    1900     0.041766635     0.037506860     0.655800000
    1920     0.041626744     0.037462634     0.675900000
    1940     0.041671610     0.037527098     0.674400000
    1960     0.041996238     0.037797448     0.672400000
    1980     0.042977181     0.038580193     0.657700000
    2000     0.043443034     0.038916740     0.644600000
    2020     0.043449144     0.038962482     0.662100000
    2040     0.043220875     0.038695096     0.631300000
    2060     0.043094549     0.038638427     0.640200000
    2080     0.043253489     0.038731753     0.654100000
    2100     0.042603290     0.038185247     0.644900000
    2120     0.042716564     0.038296845     0.640000000
    2140     0.043157035     0.038676181     0.627600000
    2160     0.042440864     0.038035627     0.630500000
    2180     0.042900097     0.038468754     0.634500000
    2200     0.043221565     0.038692623     0.618700000
    2220     0.043275885     0.038822773     0.625300000
    2240     0.043353148     0.038826195     0.601300000
    2260     0.043243047     0.038721110     0.630400000
    2280     0.043384191     0.038762712     0.623600000
    2300     0.043289988     0.038794066     0.626100000
    2320     0.043636300     0.039113035     0.637600000
    2340     0.044507232     0.039728764     0.609000000
    2360     0.044429530     0.039668120     0.607200000
    2380     0.044231452     0.039490177     0.583200000
    2400     0.044829720     0.039915035     0.583400000
    2420     0.044751003     0.039750524     0.595300000
    2440     0.045060792     0.040099476     0.606500000
    2460     0.045559800     0.040667856     0.616500000
    2480     0.045083498     0.040262612     0.611300000
    2500     0.045020737     0.040098534     0.590100000
    2520     0.045038490     0.040026107     0.563000000
    2540     0.045204487     0.040176682     0.589500000
    2560     0.044852514     0.039948084     0.606100000
    2580     0.044699279     0.039835783     0.591200000
    2600     0.044407433     0.039588457     0.595800000
    2620     0.044157430     0.039410494     0.600300000
    2640     0.044272280     0.039509507     0.608600000
    2660     0.044187853     0.039370814     0.598400000
    2680     0.043897442     0.039055587     0.588600000
    2700     0.043587896     0.038918729     0.610500000
    2720     0.044012210     0.039257629     0.605900000
    2740     0.044188780     0.039445759     0.616000000
    2760     0.043947227     0.039198212     0.608600000
    2780     0.044023231     0.039268592     0.606300000
    2800     0.044220614     0.039396874     0.583100000
    2820     0.044472885     0.039708084     0.610700000
    2840     0.044538151     0.039728910     0.621800000
    2860     0.044285548     0.039657586     0.645000000
    2880     0.045133745     0.040159293     0.583500000
    2900     0.044804031     0.039872016     0.590700000
    2920     0.044204131     0.039236780     0.575700000
    2940     0.044196032     0.039336536     0.603200000
    2960     0.043578591     0.038867917     0.608200000
    2980     0.043802282     0.039061408     0.609900000
    3000     0.043373947     0.038756955     0.582600000
    3020     0.042699050     0.038036988     0.554200000
    3040     0.043101070     0.038386859     0.572300000
    3060     0.043596123     0.038882148     0.613800000
    3080     0.043656629     0.039031781     0.637600000
    3100     0.043331693     0.038769059     0.621700000
    3120     0.043268570     0.038747384     0.636000000
    3140     0.043396036     0.038846758     0.646200000
    3160     0.043734903     0.039151544     0.651900000
    3180     0.043477104     0.038849904     0.597600000
    3200     0.043453755     0.038843867     0.660500000
    3220     0.043777609     0.039191091     0.643300000
    3240     0.044095110     0.039510078     0.644800000
    3260     0.043844150     0.039170924     0.607100000
    3280     0.043570566     0.038824350     0.558500000
    3300     0.043713359     0.039003505     0.618400000
    3320     0.043824368     0.039080997     0.635900000
    3340     0.044180920     0.039393806     0.601200000
    3360     0.044164451     0.039534175     0.639600000
    3380     0.044077291     0.039425640     0.627000000
    3400     0.044347802     0.039641211     0.599800000
    3420     0.044306082     0.039574816     0.586600000
    3440     0.043736312     0.039095007     0.593600000
    3460     0.044097955     0.039451248     0.624100000
    3480     0.044574405     0.039765687     0.600900000
    3500     0.044331281     0.039630116     0.608700000
    3520     0.044198042     0.039470785     0.625600000
    3540     0.044789122     0.040027215     0.672400000
    3560     0.044507631     0.039908591     0.679000000
    3580     0.044252184     0.039447818     0.578500000
    3600     0.044836254     0.039736050     0.552600000
    3620     0.044703606     0.039709048     0.563200000
    3640     0.044539562     0.039571746     0.589200000
    3660     0.044462566     0.039515523     0.608300000
    3680     0.044367947     0.039490638     0.619600000
    3700     0.044199790     0.039369297     0.612200000
    3720     0.043810903     0.038955935     0.578000000
    3740     0.043793261     0.038998374     0.612600000
    3760     0.044408108     0.039678485     0.659900000
    3780     0.044168695     0.039339536     0.611700000
    3800     0.044315502     0.039467283     0.597800000
    3820     0.043830022     0.039009289     0.582800000
    3840     0.044083443     0.039265484     0.598700000
    3860     0.044021287     0.039188429     0.601900000
    3880     0.043696111     0.038891291     0.580800000
    3900     0.044241563     0.039561594     0.646400000
    3920     0.044542228     0.039756629     0.608500000
    3940     0.044461570     0.039603822     0.589600000
    3960     0.044259197     0.039318309     0.559500000
    3980     0.043588005     0.038927561     0.596600000
    4000     0.044023908     0.039245364     0.597500000
    4020     0.044040373     0.039379746     0.640700000
    4040     0.043967609     0.039191005     0.582200000
    4060     0.044089510     0.039274555     0.594800000
    4080     0.044435867     0.039412740     0.584000000
    4100     0.044607722     0.039789261     0.610400000
    4120     0.044651104     0.039792382     0.614000000
    4140     0.044789333     0.039978825     0.626400000
    4160     0.044684584     0.039898604     0.611200000
    4180     0.044098743     0.039363372     0.616500000
    4200     0.044536955     0.039824746     0.636800000
    4220     0.043959224     0.039346925     0.647600000
    4240     0.043822747     0.039196001     0.614900000
    4260     0.043467505     0.038843418     0.589200000
    4280     0.043128299     0.038663534     0.642200000
    4300     0.042550711     0.038268823     0.661000000
    4320     0.042510793     0.038175463     0.617000000
    4340     0.042304522     0.037946745     0.605800000
    4360     0.043095008     0.038556923     0.622900000
    4380     0.043185188     0.038731045     0.640500000
    4400     0.043474795     0.039054938     0.647500000
    4420     0.044110789     0.039468028     0.614600000
    4440     0.044508525     0.039769055     0.609300000
    4460     0.044268013     0.039506760     0.591100000
    4480     0.044887281     0.040216565     0.650500000
    4500     0.044859653     0.039979301     0.599600000
    4520     0.045724969     0.040729839     0.595400000
    4540     0.045292922     0.040380804     0.603000000
    4560     0.045451541     0.040320179     0.566700000
    4580     0.045947594     0.040746272     0.566800000
    4600     0.045807833     0.040611997     0.560600000
    4620     0.045584980     0.040531215     0.588500000
    4640     0.045739840     0.040551771     0.587000000
    4660     0.045810894     0.040673950     0.586500000
    4680     0.046032826     0.040688919     0.518200000
    4700     0.046414755     0.040892403     0.522700000
    4720     0.046138935     0.040713721     0.541000000
    4740     0.045489963     0.040292811     0.549400000
    4760     0.045753067     0.040557142     0.594000000
    4780     0.045464053     0.040421856     0.600600000
    4800     0.045178936     0.040156369     0.600800000
    4820     0.045209503     0.040235010     0.594900000
    4840     0.044901442     0.039931890     0.569700000
    4860     0.044656153     0.039622222     0.553900000
    4880     0.045356307     0.040310859     0.597200000
    4900     0.045487983     0.040435249     0.581600000
    4920     0.045284027     0.040298010     0.614800000
    4940     0.045388534     0.040230160     0.552900000
    4960     0.045342007     0.040246613     0.586500000
    4980     0.045885009     0.040728402     0.575400000
    5000     0.045782731     0.040751699     0.623900000
    5020     0.045652804     0.040578777     0.603800000
    5040     0.046403060     0.041099051     0.558600000
    5060     0.045968219     0.040625802     0.526500000
    5080     0.045491524     0.040307188     0.567800000
    5100     0.044926938     0.039891996     0.568400000
    5120     0.044720154     0.039681357     0.592100000
    5140     0.044267289     0.039344417     0.595900000
    5160     0.044211895     0.039228334     0.553700000
    5180     0.043826845     0.039019329     0.584400000
    5200     0.043202054     0.038608296     0.627800000
    5220     0.042998577     0.038525082     0.658200000
    5240     0.043295985     0.038785580     0.627200000
    5260     0.043535015     0.038917697     0.602100000
    5280     0.043900259     0.039148795     0.592300000
    5300     0.044353756     0.039632465     0.629800000
    5320     0.044231474     0.039454477     0.626800000
    5340     0.044264251     0.039400601     0.615100000
    5360     0.043736086     0.039078577     0.621700000
    5380     0.043754856     0.039039697     0.622700000
    5400     0.043275478     0.038710625     0.619900000
    5420     0.043250304     0.038663424     0.605100000
    5440     0.043324751     0.038711223     0.590600000
    5460     0.043638561     0.038983383     0.583900000
    5480     0.043119215     0.038495086     0.607600000
    5500     0.042903483     0.038369657     0.627200000
    5520     0.042737750     0.038329448     0.679600000
    5540     0.042571336     0.038112267     0.622500000
    5560     0.042143503     0.037827154     0.663600000
    5580     0.042011146     0.037691867     0.629800000
    5600     0.041804619     0.037508953     0.667500000
    5620     0.041585582     0.037342127     0.654000000
    5640     0.042324472     0.037903010     0.649600000
    5660     0.043357976     0.038737241     0.609400000
    5680     0.043555057     0.038834226     0.584300000
    5700     0.043085355     0.038438581     0.605600000
    5720     0.042746758     0.038156996     0.585800000
    5740     0.043204455     0.038580203     0.600200000
    5760     0.043078895     0.038533486     0.625200000
    5780     0.043109862     0.038670964     0.685400000
    5800     0.043081220     0.038595630     0.637700000
    5820     0.043478134     0.038873551     0.602500000
    5840     0.043586591     0.038868769     0.597600000
    5860     0.043353550     0.038840241     0.631800000
    5880     0.043257661     0.038802355     0.657000000
    5900     0.043442066     0.038930607     0.634200000
    5920     0.043539674     0.038944699     0.623000000
    5940     0.043724702     0.039147214     0.664800000
    5960     0.043745760     0.039193357     0.645800000
    5980     0.044066421     0.039361728     0.626600000
    6000     0.044250798     0.039488562     0.622900000
    6020     0.043651769     0.039013020     0.633700000
    6040     0.043536004     0.038837941     0.610700000
    6060     0.043710233     0.039007067     0.635000000
    6080     0.043907231     0.039098358     0.605900000
    6100     0.043928226     0.039023726     0.607700000
    6120     0.043986037     0.039181402     0.644100000
    6140     0.043531991     0.038735573     0.591300000
    6160     0.044013651     0.039114625     0.607500000
    6180     0.043743676     0.038935225     0.586800000
    6200     0.043436326     0.038541016     0.552400000
    6220     0.043079735     0.038404389     0.619600000
    6240     0.042759643     0.038076921     0.576900000
    6260     0.042782532     0.038269556     0.666000000
    6280     0.042373016     0.037974113     0.642700000
    6300     0.042589977     0.038083815     0.621300000
    6320     0.042186030     0.037786498     0.628100000
    6340     0.042324697     0.037852162     0.634300000
    6360     0.042483959     0.037935597     0.606100000
    6380     0.042856697     0.038215516     0.614900000
    6400     0.042377833     0.037726423     0.576300000
    6420     0.042204732     0.037776508     0.668800000
    6440     0.042077423     0.037566069     0.610200000
    6460     0.041874640     0.037451508     0.638000000
    6480     0.041671083     0.037280515     0.628000000
    6500     0.041952993     0.037330338     0.559300000
    6520     0.041555879     0.037211018     0.633000000
    6540     0.041620238     0.037261140     0.644300000
    6560     0.041273080     0.036867938     0.622800000
    6580     0.041071451     0.036891139     0.685700000
    6600     0.041238334     0.036951739     0.649000000
    6620     0.041117678     0.036810547     0.613800000
    6640     0.041242420     0.036947003     0.642600000
    6660     0.040845629     0.036598414     0.620000000
    6680     0.040874914     0.036644850     0.610800000
    6700     0.040897958     0.036661456     0.620500000
    6720     0.041181467     0.036957841     0.632500000
    6740     0.041069746     0.036790759     0.604300000
    6760     0.040735710     0.036504045     0.628400000
    6780     0.040493160     0.036389457     0.671300000
    6800     0.041263783     0.036997524     0.648400000
    6820     0.041030864     0.036833536     0.680600000
    6840     0.041226105     0.037009722     0.676600000
    6860     0.041750161     0.037464829     0.679000000
    6880     0.042172777     0.037784775     0.648300000
    6900     0.041984953     0.037612548     0.652100000
    6920     0.042334595     0.037921419     0.681800000
    6940     0.042351966     0.037922951     0.647000000
    6960     0.041968857     0.037529897     0.621300000
    6980     0.041660234     0.037276349     0.617000000
    7000     0.042022959     0.037521230     0.603100000
    7020     0.041752747     0.037271500     0.577700000
    7040     0.041783253     0.037362648     0.643700000
    7060     0.041443299     0.037060645     0.628500000
    7080     0.041360284     0.036961420     0.607600000
    7100     0.041657357     0.037215135     0.614000000
    7120     0.041518381     0.037232833     0.636000000
    7140     0.041365914     0.037047454     0.635000000
    7160     0.041902036     0.037541649     0.637800000
    7180     0.041790542     0.037474682     0.656200000
    7200     0.041837167     0.037393390     0.607300000
    7220     0.042045396     0.037553572     0.604800000
    7240     0.042164908     0.037529663     0.596500000
    7260     0.042508483     0.038002569     0.658100000
    7280     0.042286443     0.037691561     0.615200000
    7300     0.042155247     0.037623260     0.627300000
    7320     0.041931118     0.037468527     0.641000000
    7340     0.041871665     0.037441220     0.625300000
    7360     0.041864239     0.037343113     0.573600000
    7380     0.041492895     0.037093484     0.637700000
    7400     0.041551567     0.037182468     0.619000000
    7420     0.041578074     0.037262859     0.673500000
    7440     0.041786289     0.037423451     0.665900000
    7460     0.041590354     0.037214681     0.668000000
    7480     0.041257018     0.036844169     0.622600000
    7500     0.041191721     0.036747717     0.604500000
    7520     0.041004859     0.036644164     0.634100000
    7540     0.040687623     0.036426284     0.667300000
    7560     0.040749701     0.036327615     0.593400000
    7580     0.040718142     0.036453634     0.651000000
    7600     0.040764482     0.036549869     0.666400000
    7620     0.040630479     0.036381406     0.623600000
    7640     0.040619746     0.036398425     0.637900000
    7660     0.041124273     0.036770391     0.637900000
    7680     0.041329831     0.037046352     0.673500000
    7700     0.041182153     0.036952370     0.653600000
    7720     0.041424240     0.037192587     0.645200000
    7740     0.041876988     0.037611348     0.648800000
    7760     0.042126511     0.037743668     0.608800000
    7780     0.041900673     0.037538562     0.656000000
    7800     0.042200998     0.037781079     0.630600000
    7820     0.042132035     0.037714114     0.618300000
    7840     0.042079994     0.037688025     0.631200000
    7860     0.042468292     0.037953352     0.610300000
    7880     0.042897462     0.038259265     0.601100000
    7900     0.042516991     0.037916927     0.591900000
    7920     0.042910165     0.038331625     0.641000000
    7940     0.042844102     0.038389075     0.675000000
    7960     0.042020984     0.037691572     0.626300000
    7980     0.041794738     0.037559078     0.654400000
    8000     0.041969559     0.037620737     0.618600000
    8020     0.042054104     0.037649007     0.612700000
    8040     0.041325457     0.037096963     0.641400000
    8060     0.041348813     0.037118765     0.634400000
    8080     0.041646284     0.037463616     0.688200000
    8100     0.041831127     0.037471369     0.602000000
    8120     0.041389617     0.037178402     0.650400000
    8140     0.041615620     0.037411291     0.672500000
    8160     0.041932106     0.037596573     0.636800000
    8180     0.041899254     0.037693554     0.699000000
    8200     0.042751463     0.038386814     0.652800000
    8220     0.043659848     0.039073082     0.643100000
    8240     0.043817211     0.039226809     0.620700000
    8260     0.043827125     0.039142770     0.602700000
    8280     0.043810179     0.039071275     0.597400000
    8300     0.044365292     0.039498289     0.572200000
    8320     0.044909261     0.039836879     0.556300000
    8340     0.045059073     0.040021264     0.556300000
    8360     0.044587072     0.039588953     0.553600000
    8380     0.044674153     0.039780839     0.570700000
    8400     0.044596329     0.039810827     0.620600000
    8420     0.044703254     0.039847033     0.610600000
    8440     0.044547090     0.039823186     0.647600000
    8460     0.044507792     0.039717735     0.618200000
    8480     0.044249694     0.039554822     0.617300000
    8500     0.044237858     0.039482991     0.619100000
    8520     0.043945983     0.039222730     0.616100000
    8540     0.043834342     0.039173821     0.614400000
    8560     0.043720210     0.039005953     0.591400000
    8580     0.043332304     0.038574284     0.588200000
    8600     0.043723089     0.038926749     0.590300000
    8620     0.043595443     0.038775550     0.583400000
    8640     0.044363846     0.039513815     0.629400000
    8660     0.043718574     0.039042720     0.620200000
    8680     0.044271653     0.039531427     0.630500000
    8700     0.043635929     0.038897559     0.576100000
    8720     0.043861773     0.039064739     0.582200000
    8740     0.043889991     0.039061338     0.599500000
    8760     0.043896656     0.039150077     0.590200000
    8780     0.044363047     0.039574893     0.586300000
    8800     0.044092610     0.039099913     0.552800000
    8820     0.043676268     0.038804494     0.564700000
    8840     0.043866183     0.039031360     0.574800000
    8860     0.043588769     0.038727498     0.585100000
    8880     0.043451114     0.038725254     0.606900000
    8900     0.043698858     0.038979911     0.635400000
    8920     0.043707199     0.038873306     0.600700000
    8940     0.043457656     0.038631171     0.573000000
    8960     0.043284958     0.038530490     0.604400000
    8980     0.043249902     0.038526231     0.613900000
    9000     0.043600120     0.038899818     0.633700000
    9020     0.043359150     0.038652411     0.618600000
    9040     0.043270669     0.038529777     0.597100000
    9060     0.043005614     0.038291583     0.610000000
    9080     0.043364995     0.038556853     0.577200000
    9100     0.043991227     0.039124216     0.611500000
    9120     0.044028166     0.039149541     0.585900000
    9140     0.044584576     0.039546885     0.565900000
    9160     0.044868028     0.039824506     0.572100000
    9180     0.044688557     0.039730534     0.578400000
    9200     0.044947854     0.039994428     0.592700000
    9220     0.045305465     0.040297825     0.611300000
    9240     0.045460697     0.040328683     0.588000000
    9260     0.044866854     0.039838779     0.588800000
    9280     0.044901839     0.039819443     0.569400000
    9300     0.045042489     0.040055305     0.588700000
    9320     0.044743426     0.039747093     0.570200000
    9340     0.044852490     0.039942076     0.618100000
    9360     0.044732116     0.039911361     0.622300000
    9380     0.043842610     0.039229194     0.657200000
    9400     0.044046779     0.039348732     0.650500000
    9420     0.043741067     0.039117713     0.638100000
    9440     0.043564252     0.038971581     0.636100000
    9460     0.043966137     0.039247397     0.605300000
    9480     0.043449576     0.038750206     0.603400000
    9500     0.042793306     0.038305765     0.638400000
    9520     0.042719392     0.038224834     0.612400000
    9540     0.042995195     0.038416814     0.629700000
    9560     0.042904867     0.038391716     0.648700000
    9580     0.042993979     0.038420750     0.608100000
    9600     0.043046768     0.038358247     0.573700000
    9620     0.042927860     0.038238177     0.605000000
    9640     0.043030139     0.038284828     0.595600000
    9660     0.042648008     0.038135121     0.626200000
    9680     0.042562134     0.038043098     0.600000000
    9700     0.042812223     0.038190998     0.627500000
    9720     0.042595919     0.037996718     0.632700000
    9740     0.042234869     0.037639335     0.578700000
    9760     0.042508006     0.037963533     0.596900000
    9780     0.042365447     0.037996309     0.671600000
    9800     0.041995589     0.037745119     0.680600000
    9820     0.041909456     0.037620531     0.655000000
    9840     0.041602299     0.037425661     0.668700000
    9860     0.041607569     0.037321895     0.616800000
    9880     0.041592593     0.037301419     0.629200000
    9900     0.041116080     0.036895366     0.625700000
    9920     0.041447482     0.037122403     0.637700000
    9940     0.042081163     0.037641938     0.607300000
    9960     0.042235803     0.037737361     0.610500000
    9980     0.042145575     0.037638313     0.624000000
   10000     0.042006642     0.037516839     0.602400000
   10020     0.042106159     0.037677674     0.643700000
   10040     0.042087543     0.037681537     0.626400000
   10060     0.042199687     0.037845385     0.660800000
   10080     0.042265721     0.037784830     0.629600000
   10100     0.042867919     0.038339962     0.645600000
   10120     0.042501292     0.038106833     0.646000000
   10140     0.042246331     0.037870879     0.641200000
   10160     0.042686357     0.038202852     0.654600000
   10180     0.042860344     0.038367048     0.649000000
   10200     0.042591344     0.038073480     0.630000000
   10220     0.042378176     0.037863649     0.619500000
   10240     0.042665852     0.038041066     0.596500000
   10260     0.042563454     0.038053387     0.608100000
   10280     0.042744828     0.038194700     0.621500000
   10300     0.042780179     0.038307741     0.650300000
   10320     0.042661092     0.038150255     0.609100000
   10340     0.042971492     0.038432609     0.628500000
   10360     0.043707888     0.039005062     0.628100000
   10380     0.043713433     0.039053291     0.591800000
   10400     0.043232600     0.038696564     0.620300000
   10420     0.043396771     0.038866125     0.633500000
   10440     0.044017788     0.039350314     0.595800000
   10460     0.044443699     0.039680267     0.621200000
   10480     0.045094175     0.040173351     0.584400000
   10500     0.045377011     0.040321681     0.580600000
   10520     0.045438792     0.040491594     0.600200000
   10540     0.045315780     0.040217299     0.593400000
   10560     0.044578849     0.039693277     0.581800000
   10580     0.044803681     0.039930480     0.612000000
   10600     0.045225838     0.040340632     0.623000000
   10620     0.045000212     0.040142197     0.620400000
   10640     0.045455883     0.040655749     0.652000000
   10660     0.044699569     0.039806193     0.593700000
   10680     0.044593982     0.039758571     0.604400000
   10700     0.043934218     0.039224099     0.600100000
   10720     0.043828279     0.039015025     0.586500000
   10740     0.043700272     0.038923555     0.580700000
   10760     0.043270352     0.038633794     0.593500000
   10780     0.043389027     0.038678295     0.609800000
   10800     0.043044950     0.038406433     0.588900000
   10820     0.043602274     0.038873227     0.596300000
   10840     0.043160228     0.038529123     0.612400000
   10860     0.042703694     0.038208884     0.652700000
   10880     0.042902665     0.038288928     0.626500000
   10900     0.043024824     0.038377975     0.591800000
   10920     0.043176085     0.038413234     0.574200000
   10940     0.042981701     0.038316025     0.590100000
   10960     0.043267089     0.038575739     0.581200000
   10980     0.043542022     0.038810099     0.620100000
   11000     0.043854120     0.039164358     0.657300000
   11020     0.044081953     0.039260479     0.608800000
   11040     0.043904479     0.039165809     0.603500000
   11060     0.044510149     0.039609052     0.637700000
   11080     0.044921273     0.039947132     0.587800000
   11100     0.044977068     0.039971987     0.622300000
   11120     0.044899976     0.039926000     0.579700000
   11140     0.044931932     0.039906254     0.568400000
   11160     0.045413866     0.040230566     0.585000000
   11180     0.045689524     0.040384738     0.535100000
   11200     0.045707768     0.040386769     0.527300000
   11220     0.045509813     0.040281430     0.576700000
   11240     0.045200185     0.040114516     0.584200000
   11260     0.045057141     0.040075155     0.609400000
   11280     0.045161250     0.040079971     0.589800000
   11300     0.045516627     0.040261109     0.555900000
   11320     0.045449078     0.040401469     0.640700000
   11340     0.045187870     0.040186071     0.613700000
   11360     0.045045401     0.039988237     0.583100000
   11380     0.045705969     0.040515424     0.579600000
   11400     0.045791543     0.040604825     0.591400000
   11420     0.045887644     0.040705252     0.580400000
   11440     0.045395549     0.040362659     0.606400000
   11460     0.045190047     0.040163500     0.605700000
   11480     0.044984634     0.040002223     0.613700000
   11500     0.045041046     0.040043229     0.606200000
   11520     0.044606054     0.039586856     0.562100000
   11540     0.044515822     0.039550609     0.589900000
   11560     0.044277384     0.039252349     0.567400000
   11580     0.044529252     0.039491370     0.577700000
   11600     0.044179658     0.039298925     0.608100000
   11620     0.043842946     0.039070637     0.617000000
   11640     0.043625450     0.038848074     0.634700000
   11660     0.044558064     0.039624692     0.622600000
   11680     0.045100887     0.040010148     0.585800000
   11700     0.045316830     0.040148075     0.552500000
   11720     0.045408469     0.040283285     0.584900000
   11740     0.044881022     0.039880266     0.558400000
   11760     0.044852801     0.040006749     0.599200000
   11780     0.044782679     0.039869158     0.590700000
   11800     0.044985515     0.039946464     0.574600000
   11820     0.044722417     0.039797612     0.590200000
   11840     0.044413044     0.039490833     0.569400000
   11860     0.044166389     0.039364152     0.629700000
   11880     0.043694126     0.038949774     0.617000000
   11900     0.043710927     0.038855177     0.569900000
   11920     0.043342614     0.038507059     0.544000000
   11940     0.043542901     0.038828067     0.623800000
   11960     0.043527434     0.038863919     0.617900000
   11980     0.043651914     0.038920278     0.628300000
   12000     0.043329992     0.038673454     0.630400000
   12020     0.043259333     0.038649661     0.614200000
   12040     0.043153802     0.038489323     0.640700000
   12060     0.043047224     0.038447788     0.619900000
   12080     0.043033105     0.038513959     0.638900000
   12100     0.042307394     0.037885773     0.627400000
   12120     0.042453814     0.037991054     0.615100000
   12140     0.042901042     0.038285544     0.599700000
   12160     0.042619529     0.038039729     0.615700000
   12180     0.043517384     0.038754996     0.605300000
   12200     0.043748277     0.039048163     0.654200000
   12220     0.043905662     0.039240308     0.647400000
   12240     0.044073694     0.039362597     0.619600000
   12260     0.044169109     0.039411447     0.623700000
   12280     0.044382692     0.039586073     0.598500000
   12300     0.044691575     0.039835170     0.624300000
   12320     0.044737960     0.039877662     0.621600000
   12340     0.043973345     0.039303021     0.646700000
   12360     0.043754211     0.039004262     0.590000000
   12380     0.043864087     0.039070713     0.595300000
   12400     0.043949104     0.039238757     0.620400000
   12420     0.043657962     0.038917674     0.575000000
   12440     0.043425327     0.038708816     0.591200000
   12460     0.043176307     0.038571575     0.587700000
   12480     0.042780419     0.038226418     0.615100000
   12500     0.043032248     0.038369004     0.579000000
   12520     0.042533957     0.038050665     0.622900000
   12540     0.042284791     0.037888250     0.629100000
   12560     0.042009304     0.037677745     0.657200000
   12580     0.042407793     0.038070293     0.660000000
   12600     0.042466084     0.038051208     0.644200000
   12620     0.042708545     0.038200681     0.629000000
   12640     0.042644526     0.038193208     0.628200000
   12660     0.042695716     0.038070207     0.586700000
   12680     0.042686027     0.038066876     0.580000000
   12700     0.042950934     0.038388883     0.616000000
   12720     0.043403545     0.038709714     0.596300000
   12740     0.043339013     0.038692818     0.609900000
   12760     0.043097149     0.038385649     0.578500000
   12780     0.043045356     0.038366118     0.596300000
   12800     0.042452907     0.037983676     0.625700000
   12820     0.042392784     0.037849752     0.610300000
   12840     0.042412252     0.038020252     0.644700000
   12860     0.042120187     0.037676632     0.613100000
   12880     0.042381324     0.037870682     0.606000000
   12900     0.042626704     0.038292965     0.692100000
   12920     0.042797039     0.038445401     0.675800000
   12940     0.042939146     0.038445396     0.620500000
   12960     0.042531811     0.038173971     0.642000000
   12980     0.042621714     0.038284725     0.675800000
   13000     0.042838523     0.038442251     0.677100000
   13020     0.042390072     0.038043685     0.649400000
   13040     0.042119327     0.037698221     0.614500000
   13060     0.042279479     0.037803433     0.625200000
   13080     0.042198493     0.037936402     0.671500000
   13100     0.042370157     0.038029056     0.660500000
   13120     0.042465598     0.038077561     0.624900000
   13140     0.042463858     0.038067777     0.640900000
   13160     0.042370241     0.038096502     0.642100000
   13180     0.042290620     0.038031902     0.663700000
   13200     0.042964664     0.038554144     0.646000000
   13220     0.042721557     0.038438251     0.654800000
   13240     0.042990105     0.038610341     0.647200000
   13260     0.043054922     0.038564271     0.628000000
   13280     0.042967177     0.038459722     0.608400000
   13300     0.043208679     0.038691771     0.634500000
   13320     0.043125429     0.038725312     0.665300000
   13340     0.042907237     0.038554967     0.670800000
   13360     0.042984846     0.038595081     0.680700000
   13380     0.042866832     0.038475524     0.648100000
   13400     0.042882402     0.038427774     0.636500000
   13420     0.042937479     0.038584098     0.645400000
   13440     0.043227908     0.038729129     0.614200000
   13460     0.042699680     0.038270769     0.621500000
   13480     0.042687449     0.038302841     0.628400000
   13500     0.042966203     0.038541016     0.638800000
   13520     0.042886086     0.038601758     0.682300000
   13540     0.043723658     0.039299767     0.670000000
   13560     0.044064036     0.039441435     0.608300000
   13580     0.043956473     0.039451410     0.635900000
   13600     0.044133973     0.039469074     0.596700000
   13620     0.044302808     0.039601229     0.603500000
   13640     0.043766920     0.039276372     0.627300000
   13660     0.043631911     0.039174105     0.630400000
   13680     0.043382261     0.039033215     0.646800000
   13700     0.043002192     0.038780505     0.692900000
   13720     0.043102688     0.038870965     0.689600000
   13740     0.043290433     0.038952522     0.646300000
   13760     0.043890432     0.039439601     0.639500000
   13780     0.044369831     0.039801042     0.617900000
   13800     0.044101408     0.039586912     0.625200000
   13820     0.043610548     0.039049789     0.582800000
   13840     0.043614080     0.038968286     0.564000000
   13860     0.043443484     0.038819252     0.599400000
   13880     0.044143145     0.039383753     0.564200000
   13900     0.044216786     0.039386111     0.565500000
   13920     0.043804215     0.039107772     0.612700000
   13940     0.044043865     0.039369682     0.611000000
   13960     0.043948562     0.039304590     0.608900000
   13980     0.044453382     0.039732672     0.651300000
   14000     0.044629191     0.039865133     0.611900000
   14020     0.044626010     0.039846893     0.611000000
   14040     0.043767637     0.039185293     0.609300000
   14060     0.043711919     0.039097191     0.606700000
   14080     0.044161977     0.039518937     0.615200000
   14100     0.043498355     0.039080262     0.645800000
   14120     0.043653781     0.039209608     0.656500000
   14140     0.044104976     0.039461184     0.625000000
   14160     0.043973570     0.039445871     0.624500000
   14180     0.043715925     0.039030296     0.582300000
   14200     0.043462340     0.038773199     0.585900000
   14220     0.043634300     0.039053443     0.618800000
   14240     0.043343356     0.038812646     0.600100000
   14260     0.043834860     0.039200800     0.619700000
   14280     0.043553505     0.038967845     0.605600000
   14300     0.043303513     0.038686239     0.579400000
   14320     0.044374108     0.039688394     0.618400000
   14340     0.044535121     0.039842496     0.631000000
   14360     0.044737981     0.040018750     0.599800000
   14380     0.044593585     0.039937137     0.626700000
   14400     0.045019110     0.040194504     0.605900000
   14420     0.044720232     0.040054701     0.636100000
   14440     0.044813525     0.040149795     0.585500000
   14460     0.044424269     0.039852134     0.651300000
   14480     0.044500460     0.039969637     0.648100000
   14500     0.044081532     0.039548571     0.633800000
   14520     0.043839945     0.039204142     0.612400000
   14540     0.043833025     0.039305431     0.653500000
   14560     0.043798906     0.039380092     0.659300000
   14580     0.043704588     0.039162390     0.616900000
   14600     0.043812396     0.039269937     0.607000000
   14620     0.044070888     0.039499751     0.627800000
   14640     0.043575715     0.038994633     0.593100000
   14660     0.043337320     0.038754523     0.587200000
   14680     0.043981824     0.039246574     0.592600000
   14700     0.043879242     0.039176359     0.598800000
   14720     0.043973208     0.039208485     0.590400000
   14740     0.044074325     0.039325064     0.595400000
   14760     0.044003657     0.039344384     0.642700000
   14780     0.043485107     0.038914015     0.630200000
   14800     0.043521642     0.038897352     0.609400000
   14820     0.044006629     0.039273567     0.588400000
   14840     0.043985822     0.039360668     0.626800000
   14860     0.044158569     0.039496661     0.623000000
   14880     0.044241529     0.039596104     0.627800000
   14900     0.043865114     0.039311767     0.635700000
   14920     0.043616625     0.039112215     0.611700000
   14940     0.043363026     0.038891049     0.632300000
   14960     0.044178368     0.039611694     0.631400000
   14980     0.043650807     0.038945146     0.573900000
   15000     0.043771478     0.039090067     0.583800000
   15020     0.044462856     0.039766502     0.605000000
   15040     0.044686657     0.040053793     0.643100000
   15060     0.044560755     0.039735351     0.564700000
   15080     0.044953819     0.040005894     0.564500000
   15100     0.044191145     0.039384558     0.580900000
   15120     0.044455649     0.039731853     0.624200000
   15140     0.044640777     0.039954941     0.626900000
   15160     0.044842380     0.040002398     0.620000000
   15180     0.044559089     0.039704396     0.592700000
   15200     0.044628761     0.039758046     0.606500000
   15220     0.044215691     0.039377844     0.577100000
   15240     0.044080618     0.039283004     0.580600000
   15260     0.043137198     0.038446754     0.564600000
   15280     0.043159373     0.038535629     0.615900000
   15300     0.043135947     0.038441045     0.580000000
   15320     0.043226518     0.038680620     0.649900000
   15340     0.043186024     0.038677727     0.654600000
   15360     0.043125769     0.038520324     0.604500000
   15380     0.043348507     0.038699474     0.603500000
   15400     0.043349374     0.038615990     0.571500000
   15420     0.043097519     0.038442684     0.586200000
   15440     0.043023653     0.038413588     0.598600000
   15460     0.042851816     0.038350803     0.619900000
   15480     0.043197805     0.038665953     0.625400000
   15500     0.042602562     0.038152735     0.619400000
   15520     0.042999829     0.038417869     0.592700000
   15540     0.042808101     0.038222406     0.627800000
   15560     0.042860207     0.038364048     0.677800000
   15580     0.042918823     0.038387610     0.632300000
   15600     0.043091918     0.038517908     0.611200000
   15620     0.043004780     0.038425749     0.621200000
   15640     0.042561320     0.038023754     0.617900000
   15660     0.041985727     0.037525095     0.609300000
   15680     0.042172608     0.037699588     0.625600000
   15700     0.041873882     0.037472564     0.619700000
   15720     0.041979536     0.037522332     0.619600000
   15740     0.042685336     0.038070852     0.621300000
   15760     0.042293843     0.037890262     0.674000000
   15780     0.042502934     0.038081942     0.663000000
   15800     0.042682335     0.038244893     0.659700000
   15820     0.042513997     0.038113880     0.654400000
   15840     0.042440292     0.038052247     0.664300000
   15860     0.042115789     0.037823674     0.661600000
   15880     0.042095996     0.037810187     0.675600000
   15900     0.042442465     0.038120987     0.694300000
   15920     0.042660104     0.038341181     0.677300000
   15940     0.042888730     0.038466868     0.624900000
   15960     0.043172094     0.038647617     0.647300000
   15980     0.043143149     0.038687895     0.676000000
   16000     0.043032241     0.038632045     0.650800000
   16020     0.042530754     0.038247559     0.659500000
   16040     0.042757234     0.038289876     0.613100000
   16060     0.042787064     0.038456331     0.663700000
   16080     0.043224198     0.038698333     0.603500000
   16100     0.043637576     0.039081121     0.643000000
   16120     0.043758086     0.039030665     0.597400000
   16140     0.043681511     0.039056579     0.616200000
   16160     0.043391528     0.038886691     0.658000000
   16180     0.043942037     0.039291519     0.634300000
   16200     0.043720517     0.039115300     0.622700000
   16220     0.043901203     0.039281139     0.616100000
   16240     0.043421755     0.038916050     0.623900000
   16260     0.043645118     0.038939660     0.565100000
   16280     0.043955914     0.039172755     0.590500000
   16300     0.043611741     0.038948952     0.632500000
   16320     0.043814995     0.039130876     0.608000000
   16340     0.043336032     0.038681788     0.619400000
   16360     0.043206771     0.038736055     0.647300000
   16380     0.043119796     0.038499929     0.588700000
   16400     0.043486358     0.038843906     0.621600000
   16420     0.043262570     0.038657447     0.619200000
   16440     0.042783590     0.038322792     0.657700000
   16460     0.042481964     0.038009157     0.647300000
   16480     0.042321358     0.037820042     0.646500000
   16500     0.042472839     0.037963526     0.648200000
   16520     0.042674911     0.038002142     0.593800000
   16540     0.042626053     0.038095505     0.654300000
   16560     0.042419756     0.037887413     0.621100000
   16580     0.042226826     0.037611543     0.591800000
   16600     0.042084708     0.037679035     0.658500000
   16620     0.041797066     0.037440002     0.623000000
   16640     0.041649181     0.037433084     0.659600000
   16660     0.042170113     0.037784574     0.634200000
   16680     0.042023095     0.037732448     0.650000000
   16700     0.042209449     0.037790180     0.614800000
   16720     0.042852244     0.038358914     0.606200000
   16740     0.042952824     0.038380324     0.613200000
   16760     0.042979158     0.038348023     0.576200000
   16780     0.042796640     0.038201510     0.603200000
   16800     0.043319911     0.038654351     0.619400000
   16820     0.043455345     0.038777594     0.589100000
   16840     0.043284828     0.038640508     0.597800000
   16860     0.043290324     0.038644192     0.620600000
   16880     0.042970835     0.038325344     0.618000000
   16900     0.042978548     0.038210379     0.568600000
   16920     0.042575134     0.037821586     0.568100000
   16940     0.042545908     0.037913687     0.604800000
   16960     0.042372711     0.037835724     0.622300000
   16980     0.041982317     0.037482330     0.602800000
   17000     0.041662933     0.037120029     0.581200000
   17020     0.042480829     0.037740422     0.603200000
   17040     0.042376056     0.037892517     0.645000000
   17060     0.042173585     0.037570060     0.594100000
   17080     0.042112554     0.037686936     0.671100000
   17100     0.042466594     0.037992204     0.675700000
   17120     0.042097335     0.037700807     0.657900000
   17140     0.042468925     0.038012658     0.658000000
   17160     0.042147399     0.037684904     0.655800000
   17180     0.042446167     0.037938431     0.668300000
   17200     0.041828351     0.037345082     0.601400000
   17220     0.041486120     0.037109323     0.633800000
   17240     0.040622821     0.036356890     0.604100000
   17260     0.040607263     0.036348961     0.607600000
   17280     0.041102782     0.036785570     0.620100000
   17300     0.041128433     0.036751938     0.600700000
   17320     0.041842360     0.037401309     0.610400000
   17340     0.041381441     0.037093671     0.626700000
   17360     0.041348840     0.037140538     0.669100000
   17380     0.041626348     0.037338545     0.667800000
   17400     0.041092278     0.036962895     0.640900000
   17420     0.041549380     0.037351963     0.666400000
   17440     0.041738502     0.037436078     0.629600000
   17460     0.041022350     0.036790513     0.619500000
   17480     0.041120821     0.036977571     0.638700000
   17500     0.041483240     0.037239313     0.649700000
   17520     0.041442217     0.037274907     0.669100000
   17540     0.041072349     0.036932959     0.670200000
   17560     0.040937381     0.036792227     0.622100000
   17580     0.041057525     0.036922549     0.650200000
   17600     0.041254059     0.037053981     0.625400000
   17620     0.040816688     0.036574940     0.604900000
   17640     0.040894004     0.036690514     0.601900000
   17660     0.041195289     0.036999937     0.631000000
   17680     0.041166509     0.037047144     0.663300000
   17700     0.041228513     0.037152148     0.657100000
   17720     0.040976925     0.036840096     0.633600000
   17740     0.040585676     0.036468558     0.604600000
   17760     0.041667632     0.037358157     0.581800000
   17780     0.042297404     0.037953031     0.624100000
   17800     0.042453646     0.038201533     0.646400000
   17820     0.042661675     0.038257451     0.628700000
   17840     0.042871747     0.038456190     0.652300000
   17860     0.043105459     0.038650704     0.613900000
   17880     0.042986188     0.038552235     0.609600000
   17900     0.042970180     0.038602457     0.653800000
   17920     0.043073763     0.038665121     0.651800000
   17940     0.043454625     0.038996785     0.646000000
   17960     0.043680550     0.039218833     0.654800000
   17980     0.043809675     0.039217601     0.648200000
   18000     0.043741704     0.039122697     0.628700000
   18020     0.043174011     0.038837132     0.699500000
   18040     0.042937956     0.038442477     0.646900000
   18060     0.043022953     0.038396154     0.596500000
   18080     0.042922793     0.038437692     0.612900000
   18100     0.041946345     0.037566489     0.591300000
   18120     0.041799400     0.037470280     0.610100000
   18140     0.041867616     0.037670902     0.657500000
   18160     0.041813633     0.037524687     0.625100000
   18180     0.041836662     0.037570997     0.663000000
   18200     0.041665086     0.037468972     0.669000000
   18220     0.042164907     0.037817185     0.620700000
   18240     0.041801482     0.037534874     0.644000000
   18260     0.041924641     0.037616241     0.649800000
   18280     0.042092402     0.037810224     0.678600000
   18300     0.041927305     0.037678716     0.672900000
   18320     0.041879948     0.037661071     0.665700000
   18340     0.042127736     0.037765846     0.610000000
   18360     0.041980484     0.037530581     0.596000000
   18380     0.042303590     0.037832379     0.606400000
   18400     0.042797502     0.038368592     0.678000000
   18420     0.042563144     0.038163317     0.660200000
   18440     0.042691510     0.038180981     0.632000000
   18460     0.042637814     0.038195046     0.658300000
   18480     0.042447198     0.037923266     0.618500000
   18500     0.042125384     0.037555449     0.580100000
   18520     0.042611144     0.038024322     0.607400000
   18540     0.042821028     0.038272165     0.623500000
   18560     0.043322667     0.038685735     0.598400000
   18580     0.043413577     0.038810462     0.603800000
   18600     0.043138161     0.038669322     0.644500000
   18620     0.043811460     0.039216151     0.622200000
   18640     0.043864543     0.039278407     0.633100000
   18660     0.044245733     0.039646598     0.664300000
   18680     0.044681486     0.039916143     0.634300000
   18700     0.043926958     0.039342779     0.644700000
   18720     0.044138383     0.039378763     0.587300000
   18740     0.043889333     0.039243061     0.618300000
   18760     0.043626735     0.039081380     0.666900000
   18780     0.042810739     0.038248782     0.575900000
   18800     0.042747785     0.038084340     0.567200000
   18820     0.042945185     0.038193155     0.579200000
   18840     0.043188355     0.038457554     0.552600000
   18860     0.043479075     0.038735680     0.570500000
   18880     0.043626556     0.038975473     0.613800000
   18900     0.043820323     0.039109982     0.618100000
   18920     0.043885594     0.039107175     0.594100000
   18940     0.042890961     0.038449887     0.626600000
   18960     0.042916389     0.038555134     0.642100000
   18980     0.043223542     0.038723949     0.626500000
   19000     0.043145645     0.038660421     0.639200000
   19020     0.043234040     0.038772742     0.641400000
   19040     0.043112422     0.038655173     0.639500000
   19060     0.043241035     0.038688781     0.647800000
   19080     0.042934621     0.038423312     0.646600000
   19100     0.043078060     0.038486595     0.585800000
   19120     0.042735698     0.038186282     0.594200000
   19140     0.042180198     0.037748126     0.610200000
   19160     0.042195730     0.037673691     0.576900000
   19180     0.042291026     0.037793400     0.617800000
   19200     0.042500768     0.037983881     0.622700000
   19220     0.042799240     0.038293458     0.649900000
   19240     0.042242496     0.037839547     0.644900000
   19260     0.042328385     0.037993559     0.648400000
   19280     0.042330297     0.037923238     0.652900000
   19300     0.042774602     0.038311580     0.643100000
   19320     0.042716357     0.038238438     0.638400000
   19340     0.042896141     0.038314341     0.631600000
   19360     0.042487041     0.037968858     0.628200000
   19380     0.042560157     0.037951606     0.608600000
   19400     0.042217041     0.037793401     0.634300000
   19420     0.042395546     0.037981677     0.685200000
   19440     0.042880038     0.038425626     0.642900000
   19460     0.042201469     0.037876563     0.659000000
   19480     0.041967211     0.037704903     0.675500000
   19500     0.042381152     0.038095119     0.676100000
   19520     0.042410024     0.037979546     0.620800000
   19540     0.042136595     0.037614607     0.605000000
   19560     0.042643673     0.038007321     0.582300000
   19580     0.042609624     0.037883396     0.564100000
   19600     0.042473678     0.037807382     0.580600000
   19620     0.042617852     0.037913779     0.594900000
   19640     0.042285962     0.037589994     0.564600000
   19660     0.042491695     0.037963194     0.633000000
   19680     0.042245244     0.037816827     0.631800000
   19700     0.042144365     0.037672440     0.618800000
   19720     0.042059652     0.037653244     0.637500000
   19740     0.041919864     0.037507165     0.633400000
   19760     0.041709297     0.037315155     0.632800000
   19780     0.041762603     0.037289812     0.603100000
   19800     0.041367848     0.037057686     0.634700000
   19820     0.040936114     0.036751323     0.661900000
   19840     0.040635637     0.036523578     0.671000000
   19860     0.040753031     0.036477509     0.628100000
   19880     0.040955667     0.036625026     0.600100000
   19900     0.041078201     0.036902622     0.665000000
   19920     0.040947657     0.036792983     0.654100000
   19940     0.041282462     0.037040347     0.612700000
   19960     0.041038003     0.036838200     0.629900000
   19980     0.041011933     0.036771092     0.620000000
   20000     0.041390218     0.037062453     0.608300000
   20020     0.041549062     0.037205662     0.620100000
   20040     0.042044661     0.037574876     0.610400000
   20060     0.041592590     0.037171454     0.616100000
   20080     0.041730120     0.037371222     0.636600000
   20100     0.041728594     0.037275500     0.605600000
   20120     0.041311048     0.036896774     0.623700000
   20140     0.040977784     0.036517277     0.579800000
   20160     0.041088054     0.036785916     0.645600000
   20180     0.041387502     0.037073287     0.655200000
   20200     0.041253183     0.036958997     0.638500000
   20220     0.041341049     0.036957625     0.616300000
   20240     0.041620602     0.037060085     0.594800000
   20260     0.041539351     0.037180547     0.631400000
   20280     0.042330709     0.037865621     0.618800000
   20300     0.042465945     0.038072951     0.645500000
   20320     0.042195626     0.037733133     0.614700000
   20340     0.042520070     0.037999779     0.597600000
   20360     0.042534776     0.038019303     0.612200000
   20380     0.042653724     0.038115202     0.621500000
   20400     0.042641312     0.038254415     0.677200000
   20420     0.042486390     0.038138328     0.687700000
   20440     0.042429558     0.038005035     0.654900000
   20460     0.042679163     0.038185136     0.628300000
   20480     0.043021404     0.038496431     0.641200000
   20500     0.042760488     0.038172614     0.615000000
   20520     0.043138135     0.038437614     0.603600000
   20540     0.042934686     0.038186519     0.582700000
   20560     0.042164998     0.037692562     0.609800000
   20580     0.042339668     0.037827762     0.623300000
   20600     0.042463002     0.037886451     0.618600000
   20620     0.042985736     0.038302496     0.594700000
   20640     0.042919172     0.038210482     0.586400000
   20660     0.042741241     0.038033709     0.587500000
   20680     0.042439923     0.038031529     0.659400000
   20700     0.042309810     0.037814395     0.624900000
   20720     0.042837061     0.038311394     0.645200000
   20740     0.042513127     0.037936143     0.581000000
   20760     0.042838525     0.038108624     0.589700000
   20780     0.042373739     0.037815856     0.648900000
   20800     0.042428981     0.037776274     0.627200000
   20820     0.042335195     0.037732950     0.606000000
   20840     0.042137106     0.037661327     0.656600000
   20860     0.042239798     0.037781839     0.637500000
   20880     0.042339759     0.037780243     0.629500000
   20900     0.042131556     0.037381730     0.532500000
   20920     0.041896041     0.037280445     0.558200000
   20940     0.042226515     0.037648034     0.627900000
   20960     0.042397435     0.037758643     0.600800000
   20980     0.042212590     0.037499494     0.592900000
   21000     0.042323712     0.037771991     0.630300000
   21020     0.042110955     0.037640733     0.633600000
   21040     0.042327962     0.037785184     0.600500000
   21060     0.042214831     0.037503400     0.572200000
   21080     0.041956741     0.037457825     0.643000000
   21100     0.042378169     0.037826372     0.646900000
   21120     0.042296657     0.037753570     0.605700000
   21140     0.042521045     0.038024186     0.625700000
   21160     0.042289709     0.037864435     0.649800000
   21180     0.041926426     0.037538545     0.608600000
   21200     0.042145324     0.037558753     0.602300000
   21220     0.042287956     0.037676814     0.614400000
   21240     0.042548226     0.037962395     0.591600000
   21260     0.042856735     0.038192841     0.608200000
   21280     0.042841704     0.038198790     0.607900000
   21300     0.043191322     0.038483544     0.606000000
   21320     0.043633275     0.038957789     0.639300000
   21340     0.043611358     0.038991864     0.672400000
   21360     0.043514760     0.038926211     0.631500000
   21380     0.043352175     0.038833617     0.662100000
   21400     0.044330671     0.039603662     0.644900000
   21420     0.044613454     0.039899540     0.663700000
   21440     0.044305337     0.039659779     0.641800000
   21460     0.043900844     0.039289554     0.652700000
   21480     0.043810517     0.039143261     0.613400000
   21500     0.043478021     0.038909013     0.608800000
   21520     0.043402927     0.038844775     0.618700000
   21540     0.043301001     0.038823760     0.631700000
   21560     0.043080212     0.038612276     0.604200000
   21580     0.043056068     0.038493440     0.593400000
   21600     0.042789385     0.038252509     0.581100000
   21620     0.042642049     0.038181883     0.624300000
   21640     0.042560100     0.038153722     0.641500000
   21660     0.042887207     0.038371887     0.625500000
   21680     0.042732912     0.038291386     0.646600000
   21700     0.043113292     0.038474713     0.604900000
   21720     0.043595365     0.038928180     0.617600000
   21740     0.043951505     0.039181342     0.603200000
   21760     0.044420112     0.039637469     0.630900000
   21780     0.044018854     0.039248433     0.606800000
   21800     0.044190973     0.039324163     0.593100000
   21820     0.043822252     0.039058660     0.582900000
   21840     0.043520071     0.038679337     0.571000000
   21860     0.043077106     0.038300750     0.567600000
   21880     0.043007992     0.038438131     0.615300000
   21900     0.043101014     0.038661975     0.652800000
   21920     0.043338509     0.038727777     0.613200000
   21940     0.043291181     0.038838990     0.655300000
   21960     0.043078306     0.038608176     0.638700000
   21980     0.042906135     0.038432140     0.623300000
   22000     0.042298426     0.037893243     0.610200000
   22020     0.042408232     0.037981884     0.604900000
   22040     0.042684606     0.038279610     0.613300000
   22060     0.042993338     0.038510386     0.615500000
   22080     0.043139871     0.038507608     0.586700000
   22100     0.043708247     0.039051955     0.646300000
   22120     0.043868011     0.039042351     0.579700000
   22140     0.044110390     0.039216917     0.573600000
   22160     0.044439724     0.039466750     0.569500000
   22180     0.043985414     0.039245550     0.619000000
   22200     0.044176658     0.039402002     0.615300000
   22220     0.044196973     0.039399554     0.606200000
   22240     0.044119241     0.039330996     0.607300000
   22260     0.043954537     0.039236853     0.619200000
   22280     0.043588632     0.038987492     0.629600000
   22300     0.043588917     0.038882566     0.599700000
   22320     0.043788428     0.039124987     0.625500000
   22340     0.043572656     0.038928303     0.637600000
   22360     0.043507678     0.038846845     0.595400000
   22380     0.043334884     0.038631405     0.580600000
   22400     0.043730633     0.038908843     0.595000000
   22420     0.043680191     0.038831503     0.600300000
   22440     0.043363467     0.038862256     0.651700000
   22460     0.042963789     0.038459844     0.646900000
   22480     0.042833033     0.038466801     0.670800000
   22500     0.043386108     0.038740165     0.615600000
   22520     0.043567572     0.038963751     0.625100000
   22540     0.043568043     0.039022563     0.640600000
   22560     0.044052876     0.039461367     0.650000000
   22580     0.043536224     0.038833482     0.578800000
   22600     0.043514792     0.038746172     0.570900000
   22620     0.043305250     0.038672171     0.622500000
   22640     0.043755925     0.038988814     0.595700000
   22660     0.043632690     0.039026839     0.628900000
   22680     0.043708095     0.039039114     0.623500000
   22700     0.043632267     0.038965034     0.601800000
   22720     0.043597073     0.038815574     0.584000000
   22740     0.044153029     0.039243217     0.579600000
   22760     0.044556921     0.039710814     0.610700000
   22780     0.044513167     0.039712426     0.620900000
   22800     0.044517336     0.039726356     0.611600000
   22820     0.044690631     0.039814033     0.582000000
   22840     0.044079729     0.039326628     0.606400000
   22860     0.044080894     0.039266870     0.609200000
   22880     0.043721456     0.038857374     0.594100000
   22900     0.043510745     0.038811472     0.623100000
   22920     0.043655650     0.038864113     0.612300000
   22940     0.043435241     0.038763663     0.628200000
   22960     0.043535303     0.038836403     0.635100000
   22980     0.043324636     0.038388608     0.560400000
   23000     0.042942222     0.038263562     0.602000000
   23020     0.043079027     0.038471484     0.614800000
   23040     0.043022459     0.038531922     0.684500000
   23060     0.042961028     0.038419562     0.627300000
   23080     0.043068909     0.038608124     0.669800000
   23100     0.043494560     0.038811003     0.575900000
   23120     0.043535366     0.038757097     0.580300000
   23140     0.043796302     0.038897069     0.568100000
   23160     0.043736967     0.038839914     0.555600000
   23180     0.043602745     0.038728884     0.560800000
   23200     0.043648321     0.038908745     0.624100000
   23220     0.043858925     0.038978819     0.610100000
   23240     0.044426145     0.039500657     0.617400000
   23260     0.044378343     0.039395447     0.591600000
   23280     0.044290852     0.039330192     0.600300000
   23300     0.044232195     0.039378254     0.614100000
   23320     0.044426616     0.039461979     0.590000000
   23340     0.044026819     0.039066300     0.570200000
   23360     0.044079955     0.039139537     0.612000000
   23380     0.044397043     0.039413085     0.627200000
   23400     0.043828205     0.038965983     0.626900000
   23420     0.043726179     0.038812338     0.590800000
   23440     0.044087754     0.039078182     0.586700000
   23460     0.043962762     0.039038174     0.599600000
   23480     0.043776878     0.038925746     0.591800000
   23500     0.043858308     0.039009732     0.591700000
   23520     0.043754193     0.039002749     0.599700000
   23540     0.043914235     0.039221508     0.638700000
   23560     0.044490541     0.039542014     0.575900000
   23580     0.044314788     0.039298788     0.570200000
   23600     0.044706129     0.039822015     0.607400000
   23620     0.045184788     0.040134731     0.607700000
   23640     0.045477120     0.040407632     0.631100000
   23660     0.045482873     0.040413164     0.581500000
   23680     0.044944370     0.039977857     0.570400000
   23700     0.045234881     0.040195461     0.574000000
   23720     0.045849130     0.040761337     0.593100000
   23740     0.045243022     0.040249312     0.578000000
   23760     0.045452326     0.040497891     0.614700000
   23780     0.045657637     0.040567446     0.584900000
   23800     0.045288612     0.040207396     0.574200000
   23820     0.044744336     0.039844850     0.607300000
   23840     0.044023951     0.039236856     0.609500000
   23860     0.044312310     0.039465848     0.597000000
   23880     0.044249323     0.039462409     0.637800000
   23900     0.043694155     0.039072539     0.638200000
   23920     0.043500004     0.038886045     0.606400000
   23940     0.043630447     0.038912271     0.578600000
   23960     0.044244507     0.039535129     0.630300000
   23980     0.043930852     0.039193551     0.582100000
   24000     0.043798127     0.039092971     0.604400000
   24020     0.043852917     0.039128793     0.596900000
   24040     0.044073624     0.039256545     0.559000000
   24060     0.043371955     0.038600025     0.547500000
   24080     0.043425441     0.038695815     0.575000000
   24100     0.043608620     0.038938519     0.617500000
   24120     0.043807974     0.039172585     0.631700000
   24140     0.043580532     0.038967205     0.615800000
   24160     0.042829128     0.038221212     0.612500000
   24180     0.042305751     0.037850427     0.594200000
   24200     0.042451640     0.037880091     0.593900000
   24220     0.042872339     0.038339829     0.605200000
   24240     0.042836659     0.038273761     0.628400000
   24260     0.042182993     0.037799415     0.638900000
   24280     0.042608535     0.038160917     0.644300000
   24300     0.042248063     0.037810466     0.604300000
   24320     0.042271549     0.037778778     0.617100000
   24340     0.042156693     0.037654867     0.617200000
   24360     0.041594806     0.037253936     0.634600000
   24380     0.041648476     0.037277675     0.645500000
   24400     0.041346799     0.037001950     0.612200000
   24420     0.041644386     0.037271102     0.611800000
   24440     0.042047312     0.037479787     0.614000000
   24460     0.042453494     0.037882496     0.629000000
   24480     0.042346924     0.037854274     0.618100000
   24500     0.042100345     0.037619017     0.607800000
   24520     0.042274598     0.037613314     0.565900000
   24540     0.041667095     0.037191651     0.608300000
   24560     0.041736057     0.037229393     0.598600000
   24580     0.041427609     0.036992055     0.623600000
   24600     0.041643364     0.037192648     0.604400000
   24620     0.041704550     0.037214094     0.615100000
   24640     0.041240309     0.036792785     0.612600000
   24660     0.041393436     0.037010964     0.635800000
   24680     0.041002392     0.036749341     0.657600000
   24700     0.040516287     0.036386407     0.680100000
   24720     0.040577629     0.036396763     0.633000000
   24740     0.040903217     0.036695610     0.627000000
   24760     0.041296382     0.037064561     0.658200000
   24780     0.041072289     0.036907497     0.638300000
   24800     0.041304342     0.037000295     0.610800000
   24820     0.042023835     0.037575221     0.603600000
   24840     0.042069026     0.037819243     0.669800000
   24860     0.042424535     0.038026063     0.648100000
   24880     0.042613535     0.038074376     0.622300000
   24900     0.043005327     0.038376383     0.605200000
   24920     0.042849645     0.038274911     0.623300000
   24940     0.042918919     0.038370423     0.638300000
   24960     0.043358444     0.038699143     0.623000000
   24980     0.043394201     0.038817780     0.640000000
   25000     0.043855783     0.039036029     0.569400000
   25020     0.043180515     0.038692809     0.663500000
   25040     0.043135298     0.038529433     0.612100000
   25060     0.042924149     0.038510559     0.652400000
   25080     0.042489653     0.038001558     0.606100000
   25100     0.043153445     0.038523793     0.603800000
   25120     0.042911926     0.038350968     0.592900000
   25140     0.043387423     0.038784277     0.652300000
   25160     0.043190685     0.038620765     0.625200000
   25180     0.043106879     0.038539249     0.640600000
   25200     0.043304318     0.038682783     0.623800000
   25220     0.043757967     0.039007460     0.603600000
   25240     0.044194676     0.039336656     0.635200000
   25260     0.044159175     0.039361335     0.619400000
   25280     0.044016193     0.039127077     0.581500000
   25300     0.044367516     0.039377583     0.572300000
   25320     0.044399943     0.039404585     0.563400000
   25340     0.044533301     0.039529982     0.574800000
   25360     0.044033440     0.039166850     0.606900000
   25380     0.043372881     0.038670617     0.607100000
   25400     0.043498541     0.038630591     0.574000000
   25420     0.042740823     0.038245463     0.612000000
   25440     0.043181162     0.038599155     0.625000000
   25460     0.043369850     0.038858741     0.633500000
   25480     0.043872512     0.039256134     0.649700000
   25500     0.043798843     0.038990897     0.596400000
   25520     0.043782028     0.038951217     0.554100000
   25540     0.043486865     0.038643994     0.561000000
   25560     0.043526717     0.038791143     0.584800000
   25580     0.044084443     0.039087333     0.558000000
   25600     0.043821450     0.039105383     0.636400000
   25620     0.044397366     0.039578472     0.600000000
   25640     0.044002707     0.039146663     0.591200000
   25660     0.044223015     0.039212966     0.571500000
   25680     0.044559605     0.039471006     0.569600000
   25700     0.043969471     0.039028614     0.567900000
   25720     0.044090020     0.039071276     0.583600000
   25740     0.044166524     0.039199958     0.584900000
   25760     0.044448457     0.039487697     0.594700000
   25780     0.044206447     0.039309944     0.592800000
   25800     0.044395539     0.039434266     0.582300000
   25820     0.043983511     0.039194054     0.610400000
   25840     0.044502308     0.039714646     0.625700000
   25860     0.044925764     0.040005340     0.583000000
   25880     0.045373165     0.040293379     0.599500000
   25900     0.045276057     0.040141346     0.591900000
   25920     0.045322906     0.040256327     0.586400000
   25940     0.045546192     0.040472454     0.632600000
   25960     0.045259263     0.040271045     0.611000000
   25980     0.045501171     0.040490698     0.614800000
   26000     0.045336265     0.040347662     0.605600000
   26020     0.045601896     0.040537325     0.599200000
   26040     0.045654138     0.040652532     0.614900000
   26060     0.045456521     0.040268204     0.570300000
   26080     0.045822308     0.040436658     0.554700000
   26100     0.046355385     0.040983949     0.583600000
   26120     0.046381816     0.040924132     0.545200000
   26140     0.046751169     0.041204494     0.541200000
   26160     0.046985819     0.041535560     0.581200000
   26180     0.047005711     0.041534176     0.570700000
   26200     0.046805130     0.041288151     0.566700000
   26220     0.046661702     0.041118256     0.547300000
   26240     0.046229098     0.040786076     0.544100000
   26260     0.045871009     0.040470144     0.545900000
   26280     0.045983067     0.040482585     0.532000000
   26300     0.045741238     0.040326274     0.548600000
   26320     0.045475783     0.040242219     0.577200000
   26340     0.045810392     0.040599454     0.600600000
   26360     0.045557539     0.040347161     0.617700000
   26380     0.045515850     0.040228392     0.565200000
   26400     0.045915922     0.040482922     0.538000000
   26420     0.045835561     0.040396101     0.529600000
   26440     0.045464138     0.040300750     0.599900000
   26460     0.045376584     0.040363778     0.625300000
   26480     0.045141607     0.039968641     0.556400000
   26500     0.044764034     0.039595283     0.556200000
   26520     0.044635949     0.039502449     0.569000000
   26540     0.044390463     0.039381565     0.576500000
   26560     0.044295483     0.039314300     0.589600000
   26580     0.044518832     0.039450922     0.580900000
   26600     0.043732611     0.038940848     0.618900000
   26620     0.043716692     0.039053109     0.620200000
   26640     0.043922710     0.039158264     0.620400000
   26660     0.043784582     0.038986256     0.601900000
   26680     0.043710686     0.038846432     0.588700000
   26700     0.043406372     0.038734236     0.623500000
   26720     0.042726363     0.038092096     0.617300000
   26740     0.043016048     0.038285268     0.604100000
   26760     0.043535445     0.038888712     0.640100000
   26780     0.043587661     0.038902979     0.641000000
   26800     0.044100812     0.039401753     0.636000000
   26820     0.044080893     0.039327688     0.615900000
   26840     0.043774948     0.039060244     0.621500000
   26860     0.043586428     0.038875636     0.606500000
   26880     0.043577980     0.038857798     0.611800000
   26900     0.042984459     0.038454611     0.637600000
   26920     0.042846446     0.038352671     0.618000000
   26940     0.043254976     0.038593698     0.611000000
   26960     0.043122903     0.038526188     0.647600000
   26980     0.043557765     0.038863371     0.628200000
   27000     0.043472615     0.038866050     0.667300000
   27020     0.043743178     0.039045905     0.617300000
   27040     0.043627285     0.038877682     0.629700000
   27060     0.043625744     0.038860384     0.598900000
   27080     0.043090145     0.038354301     0.583000000
   27100     0.043237350     0.038451657     0.579600000
   27120     0.043288372     0.038552440     0.606900000
   27140     0.043482688     0.038828023     0.629000000
   27160     0.043516031     0.038821663     0.633300000
   27180     0.043564968     0.038929138     0.628200000
   27200     0.043577217     0.038767934     0.582700000
   27220     0.043955024     0.039062778     0.604800000
   27240     0.044376040     0.039600246     0.642600000
   27260     0.044488382     0.039581358     0.585000000
   27280     0.044009292     0.039237764     0.589400000
   27300     0.044203450     0.039334497     0.617800000
   27320     0.044702637     0.039717132     0.594700000
   27340     0.045015205     0.039989084     0.595600000
   27360     0.045485482     0.040274718     0.592700000
   27380     0.045758676     0.040478224     0.588600000
   27400     0.046028716     0.040834424     0.636000000
   27420     0.045619605     0.040454314     0.582400000
   27440     0.045871768     0.040657905     0.597600000
   27460     0.046104312     0.040847541     0.589900000
   27480     0.046457687     0.040972157     0.556200000
   27500     0.045902186     0.040533545     0.551300000
   27520     0.045835066     0.040547640     0.566700000
   27540     0.045363991     0.040048345     0.539700000
   27560     0.045281105     0.040026287     0.544000000
   27580     0.045502261     0.040345791     0.577100000
   27600     0.045221812     0.040005138     0.545500000
   27620     0.044572647     0.039646982     0.576000000
   27640     0.044302730     0.039467874     0.614500000
   27660     0.044552436     0.039686431     0.613100000
   27680     0.044457195     0.039563017     0.599800000
   27700     0.044022643     0.039179726     0.598800000
   27720     0.043470223     0.038796517     0.652200000
   27740     0.042962353     0.038293307     0.597200000
   27760     0.042925429     0.038345551     0.630500000
   27780     0.042949738     0.038521012     0.657800000
   27800     0.042955364     0.038448210     0.638900000
   27820     0.043105081     0.038512748     0.626400000
   27840     0.043544888     0.039007855     0.644900000
   27860     0.044574912     0.039807106     0.629100000
   27880     0.045225014     0.040236696     0.596400000
   27900     0.045308508     0.040263199     0.575100000
   27920     0.045336240     0.040299843     0.578900000
   27940     0.045552112     0.040625526     0.617700000
   27960     0.045155455     0.040291175     0.637200000
   27980     0.045390559     0.040299914     0.556900000
   28000     0.045168193     0.040124241     0.564400000
   28020     0.044937685     0.040064811     0.602800000
   28040     0.044527711     0.039615390     0.585400000
   28060     0.044672073     0.039835123     0.638800000
   28080     0.044249628     0.039424757     0.583700000
   28100     0.043983163     0.039157965     0.563200000
   28120     0.044138642     0.039352955     0.596700000
   28140     0.043971339     0.039221159     0.607300000
   28160     0.043618472     0.038877420     0.581000000
   28180     0.043329882     0.038687383     0.609900000
   28200     0.042945608     0.038330511     0.591700000
   28220     0.042357464     0.037939452     0.607100000
   28240     0.042423249     0.037998792     0.613900000
   28260     0.041864430     0.037453400     0.604700000
   28280     0.042296218     0.037805842     0.575300000
   28300     0.042216601     0.037920778     0.684300000
   28320     0.042456670     0.038069650     0.658800000
   28340     0.042382683     0.038006569     0.617800000
   28360     0.042526569     0.038038943     0.607800000
   28380     0.042471427     0.038060871     0.627500000
   28400     0.042438117     0.037873390     0.586800000
   28420     0.042459758     0.037963989     0.600200000
   28440     0.042275083     0.037889044     0.631900000
   28460     0.042996293     0.038529236     0.640900000
   28480     0.042455620     0.037978845     0.614800000
   28500     0.042182876     0.037723934     0.618900000
   28520     0.042029570     0.037563333     0.602900000
   28540     0.042022094     0.037541898     0.618400000
   28560     0.041520603     0.037105653     0.608800000
   28580     0.042210221     0.037773542     0.662200000
   28600     0.042014318     0.037639654     0.635900000
   28620     0.042190428     0.037793454     0.639300000
   28640     0.042363076     0.038021020     0.660300000
   28660     0.042533247     0.038210680     0.666500000
   28680     0.042712037     0.038244919     0.624700000
   28700     0.042673335     0.038270269     0.639500000
   28720     0.042359036     0.037935094     0.610500000
   28740     0.042560710     0.038144213     0.617900000
   28760     0.042703928     0.038249675     0.623700000
   28780     0.043397289     0.038834185     0.653100000
   28800     0.043341220     0.038758966     0.634300000
   28820     0.043731540     0.039076653     0.642500000
   28840     0.043314192     0.038771522     0.657800000
   28860     0.042942564     0.038340228     0.598900000
   28880     0.043145348     0.038475279     0.593100000
   28900     0.042777464     0.038273139     0.634400000
   28920     0.043058710     0.038402608     0.604700000
   28940     0.042727694     0.038149955     0.592500000
   28960     0.042807001     0.038101899     0.581100000
   28980     0.042486830     0.037865634     0.599600000
   29000     0.043046397     0.038342289     0.607900000
   29020     0.043133161     0.038480478     0.604600000
   29040     0.043313456     0.038569453     0.622200000
   29060     0.043331406     0.038711116     0.652100000
   29080     0.043109832     0.038474870     0.610800000
   29100     0.043495230     0.038857226     0.600700000
   29120     0.042653624     0.038159448     0.642100000
   29140     0.043060605     0.038561596     0.638300000
   29160     0.043054426     0.038499027     0.604000000
   29180     0.042951579     0.038350500     0.619100000
   29200     0.042798725     0.038284822     0.587000000
   29220     0.042819158     0.038305859     0.632400000
   29240     0.043240995     0.038723731     0.661100000
   29260     0.043031086     0.038463674     0.623800000
   29280     0.043086278     0.038603654     0.654300000
   29300     0.042688823     0.038364597     0.673300000
   29320     0.042622816     0.038290263     0.652500000
   29340     0.043030868     0.038609291     0.662300000
   29360     0.042900234     0.038464968     0.656400000
   29380     0.043407116     0.038813578     0.618300000
   29400     0.043530885     0.038983027     0.628100000
   29420     0.043400554     0.038845983     0.638900000
   29440     0.044021411     0.039306511     0.603000000
   29460     0.044727456     0.039907836     0.614800000
   29480     0.044873817     0.039982519     0.584600000
   29500     0.044455044     0.039581365     0.590500000
   29520     0.044813239     0.039850870     0.610900000
   29540     0.044600509     0.039670719     0.593600000
   29560     0.044546141     0.039540547     0.576700000
   29580     0.044867868     0.039860124     0.593300000
   29600     0.044331294     0.039360505     0.570400000
   29620     0.044205921     0.039335699     0.577800000
   29640     0.043725181     0.039008810     0.614600000
   29660     0.043649945     0.038964848     0.617500000
   29680     0.043338581     0.038587968     0.584500000
   29700     0.043135908     0.038433730     0.576300000
   29720     0.042644847     0.038098504     0.619300000
   29740     0.042778656     0.038171676     0.617600000
   29760     0.042647998     0.038079172     0.609300000
   29780     0.042427423     0.037936501     0.625800000
   29800     0.042685549     0.038255447     0.663800000
   29820     0.042568329     0.038193604     0.642200000
   29840     0.042896364     0.038433595     0.610400000
   29860     0.042777526     0.038410901     0.651500000
   29880     0.042773249     0.038234219     0.598700000
   29900     0.043177175     0.038692157     0.625500000
   29920     0.043109365     0.038661217     0.642100000
   29940     0.043792628     0.039172547     0.622900000
   29960     0.043390142     0.038841667     0.623500000
   29980     0.044013156     0.039412681     0.631100000
   30000     0.043916325     0.039270516     0.609300000
