      20     0.000960437     0.000947417     1.004400000
      40     0.001933568     0.001902039     0.978200000
      60     0.002870184     0.002818062     0.954400000
      80     0.003831374     0.003752649     0.916300000
     100     0.004782450     0.004681580     0.984500000
     120     0.005477469     0.005355289     0.984700000
     140     0.006582855     0.006418472     0.939200000
     160     0.007518445     0.007321652     0.936900000
     180     0.008167170     0.007952422     0.959200000
     200     0.008870165     0.008623898     0.915300000
     220     0.010014387     0.009716205     0.925900000
     240     0.010975818     0.010637181     0.972800000
     260     0.011999705     0.011602781     0.908000000
     280     0.013041238     0.012584295     0.901200000
     300     0.013795465     0.013299847     0.912100000
     320     0.014565788     0.014037054     0.941300000
     340     0.015361791     0.014789159     0.959400000
     360     0.016105461     0.015477196     0.878500000
     380     0.016941003     0.016279409     0.948300000
     400     0.017481247     0.016780721     0.930200000
     420     0.018010828     0.017269040     0.903700000
     440     0.019054322     0.018230366     0.868500000
     460     0.019630120     0.018769726     0.898000000
     480     0.020339945     0.019415146     0.864700000
     500     0.021221647     0.020231877     0.851900000
     520     0.021730927     0.020724060     0.866300000
     540     0.022589029     0.021517968     0.870400000
     560     0.023309118     0.022175129     0.888000000
     580     0.024051790     0.022809512     0.834300000
     600     0.024544934     0.023266599     0.838700000
     620     0.025282458     0.023950807     0.843000000
     640     0.026297021     0.024869639     0.845000000
     660     0.026670112     0.025176039     0.820800000
     680     0.027394417     0.025825056     0.812800000
     700     0.028000516     0.026414077     0.858300000
     720     0.028546604     0.026878598     0.849800000
     740     0.028969134     0.027240725     0.797000000
     760     0.029676865     0.027877518     0.824100000
     780     0.029995343     0.028176331     0.841200000
     800     0.030624514     0.028727352     0.813200000
     820     0.031038579     0.029084506     0.808800000
     840     0.031516920     0.029537932     0.829700000
     860     0.032018416     0.029965597     0.807600000
     880     0.032964845     0.030802192     0.763300000
     900     0.033319740     0.031073669     0.744400000
     920     0.033656566     0.031381725     0.744300000
     940     0.034122550     0.031803541     0.777600000
     960     0.034899827     0.032476562     0.776900000
     980     0.035757471     0.033227949     0.748500000
    1000     0.036263740     0.033665207     0.734800000
    1020     0.036869173     0.034239808     0.778700000
    1040     0.036989431     0.034370918     0.771400000
    1060     0.037189484     0.034557397     0.786500000
    1080     0.037602341     0.034857264     0.705900000
    1100     0.037331182     0.034653326     0.728700000
    1120     0.037876731     0.035119687     0.703300000
    1140     0.038630791     0.035785491     0.719200000
    1160     0.038941514     0.036014579     0.726500000
    1180     0.039554781     0.036510037     0.673700000
    1200     0.040098952     0.036984588     0.703100000
    1220     0.040586808     0.037459600     0.736900000
    1240     0.040912231     0.037691896     0.686400000
    1260     0.041743527     0.038393274     0.688600000
    1280     0.042255720     0.038829475     0.713700000
    1300     0.042686024     0.039213817     0.712200000
    1320     0.042874268     0.039346138     0.687400000
    1340     0.042782701     0.039235990     0.679300000
    1360     0.042851249     0.039204543     0.632500000
    1380     0.043327949     0.039680607     0.694700000
    1400     0.042967554     0.039411539     0.696600000
    1420     0.042941991     0.039310901     0.664500000
    1440     0.042810506     0.039283249     0.722700000
    1460     0.042660339     0.039061343     0.642200000
    1480     0.043212247     0.039519974     0.642800000
    1500     0.042936689     0.039355830     0.689000000
    1520     0.043355075     0.039675313     0.636500000
    1540     0.043544732     0.039924544     0.696600000
    1560     0.044344899     0.040601390     0.690100000
    1580     0.044337725     0.040536471     0.658300000
    1600     0.044252174     0.040490244     0.690800000
    1620     0.044512256     0.040758894     0.690300000
    1640     0.044196294     0.040396107     0.648200000
    1660     0.044271379     0.040457174     0.659500000
    1680     0.043754467     0.040049308     0.696900000
    1700     0.043830398     0.040148476     0.683000000
    1720     0.043804647     0.040139177     0.707500000
    1740     0.044104609     0.040316056     0.662200000
    1760     0.044047418     0.040274793     0.699700000
    1780     0.044296820     0.040483014     0.667400000
    1800     0.044522957     0.040667282     0.667400000
    1820     0.044777153     0.040954924     0.697500000
    1840     0.045266284     0.041408085     0.690100000
    1860     0.045719625     0.041643732     0.617700000
    1880     0.046522402     0.042354565     0.663600000
    1900     0.046034844     0.041992224     0.678500000
    1920     0.046134422     0.042105294     0.714100000
    1940     0.046364180     0.042340157     0.718700000
    1960     0.046535309     0.042445095     0.680400000
    1980     0.046278095     0.042133919     0.629600000
    2000     0.046495418     0.042327864     0.656000000
    2020     0.046083581     0.041928374     0.628000000
    2040     0.046439072     0.042212961     0.625200000
    2060     0.046369526     0.042114290     0.616500000
    2080     0.045634332     0.041589231     0.675900000
    2100     0.045944028     0.041770851     0.643500000
    2120     0.046353748     0.042099991     0.625500000
    2140     0.046426416     0.042079981     0.580000000
    2160     0.046186237     0.041929289     0.612000000
    2180     0.046145177     0.041884746     0.597700000
    2200     0.046138460     0.041861525     0.553500000
    2220     0.046615681     0.042321520     0.586700000
    2240     0.047465685     0.043045311     0.572200000
    2260     0.047087008     0.042837843     0.650400000
    2280     0.047157033     0.042866914     0.631900000
    2300     0.047453423     0.043097720     0.630500000
    2320     0.048003039     0.043531925     0.628200000
    2340     0.047964542     0.043546835     0.612800000
    2360     0.047904320     0.043502261     0.635200000
    2380     0.047754054     0.043376014     0.635600000
    2400     0.048071384     0.043584019     0.585900000
    2420     0.047998522     0.043590015     0.627100000
    2440     0.047684041     0.043311948     0.612600000
    2460     0.048322886     0.043855590     0.652500000
    2480     0.048573140     0.044016716     0.613700000
    2500     0.048731382     0.044126273     0.598900000
    2520     0.049302300     0.044652453     0.599700000
    2540     0.048594172     0.044008430     0.598700000
    2560     0.048800764     0.044168523     0.587200000
    2580     0.048389847     0.043899216     0.620600000
    2600     0.048383147     0.043926325     0.645100000
    2620     0.047555646     0.043284258     0.684900000
    2640     0.048363339     0.043928128     0.675800000
    2660     0.048597123     0.044086210     0.637300000
    2680     0.048548472     0.044031501     0.648800000
    2700     0.048125566     0.043651297     0.628200000
    2720     0.048678836     0.044108997     0.637200000
    2740     0.048595917     0.044054189     0.611500000
    2760     0.048524622     0.044002775     0.624800000
    2780     0.048552965     0.044041087     0.630000000
    2800     0.048569446     0.043984924     0.637200000
    2820     0.048806323     0.044195066     0.624100000
    2840     0.049081056     0.044381830     0.610600000
    2860     0.049144131     0.044419166     0.608100000
    2880     0.049213185     0.044360666     0.583900000
    2900     0.050130034     0.045223832     0.609200000
    2920     0.050481768     0.045562158     0.623800000
    2940     0.050101256     0.045188673     0.602600000
    2960     0.049592713     0.044722153     0.618500000
    2980     0.049135215     0.044368493     0.615400000
    3000     0.049467673     0.044604052     0.609100000
    3020     0.049508881     0.044671059     0.606400000
    3040     0.048512632     0.043823313     0.614500000
    3060     0.048711951     0.043951579     0.596100000
    3080     0.048587601     0.043824525     0.600800000
    3100     0.049223786     0.044381789     0.591000000
    3120     0.048655584     0.043857008     0.591700000
    3140     0.049422251     0.044562505     0.616300000
    3160     0.049553923     0.044644328     0.601700000
    3180     0.049544756     0.044591410     0.552300000
    3200     0.049877860     0.044832014     0.558300000
    3220     0.049802355     0.044771292     0.557000000
    3240     0.049542009     0.044642665     0.569600000
    3260     0.049700443     0.044769300     0.555500000
    3280     0.049361715     0.044476411     0.578500000
    3300     0.049579953     0.044654081     0.559400000
    3320     0.049526888     0.044574870     0.601300000
    3340     0.048790840     0.043966991     0.593900000
    3360     0.049052097     0.044212993     0.616400000
    3380     0.049152441     0.044404039     0.629200000
    3400     0.048913833     0.044216194     0.630400000
    3420     0.049343036     0.044620966     0.639900000
    3440     0.049303354     0.044497005     0.622700000
    3460     0.048828667     0.044159722     0.633100000
    3480     0.048592463     0.043979322     0.628200000
    3500     0.048453504     0.043883051     0.674800000
    3520     0.048269200     0.043783948     0.671300000
    3540     0.048257487     0.043738189     0.637200000
    3560     0.048142577     0.043605771     0.616800000
    3580     0.048110031     0.043612400     0.599600000
    3600     0.048722411     0.044218171     0.675100000
    3620     0.048722796     0.044144025     0.635600000
    3640     0.048972925     0.044280582     0.598300000
    3660     0.048947281     0.044178763     0.559700000
    3680     0.048758272     0.044216765     0.649400000
    3700     0.049028148     0.044442416     0.646100000
    3720     0.048821755     0.044185917     0.619300000
    3740     0.048586648     0.043919327     0.571700000
    3760     0.048624709     0.044030405     0.624400000
    3780     0.048331099     0.043745028     0.628800000
    3800     0.047849152     0.043389633     0.634100000
    3820     0.048158218     0.043664251     0.641700000
    3840     0.048355316     0.043799900     0.635600000
    3860     0.047818795     0.043259674     0.589400000
    3880     0.048060303     0.043409042     0.563600000
    3900     0.048669383     0.043898072     0.574900000
    3920     0.048788739     0.044073048     0.625500000
    3940     0.048091166     0.043557516     0.637500000
    3960     0.048298389     0.043700474     0.599200000
    3980     0.048290788     0.043681117     0.629000000
    4000     0.048110228     0.043488957     0.624000000
    4020     0.048342323     0.043737380     0.647800000
    4040     0.048518600     0.043835752     0.601600000
    4060     0.048468459     0.043804535     0.641000000
    4080     0.048563338     0.043816820     0.621700000
    4100     0.049153807     0.044198939     0.565400000
    4120     0.049065238     0.044106124     0.558800000
    4140     0.049724799     0.044678368     0.537800000
    4160     0.049923424     0.044973330     0.645900000
    4180     0.050598984     0.045502695     0.611300000
    4200     0.050209035     0.045185313     0.606300000
    4220     0.049987884     0.045022906     0.604900000
    4240     0.049836228     0.044889207     0.577000000
    4260     0.049751377     0.044805874     0.553100000
    4280     0.049172385     0.044374074     0.621600000
    4300     0.048539374     0.044006740     0.646800000
    4320     0.048032983     0.043413078     0.580600000
    4340     0.047976435     0.043438150     0.607100000
    4360     0.048848133     0.044210433     0.634600000
    4380     0.048926659     0.044278098     0.625100000
    4400     0.049137497     0.044364813     0.619000000
    4420     0.049295394     0.044435432     0.646000000
    4440     0.049417945     0.044607275     0.630200000
    4460     0.049801439     0.044882038     0.625300000
    4480     0.050205421     0.045125282     0.580400000
    4500     0.050158987     0.045115033     0.564100000
    4520     0.050224159     0.045297868     0.597800000
    4540     0.049351697     0.044525124     0.599500000
    4560     0.049185935     0.044408963     0.617800000
    4580     0.049490137     0.044663457     0.606900000
    4600     0.049430766     0.044656963     0.625800000
    4620     0.049188609     0.044518797     0.645500000
    4640     0.048594816     0.043955063     0.636300000
    4660     0.048412507     0.043881686     0.663900000
    4680     0.048667944     0.044095796     0.615600000
    4700     0.048813260     0.044128215     0.573600000
    4720     0.048806279     0.044219694     0.614100000
    4740     0.048928207     0.044339838     0.612200000
    4760     0.049264568     0.044634390     0.619400000
    4780     0.048837749     0.044304716     0.671500000
    4800     0.047827513     0.043390815     0.592900000
    4820     0.047674717     0.043148829     0.582800000
    4840     0.047344030     0.042905602     0.604000000
    4860     0.047194278     0.042790371     0.595400000
    4880     0.046704623     0.042468051     0.657800000
    4900     0.046036055     0.041871611     0.623400000
    4920     0.046351517     0.042201908     0.687000000
    4940     0.046207080     0.042096098     0.676700000
    4960     0.045872042     0.041797368     0.680000000
    4980     0.045998780     0.041870397     0.661100000
    5000     0.045626541     0.041509567     0.625500000
    5020     0.045682258     0.041567883     0.666500000
    5040     0.045530588     0.041422953     0.629600000
    5060     0.045506000     0.041461733     0.680900000
    5080     0.044704307     0.040771236     0.693300000
    5100     0.045032710     0.041003376     0.661100000
    5120     0.045441143     0.041343379     0.667200000
    5140     0.046052358     0.041806627     0.637800000
    5160     0.045867838     0.041677382     0.639800000
    5180     0.046144990     0.041911274     0.642500000
    5200     0.046402228     0.042239190     0.685200000
    5220     0.045867656     0.041778853     0.679400000
    5240     0.045616019     0.041563175     0.660500000
    5260     0.045501398     0.041446025     0.642800000
    5280     0.045451911     0.041458232     0.683300000
    5300     0.045421000     0.041415704     0.681300000
    5320     0.045582902     0.041474868     0.640600000
    5340     0.045003231     0.041039802     0.647700000
    5360     0.044994080     0.041063495     0.663800000
    5380     0.044914324     0.040958971     0.678300000
    5400     0.045309997     0.041337039     0.648100000
    5420     0.045127756     0.041204646     0.681300000
    5440     0.045524047     0.041523511     0.669100000
    5460     0.045784356     0.041696616     0.630000000
    5480     0.045719531     0.041570488     0.605300000
    5500     0.046101774     0.041976884     0.658300000
    5520     0.046213340     0.042111832     0.631600000
    5540     0.045823814     0.041753465     0.637200000
    5560     0.046130039     0.042010786     0.673000000
    5580     0.046246465     0.042138875     0.664700000
    5600     0.046046240     0.041952375     0.655600000
    5620     0.046272120     0.042163230     0.690100000
    5640     0.046804707     0.042657214     0.681400000
    5660     0.046595546     0.042539978     0.702400000
    5680     0.046795108     0.042600955     0.646600000
    5700     0.047284407     0.043057644     0.693200000
    5720     0.047150669     0.042919486     0.667400000
    5740     0.047391948     0.043075614     0.673700000
    5760     0.047198259     0.042852760     0.638800000
    5780     0.047422168     0.043011311     0.629000000
    5800     0.047310830     0.042922221     0.648300000
    5820     0.046637073     0.042366913     0.639500000
    5840     0.046847134     0.042643792     0.658400000
    5860     0.046510972     0.042330575     0.660400000
    5880     0.046730142     0.042529526     0.664500000
    5900     0.046678326     0.042477548     0.657700000
    5920     0.047358934     0.042911698     0.593400000
    5940     0.047735942     0.043340292     0.650500000
    5960     0.047625077     0.043241901     0.635300000
    5980     0.046638789     0.042359530     0.616700000
    6000     0.046603325     0.042394243     0.643700000
    6020     0.046435621     0.042202402     0.623900000
    6040     0.045987356     0.041818266     0.617000000
    6060     0.046111123     0.041984903     0.652300000
    6080     0.046111291     0.042033346     0.639800000
    6100     0.045985959     0.041949558     0.675000000
    6120     0.046152302     0.042124115     0.692000000
    6140     0.046687822     0.042498037     0.659900000
    6160     0.046506018     0.042346242     0.656400000
    6180     0.046690888     0.042552312     0.657700000
    6200     0.046579675     0.042516364     0.674200000
    6220     0.046507987     0.042374496     0.631000000
    6240     0.046678004     0.042518139     0.642200000
    6260     0.046592843     0.042393806     0.604800000
    6280     0.046721648     0.042559384     0.671700000
    6300     0.046784467     0.042618155     0.668400000
    6320     0.046837334     0.042635957     0.670600000
    6340     0.047189896     0.042936750     0.680900000
    6360     0.047345669     0.043047006     0.669100000
    6380     0.047220544     0.042962856     0.701400000
    6400     0.047259012     0.042956322     0.683800000
    6420     0.047276885     0.042980810     0.681700000
    6440     0.047753721     0.043384403     0.693300000
    6460     0.047513267     0.043166256     0.668200000
    6480     0.047627426     0.043228016     0.638800000
    6500     0.047603328     0.043145227     0.624900000
    6520     0.047812816     0.043382073     0.635900000
    6540     0.048196740     0.043686421     0.621100000
    6560     0.048072064     0.043545955     0.607500000
    6580     0.047558920     0.043061364     0.615300000
    6600     0.047684414     0.043215180     0.637200000
    6620     0.047488947     0.043044688     0.624300000
    6640     0.047408390     0.042904457     0.608700000
    6660     0.047842577     0.043296464     0.618800000
    6680     0.047416755     0.043016202     0.656400000
    6700     0.046989876     0.042644260     0.656900000
    6720     0.046493857     0.042192324     0.627800000
    6740     0.046897275     0.042435388     0.569900000
    6760     0.046594325     0.042307975     0.656300000
    6780     0.046437362     0.042110842     0.609900000
    6800     0.046604041     0.042291415     0.622900000
    6820     0.046371753     0.042119625     0.614000000
    6840     0.046465331     0.042148603     0.627100000
    6860     0.046583801     0.042320697     0.622900000
    6880     0.046746770     0.042421365     0.612100000
    6900     0.046985638     0.042533414     0.590800000
    6920     0.046498507     0.042200537     0.627500000
    6940     0.046534235     0.042289430     0.694700000
    6960     0.046051581     0.041770404     0.612000000
    6980     0.046080483     0.041779941     0.609200000
    7000     0.046453825     0.042073629     0.589500000
    7020     0.046415020     0.042087847     0.606300000
    7040     0.046414304     0.042102471     0.615400000
    7060     0.046548626     0.042164736     0.598700000
    7080     0.046704828     0.042328514     0.618000000
    7100     0.046422374     0.042181734     0.639700000
    7120     0.046893274     0.042565243     0.637800000
    7140     0.046689682     0.042393696     0.643900000
    7160     0.046228901     0.042011306     0.634000000
    7180     0.046615181     0.042306161     0.622000000
    7200     0.046177597     0.042039590     0.666300000
    7220     0.046151352     0.041998684     0.651400000
    7240     0.046418381     0.042250460     0.661800000
    7260     0.046479896     0.042289037     0.652700000
    7280     0.046336560     0.042166931     0.650400000
    7300     0.046070310     0.041933289     0.644400000
    7320     0.046184643     0.042051050     0.645600000
    7340     0.046048122     0.041848856     0.573400000
    7360     0.046140994     0.041912456     0.590900000
    7380     0.045995862     0.041753841     0.571400000
    7400     0.045826980     0.041731904     0.647900000
    7420     0.045344284     0.041318435     0.639400000
    7440     0.045408300     0.041352552     0.627800000
    7460     0.045562918     0.041473723     0.592000000
    7480     0.045013854     0.041078075     0.642400000
    7500     0.044555911     0.040705472     0.650600000
    7520     0.044370309     0.040558565     0.664900000
    7540     0.044461243     0.040559343     0.650700000
    7560     0.043902428     0.040088477     0.624700000
    7580     0.044460746     0.040615562     0.654100000
    7600     0.044453390     0.040637688     0.688000000
    7620     0.044739897     0.040854711     0.653600000
    7640     0.044769870     0.040959280     0.695000000
    7660     0.044787114     0.040956010     0.704700000
    7680     0.044738076     0.040917874     0.676500000
    7700     0.044716094     0.040857521     0.666800000
    7720     0.044685297     0.040919233     0.703900000
    7740     0.045051620     0.041165618     0.660500000
    7760     0.044974790     0.041137750     0.647600000
    7780     0.044799371     0.040895044     0.637200000
    7800     0.045201027     0.041261081     0.655400000
    7820     0.044466924     0.040586452     0.634900000
    7840     0.043919929     0.040197732     0.657600000
    7860     0.043696463     0.040022196     0.680300000
    7880     0.043949506     0.040205491     0.656200000
    7900     0.044309675     0.040488735     0.665500000
    7920     0.044519167     0.040545048     0.597000000
    7940     0.044818323     0.040790156     0.632100000
    7960     0.044899979     0.040901219     0.649400000
    7980     0.044228955     0.040391668     0.692600000
    8000     0.043976788     0.040176840     0.681100000
    8020     0.043635098     0.039857793     0.690500000
    8040     0.044232057     0.040335336     0.650700000
    8060     0.045141895     0.041156740     0.675000000
    8080     0.044701699     0.040745621     0.659000000
    8100     0.045108050     0.041084622     0.644300000
    8120     0.045174090     0.041048965     0.590700000
    8140     0.044721563     0.040736608     0.628300000
    8160     0.044772798     0.040829525     0.661300000
    8180     0.044698042     0.040746008     0.635600000
    8200     0.044533919     0.040663465     0.677700000
    8220     0.044725457     0.040725483     0.601000000
    8240     0.044240792     0.040356437     0.636700000
    8260     0.043891086     0.040110805     0.631200000
    8280     0.044356091     0.040513099     0.663200000
    8300     0.044391095     0.040586377     0.676200000
    8320     0.044414043     0.040561027     0.625500000
    8340     0.044474529     0.040557637     0.592600000
    8360     0.044498665     0.040692291     0.652100000
    8380     0.044627687     0.040804213     0.659500000
    8400     0.044438266     0.040619782     0.651300000
    8420     0.044616445     0.040812290     0.646200000
    8440     0.044747676     0.040960630     0.675100000
    8460     0.044589349     0.040829953     0.659700000
    8480     0.044638956     0.040859793     0.643300000
    8500     0.044772888     0.041018122     0.685100000
    8520     0.045306523     0.041432394     0.668300000
    8540     0.045194510     0.041419321     0.715500000
    8560     0.045674141     0.041769166     0.678600000
    8580     0.045810499     0.041846626     0.672300000
    8600     0.045805836     0.041806504     0.676200000
    8620     0.045893533     0.041831250     0.645900000
    8640     0.045876293     0.041795085     0.661100000
    8660     0.045961741     0.041892799     0.720700000
    8680     0.045588367     0.041545827     0.682600000
    8700     0.045189216     0.041222782     0.695400000
    8720     0.045148669     0.041105053     0.635000000
    8740     0.045797050     0.041693328     0.677100000
    8760     0.045613462     0.041532424     0.657300000
    8780     0.045531836     0.041429786     0.641700000
    8800     0.045550830     0.041463093     0.644900000
    8820     0.045542308     0.041488274     0.661600000
    8840     0.045995561     0.041880607     0.652600000
    8860     0.045807136     0.041716238     0.669000000
    8880     0.045179900     0.041124820     0.630000000
    8900     0.045023666     0.041022741     0.673400000
    8920     0.045864689     0.041723655     0.693800000
    8940     0.046164519     0.041986052     0.681200000
    8960     0.045930746     0.041733539     0.641500000
    8980     0.045544984     0.041437588     0.657500000
    9000     0.045144213     0.041161542     0.660700000
    9020     0.045379307     0.041326784     0.652200000
    9040     0.045693304     0.041653162     0.663100000
    9060     0.045870449     0.041850927     0.686600000
    9080     0.046291736     0.042214061     0.683400000
    9100     0.046423704     0.042377946     0.692600000
    9120     0.046201751     0.042147405     0.647400000
    9140     0.046177735     0.042210856     0.702600000
    9160     0.046037430     0.042071583     0.698900000
    9180     0.046131451     0.042168073     0.695400000
    9200     0.046579714     0.042513452     0.699100000
    9220     0.046838402     0.042719625     0.681400000
    9240     0.046743822     0.042584080     0.638300000
    9260     0.046776856     0.042588717     0.634600000
    9280     0.046610443     0.042479188     0.668700000
    9300     0.047096877     0.042875394     0.636000000
    9320     0.047086936     0.042796954     0.601600000
    9340     0.047371635     0.043007972     0.604300000
    9360     0.047213777     0.042878432     0.611800000
    9380     0.047367354     0.043088163     0.629000000
    9400     0.046585854     0.042501944     0.671200000
    9420     0.047298284     0.043051048     0.657800000
    9440     0.047656679     0.043284396     0.626000000
    9460     0.047681038     0.043381633     0.661000000
    9480     0.048178206     0.043701185     0.602100000
    9500     0.047514433     0.043177862     0.641900000
    9520     0.047264880     0.042992558     0.642900000
    9540     0.047358181     0.043012274     0.631200000
    9560     0.047374656     0.043083215     0.663100000
    9580     0.047227342     0.042924600     0.659700000
    9600     0.047718509     0.043339754     0.622400000
    9620     0.048051868     0.043581892     0.609900000
    9640     0.047604908     0.043187900     0.609600000
    9660     0.047888188     0.043452661     0.622500000
    9680     0.047780805     0.043282957     0.600100000
    9700     0.047555555     0.043205660     0.658800000
    9720     0.047560177     0.043184925     0.643000000
    9740     0.048243825     0.043679451     0.608800000
    9760     0.048220752     0.043575371     0.535100000
    9780     0.048473837     0.043822066     0.566800000
    9800     0.048749570     0.044056550     0.585900000
    9820     0.047888472     0.043252164     0.561000000
    9840     0.048398120     0.043709679     0.573100000
    9860     0.047711442     0.043118557     0.608500000
    9880     0.047757550     0.043192998     0.622100000
    9900     0.047799754     0.043260264     0.647100000
    9920     0.047145954     0.042698654     0.636800000
    9940     0.046951171     0.042651633     0.709300000
    9960     0.047742571     0.043293817     0.673200000
    9980     0.047167202     0.042794959     0.633300000
   10000     0.047357365     0.042975112     0.644700000
   10020     0.047227365     0.042831653     0.620400000
   10040     0.047383382     0.042983532     0.620700000
   10060     0.047377849     0.043030466     0.655300000
   10080     0.047283878     0.042983863     0.673500000
   10100     0.046906210     0.042606092     0.628600000
   10120     0.046589667     0.042369178     0.639400000
   10140     0.046331064     0.042215905     0.661500000
   10160     0.046642309     0.042447206     0.655200000
   10180     0.046665391     0.042479027     0.654900000
   10200     0.046717618     0.042537326     0.646700000
   10220     0.047067718     0.042831932     0.663100000
   10240     0.047587689     0.043203543     0.606500000
   10260     0.047780185     0.043243969     0.548000000
   10280     0.047311208     0.042922857     0.581600000
   10300     0.047535612     0.043161981     0.679000000
   10320     0.047481007     0.043109074     0.619600000
   10340     0.048011969     0.043546761     0.643800000
   10360     0.048063712     0.043552306     0.614800000
   10380     0.048573935     0.043958231     0.620900000
   10400     0.048465727     0.043785147     0.583100000
   10420     0.048633374     0.043979734     0.638400000
   10440     0.048455275     0.043782597     0.629200000
   10460     0.048539800     0.043868013     0.611600000
   10480     0.048335756     0.043599089     0.595100000
   10500     0.048088338     0.043438507     0.621300000
   10520     0.048006909     0.043336816     0.621700000
   10540     0.047733083     0.043072501     0.621600000
   10560     0.047927808     0.043197003     0.608800000
   10580     0.047617760     0.042986595     0.606700000
   10600     0.047504691     0.042923208     0.633600000
   10620     0.047149571     0.042669336     0.633700000
   10640     0.046925346     0.042486379     0.639500000
   10660     0.047522882     0.043111905     0.673000000
   10680     0.047838705     0.043329307     0.656900000
   10700     0.047588074     0.043034212     0.608900000
   10720     0.048257221     0.043577254     0.617600000
   10740     0.048399131     0.043511056     0.557600000
   10760     0.047765388     0.043137733     0.641900000
   10780     0.048327456     0.043628228     0.606000000
   10800     0.047531714     0.042940200     0.626800000
   10820     0.047438796     0.042843366     0.639300000
   10840     0.047727701     0.043103100     0.614000000
   10860     0.047880273     0.043266012     0.647700000
   10880     0.048042246     0.043356349     0.620500000
   10900     0.047457175     0.042929311     0.645600000
   10920     0.047749108     0.043115540     0.607600000
   10940     0.047801309     0.043151256     0.602100000
   10960     0.047478731     0.042941732     0.671300000
   10980     0.047230018     0.042733882     0.634600000
   11000     0.047153194     0.042673037     0.623000000
   11020     0.047627855     0.043065286     0.633400000
   11040     0.047813919     0.043247397     0.631900000
   11060     0.048427729     0.043713341     0.575400000
   11080     0.048661101     0.043824331     0.557700000
   11100     0.048527506     0.043680883     0.541900000
   11120     0.049320648     0.044544112     0.630700000
   11140     0.049320339     0.044490046     0.637600000
   11160     0.049349986     0.044381866     0.558200000
   11180     0.048996040     0.043952317     0.540400000
   11200     0.048788010     0.043839366     0.552200000
   11220     0.049355852     0.044249562     0.514000000
   11240     0.049094012     0.044015661     0.541000000
   11260     0.049300215     0.044329465     0.607200000
   11280     0.049346061     0.044409792     0.592400000
   11300     0.049112904     0.044249935     0.593500000
   11320     0.049420791     0.044527300     0.652800000
   11340     0.049644044     0.044624722     0.586900000
   11360     0.049192948     0.044245944     0.589200000
   11380     0.049167048     0.044183293     0.562400000
   11400     0.049249390     0.044314010     0.580800000
   11420     0.049204038     0.044232596     0.564600000
   11440     0.048919698     0.044027337     0.577300000
   11460     0.048646491     0.043826615     0.610500000
   11480     0.048693003     0.043837737     0.600000000
   11500     0.048200166     0.043405967     0.605900000
   11520     0.048455290     0.043675237     0.611200000
   11540     0.048058073     0.043336204     0.622700000
   11560     0.048324889     0.043558093     0.626200000
   11580     0.048150920     0.043478042     0.633000000
   11600     0.048483984     0.043681962     0.607200000
   11620     0.048144334     0.043409964     0.581600000
   11640     0.047849541     0.043224100     0.626700000
   11660     0.047909817     0.043212907     0.618300000
   11680     0.047926913     0.043318930     0.648400000
   11700     0.047537571     0.042910776     0.605600000
   11720     0.047128654     0.042594168     0.595000000
   11740     0.047058482     0.042578128     0.656300000
   11760     0.047771861     0.043139763     0.627600000
   11780     0.047409778     0.042852946     0.636000000
   11800     0.047265374     0.042819317     0.686600000
   11820     0.047527417     0.043010890     0.640500000
   11840     0.048116092     0.043503936     0.627400000
   11860     0.047974825     0.043324325     0.603500000
   11880     0.047629250     0.043112110     0.622600000
   11900     0.047854280     0.043191664     0.566700000
   11920     0.048176712     0.043568816     0.589700000
   11940     0.047423886     0.042929471     0.585500000
   11960     0.046998068     0.042639021     0.616700000
   11980     0.046866183     0.042524934     0.588600000
   12000     0.046643096     0.042447225     0.626600000
   12020     0.047083523     0.042921290     0.665600000
   12040     0.047374591     0.043044059     0.619100000
   12060     0.047523396     0.043140571     0.608400000
   12080     0.047472442     0.043140411     0.628500000
   12100     0.048080089     0.043669788     0.664700000
   12120     0.047833734     0.043441401     0.631700000
   12140     0.048192718     0.043805148     0.659400000
   12160     0.047964242     0.043427799     0.557700000
   12180     0.048255722     0.043801591     0.622400000
   12200     0.048823734     0.044254237     0.623200000
   12220     0.048245369     0.043799031     0.625300000
   12240     0.048595791     0.044063366     0.635400000
   12260     0.048442965     0.043956644     0.643000000
   12280     0.048200027     0.043636798     0.582900000
   12300     0.048387481     0.043882062     0.655700000
   12320     0.048288173     0.043781854     0.635300000
   12340     0.048478938     0.043910565     0.661000000
   12360     0.049004552     0.044385267     0.644400000
   12380     0.048906463     0.044228436     0.618800000
   12400     0.049347922     0.044583735     0.602200000
   12420     0.049542309     0.044726098     0.602600000
   12440     0.049389498     0.044597859     0.593700000
   12460     0.049253383     0.044555803     0.627700000
   12480     0.049554362     0.044823073     0.630500000
   12500     0.049448262     0.044744128     0.661200000
   12520     0.049374182     0.044686035     0.636900000
   12540     0.049598017     0.044878518     0.647000000
   12560     0.049978086     0.045109193     0.600800000
   12580     0.050294418     0.045357060     0.611700000
   12600     0.050037702     0.045112236     0.594500000
   12620     0.050443473     0.045396501     0.569200000
   12640     0.050183727     0.045246955     0.580500000
   12660     0.050390393     0.045353839     0.547800000
   12680     0.050493046     0.045455292     0.574000000
   12700     0.050132762     0.045242722     0.630800000
   12720     0.049766977     0.044930047     0.587900000
   12740     0.049683877     0.044830441     0.571700000
   12760     0.049682121     0.044729108     0.566200000
   12780     0.049752754     0.044712035     0.544900000
   12800     0.049657429     0.044668764     0.557900000
   12820     0.049295516     0.044462970     0.614700000
   12840     0.048772646     0.044026738     0.605600000
   12860     0.048572591     0.043828084     0.599200000
   12880     0.048404792     0.043757092     0.645100000
   12900     0.048278804     0.043614310     0.606400000
   12920     0.048615570     0.043876078     0.602100000
   12940     0.049428974     0.044549895     0.610600000
   12960     0.049313710     0.044381187     0.585500000
   12980     0.049297724     0.044359548     0.604100000
   13000     0.049097715     0.044053610     0.522700000
   13020     0.049049771     0.044078609     0.582000000
   13040     0.049155056     0.044185222     0.574600000
   13060     0.049602143     0.044601257     0.599600000
   13080     0.049623126     0.044588532     0.593700000
   13100     0.049287108     0.044345634     0.588400000
   13120     0.049270988     0.044333603     0.622200000
   13140     0.049182833     0.044218812     0.563900000
   13160     0.049322500     0.044316246     0.563900000
   13180     0.049496505     0.044532858     0.580200000
   13200     0.049881927     0.044910809     0.602500000
   13220     0.049712447     0.044842597     0.655100000
   13240     0.049518876     0.044658952     0.587500000
   13260     0.049418238     0.044471890     0.547600000
   13280     0.048399060     0.043708695     0.604400000
   13300     0.048820096     0.044007042     0.583200000
   13320     0.049030442     0.044272320     0.648200000
   13340     0.049061929     0.044219131     0.577200000
   13360     0.048352280     0.043641008     0.561500000
   13380     0.048448093     0.043782635     0.620100000
   13400     0.048460892     0.043867353     0.683000000
   13420     0.048418364     0.043813167     0.636700000
   13440     0.048343695     0.043695134     0.598200000
   13460     0.048426019     0.043785978     0.614100000
   13480     0.048784874     0.044064604     0.597300000
   13500     0.048920092     0.044266642     0.632400000
   13520     0.049044648     0.044373552     0.619200000
   13540     0.049140494     0.044415419     0.628700000
   13560     0.048873945     0.044278700     0.663600000
   13580     0.048991224     0.044348741     0.611500000
   13600     0.048489738     0.043902941     0.600700000
   13620     0.048094818     0.043643342     0.651800000
   13640     0.047691484     0.043262664     0.626600000
   13660     0.048162699     0.043662729     0.649300000
   13680     0.047628399     0.043209902     0.640700000
   13700     0.047395152     0.042922945     0.610400000
   13720     0.047907622     0.043403035     0.652500000
   13740     0.047640381     0.043124059     0.631500000
   13760     0.047493457     0.043055634     0.661100000
   13780     0.047539373     0.043118434     0.646700000
   13800     0.047556004     0.042991213     0.583500000
   13820     0.047753834     0.043140972     0.594600000
   13840     0.048227095     0.043565406     0.610800000
   13860     0.048101449     0.043413842     0.588100000
   13880     0.048278215     0.043607287     0.594400000
   13900     0.048491647     0.043855493     0.655200000
   13920     0.048030886     0.043505392     0.691900000
   13940     0.048792962     0.044078997     0.632700000
   13960     0.048972653     0.044205491     0.579800000
   13980     0.049685644     0.044784201     0.598100000
   14000     0.049964093     0.045133525     0.616600000
   14020     0.049890478     0.045061756     0.618000000
   14040     0.049882124     0.045109250     0.620900000
   14060     0.049779366     0.044931075     0.563100000
   14080     0.049895738     0.045085243     0.595800000
   14100     0.049489733     0.044782597     0.623900000
   14120     0.049221030     0.044576424     0.631400000
   14140     0.049327947     0.044706057     0.630000000
   14160     0.048836791     0.044285473     0.657900000
   14180     0.048809339     0.044163441     0.626700000
   14200     0.049170571     0.044493547     0.618800000
   14220     0.049093474     0.044456747     0.627900000
   14240     0.049406096     0.044722310     0.641400000
   14260     0.049683911     0.045006332     0.628500000
   14280     0.049980066     0.045212798     0.612900000
   14300     0.050066202     0.045212005     0.606300000
   14320     0.050124141     0.045204674     0.599700000
   14340     0.050337113     0.045332932     0.578700000
   14360     0.050342017     0.045286675     0.572300000
   14380     0.050971631     0.045794138     0.563600000
   14400     0.051636015     0.046413318     0.582500000
   14420     0.050819867     0.045712007     0.573600000
   14440     0.050671376     0.045528849     0.548300000
   14460     0.050512559     0.045312180     0.522400000
   14480     0.049721018     0.044713534     0.531800000
   14500     0.048961205     0.044197910     0.597100000
   14520     0.048727249     0.044050813     0.651200000
   14540     0.048339139     0.043601201     0.561100000
   14560     0.048569504     0.043718036     0.554400000
   14580     0.048420160     0.043540600     0.559700000
   14600     0.048587696     0.043792858     0.599700000
   14620     0.048955283     0.044129478     0.614300000
   14640     0.049030508     0.044074601     0.565900000
   14660     0.048609902     0.043806719     0.586000000
   14680     0.048374141     0.043696454     0.619900000
   14700     0.048839923     0.043969173     0.568500000
   14720     0.048680212     0.043889096     0.590400000
   14740     0.048907836     0.044128777     0.632100000
   14760     0.048955335     0.044168565     0.627000000
   14780     0.048891032     0.044113548     0.630300000
   14800     0.048798738     0.044070443     0.637000000
   14820     0.048771947     0.043896133     0.571100000
   14840     0.048643897     0.043840906     0.609100000
   14860     0.048097078     0.043385434     0.615100000
   14880     0.047827940     0.043163641     0.622800000
   14900     0.048161779     0.043498464     0.655600000
   14920     0.048229548     0.043574221     0.615500000
   14940     0.048804063     0.044021249     0.594800000
   14960     0.049080315     0.044320494     0.640900000
   14980     0.049012506     0.044330288     0.670300000
   15000     0.049046019     0.044260064     0.620400000
   15020     0.048744938     0.044083884     0.644900000
   15040     0.048751724     0.044164654     0.667600000
   15060     0.048654972     0.044050599     0.627800000
   15080     0.048311701     0.043729467     0.606600000
   15100     0.048385618     0.043790005     0.611400000
   15120     0.047961087     0.043441961     0.620400000
   15140     0.047743503     0.043195312     0.587000000
   15160     0.048082015     0.043448374     0.590000000
   15180     0.048043297     0.043461467     0.585900000
   15200     0.047737345     0.043259582     0.611900000
   15220     0.047648176     0.043196802     0.613200000
   15240     0.047227316     0.042869546     0.609600000
   15260     0.047330170     0.042982285     0.640500000
   15280     0.047197110     0.042802586     0.628400000
   15300     0.047157731     0.042917641     0.673100000
   15320     0.046957424     0.042688659     0.699400000
   15340     0.046825776     0.042467755     0.619800000
   15360     0.046793821     0.042459153     0.596300000
   15380     0.046288345     0.042023392     0.608500000
   15400     0.046531955     0.042308768     0.680100000
   15420     0.046242458     0.042037373     0.678300000
   15440     0.046472250     0.042273335     0.671000000
   15460     0.046774923     0.042457825     0.606700000
   15480     0.046484573     0.042184456     0.601800000
   15500     0.047180800     0.042865383     0.644700000
   15520     0.046515583     0.042300727     0.658600000
   15540     0.047107599     0.042737582     0.621500000
   15560     0.046875129     0.042517620     0.613900000
   15580     0.046967745     0.042683446     0.637500000
   15600     0.047324191     0.042896898     0.584900000
   15620     0.048044904     0.043545201     0.622200000
   15640     0.048054595     0.043633456     0.637300000
   15660     0.047638375     0.043247840     0.659000000
   15680     0.047226349     0.042938137     0.654700000
   15700     0.047917442     0.043482171     0.652100000
   15720     0.048039897     0.043485779     0.615500000
   15740     0.048552914     0.043848710     0.579900000
   15760     0.049104611     0.044248813     0.537200000
   15780     0.049637127     0.044672208     0.549600000
   15800     0.049943634     0.045095635     0.625500000
   15820     0.049535152     0.044727489     0.585800000
   15840     0.049434244     0.044581406     0.568000000
   15860     0.048899287     0.044142401     0.589300000
   15880     0.048771812     0.044105978     0.619500000
   15900     0.048927550     0.044179541     0.585000000
   15920     0.048931765     0.044152859     0.572500000
   15940     0.048870907     0.044040829     0.558300000
   15960     0.048451607     0.043761050     0.569800000
   15980     0.048591622     0.043893856     0.574400000
   16000     0.048825794     0.044073668     0.605500000
   16020     0.049415115     0.044552234     0.597000000
   16040     0.049183213     0.044321389     0.610400000
   16060     0.048756253     0.043998689     0.624000000
   16080     0.048464492     0.043642486     0.571600000
   16100     0.048283134     0.043473106     0.579600000
   16120     0.048496441     0.043733449     0.589600000
   16140     0.048037332     0.043345027     0.595400000
   16160     0.047700554     0.043063433     0.621800000
   16180     0.047558459     0.042929886     0.606300000
   16200     0.047521421     0.042947370     0.649500000
   16220     0.047196322     0.042684376     0.626500000
   16240     0.046722595     0.042179420     0.576200000
   16260     0.046515957     0.042084803     0.638100000
   16280     0.047388705     0.042824847     0.603600000
   16300     0.047516767     0.042887635     0.592100000
   16320     0.047423257     0.042811814     0.602400000
   16340     0.047927199     0.043292991     0.614600000
   16360     0.047999994     0.043390607     0.631400000
   16380     0.048498379     0.043810918     0.624500000
   16400     0.048904457     0.044078324     0.588300000
   16420     0.048735287     0.043919558     0.573500000
   16440     0.048341047     0.043612723     0.576100000
   16460     0.048587065     0.043808963     0.596800000
   16480     0.048877268     0.044031004     0.564900000
   16500     0.048727731     0.043941734     0.606100000
   16520     0.048378673     0.043733561     0.645500000
   16540     0.048216965     0.043535577     0.635400000
   16560     0.047573772     0.042890797     0.582700000
   16580     0.047664689     0.043053974     0.626900000
   16600     0.047511072     0.042738709     0.545700000
   16620     0.048197591     0.043431399     0.597800000
   16640     0.047604353     0.042915241     0.578100000
   16660     0.047605309     0.042904450     0.579000000
   16680     0.047091470     0.042525673     0.595500000
   16700     0.046817756     0.042287097     0.589500000
   16720     0.046847782     0.042416903     0.638400000
   16740     0.047224923     0.042727449     0.600000000
   16760     0.046916680     0.042492037     0.632100000
   16780     0.046477559     0.042129334     0.659400000
   16800     0.046275747     0.041960454     0.661600000
   16820     0.046115552     0.041909960     0.685400000
   16840     0.046343105     0.042029137     0.652100000
   16860     0.046734154     0.042389912     0.637800000
   16880     0.046327798     0.042053236     0.629300000
   16900     0.046423581     0.042114877     0.647700000
   16920     0.046236995     0.041858134     0.611200000
   16940     0.046410778     0.042103965     0.655200000
   16960     0.047068645     0.042648547     0.643200000
   16980     0.047381280     0.042878256     0.606800000
   17000     0.047167335     0.042809229     0.667300000
   17020     0.046916110     0.042564220     0.623000000
   17040     0.046272728     0.042081759     0.639700000
   17060     0.046226028     0.042073250     0.684600000
   17080     0.046045544     0.041850286     0.642300000
   17100     0.045882419     0.041722593     0.608000000
   17120     0.045897972     0.041740860     0.642500000
   17140     0.045877046     0.041823854     0.689400000
   17160     0.045963583     0.041909065     0.674600000
   17180     0.045737839     0.041743516     0.658800000
   17200     0.046174395     0.042027644     0.614700000
   17220     0.045977075     0.041901452     0.653200000
   17240     0.046200249     0.042094759     0.649900000
   17260     0.046648878     0.042436094     0.645100000
   17280     0.047215387     0.042910678     0.678500000
   17300     0.047165847     0.042823014     0.652600000
   17320     0.046753407     0.042420561     0.631100000
   17340     0.046854739     0.042467447     0.622500000
   17360     0.047040215     0.042595522     0.597100000
   17380     0.046185016     0.041867613     0.596900000
   17400     0.045131797     0.041038911     0.619100000
   17420     0.044879230     0.040871839     0.637000000
   17440     0.044944919     0.040902913     0.645200000
   17460     0.045282369     0.041180449     0.663900000
   17480     0.045433960     0.041270210     0.653400000
   17500     0.045654071     0.041477175     0.647200000
   17520     0.045808557     0.041668617     0.671700000
   17540     0.046147948     0.041968489     0.663800000
   17560     0.045674026     0.041607315     0.699500000
   17580     0.046159205     0.041920216     0.654400000
   17600     0.045987267     0.041842287     0.705200000
   17620     0.046043514     0.041823342     0.665000000
   17640     0.046323835     0.042035288     0.641500000
   17660     0.046288995     0.042025630     0.630100000
   17680     0.045694184     0.041567229     0.640000000
   17700     0.045637420     0.041501864     0.652200000
   17720     0.046066448     0.041947869     0.662100000
   17740     0.045959363     0.041830529     0.643000000
   17760     0.046052440     0.041974050     0.702300000
   17780     0.046482958     0.042309391     0.681900000
   17800     0.046751031     0.042503733     0.626400000
   17820     0.046894346     0.042646311     0.645000000
   17840     0.046690251     0.042433783     0.636200000
   17860     0.047145743     0.042793893     0.621700000
   17880     0.047248338     0.042945432     0.656400000
   17900     0.046899428     0.042701096     0.689700000
   17920     0.047199285     0.042937754     0.651100000
   17940     0.047112609     0.042831483     0.623600000
   17960     0.047549166     0.043111371     0.581500000
   17980     0.047585859     0.043189783     0.587600000
   18000     0.047509004     0.043201588     0.660200000
   18020     0.047711457     0.043258851     0.588600000
   18040     0.047142874     0.042861078     0.654800000
   18060     0.047105980     0.042873564     0.669000000
   18080     0.046868302     0.042656684     0.677700000
   18100     0.046691618     0.042561118     0.697200000
   18120     0.046431252     0.042345364     0.726900000
   18140     0.046201763     0.042035968     0.656100000
   18160     0.046275798     0.042050772     0.630800000
   18180     0.046530131     0.042358530     0.679300000
   18200     0.046356656     0.042144780     0.670900000
   18220     0.046403953     0.042196227     0.641500000
   18240     0.046838728     0.042543824     0.642900000
   18260     0.047042715     0.042701950     0.639400000
   18280     0.046903547     0.042598518     0.660100000
   18300     0.046233014     0.041915821     0.578600000
   18320     0.046256101     0.042024621     0.643400000
   18340     0.046324130     0.042095756     0.650400000
   18360     0.046558318     0.042231300     0.627800000
   18380     0.046098231     0.041902067     0.650800000
   18400     0.046229963     0.042002911     0.653300000
   18420     0.046479604     0.042214757     0.611600000
   18440     0.046925513     0.042637088     0.641800000
   18460     0.046920025     0.042566498     0.619900000
   18480     0.046740217     0.042375105     0.593000000
   18500     0.046477873     0.042239002     0.634100000
   18520     0.046744034     0.042440463     0.655300000
   18540     0.047084001     0.042777151     0.637700000
   18560     0.047072055     0.042737401     0.597600000
   18580     0.047271086     0.042843525     0.615900000
   18600     0.047629327     0.043134956     0.643300000
   18620     0.047799254     0.043301175     0.645900000
   18640     0.047659691     0.043209765     0.645600000
   18660     0.047103150     0.042753056     0.639600000
   18680     0.047375414     0.042993507     0.676800000
   18700     0.047557078     0.043164049     0.688500000
   18720     0.047903801     0.043421914     0.673200000
   18740     0.048246386     0.043752759     0.663400000
   18760     0.048422918     0.043841510     0.640200000
   18780     0.049178351     0.044436013     0.649700000
   18800     0.049567129     0.044768842     0.600300000
   18820     0.049746987     0.044849514     0.578800000
   18840     0.049777711     0.044903353     0.610700000
   18860     0.049288068     0.044592498     0.637800000
   18880     0.049846558     0.045007050     0.589100000
   18900     0.049770606     0.044925469     0.569100000
   18920     0.049524365     0.044784594     0.597800000
   18940     0.050600002     0.045578122     0.571800000
   18960     0.050293327     0.045329973     0.590400000
   18980     0.050307301     0.045255605     0.561000000
   19000     0.050144568     0.045227798     0.599700000
   19020     0.050592293     0.045629676     0.601400000
   19040     0.050676788     0.045591296     0.561400000
   19060     0.050159230     0.045161957     0.582900000
   19080     0.050013279     0.045099784     0.589400000
   19100     0.050032164     0.045224097     0.652900000
   19120     0.050005544     0.045155024     0.621900000
   19140     0.049496767     0.044629388     0.578800000
   19160     0.049473008     0.044687365     0.626100000
   19180     0.049252738     0.044473263     0.607300000
   19200     0.049420867     0.044618420     0.614900000
   19220     0.049958287     0.045151054     0.639000000
   19240     0.050117512     0.045269634     0.624200000
   19260     0.049788648     0.045021341     0.651000000
   19280     0.049878893     0.045138544     0.650200000
   19300     0.049158444     0.044486856     0.612700000
   19320     0.049859395     0.045145358     0.658000000
   19340     0.049201189     0.044513695     0.616400000
   19360     0.048763226     0.044132426     0.617900000
   19380     0.048875316     0.044247838     0.602600000
   19400     0.049131331     0.044423900     0.597000000
   19420     0.049328121     0.044595089     0.604400000
   19440     0.049121198     0.044482032     0.647100000
   19460     0.049406321     0.044634477     0.598500000
   19480     0.049422879     0.044529578     0.554300000
   19500     0.049333582     0.044538823     0.587900000
   19520     0.048940570     0.044204990     0.597700000
   19540     0.048606557     0.043884977     0.591900000
   19560     0.049073990     0.044227271     0.584500000
   19580     0.048985323     0.044129461     0.569000000
   19600     0.049196185     0.044482833     0.666800000
   19620     0.049213659     0.044496688     0.660800000
   19640     0.049691555     0.044864625     0.636400000
   19660     0.049741069     0.044759741     0.555700000
   19680     0.049878710     0.044896033     0.602000000
   19700     0.048986057     0.044126662     0.553900000
   19720     0.049279264     0.044393305     0.572500000
   19740     0.049913763     0.045006816     0.628200000
   19760     0.049842099     0.044930276     0.613700000
   19780     0.050202452     0.045209040     0.619800000
   19800     0.049278431     0.044388802     0.569300000
   19820     0.049066359     0.044222991     0.595900000
   19840     0.048801452     0.044024698     0.592700000
   19860     0.048392343     0.043779996     0.620000000
   19880     0.048350306     0.043747106     0.638400000
   19900     0.048234948     0.043530219     0.578400000
   19920     0.048072450     0.043430113     0.637800000
   19940     0.047997265     0.043311888     0.608000000
   19960     0.048012914     0.043409940     0.615700000
   19980     0.048208855     0.043492939     0.583500000
   20000     0.048504651     0.043799241     0.619000000
   20020     0.048270392     0.043546472     0.603800000
   20040     0.048435166     0.043642529     0.584800000
   20060     0.048200174     0.043385164     0.597400000
   20080     0.047826454     0.043100427     0.583000000
   20100     0.048201072     0.043572185     0.654200000
   20120     0.048223114     0.043568677     0.634300000
   20140     0.047418640     0.042949423     0.629100000
   20160     0.047417956     0.042947347     0.640500000
   20180     0.047394276     0.042969845     0.680600000
   20200     0.047706450     0.043217227     0.656500000
   20220     0.047597955     0.043068252     0.606100000
   20240     0.047320888     0.042923717     0.643100000
   20260     0.047307499     0.042961485     0.664800000
   20280     0.047181167     0.042799097     0.634700000
   20300     0.047095635     0.042840138     0.674500000
   20320     0.047692337     0.043309208     0.616800000
   20340     0.047293471     0.042996439     0.664700000
   20360     0.047491066     0.043158862     0.616400000
   20380     0.047197761     0.042848504     0.608500000
   20400     0.046685909     0.042318283     0.571000000
   20420     0.046549206     0.042295781     0.618700000
   20440     0.046351460     0.042161419     0.634200000
   20460     0.046447632     0.042125908     0.570500000
   20480     0.046126168     0.041976107     0.643700000
   20500     0.046372804     0.042162117     0.630400000
   20520     0.046506322     0.042280674     0.622900000
   20540     0.046482475     0.042170044     0.616800000
   20560     0.046934360     0.042535998     0.592400000
   20580     0.047589146     0.043078891     0.582900000
   20600     0.047324171     0.042971405     0.647900000
   20620     0.046971330     0.042675559     0.630700000
   20640     0.047001380     0.042765706     0.700700000
   20660     0.047621324     0.043312158     0.697800000
   20680     0.047801522     0.043398046     0.660600000
   20700     0.048013223     0.043524715     0.649600000
   20720     0.047976219     0.043432148     0.611700000
   20740     0.047913927     0.043378874     0.620400000
   20760     0.047380583     0.042984271     0.639400000
   20780     0.047579837     0.043168174     0.631200000
   20800     0.047882335     0.043362012     0.619700000
   20820     0.048065975     0.043444434     0.577400000
   20840     0.047715262     0.043152053     0.581500000
   20860     0.047663985     0.043183249     0.603500000
   20880     0.047108964     0.042784857     0.658600000
   20900     0.046911806     0.042622400     0.647000000
   20920     0.047379135     0.042945283     0.593200000
   20940     0.047713623     0.043186563     0.594000000
   20960     0.048134891     0.043611136     0.611000000
   20980     0.048716388     0.044127980     0.642200000
   21000     0.049025300     0.044341814     0.594200000
   21020     0.049313079     0.044594524     0.604700000
   21040     0.049407950     0.044603335     0.547800000
   21060     0.048928474     0.044216707     0.567200000
   21080     0.049623586     0.044856602     0.613700000
   21100     0.049646574     0.044911567     0.620600000
   21120     0.049664800     0.044902747     0.630500000
   21140     0.049622318     0.044871259     0.625000000
   21160     0.049866191     0.045006187     0.582200000
   21180     0.049526954     0.044670516     0.580300000
   21200     0.048962410     0.044196178     0.577000000
   21220     0.048936620     0.044069391     0.539400000
   21240     0.048886839     0.044104276     0.582400000
   21260     0.048285096     0.043646641     0.609900000
   21280     0.048158581     0.043505138     0.577300000
   21300     0.047951065     0.043362125     0.623800000
   21320     0.048550994     0.043843372     0.626400000
   21340     0.048369452     0.043658462     0.602000000
   21360     0.048139699     0.043483155     0.644000000
   21380     0.047337955     0.042818213     0.608500000
   21400     0.047323040     0.042790364     0.616800000
   21420     0.047528463     0.043080793     0.679700000
   21440     0.047946144     0.043356368     0.645000000
   21460     0.048504271     0.043756580     0.611900000
   21480     0.048794266     0.044107493     0.658500000
   21500     0.048761067     0.044084910     0.618100000
   21520     0.048743720     0.044032648     0.614100000
   21540     0.048666680     0.044032406     0.631600000
   21560     0.048418907     0.043777972     0.629500000
   21580     0.048317607     0.043723678     0.642300000
   21600     0.048141405     0.043474617     0.606000000
   21620     0.047905467     0.043150671     0.560900000
   21640     0.047916635     0.043228081     0.597600000
   21660     0.047538080     0.043063909     0.642000000
   21680     0.047511307     0.043008571     0.622300000
   21700     0.047337577     0.042765970     0.561800000
   21720     0.046981443     0.042436920     0.553700000
   21740     0.047016079     0.042410461     0.576000000
   21760     0.047015133     0.042502923     0.596500000
   21780     0.047530910     0.042863725     0.583700000
   21800     0.047138434     0.042741959     0.666500000
   21820     0.047150550     0.042669377     0.624800000
   21840     0.047630500     0.043061877     0.639400000
   21860     0.048197586     0.043604314     0.634900000
   21880     0.047772154     0.043109196     0.574100000
   21900     0.048250703     0.043565384     0.602100000
   21920     0.047955012     0.043368577     0.604300000
   21940     0.048225802     0.043619883     0.628300000
   21960     0.048249763     0.043585248     0.614900000
   21980     0.048009255     0.043400515     0.595300000
   22000     0.048558990     0.043947857     0.632800000
   22020     0.048459044     0.043855444     0.630700000
   22040     0.047727930     0.043277375     0.634400000
   22060     0.047750777     0.043195014     0.595000000
   22080     0.047249826     0.042800764     0.625200000
   22100     0.047298638     0.042917311     0.634400000
   22120     0.047923586     0.043494452     0.636300000
   22140     0.047564005     0.043078695     0.587900000
   22160     0.047594490     0.043149748     0.614600000
   22180     0.047870656     0.043412843     0.641200000
   22200     0.047710972     0.043319392     0.625100000
   22220     0.047395546     0.043115677     0.659400000
   22240     0.047322476     0.043004442     0.644800000
   22260     0.046584299     0.042356239     0.650400000
   22280     0.046565459     0.042316298     0.639500000
   22300     0.047047264     0.042703056     0.643600000
   22320     0.046693407     0.042355395     0.628800000
   22340     0.046270110     0.041920684     0.595800000
   22360     0.046207883     0.041936989     0.663300000
   22380     0.046267981     0.042071403     0.672200000
   22400     0.046410190     0.042161287     0.640300000
   22420     0.046992782     0.042618133     0.608600000
   22440     0.046262307     0.042054970     0.640000000
   22460     0.046175592     0.042062281     0.682600000
   22480     0.046129305     0.041922110     0.622400000
   22500     0.046148449     0.042011792     0.678100000
   22520     0.046337709     0.042214837     0.703600000
   22540     0.047059742     0.042760311     0.653400000
   22560     0.047218681     0.042939190     0.646100000
   22580     0.046690207     0.042445485     0.626900000
   22600     0.046382870     0.042207142     0.635100000
   22620     0.046465811     0.042378153     0.693300000
   22640     0.047445996     0.043189498     0.661300000
   22660     0.047953081     0.043594396     0.660200000
   22680     0.047901027     0.043526545     0.662500000
   22700     0.047881702     0.043494119     0.646500000
   22720     0.047648952     0.043246164     0.605200000
   22740     0.047355729     0.042975953     0.598600000
   22760     0.047365763     0.043014863     0.633200000
   22780     0.047618299     0.043209282     0.615900000
   22800     0.048500637     0.043910500     0.605600000
   22820     0.047814408     0.043347351     0.620200000
   22840     0.047476370     0.043059868     0.610300000
   22860     0.047250884     0.042947801     0.642500000
   22880     0.046495246     0.042304263     0.634200000
   22900     0.046070025     0.041977059     0.625700000
   22920     0.045989684     0.041969979     0.707100000
   22940     0.045829469     0.041830703     0.680900000
   22960     0.046211456     0.042147519     0.656400000
   22980     0.046472630     0.042247726     0.630100000
   23000     0.046221074     0.042062605     0.647400000
   23020     0.046187198     0.042021276     0.649400000
   23040     0.046163075     0.041915919     0.615700000
   23060     0.046252768     0.042058290     0.675200000
   23080     0.046176616     0.041987340     0.611800000
   23100     0.046510021     0.042309158     0.622700000
   23120     0.046573317     0.042391237     0.636800000
   23140     0.046973022     0.042752583     0.666100000
   23160     0.046487191     0.042262725     0.622500000
   23180     0.046278008     0.042072065     0.618600000
   23200     0.045753138     0.041690910     0.671800000
   23220     0.045896060     0.041783126     0.638200000
   23240     0.045971392     0.041746991     0.570600000
   23260     0.045887928     0.041770890     0.620300000
   23280     0.045892802     0.041842024     0.675300000
   23300     0.045982757     0.041911169     0.682300000
   23320     0.045994014     0.041893363     0.640800000
   23340     0.046388992     0.042301128     0.696100000
   23360     0.046602296     0.042436774     0.675100000
   23380     0.046483057     0.042279199     0.665000000
   23400     0.046809584     0.042553960     0.672800000
   23420     0.046417349     0.042196943     0.643200000
   23440     0.046700821     0.042470992     0.634000000
   23460     0.046695868     0.042407840     0.616300000
   23480     0.047347687     0.042981336     0.603300000
   23500     0.047243188     0.042883554     0.631500000
   23520     0.047535313     0.043140453     0.668800000
   23540     0.047661439     0.043151251     0.606600000
   23560     0.048228700     0.043645068     0.594500000
   23580     0.048147803     0.043523635     0.585100000
   23600     0.047697958     0.043166001     0.587300000
   23620     0.048035907     0.043537183     0.620200000
   23640     0.047880541     0.043422583     0.657300000
   23660     0.047877686     0.043348660     0.613700000
   23680     0.047631815     0.043059094     0.587100000
   23700     0.047197370     0.042671504     0.590100000
   23720     0.047242950     0.042788047     0.612300000
   23740     0.048065765     0.043442467     0.608300000
   23760     0.048123832     0.043427851     0.580800000
   23780     0.047907868     0.043184754     0.564500000
   23800     0.048229364     0.043450103     0.567100000
   23820     0.049142526     0.044311889     0.586800000
   23840     0.049683815     0.044841378     0.632100000
   23860     0.049996144     0.045071237     0.611800000
   23880     0.049884147     0.044933721     0.576100000
   23900     0.049345341     0.044522074     0.597900000
   23920     0.049908162     0.045076073     0.619500000
   23940     0.049425856     0.044564888     0.546800000
   23960     0.049273238     0.044582808     0.624700000
   23980     0.049277129     0.044613779     0.625200000
   24000     0.049283846     0.044558130     0.580300000
   24020     0.049320720     0.044578045     0.603000000
   24040     0.049213100     0.044450823     0.598900000
   24060     0.048929801     0.044266161     0.604000000
   24080     0.048693190     0.044010138     0.607100000
   24100     0.048123717     0.043550155     0.611600000
   24120     0.048743545     0.044122778     0.651500000
   24140     0.049050484     0.044252216     0.593900000
   24160     0.048698165     0.044029289     0.615400000
   24180     0.048460560     0.043847004     0.639900000
   24200     0.048451887     0.043881693     0.669500000
   24220     0.048290312     0.043784776     0.664400000
   24240     0.048067519     0.043523865     0.624900000
   24260     0.048423847     0.043830069     0.633000000
   24280     0.047321341     0.042862220     0.602900000
   24300     0.047618644     0.043175085     0.627500000
   24320     0.048013851     0.043511774     0.645200000
   24340     0.047757679     0.043298108     0.649000000
   24360     0.048231041     0.043630940     0.599600000
   24380     0.048735276     0.044046491     0.593100000
   24400     0.048618051     0.043899381     0.551000000
   24420     0.048987815     0.044133206     0.539600000
   24440     0.048530700     0.043856835     0.560000000
   24460     0.049132729     0.044283581     0.541000000
   24480     0.049349117     0.044624636     0.625200000
   24500     0.049154207     0.044438913     0.582500000
   24520     0.049057441     0.044346089     0.609900000
   24540     0.049113611     0.044469414     0.677300000
   24560     0.049198174     0.044457690     0.618800000
   24580     0.048899810     0.044277881     0.652200000
   24600     0.049038175     0.044438663     0.655700000
   24620     0.048813206     0.044277022     0.649600000
   24640     0.048442784     0.043823987     0.582100000
   24660     0.048762455     0.044144234     0.610300000
   24680     0.048189358     0.043723780     0.628700000
   24700     0.047781945     0.043288142     0.605100000
   24720     0.047444811     0.042954176     0.577100000
   24740     0.047575653     0.042960010     0.534000000
   24760     0.047059698     0.042555473     0.569200000
   24780     0.047342876     0.042789733     0.574100000
   24800     0.047263343     0.042773003     0.602400000
   24820     0.047760702     0.043174210     0.615200000
   24840     0.048065560     0.043483174     0.649900000
   24860     0.048458934     0.043831518     0.647500000
   24880     0.048015831     0.043387378     0.603100000
   24900     0.048315759     0.043664226     0.580500000
   24920     0.048737424     0.044050428     0.607900000
   24940     0.048260626     0.043598785     0.575200000
   24960     0.048671438     0.043923262     0.571300000
   24980     0.048754459     0.043970256     0.600900000
   25000     0.049090230     0.044265883     0.598800000
   25020     0.049876933     0.044969737     0.588000000
   25040     0.049143615     0.044305579     0.576300000
   25060     0.049513356     0.044728215     0.650500000
   25080     0.049412046     0.044566854     0.574100000
   25100     0.049131319     0.044316044     0.587700000
   25120     0.049342537     0.044533729     0.609800000
   25140     0.049820100     0.044970392     0.578300000
   25160     0.050030365     0.045193236     0.600800000
   25180     0.050282508     0.045377881     0.586500000
   25200     0.050032630     0.044979445     0.514300000
   25220     0.049936186     0.045082683     0.589300000
   25240     0.049763486     0.044890402     0.588600000
   25260     0.049374822     0.044626094     0.610700000
   25280     0.049342974     0.044515193     0.593300000
   25300     0.049493466     0.044621174     0.591900000
   25320     0.049525847     0.044669409     0.607600000
   25340     0.049587226     0.044650962     0.603600000
   25360     0.049159493     0.044393897     0.647600000
   25380     0.048739599     0.043981872     0.591200000
   25400     0.049119525     0.044289963     0.580700000
   25420     0.048517338     0.043755879     0.586200000
   25440     0.048938086     0.044210452     0.643500000
   25460     0.049826233     0.044860219     0.598000000
   25480     0.049569373     0.044683313     0.603000000
   25500     0.050056722     0.045105350     0.579400000
   25520     0.050260671     0.045210453     0.565900000
   25540     0.050238235     0.045149464     0.565100000
   25560     0.050420312     0.045388548     0.622600000
   25580     0.050740795     0.045620780     0.604500000
   25600     0.050609415     0.045475368     0.615300000
   25620     0.050191882     0.045095627     0.578900000
   25640     0.050585313     0.045369645     0.557700000
   25660     0.050612225     0.045389021     0.593600000
   25680     0.051085889     0.045731364     0.562700000
   25700     0.050961884     0.045560700     0.547300000
   25720     0.050585515     0.045239668     0.530000000
   25740     0.051024481     0.045620384     0.527800000
   25760     0.050779462     0.045464140     0.554800000
   25780     0.050798908     0.045564701     0.604000000
   25800     0.050489782     0.045290208     0.577100000
   25820     0.050641888     0.045534265     0.630700000
   25840     0.050544107     0.045442068     0.598100000
   25860     0.050848315     0.045623593     0.554200000
   25880     0.050638504     0.045345165     0.526800000
   25900     0.050369928     0.045273343     0.620200000
   25920     0.050525788     0.045419607     0.603700000
   25940     0.050469103     0.045315403     0.572100000
   25960     0.050007777     0.044883800     0.555200000
   25980     0.050157134     0.045135284     0.626400000
   26000     0.049745329     0.044832980     0.610600000
   26020     0.049868941     0.044800154     0.556000000
   26040     0.050198155     0.045055986     0.554500000
   26060     0.050375104     0.045239589     0.575900000
   26080     0.050365475     0.045315643     0.595700000
   26100     0.050550101     0.045534063     0.617900000
   26120     0.049967008     0.045068248     0.616600000
   26140     0.050524961     0.045472857     0.607000000
   26160     0.050513024     0.045489364     0.608700000
   26180     0.051220435     0.046174352     0.639400000
   26200     0.051269078     0.046130289     0.599800000
   26220     0.051684895     0.046561939     0.593200000
   26240     0.051228132     0.046090316     0.589500000
   26260     0.051834079     0.046667935     0.597000000
   26280     0.051676840     0.046511140     0.582500000
   26300     0.051750863     0.046652651     0.607500000
   26320     0.052003267     0.046778426     0.593800000
   26340     0.052047531     0.046847101     0.611600000
   26360     0.051614921     0.046470298     0.605200000
   26380     0.051521025     0.046336745     0.575100000
   26400     0.050986784     0.045908393     0.560800000
   26420     0.051711331     0.046496828     0.566400000
   26440     0.052010093     0.046875909     0.614600000
   26460     0.051671608     0.046469341     0.540000000
   26480     0.051586013     0.046405011     0.563300000
   26500     0.051292624     0.046185474     0.585400000
   26520     0.050458301     0.045464181     0.576900000
   26540     0.050426133     0.045463484     0.582800000
   26560     0.050145277     0.045155734     0.557900000
   26580     0.050698441     0.045650737     0.562900000
   26600     0.050428369     0.045428712     0.555700000
   26620     0.049841170     0.044990574     0.611300000
   26640     0.049560754     0.044752254     0.597000000
   26660     0.050446115     0.045409949     0.576500000
   26680     0.050169294     0.045272827     0.639600000
   26700     0.050291802     0.045394403     0.642500000
   26720     0.050444219     0.045545243     0.621500000
   26740     0.050343711     0.045435571     0.611600000
   26760     0.050041838     0.045260009     0.640000000
   26780     0.049950209     0.045132861     0.616700000
   26800     0.049849661     0.045030745     0.604600000
   26820     0.050277977     0.045360927     0.594200000
   26840     0.050568376     0.045558325     0.571500000
   26860     0.050414556     0.045495009     0.589700000
   26880     0.050801981     0.045857671     0.615000000
   26900     0.051057411     0.045946299     0.570200000
   26920     0.051110034     0.046002888     0.566100000
   26940     0.050450375     0.045541519     0.619000000
   26960     0.050736996     0.045706240     0.572100000
   26980     0.050194486     0.045233487     0.564100000
   27000     0.049790572     0.044850558     0.573800000
   27020     0.049748907     0.044836471     0.583100000
   27040     0.049438053     0.044517205     0.581400000
   27060     0.048924503     0.044109264     0.586800000
   27080     0.048685578     0.043917826     0.589800000
   27100     0.049454060     0.044573125     0.607000000
   27120     0.049529361     0.044545771     0.584200000
   27140     0.049772694     0.044827513     0.608100000
   27160     0.049829560     0.044897492     0.609900000
   27180     0.049923563     0.045050857     0.651200000
   27200     0.049795702     0.044878446     0.598400000
   27220     0.050200183     0.045191879     0.586600000
   27240     0.050186311     0.045058742     0.532100000
   27260     0.049358462     0.044475616     0.589700000
   27280     0.049178171     0.044355832     0.587100000
   27300     0.048731329     0.044011593     0.606800000
   27320     0.048607541     0.043966946     0.598700000
   27340     0.048597391     0.043900769     0.577000000
   27360     0.048614450     0.043967554     0.597400000
   27380     0.048080099     0.043557631     0.622100000
   27400     0.047885412     0.043379339     0.607100000
   27420     0.047968598     0.043492173     0.656900000
   27440     0.047878957     0.043504122     0.706400000
   27460     0.048028147     0.043580248     0.645900000
   27480     0.047883863     0.043397579     0.636300000
   27500     0.047937142     0.043482010     0.644300000
   27520     0.048281658     0.043753089     0.611200000
   27540     0.048382125     0.043826540     0.605400000
   27560     0.048220996     0.043703528     0.627300000
   27580     0.048975306     0.044240902     0.598700000
   27600     0.048836006     0.044108615     0.605600000
   27620     0.049080257     0.044387231     0.633700000
   27640     0.048763160     0.044066301     0.598200000
   27660     0.048518411     0.043789424     0.596100000
   27680     0.048543432     0.043878861     0.634500000
   27700     0.048287292     0.043667683     0.608500000
   27720     0.047964833     0.043442201     0.630900000
   27740     0.048083421     0.043520423     0.648600000
   27760     0.048547781     0.043840146     0.591200000
   27780     0.048497606     0.043907847     0.667700000
   27800     0.048583296     0.043895480     0.631600000
   27820     0.048275524     0.043583608     0.602900000
   27840     0.048367512     0.043722080     0.628900000
   27860     0.048277969     0.043608277     0.578600000
   27880     0.047886024     0.043346878     0.612500000
   27900     0.048343511     0.043727879     0.571100000
   27920     0.047760348     0.043134504     0.579900000
   27940     0.047862264     0.043341719     0.613300000
   27960     0.047971429     0.043457852     0.619700000
   27980     0.047472715     0.042996929     0.607400000
   28000     0.047930128     0.043365499     0.586200000
   28020     0.047707992     0.043173394     0.577700000
   28040     0.047413609     0.042946251     0.603500000
   28060     0.047516877     0.043020994     0.600200000
   28080     0.048100995     0.043547610     0.629600000
   28100     0.048457817     0.043812019     0.598700000
   28120     0.048799373     0.044104001     0.593400000
   28140     0.048676740     0.044111034     0.669100000
   28160     0.048487882     0.043886130     0.604300000
   28180     0.048503530     0.043876327     0.614500000
   28200     0.048406529     0.043789803     0.597500000
   28220     0.048736377     0.044111867     0.590100000
   28240     0.049306934     0.044555569     0.555400000
   28260     0.049962588     0.045110265     0.578900000
   28280     0.049702447     0.045014093     0.642200000
   28300     0.049800262     0.045052770     0.618700000
   28320     0.049209602     0.044572781     0.607100000
   28340     0.048941353     0.044374199     0.618200000
   28360     0.049638354     0.044938543     0.636400000
   28380     0.049945095     0.045169953     0.637400000
   28400     0.050039579     0.045231266     0.596900000
   28420     0.049625860     0.044819810     0.595400000
   28440     0.049749086     0.044981582     0.617500000
   28460     0.050343827     0.045421807     0.630100000
   28480     0.050334006     0.045331532     0.599300000
   28500     0.050565354     0.045512681     0.602800000
   28520     0.050499693     0.045516021     0.632000000
   28540     0.050144424     0.045137202     0.588800000
   28560     0.050348683     0.045298069     0.581900000
   28580     0.049758301     0.044722111     0.544600000
   28600     0.049271857     0.044386073     0.571900000
   28620     0.048765563     0.044087469     0.659900000
   28640     0.048290121     0.043628721     0.627400000
   28660     0.048424794     0.043733359     0.605300000
   28680     0.048415904     0.043637563     0.579700000
   28700     0.048415691     0.043587834     0.583200000
   28720     0.048490291     0.043733588     0.641200000
   28740     0.047850017     0.043257330     0.644700000
   28760     0.047828792     0.043221258     0.614800000
   28780     0.047790511     0.043233547     0.604700000
   28800     0.047914167     0.043396239     0.609000000
   28820     0.048408400     0.043774128     0.625700000
   28840     0.048656582     0.044006862     0.610700000
   28860     0.048876204     0.044107976     0.573300000
   28880     0.049374890     0.044605826     0.607300000
   28900     0.049208816     0.044425532     0.593000000
   28920     0.049783943     0.044898343     0.581200000
   28940     0.049771347     0.044830673     0.598800000
   28960     0.050315347     0.045307869     0.571900000
   28980     0.050183243     0.045248045     0.620800000
   29000     0.049785325     0.044891728     0.608900000
   29020     0.049415965     0.044572174     0.628300000
   29040     0.049162520     0.044364994     0.611400000
   29060     0.049084557     0.044340145     0.613900000
   29080     0.049384736     0.044665848     0.642100000
   29100     0.049724718     0.044761499     0.562300000
   29120     0.050025887     0.045006843     0.564500000
   29140     0.049896511     0.044924363     0.586500000
   29160     0.049539084     0.044598750     0.575500000
   29180     0.049569458     0.044701437     0.649200000
   29200     0.049243162     0.044512388     0.675600000
   29220     0.048517139     0.043898587     0.618000000
   29240     0.048159176     0.043624227     0.660500000
   29260     0.048119435     0.043529105     0.599600000
   29280     0.048636449     0.044070160     0.643000000
   29300     0.048521298     0.043956249     0.650500000
   29320     0.048047993     0.043462926     0.589200000
   29340     0.047640956     0.043180116     0.606700000
   29360     0.048664670     0.044003019     0.605400000
   29380     0.048429194     0.043799335     0.598300000
   29400     0.048360592     0.043670729     0.556600000
   29420     0.048852740     0.044159680     0.604900000
   29440     0.049432153     0.044677309     0.637200000
   29460     0.050080839     0.045283528     0.644700000
   29480     0.050566985     0.045668624     0.610500000
   29500     0.050567403     0.045633867     0.574700000
   29520     0.050892370     0.045781750     0.548100000
   29540     0.050474798     0.045532650     0.584700000
   29560     0.050936880     0.045907632     0.599300000
   29580     0.050846346     0.045923691     0.645100000
   29600     0.050804678     0.045849130     0.616200000
   29620     0.049909170     0.045077852     0.586900000
   29640     0.050153416     0.045397124     0.657800000
   29660     0.050499227     0.045553108     0.595700000
   29680     0.050509561     0.045544581     0.561100000
   29700     0.050142231     0.045369580     0.617000000
   29720     0.049971647     0.045264792     0.654100000
   29740     0.050259601     0.045446765     0.632000000
   29760     0.050887299     0.045963130     0.618800000
   29780     0.050711814     0.045740729     0.571200000
   29800     0.050245849     0.045290734     0.558600000
   29820     0.050406838     0.045367575     0.560100000
   29840     0.051114867     0.046000000     0.584000000
   29860     0.050734457     0.045673708     0.592200000
   29880     0.050320050     0.045276870     0.551600000
   29900     0.049555215     0.044693529     0.539800000
   29920     0.050027741     0.045067808     0.548500000
   29940     0.049533229     0.044838358     0.624000000
   29960     0.049028872     0.044310001     0.561600000
   29980     0.049086746     0.044447398     0.601000000
   30000     0.048829121     0.044268227     0.651900000
