      20   77   88   71   88  100   94   80   93   63   87
      40   88   96  129  104   91  100   73  110  109   64
      60  100  116   98   80  123   88   92   82  101   55
      80   72   73  119   73   71   99   43   74   49  106
     100   57  101   82   84   94   80   99   77   49   95
     120   45  113   88   42   78   78   94  113   48   59
     140   89   67  126   49   71   83   88   80   69   89
     160   37   55   88   82   74   57   99   86   49   66
     180   39   79   53   52   61   68   50   78   91   63
     200   74   33   51   45   38   67   51   59   50   43
     220   59   70   74   73   86   24   46   39   78   57
     240   84   66   33   73   48   57   47   86   56   44
     260   46   68   28   51   43   65   66   46   58   64
     280   54   40   54   73   43   77   56   63   39   42
     300   40   82   69   58   35   44   40   37   50   57
     320   39   52   55   42   60   33   60   35   51   64
     340   53   27   39   60   33   41   46   54   57   44
     360   48   49   49   49   57   54   33   36   53   54
     380   41   44   36   38   53   50   53   61   80   30
     400   32   36   40   45   51   29   34   32   69   40
     420   40   38   57   38   42   45   19   42   28   36
     440   58   37   68   37   53   32   32   38   27   26
     460   22   41   57   43   62   55   36   29   86   29
     480   50   30   69   31   36   43   32   32   49   34
     500   31   47   55   59   39   44   34   39   28   34
     520   49   25   31   72   62   50   52   29   46   52
     540   57   28   20   44   61   42   57   52   47   23
     560   44   63   54   34   45   66   54   51   48   32
     580   35   53   49   26   28   26   40   29   21   31
     600   40   52   30   55   27   57   65   27   57   42
     620   32   41   35   47   45   46   64   55   50   26
     640   49   36   37   50   26   45   47   55   37   25
     660   44   25   68   39   53   55   46   61   81   21
     680   31   30   47   38   52   44   29   54   39   46
     700   26   56   49   48   55   22   27   43   36   35
     720   48   67   41   27   30   28   22   43   29   21
     740   62   29   23   52   45   45   30   72   18   29
     760   50   49   22   23   50   53   24   30   23   38
     780   15   43   31   54   91   57   23   47   49   39
     800   29   17   43   40   31   35   22   26   27    8
     820   28   33   30   33   30   29   14   35   41   37
     840   36   29   31   28   34   23   48   34   31   19
     860   44   71   22   33   45   31   32   23   40   23
     880   29   45   16   33   29   48   25   34   32   41
     900   17   49   41   30   28   44   38   56   37   17
     920   44   51   15   18   56   33   33   13   21   45
     940   40   49   29   23   15   41   28   18   51   17
     960   20   18   14   53   30   52   47   38   33   47
     980   29   39   61   44   44   48   53   21   33   50
    1000   34   34   20   10   33   24   29   24   39   24
    1020   25   39   20   21    9    9   56   30   28   41
    1040   17   51   23   56   23   23   29   34   40   63
    1060   31   38   46   21   31   29   27   20   33   41
    1080   47   31   28   20   50   60   27   30   34   42
    1100   31   43   25   28   32   21   31   29   16   17
    1120   48   17   32   29   60   38   17   31   28   38
    1140   24   10   48   19   23   25   46   39   31   14
    1160   65   32   31   25   32   15   39   10   56   49
    1180   34   37   17   29   41   52   49   28   30   46
    1200   46   23   25   46   43   50   33   58   40   54
    1220   38   40   64   47   26   32   32   24   62   38
    1240   56   58   52   43   34   21   41   43   35   26
    1260   60   59   61   29   28   27   26   17   37   19
    1280   17   28   45   43   33   46    9   39   33   48
    1300   29   62   35   26   29   29   43   44   45   29
    1320   50   26   44   27   44   58   44   18   20   43
    1340   73   31   60   35   38   19   23   24   58   51
    1360   36   31   42   40   35   27   22   59   54   44
    1380   28   31   36   27   56   23   44   13   14   45
    1400   35   21   46   57   32   34   37   23   25   23
    1420   22   20   43   47   81   31   40   30   29   19
    1440    9   34   22   25   25   24   27   47   37   35
    1460   23   20   27   22   49   18   20   44   15   43
    1480   22   37   30   25   32   30   20   49   62   40
    1500   22   17   40   23   31   29   50   31   37   38
    1520   28   22   37   29   67   20   51   38   39   24
    1540   34   16   35   45   25   13   42   32   30   26
    1560   61   18   45   45   17   21   47   32   41   37
    1580   44   30   46   25   34   33   35   40   21   67
    1600   38   51   32   50   34   53   44   42   37   31
    1620   20   32   15   32   30   35   37   21   47   57
    1640   52   23   33   45   20   20   34   23   29   21
    1660   20   35   27   60   32   32   58   56   26   65
    1680   56   60   46   45   24   31   37   18   11   46
    1700   37   33   35   25   62   44   14   27   32   18
    1720   48   47   14   37   30   68   29   47   41   32
    1740   14   70   27   23   41   43   28   32   37   49
    1760   32   15   37   16   44   40   31   28   42   25
    1780   60   47   43   38   30   29   35   47   38   35
    1800   19   58   44   19   29   43   46   45   23   10
    1820   25   18   16   19   42   13   33   29   37   21
    1840   13   12   31   40   20   27   12   23   34   46
    1860   46    7   48   52   34   32   25   30   14   17
    1880   51   22   43   22   41   20   36   22   28   30
    1900   19   40   32   38   38   35   35   33   44   35
    1920   21   46   46   46   34   21   19   36   28   31
    1940   50   61   35   30   33   56   47   25   32   56
    1960   33   43   43   34   60   33   31   16   53   30
    1980   46   28   26   35   24   45   19   32   52   53
    2000   41   11   23   63   42   29   21   37   32   41
    2020   40   19   26   28   45   28   50   51   28   29
    2040   38   32   36   19   53   40   44   41   39   24
    2060   43   31   50   46   45   48   51   47   25   32
    2080   45   35   12   54   46   28   37   33   26   42
    2100   40   40   59   34   34   34   32   17   43   25
    2120   36   14   13   44   40   21   26   39   29   45
    2140   47   67   46   24   41   25   35   55   37   36
    2160   30   20   37   44   17   40   60   25   20   49
    2180   21   39   35   40   31   57   36   30   20   22
    2200   44   28   43   37   42   23   12   18   21   28
    2220   83   38   45   53   24   70   18   56   36   19
    2240   26   58   44   47   63   30   39   54   42   42
    2260   11   50   33   49   49   47   34   24   27   60
    2280   24   36   26   46   35   16   42   50   27   74
    2300   19   37   50   29   28   17   17   53   52   28
    2320   31   40   39   38   24    5   32   52   30   40
    2340   23   18   38   29   34   35   54   38   42   38
    2360   39   26   39   27   44   42   25   19   36   44
    2380   11   36   37   23   31   64   45   46   40   52
    2400   28   24   29   12   52   28   31   40   29   34
    2420   37   61   28   48   59   35   43   42   45   34
    2440   50   35   24   40   18   44   38   32   20   30
    2460   20   31   27   29   34   56   29   28   26   32
    2480   28   28   47   25   25   42   32   44    4   27
    2500   26   44   55   57   33   21   16   45   36   27
    2520   21   43   50   42   20   39   26   21   13   57
    2540   17    8   18   45   45   26   52   42   13   40
    2560   31   24   27   65   28   43   28   23   37   25
    2580   31   45   20   30   40   40   19    9    8   30
    2600   35   33   23   21   57   36   35   34   29   21
    2620   37   57   40   21   23   48   21   42   57   35
    2640   55   30   50   42   34   18   44   28   13   46
    2660   46   44   52   29   31   19   32   38   20   28
    2680   31   55   38   21   50   49   23   34   29   43
    2700   22   40   24   34   42   38   39   37   29   36
    2720   33   36   46   45   52   39   36   57   39   49
    2740   29   28   23   45   60   27   24   17   37   10
    2760   33   43   37   25   57   35   34   25   20   46
    2780   26   45   40   31   47   30   27   46   31   31
    2800   48   38   30   24   42   30   59   22   18   24
    2820   41   61   18   44   32   37   76   26   26   38
    2840   71   40   39   29   29   45   42   23   21   27
    2860   51   30   38   20   37   29   38   32   54   33
    2880   42   16   27   14   28   57   80   32   44   51
    2900   55   35   32   52   42   48   54   60   23   35
    2920   50   29   20   12   41   17   48   46   43   30
    2940   36   32   57   26   31   42   37   46   38   53
    2960   31   37   53   45   39   26   47   53   49   43
    2980   16   28   45   32   51   17   48   30   56   29
    3000   38   48   29   30   43   52   34   50   31   25
    3020   32   28   18   34   27   29   43   24   25   36
    3040   30   23   37   85   66   37   36   65   24   50
    3060   44   42   42   18   37   28   37   53   47   31
    3080   30   44   59   39   27   16   47   17   22   41
    3100   37   41   37   44   21   44   22   26   37   33
    3120   49   50   27   19   42   33   16   28   24   25
    3140   32   31   21   32   29   34   28   16   33   76
    3160   29   17   18   28   25   49   44   13   27   33
    3180   40   32   15   39   29   31   45   36   27   31
    3200   27   23   49   34   46   19   18   37   23   44
    3220   17   12   20   48   39   40   43   35   24   54
    3240   23   37   21   55   16   29   30   14   34   32
    3260   38   50   25   17   12   23    5   13   28   44
    3280   17   38   34   30   32   34   25   34   43   13
    3300   31   34   27   23   15   26   17   44   29   41
    3320   49   23   25   33   25   30   18   35   45   45
    3340   29   52   33   32   22   33   45   22   16   19
    3360   25   32   28   45   15   27   37   41   54   41
    3380   27   33   70   19   40   42   41   28   22   15
    3400   54   22   55   39   38   35   28   43   11   37
    3420   74   16   22   19   48   39   31   41   27   58
    3440   31   31   62   67   44   27   37   38   33   28
    3460   41   15   42   40   15   38   45   17   28   33
    3480   22   51    9   15   38   21   55   31   20   53
    3500   18   28   27   35   21   32   33   25   36   34
    3520   45   31   38   24   17   49   23   46   26   40
    3540   22   59   40    9   33   34   24   24   34   49
    3560   55   41   25   31   44   46   49   35   47   17
    3580   32   33   37   28   31   31   32   46   29   48
    3600   17   24   38   33   30   39   55   24   32   26
    3620   36   14   16   37   18   22   23   21   30   53
    3640   30   30   32   34   46   29   26   28   44   62
    3660   28   13   36   34   34   33   20   31   29   33
    3680   19   30   11   37   36   52   16   20   14   33
    3700   19   22   33   19   44   32   17   43   28   47
    3720    8   42   23   14   31   25   34   12   21   19
    3740   48   31   27   56   19   22   41   26   31   45
    3760   36   25   40   42   18   27   29   19   27   41
    3780   27   31   38   31   17   38   25   25    9   37
    3800   31   32   27   29    2   28   65   35   24   25
    3820   56   28    8   39   32   33   39   23   27   28
    3840   25   47   29   29   38   28   30   48   20   33
    3860   17   27   19   64   34   36   23   41   23   35
    3880   34   34   34   26   32   32   30   26   16   25
    3900   39   21   21   17   17   23   41   69   11   33
    3920   46   49   31   15   48   33   53   56   30   37
    3940   32   22   18   20   45   31   44   49   34   14
    3960   17   15   23   34   28   28   49   46   38   45
    3980   26   45   32   56   35   33   28   34   42   46
    4000   49   25   28   34   41   39   28   34   20   48
    4020   36   57   32   24   47   31   29   23   45   45
    4040   30   20   47   47   57   45   34   37   25   57
    4060   51   35   45   45   57   47   37   35   34   31
    4080   38   30   46   43   36   60   51   34   21   28
    4100   32   45   28   62   30   48   36   48   42   46
    4120   23   45   32   44   54   36   31   45   33   35
    4140   38   21   26   34   46   65   11   63   46   21
    4160   41   20   45   21   20   28   40   53   53   54
    4180   17   44   15   47   31   33   30   43   28   14
    4200   38   35   59   31   23   27   35   37   38   33
    4220   61   34   46   35   28   31   34   37   45   27
    4240   41   53   32   29   79   41   35   31   49   58
    4260   46   68   43   32   77   20   28   51   41   43
    4280   34   39   51   23   59   33   31   55   35   24
    4300   29   37   32   62   48   42   24   37   51   47
    4320   30   30   26   46   19   34   41   13   65   46
    4340   23   46   64   52   33   37   38   36   28   57
    4360   27   15   46   27   35   23   50   16   22   54
    4380   33   35   39   40   14   31   31   30   47   15
    4400   30   55   20   41   65   43   27   31   24   55
    4420   44   43   20   25   28   26   45   33   26   36
    4440   34   45   48   41   16   35   27   27   35   52
    4460   29   26   33   62   41   14   38   17   27   49
    4480   28   30   37   44   50   30   28   25   39   31
    4500   22   16   35   45   49   28   27   29   35   41
    4520   27   28   43   42   19   38   45   23   34   31
    4540   52   42   44   25   26   31   35   32   24   29
    4560   37   31   39   46   59   34   40   22   59   26
    4580   46   45   52   61   22   45   47   52   65   51
    4600   30   37   64   49   32   17   31   26   17   30
    4620   51   56   44   42   30   49   51   41   38   41
    4640   23   41   27   23   57   41   23   36   44   42
    4660   40   62   46   46   56   36   48   36   73   50
    4680   26   60   32   34   58   25   27   30   44   37
    4700   31   48   37   27   32   21   33   44   51   22
    4720   29   31   12   36   68   35   44   45   30   57
    4740   30   45   32   31   16   29   42   35   44   48
    4760   16   29   36   38   64   48   29   45   21   21
    4780   57   43   57   36   32   22   24   32   24   19
    4800   40   54   27   57   22   56   47   37   36   47
    4820   78   21   38   27   24   18   39   14   48   64
    4840   40   30   39   48   29   25   25   55   29   45
    4860   28   20   39   52   19   17   36   25   13   48
    4880   36   30   51   18   36   35   36   19   33   59
    4900   40   38   59   35   45   44   45   55   38   12
    4920   48   49   56   37   46   34   31   12   21   29
    4940   43   35   59   51   28   45   23   40   28   28
    4960   27   33   33   48   56   32   28   50   47   22
    4980   22   32   23   18   56   37   11   45   45   33
    5000   41   40   23   31   24   55   27   46   51   31
    5020   36   56   33   11   44   49   36   29   30   37
    5040   29   54   30   36   33   33   46   40   52   35
    5060   28   65   50   26   49   72   44   31   29   51
    5080   53   39   40   32   45   30   25   24   39   40
    5100   37   33   44   55   20   35   32   10   28   61
    5120   28   39   23   52   48   18   40   28   53   30
    5140   25   43   37   39   18   24   70   33   37   18
    5160   35   22   40   33   43   46   29   35   36   50
    5180   42   13   40   47   39   64   43   37   40   57
    5200   31   43   55   72   48   26   17   38   54   27
    5220   37   24   40   58   31   27   56   44   32   26
    5240   32   26   35   30   25   37   49   30   30   40
    5260   51   33   41   42   33   54   28   64   46   29
    5280   19   22   52   12   32   51   37   31   24   50
    5300   22   44   36   21   14   40   25   34   27   50
    5320   68   35   24   42   39   35   47   27   52   34
    5340   34   30   24   16   44   25   64   50   31   13
    5360   30   22   41   41   35   43   32   42   36   18
    5380   52   64   28   43   32   28   50   33   81   23
    5400   52   43   48   49   42   42   69   48   38   39
    5420   12   42   23   32   37   45   32   62   26   16
    5440   32   26   35   22   36   24   35   42   76   38
    5460   67   56   63   43   49   37   45   48   42   34
    5480   29   50   41   34   32   35   32   40   45   47
    5500   32   52   30   44   32   41   26   47   31   58
    5520   26   52   32   40   33   50   15   45   53   31
    5540   25   37   25   62   56   48   23   45   69   57
    5560   32   41   31   35   17   39   45   43   35   46
    5580   41   29   23   26   26   32   29   55   20   29
    5600   21   29   30   29   27   33   29   20   26   41
    5620   60   44   19   33   52   44   46   37   59   45
    5640   28   51   40   60   51   37   30   34   51   34
    5660   36   38   44   22    5   34   40   44   18   68
    5680   40   36   32   31   46   37   54   54   23   46
    5700   34   29   43   37   29   27   34   32   28   35
    5720   69   57   36   32   32   49   33   45   42   42
    5740   38   56   25   35   28   14   40   32   43   29
    5760   26   10   17   23   62   28   61   70   21   51
    5780   33   57   30   48   45   40   43   25   34   24
    5800   49   38   39   50   35   38   12   30   54   34
    5820   14   22   27   40   26   53   56   40   35   28
    5840   32   37   23   25   24   42   16   54   25   29
    5860   26   42   41    9   37   27   30   49   23   12
    5880   43   24   40   21   39   30   31   42   48   49
    5900   15   66   27   37   31   51   23   29   37   34
    5920   30   36   42   33   47   42   19   48   19   13
    5940   18   44   21   35   38   50   25   32   31   58
    5960   27   21   14   28   25   32   62   62   57   51
    5980   18    8   29   35   28   22   20   20   34   68
    6000   34   55   24   39   32   44   37   27   45   55
    6020   65   47   36   37   48   53   26   31   18   45
    6040   52   34   39   61   22   47   58   56   36   33
    6060   36   36   32   49   33   53   38   21   21   51
    6080   44   35   22   35   51   65   55   17   40   32
    6100   28   37   23   61   73   52   35   19   14   67
    6120   21   54   15   49   27   49   28   26   30   40
    6140   56   49   25   56   54   28   27   44   40   11
    6160   15   51   43   25   23   36   26   39   30   43
    6180   27   24   49    7   15   26   38   29   47   27
    6200   43   35   42   45   39   19   34   40   34   42
    6220   38   59   41   39   34   33   76   34   55   25
    6240   39   68   43   25   39   28   38   18   56   21
    6260   32   28   26   26   33   28   24   44   33   54
    6280   25   25   44   52   55   14   25   23   34   37
    6300   40   40   16   29   29   49   25   37   62   27
    6320   24   20   21   12   34   24   42   48   45   30
    6340   40   37   42   42   21   43   39   41   29   37
    6360   34   32   38   38   40   47   24   52   36   27
    6380   35   61   64   22   59   33   74   39   16   31
    6400   25   30   23   15   19   35   19   31   22   31
    6420   30   47   34   41   30   60   32   40   18   40
    6440   43   58   48   22   29   51   20   57   25   25
    6460   47   44   43   42   47   51   77   25   46   30
    6480   33   32   31   53   32   46   35   14   44   64
    6500   33   28   48   43   26   64   40   17   57   39
    6520   46   42   35   54   38   29   41   54   43   26
    6540   54   28   64   32   13   50   69   22   27   41
    6560   43   40   40   65   40   33   42   40   34   49
    6580   44   52   30   59   43   37   61   48   24   21
    6600   49   38   58   42   67   52   39   40   48   28
    6620   35   37   40   41   44   38   42   38   17   43
    6640   23   43   40   13   30   44   40   25   32   29
    6660   54   38   26   32   46   19   38   35   22   14
    6680   35   37   34   57   27   32   36   35   22   22
    6700   30   32   57   71   45   32   29   25   45   45
    6720   66   29   28   34   47   35   52   16   25   17
    6740   37   52   22   56   57   45   18   42   49   38
    6760   53   35   47   68   41   36   24   35   49   34
    6780   36   41   41   47   46   55   29   38   39   30
    6800   52   45   58   34   47   39   38   22   30   32
    6820   21   31   22   49   32   47   62   33   55   28
    6840   36   38   51   30   55   40   35   39   59   61
    6860   33   68   52   60   75   69   43   41   39   41
    6880   42   52   57   57   41   38   72   31   45   36
    6900   45   43   35   60   32   41   24   25   56   39
    6920   62   46   68   53   54   21   30   29   10   36
    6940   42   30   41   37   36   43   44   36   36   21
    6960   36   39   33   46   54   34   31   29   46   30
    6980   29   27   36   54   44   20   30   29   62   50
    7000   38   32    5   40   28   20   20   25   26   28
    7020   37   43   35   34   37   56   47   53   73   35
    7040   48   56   44   54   54   21   26   28   11   30
    7060   25   47   74   19   51   49   58   24   30   51
    7080   27   64   35   29   58   39   27   54   53   36
    7100   67   59   26   40   33   35   34   43   38   31
    7120   35   27   36   47   51   52   32   19   34   40
    7140   64   34   38   33   21   40   37   45   48   45
    7160   39   58   41   45   35   27   28   55   29   44
    7180   50   43   34   39   23   58   55   62   27   48
    7200   44   26   27   19   47   45   40   37   64   43
    7220   38   19   41   53   49   36   16   47   29   29
    7240   46   51   34   26   41   23   35   45   45   50
    7260   42   39   54   39   50   44   49   33   55   35
    7280   67   41   46   52   51   33   42   36   65   61
    7300   54   35   58   33   25   67   35   71   43   41
    7320   37   36   44   60   44   68   25   66   36   58
    7340   31   45   37   46   36   40   21   40   51   17
    7360   33   40   46   36   43   35   39   17   72   44
    7380   43   41   49   46   14   59   35   33   40   42
    7400   30   45   55   23   28   36   42   31   29   49
    7420   47   46   40   51   42   58   37   27   13   24
    7440   47   11   72   49   16   26   63   32   40   22
    7460   35   15   27   22   24   52   36   23   29   26
    7480   30   35   36   31   40   30   14   17   25   42
    7500   76   33   13   11   45   36   26   51   32   55
    7520   35   48   42   35   41   22   11   46   45   43
    7540   24   50   28   33   54   18   37   22   59   48
    7560   28   30   19   35    8   60   56   37   29   19
    7580   41   14   62   39   37   57   36   37   49   16
    7600   49   26   48   59   33   51   27   45   24   40
    7620   34   15   34   48   33   30   65   78   36   52
    7640   19   60   65   26   56   43   33   52   40   77
    7660   16   20   26   58   12   38   12   29   35   21
    7680   22   26   79   18   39   62   27   40   25   38
    7700   36   43   49   32   36   62   31   50   32   52
    7720   47   22   48   55   50   61   47   74   28   47
    7740   58   27   32   51   40   28   40   65   38   28
    7760   54   60   28   49   39   37   37   33   52   37
    7780   34   53   27   88   63   32   42   38   34   56
    7800   38   33   29   63   53   40   58   39   41   51
    7820   28   38   40   30   28   43   29   37   69   44
    7840   72   99   32   75   38   21   72   16   17   68
    7860   39   43   32   79   49   44   56   56   21   43
    7880   54   40   53   39   52   44   27   19   24   17
    7900   43   47   48   24   17   36   57   19   30   32
    7920   31   39   38   41   38   34   46   36   41   49
    7940   28   33   38   45   14   10   32    4   20   37
    7960   37   33   26   20   61   29   43    8   22   43
    7980   29   21   38   40   56   31   34   22   16   29
    8000   19   31   52   26   49   23   36   22   21   42
    8020   23   43   61   52   22   16   32   46   27   85
    8040   37   37   43   42   24   40   43   49   58   31
    8060   32   26   19   30   13   51   56   22   18    7
    8080   29   33   50   34   26   18   40   46   22   37
    8100   20   23   33   42   55   19   48   48   34   45
    8120   18   14   16   30   15   37   29   30   48   41
    8140   61   17   27   27   15   26   29   24   22   30
    8160   35   21   30   37   24   40   39   40   50   27
    8180   26   62   46   43   61   53   31   72   20   26
    8200   43   54   29   24   47   38   68   45   67   49
    8220   34   46   48   29   44   41   56   53   55   43
    8240   41   33   43   63   67   32   69   55   28   41
    8260   65   18   19   49   52   43   53   22   31   60
    8280   37   44   24   45   53   36   24   51   22   35
    8300   30   27   28   33   32   25   32   25   29   21
    8320   26   36   29   39   14   21   39   43   55   40
    8340   42   24   56   49   38   65   57   46   66   61
    8360   48   17   21   38   40   27   42   27   54   23
    8380   53   30   27   30   41   34   37   24   22   36
    8400   25   33   29   26   25   36   47   35   36   32
    8420   33   58   53   25   59   41   50   58   50   22
    8440   59   33   42   57   40   30   24   50   28   52
    8460   25   21   13   36   66   41   10   35   56   21
    8480   29   64   41   24   31   35   26   34   41   51
    8500   24   27   65   39   24   39   67   46   78   20
    8520   52   79   40   44   57   48   48   47   34   30
    8540   35   46   43   49   34   56   52   37   72   42
    8560   37   43   41   38   44   88   19   40   66   29
    8580   38   50   44   23   54   40   22   34   32   44
    8600   67   37   58   33   29   44   46   22   65   27
    8620   72   44   20   31   30   52   42   40   41   32
    8640   51   25   54   25   25   23   31   39   66   34
    8660   34   49   32   20   34   34   31   41   29   33
    8680   36   72   37   53   40   43   25   40   37   16
    8700   27   41   50   30   41   37   40   41   55   48
    8720   45   54   33   31   45   34   29   11   32   14
    8740   48   64   58   22   64   38   38   50   33   25
    8760   44   40   32   21   41   44   64   48   33   38
    8780   49   36   44   42   23   46   20   62   33   24
    8800   22   50   72   25   27   26   34   37   31   44
    8820   37   58   56   23   57   31   30   38   23   48
    8840   13   48   50   46   59   14   52   11   57   38
    8860   27   29   50   30   30   41   30   31   20   27
    8880   29   32   26   48   41   48   34   77   36   38
    8900   43   49   25   35   30   50   30   40   53   38
    8920   29   38   48   20   38   34   43   35   23   26
    8940   42   34   41   43   36   16   33   34   23   21
    8960   24   29   24   57   60   21   24   47   45   32
    8980   34   35   55   61   27   27   67   18   47   29
    9000   43   46   43   54   31   16   40   17   26   29
    9020   32   43   32   19   67   47   26   27   27   19
    9040   42   30   23   16   44   44   42   37   47   37
    9060   42   54   20   10   40   26   44   29   34   38
    9080   30   39   26   21   36   46   39   27   26   25
    9100   24   63   38   54   23   16   22   41   29   36
    9120   22   49   43   38   25   54   14   30   38   49
    9140   50   33   49   29   23   33   35   47   32   42
    9160   94   37   53   34   33   28   40   37   34   44
    9180   42   61   57   48   58   49   31   68   71   47
    9200   49   60   40   25   49   62   27   27   47   29
    9220   67   69   42   84   44   33   50   59   33   34
    9240   32   44   62   28   58   45   50   22   41   51
    9260   24   13   40   55   52   47   32   23   42   28
    9280   34   36   16   38   51   36   33   29   23   30
    9300   34   21   53   48   29   50   44   26   33   28
    9320   25   47   43   29   43   28   48   50   54   31
    9340   42   22   38   20   71   49   86   63   32   72
    9360   31   38   27   33   47   74   76   65   48   56
    9380   41   52   52   50   34   62   41   55   64   32
    9400   69   29   41   29   43   38   18   58   37   27
    9420   40   61   24   54   45   43   29   39   37   27
    9440   23   58   41   17   30   50   44   36   37   84
    9460   36   35   57   40   27   41   50   27   71   29
    9480   31   55   52   28   42   43   56   22   59   37
    9500   23   40   15   39   39   42   73   38   30   24
    9520   18   40   50   32   47   29   11   74   29   46
    9540   30   64   33   29   14   39   14   50   16   28
    9560   36   41   36   47   41   29   36   42   32   26
    9580   44   49   37   53   38   40   45   33   27   34
    9600   46   45   57   24   43   40   32   61   62   18
    9620   26   36   44   36   23   29   42   32   56   10
    9640   30   32   58   24   39   44   39   55   38   37
    9660   46   28   55   24   68   47   64   27   27   35
    9680   33   35   64   33   37   26   44   39   23   37
    9700   29   49   59   37   27   53   31   46   44   31
    9720   22   46   36   20   46   15   39   26   40   36
    9740   26   56   53   68   32   35   64   28   37   39
    9760   23   33   45   28   62   37   12   19   26   31
    9780   29   58   60   27   49   30   23   35   14   45
    9800   11   36   29   34   44   19   15   47   48   24
    9820   13   18   28   41   23   37   26   19   33   34
    9840   22   42   24   35   46   11   25   31   34   46
    9860   45   19   31   46   17   22   11   36   23   49
    9880   37   54   30   14   13   39   13   28   19   52
    9900   50   45   33   18   29   49   27   55   31   34
    9920   29   51   37   38   41   35   46   43   33   42
    9940   46   51   44   47   54   42   60   60   48   45
    9960   40   44   49   38   53   61   45   62   37   50
    9980   56   45   35   55   34   51   38   43   21   21
   10000   26   36   34   36   47   62   32   62   35   27
   10020   47   33   25   50   43   41   61   48   38   24
   10040   19   24   22   46   55   37   26   22   29   32
   10060   18   49   34   50    9   45   47   37   31   36
   10080   42   29   60   30   33   51   61   43   25   32
   10100   56   36   39   32   46   55   52   25   47   18
   10120   48   17   51   53   25   41   43   54   54   46
   10140   49   19   61   56   25   45   47   56   48   44
   10160   45   45   65   64   34   45   37   31   55   18
   10180   36   30   47   32   26   26   46   49   45   55
   10200   38   24   50   21   76   23   24   27   36   15
   10220   39   40   50   21   55   22   26   39   40   20
   10240   38   22   34   28   26   36   34   31   28   32
   10260   32   26   45   24   33   54   61   65   52   29
   10280   27   49   23   24   49   20   32   62   49   55
   10300   21   44   37   33   28   36   42   16   67   34
   10320   13   38   36   35   31   31   40   26   26   54
   10340   56   28   44   39   23   53   21   48   19   26
   10360   15   34   42   49   36   31   49   40   26   30
   10380   17   38   31   32   58   51   41   15   29   34
   10400   51   32   26   37   36   23   30   22   20   42
   10420   12   31   43   49   38   23   62   36   16   54
   10440   27   23   41   11   23   35   32   24   45   51
   10460   22   53   21   30   37   35   28   48   35   28
   10480   43   31   30   21   59   44   53   31   23   45
   10500   50   28   73   42   50   32   35   70   33   16
   10520   59   25   31   65   49   55   59   66   33   44
   10540   41   12   41   30   66   51   35   35   27   44
   10560   48   29   62   19   49   51   23   49   41   46
   10580   55   39   36   42   43   48   30   44   43   31
   10600   60   40   30   51   61   28   31   60   29   36
   10620   41   16   50   30   34   17   38   33   35   35
   10640   55   44   43   44   50   48   35   36   20   41
   10660   25   51   57   47   42   54   27   55   57   54
   10680   49   30   52   16   41   57   20   40   62   37
   10700   76   20   13   47   35   42   12   58   61   58
   10720   41   45   24   30   75   58   19   17   32   27
   10740   32   39   24   43   44   41   37   40   51   29
   10760   24   43   43   39   32   32   36   44   62   45
   10780   38   29   19   40   29   20   48   60   58   51
   10800   37   38   59   34   58   15   45   48   61   56
   10820   45   52   53   55   32   56   25   26   29   52
   10840   56   83   42   76   40   60   75   70   50   50
   10860   50   30   37   28   55   51   51   58   43   35
   10880   33   55   46   41   40   18   46   57   60   52
   10900   53   48   33   50   40   69   47   44   30   41
   10920   68   40   21   41   67   52   50   61   61   43
   10940   44   30   33   78   56   23   58   39   57   52
   10960   51   59   49   30   32   50   43   38   40   40
   10980   28   38   31   29   27   73   26   41   46   46
   11000   35   16   34   18   36   30   34   50   29   63
   11020   27   45   36   39   20   43   30   48   31   23
   11040   93   60   25   42   21   27   44   54   62   46
   11060   41   51   62   35   37   68   44   34   60   37
   11080   17   46   29   44   46   45   54   51   39   23
   11100   25   45   54   32   69   33   37   59   35   36
   11120   40   27   32   24   19   43   27   26   76   35
   11140   26   44   66   30   17   28   36   41   47   36
   11160   49   23   12   32   30   29   31   20   39   19
   11180   21   23   35   34   23   15   44   36   21   26
   11200   24   29   27   51   65   41   25   30   35   48
   11220   17   35   55   33   51   26   23   40   29   24
   11240   16   41   42   31   41   29   25   19   35   21
   11260   18   38   14   32   48   12   24   32   34   28
   11280   53   22   35   40   62   35   38   41   26   50
   11300   42   10   18   41   17   18   25   23   49   36
   11320   29   30   19   35   26   31   17   32   28   31
   11340   38   29   28   17   55   26   54   36   26   18
   11360   17   70    6   20   29   36   39   30   33   21
   11380   22   32   35   46   30   53   45   17   50   30
   11400   33   21   31   19   20   65   45    9   34   62
   11420   36   45   44   40   40   30   28   36   48   52
   11440   46   63   55   32   60   33   25   30   35   49
   11460   43   41   21   40   25   38   40   27   27   38
   11480   65   40   34   35   32   21   23   18   60   33
   11500   41   42   23   34   18   35   27   28   16   10
   11520   34   31   34   41   44   18   30   15   21   11
   11540   29   35   17   55   32   45   34   81   34   53
   11560   36   69   31   44   18   40   38   44   31   49
   11580    9   18   40   43   21   37   44   13   27   41
   11600   41   20   32   81   57   25   39   47   43   30
   11620   19   41   26   59   43   15   52   43   22   59
   11640   31   37   16   39   15   42   31   43   17   25
   11660   28   32   18   33   44   54   48   49   52   43
   11680   65   58   67   55   24   33   47   38   41   26
   11700   26   37   44   29   46   26   42   24   60   44
   11720   33   20   34   52    6   34   45   36   17   44
   11740   43   53   40   33   52   41   15   40   31   25
   11760   72   34   38   41   16   46   32   27   28   26
   11780   37   27   54   33   29   35   32   15   21   14
   11800   40   26   14   23   25   54   41   26   48   18
   11820   15   26   53   23   14   49   38   23   33   37
   11840   43   41   29   46   33   32   20   11   52   25
   11860   72   43   29   40   38   32   45   41   38   32
   11880   56   35   20   47   36   49   24   28   40   46
   11900   37   45   23   37   30   25   28   44   62   39
   11920   43   35   59   54   46   27   28   52   43   39
   11940   46   28   73   24   51   41   65   49   37   44
   11960   30   31   45   35   57   64   32   49   47   37
   11980   45   27   37   40   56   39   28   39   42   53
   12000   44   37   41   38   36   32   49   14   36   35
   12020   27   34   58   70   40   20   42   30   23   43
   12040   26   57   33   34   35   70   30   37   44   18
   12060    9   43   24   40   50   36   48   52   33   39
   12080   19   44   32   30   25   23   39   53   22   31
   12100   38   52   39   35   39   43   41   38   22   61
   12120   24   50   18   45   28   58   64   22   26   27
   12140   24   29   37   27   28   37   11   14   36   38
   12160   39   34   49   32   30   20   40   36   32   18
   12180   46   40   38   36   41   18   42   34   20   38
   12200   46   56   31   25   60   51   35   50   13   49
   12220   21   54   33   46   47   39   43   64   48   50
   12240   23   48   30   35   40   36   39   21   42   33
   12260   27   38   32   28   54   25   31   32   25   41
   12280   29   27   48   22   42   74   28   34   47   31
   12300   54   49   19   50   44   24   52   34   74   53
   12320   31   22   22   44   27   18   26   21   30   23
   12340   49   39   32   43   42   65   31   36   34   30
   12360   54    9   39   28   31   31   23   40   39   52
   12380   35   22   55   27   31   29   13   29   36   41
   12400   29   28   25   34   28   22   36   13   27   41
   12420   60   42   33   17   22   40   31   31   36   13
   12440   35   39   27   38   25   34   35   34   36   20
   12460   38   36   34   22   21   26   18   34   31   28
   12480   47   51   31   57   58   37   18   27   49   53
   12500   45   35   46   30   73   33   30   40   35   26
   12520   38   31   34   29   30   19   30   38   24   41
   12540   39   12   40   15   37   25   61   36   41   42
   12560   31   32   27   50   30   50   36   22   60   34
   12580   36   38   44   44   42   51   39   45   40   37
   12600   18   10   35   43   65   50   35   33   43   55
   12620   36   40   48   21   37   30   40   27   40   29
   12640   40   39   32   57   62   44   48   49   62   30
   12660   32   34   41   34   41   28   31   31   41   35
   12680   34   13   31   16   35   34   27   44   40   30
   12700   38   50   30   27   20   23   45   39   22   17
   12720   40   15   30   28   51   36   29   39   18   64
   12740   20   32   24   43   17   28   19   37   38   46
   12760   28   60    4   37   27   26   36   59   20   31
   12780   31   39   13   14   40   30   20   51   24   36
   12800   17   19   22   49   66   19   36   27   41   21
   12820   76   36   33   35   27   29   29   40   37   19
   12840   37   16   24   20   24   41   11   33   42   37
   12860   26   27   28   67   53   55   43   27   59   31
   12880   33   39   33   39   42   34   40   26   43   31
   12900   51   23   21   36   30   44   42   26   37   14
   12920   41   19   13   34   29   29   50   23   24   15
   12940   32   28   32   38   23   13   29   19   39   22
   12960   40   33   38   60   46    8   32   18   46   23
   12980   38   44   38   25   39   39   43   40   32   62
   13000   22   43   26   33   19   46   26   31   19   61
   13020   17   28   59   33   19   37   72    7   36   25
   13040   37   26   20   44   37   33   75   21   59   31
   13060   51   24   42   28   31   27   24   56   40   14
   13080   47   32   36   35   19   29   19   55   23   24
   13100   18   35   34   49   56   38   24   30    9    9
   13120   31   70   22   42   63   48    9   24   24   22
   13140   11   35   16   17   33   29   18   30   18   20
   13160   25   45   35   24   34   17   18   30   28   16
   13180    9   22   43   28   14   18   26   31   35    7
   13200   23   39   22   18   32   16   52   26   25   26
   13220   23   25   41   65   15   41   36   37   36    9
   13240   49   42   15   21   26   42   24   33   26   27
   13260   64   58   34   24   30   38   57   39   38   22
   13280   34   31   37   60   22   21   27   58   52   31
   13300   42   33   24   36   28   38   11   49   24   45
   13320   49   18   33   32   30   22   22   46   52   37
   13340   49   29   57   36   29   27   13   25   14   44
   13360   27   31   40   33   18   34   17   46   49   27
   13380   16   17   41   41   78   21   32   29   27   51
   13400   45   33   32   48   58   42   25   33   38   36
   13420   38   35   22   39   33   31   47   28   54   33
   13440   23   41   30   52   32   21   58    8   50   43
   13460   44   35   21   29   37   43   58   32   49   38
   13480    8   48   46   40   44   25   38   33   48   46
   13500   45   22   37   16   29   25   25   36   28   17
   13520   57   36   45   34   25   35   57   20   37   14
   13540   36   52   42   30   57   68   26   49   29   44
   13560   28   55   44   45   57   20   42   35   73   58
   13580   72   38   53   44   33   36   34   59   56   45
   13600   39   69   35   33   38   30   47   32   50   16
   13620   28   58   47   43   72   60   55   40   43   50
   13640   72   43   63   76   58   32   46   40   31   57
   13660   64   28   50   34   38   54   45   37   20   46
   13680   45   20   49   39   18   25   27   43   48   63
   13700   50   49   49   28   26   47   46   48   27   23
   13720   25   40   35   36   71   28   28   60   39   42
   13740   27   26   56   39   41   31   40   15   54   51
   13760   35   19   30   50   49   65   37   24   29   43
   13780   44   40   29   59   24   57   54   33   45   29
   13800   37   30   20   54   53   40   25   49   15   23
   13820   22   43   40   44   48   31   33   45   45   47
   13840    8   29   45   33   54   41   45   53   26   47
   13860   44   47   52   36   49   31   47   53   68   37
   13880   37   43   34   43   27   64   15   20   41   70
   13900   22   68   29   28   21   39   43   33   28   50
   13920   42   23   62   47   20   36   14   35   44   16
   13940   24   52   43   33   30   27   25   34   60   39
   13960   14   30   55   35   32   46   26   33   16   40
   13980   40   15   59   46   43   47   69   24   56   59
   14000   63   67   30   41   37   35   59   44   27   14
   14020   30   44   50   57   39   32   30   17   54   28
   14040   45   43   33   54   47   27   42   26   47   22
   14060   18   30   53   50   51   26   55   33   33   59
   14080   35   37   47   49   55   30   24   35   56   28
   14100   37   38   72   52   39   35   35   27   22   33
   14120    1   66   35   27   39   29   17   49   33   51
   14140   38   33   24   71   25   37   29   48   62   20
   14160   20   51   19   24   37   30   52   16   43   42
   14180   30   18   33   38   46   31   20   58   30   61
   14200   24   26   38   14   28   13   16   34   43   50
   14220   41   42   26   51   29   33   24   31   41   27
   14240   51   40   36   50   33   25   30   43   25   33
   14260   27   29   43   35   36   38   44   45   49   44
   14280   27   62   49   39   48   48   42   60   45   15
   14300   35   59   30   31   13   46   18   48   57   28
   14320   39   35   18   36   31   11   39   49   32   38
   14340   21   39   30   32   27   24   30    9   43   49
   14360   44   25   77   42   56   41   35   58   19   33
   14380   22   64   61   32   46   50   23   29   64   43
   14400   51   37   54   22   58   43   31   40   82   22
   14420   23   54   17   42   59   44   28   54   49   67
   14440   69   42   68   36   39   23   54   16   20   57
   14460   49   46   32   39   41   59   48   40   25   40
   14480   57   31   39   40   38   55   27   35   53   27
   14500   33   14   60   46   48   72   53   54   55   39
   14520   41   67   20   30   35   52   58   31   53   48
   14540   45   75   39   26   37   38   40   23   16   42
   14560   25   56   47   48   40   36   46   32   43   74
   14580    9   29   13   37   27   19   46   39   37   38
   14600   26   67   28   67   57   46   59   45   44   36
   14620   81   54   27   44   37   58   78   58   49   37
   14640   20   23   34   44   36   52   43   45   61   28
   14660   44   45   56   64   51   43   49   49   35   30
   14680   39   44   41   45   34   64   55   48   58   19
   14700   41   60   32   65   49   47   31   65   30   44
   14720   44   72   61   23   37   46   66   36   39   40
   14740   35   47   25   36   48   47   50   25   34   30
   14760   55   47   68   55   13   57   30   45   43   30
   14780   27   40   58   53   36   15   25   32   35   32
   14800   24   26   28    9   31   54   37   58   37   17
   14820   22   26   36   16   26   32   54   46   28   39
   14840   48   31   27   39   11   23   54   56   29   25
   14860   51   43   51   71   43   47   35   60   44   20
   14880   24   38   57   40   23   37   25   52   33   66
   14900   24   44   37   39   45   29   44   57   40   47
   14920   35   56   16   55   35   17   49   30   49   50
   14940   41   55   33   31   31   23   36   29   23   40
   14960   70   43   66   41   52   80   46   49   64   49
   14980   31   22   55   44   56   35   20   43   30   48
   15000   48   40   22   56   53   52   45   57   59   33
   15020   44   35   35   33   29   19   33   23   36   33
   15040   42   53   42   44   21   43   38   39   23   14
   15060   30   20   44   64   41   31   50   53   47   46
   15080   30   24   46   35   21   52   65   21   12   31
   15100   29   53   29   41   25   52   58   51   53   36
   15120   11   38   35   26   18   37   26   56   31   43
   15140   20   32   35   46   34   28   48   21   36   21
   15160   39   41   30   49   28   56   34   41   36   26
   15180   15   41   24   33   29   35   35   46   23   15
   15200   29   29   41   70   32   36   32   18   21   21
   15220   56   38   39   52   28   32   35   39   34   39
   15240   35   36   43   20   43   26   42   30   44   31
   15260   41   56   37   45   56   44   36   30   39   43
   15280   27   59   50   34   21   39   26   37   28   55
   15300   51   42   80   20   39   67   42   37   32   29
   15320   62   48   43   37   20   36   47   27   43   25
   15340   47   27   46   49   37   22   35   35   11   17
   15360   19   24   15   38   62   34   18   19   16   46
   15380   39   35   32   56   57   39   24   69   35   39
   15400   20   14   37   24   60   40   47   66   56   49
   15420   53   71   69   21   31   19   43   37   67   29
   15440   23   44   21   43   68   48   38   23   44   39
   15460   46   60   28   36   32   41   59   48   21   51
   15480   34   46   44   55   44   63   36   37   37   60
   15500   36   43   53   46   38   28   49   52   23   30
   15520   55   23   41   35   43   93   42   30   19   54
   15540   31   38   37   38   43   64   33   39   43   32
   15560   42   55   31   48   46   47   60   49   36   18
   15580   41   42   32   49   27   51   43   62   25   44
   15600   39   37   15   49   46   45   40   50   48   61
   15620   50   64   60   39   23   36   77   51   52   47
   15640   34   36   45   51   53   54   77   54   26   68
   15660   32   51   28   41   32   29   60   28   29   36
   15680   43   59   24   31   24   44   29   31   60   19
   15700   71   39   28   44   33   36   49   40   45   37
   15720   48   46   32   55   49   48   40   59   35   49
   15740   62   32   60   38   41   23   47   39   38   34
   15760   40   41   32   45   34   40   42   52   62   44
   15780   51   25   41   34   32   60   53   29   33   56
   15800   46   52   47   25   38   45   52   49   16   35
   15820   39   21   58   21   30   43   28   17   49   35
   15840   38   49   40   35   40   30   36   44   29   50
   15860   25   61   26   60   14   48   35   24   10   28
   15880   40   41   47   27   17   33   24   59   30   15
   15900   41   38   54   44   27   28   15   38   34   31
   15920   14   45   63   50   30   25   31   55   32   82
   15940   43   40   43   34   37   39   41   23   32   30
   15960   33   35   19    9   23   31   34   23   32   17
   15980   37   65   31   48   36   30   43   38   39   55
   16000   30   28   50   19   61   35   30   39   64   26
   16020   46   39    9   30   47   22   24   29   53   40
   16040   61   55   28   21   36   54   39   33   66   48
   16060   18   22   26   40   52   62   26   36   38   11
   16080   46   28   20   33   34   27   30   16   59   28
   16100   45   25   35   57   30   24   29   35   19   60
   16120   45   27   23   47   23   24   36   40   45   40
   16140   51   46   33   18   44   47   52   19   29   30
   16160   43   44   38   40   30   30   22   41   29   37
   16180   27   54   23   22   39   56   49   79   37   55
   16200   24   49   40   31   34   42   45   51   50   49
   16220   45   25   58   27   39   48   36   16   31   28
   16240   58   32   60   25   64   53   53   26   31   44
   16260   52   25   33   27   50   25   25   53   24   31
   16280   45   11   52   45   45   69   43   48   47   48
   16300   40   41   64   51   23   47   27   36   40   46
   16320   43   46    8   28   41   33   29   50   35   23
   16340   52   51   69   45   47   35   30   30   56   28
   16360   57   36   63   56   45   83   41   17   55   65
   16380   68   42   29   55   30   35   43   58   40   25
   16400   38   46   52   35   47   18   36   58   29   48
   16420   56   17   47   29   48   34   58   40   22   43
   16440   64   41   45   45   57   55   39   47   41   46
   16460   60   26   54   55   53   19   19   34   41   57
   16480   55   59   55   64   44   33   22   35   62   41
   16500   61   50   20   46   43   22   30   28   43   45
   16520   39   56   20   38   61   39   52   31   41   58
   16540   18   15   28   35   28   41   21   65   25   44
   16560   37   22   50   42   25   39   37   30   57   32
   16580   29   27   29   37   23   50   25   34   40   56
   16600   17   29   36   57   31   28    8   55   50   38
   16620   41   33   19   38   25   46   32   27   30   46
   16640   28   37   13   45   30   22   40   19   23   28
   16660   49   37   47   34   35   32   40   30   42   53
   16680   38   42   64   54   42   35   20   39   36   44
   16700   47   50   45   42   53   37   35   24   35   18
   16720   48   25   21   31   33   15   30   62   16   39
   16740   46   53   69   19   35   38   21   61   36   27
   16760   46   34   59   31   35   22   59   46   34   26
   16780   22   17   48   33   39   51   26   28   42   19
   16800   62   26   55   47   66   52   57   23   20   41
   16820   26   46   49   51   42   53   36   43   19   56
   16840   60   42   47   50   35   78   28   51   35   40
   16860   58   41   53   44   49   55   32   33   44   33
   16880   39   37   22   35   59   44   43   27   52   30
   16900   30   46   53   40   34   52   34   29   27   38
   16920   55   37   26   43   45   23   14   54   50   21
   16940   15   21   36   53   26   44   47   23   11   40
   16960   32   12   26   20   24   48   45   25   35   33
   16980   29   33   67    6   35   30   48   37   50   51
   17000   23   52   61   22   40   33   30   19   51   35
   17020   37   64   42   44   61   20   25   56   60   34
   17040   62   59   37   36   44   29   28   43   60   34
   17060   36   47   23    9   28   34   54   48   49   48
   17080   37   29   29   48   25   33   20   45   36   40
   17100   17   32   29   36   39   22   25   21   34   38
   17120   20   51   39   32   30   30   25   30   39   62
   17140   13   16   39   22   22   26   33    9   50   22
   17160   25   34   22   41   35   49   18   41   49   42
   17180   32   31   46   37   24   15   37   60   65   56
   17200   41   43   33   38   46   17   37   25   26   45
   17220   48   30   45   35   22   39   50   44   18   48
   17240   31   43   48   38   20   37   47   82   45   29
   17260   37   60   46   69   33   46   45   64   55   52
   17280   31   38   36   33   29   37   54   45   45   50
   17300   49   22   40   46   31   51   14   52   54   55
   17320   74   37   42   34   36   23   23   49   50   38
   17340    6   69   43   42   61   34   34   76   33   57
   17360   47   46   52   62   32   57   22   37   31   31
   17380   56   50   39   36   30   34   44   37   45   41
   17400   51   51   45   43   37   53   73   48   60   59
   17420   32   39   46   40   47   75   43   33   53   46
   17440   58   45   33   14   30   21   44   32   47   42
   17460   39   46   26   41   52   33   37   19   27   37
   17480   30   86   48   35   34   33   48   55   30   33
   17500   23   59   56   49   61   68   31   39   23   50
   17520   39   45   34   50   39   41   49   46   46   39
   17540   49   45   30   47   33   49   41   68   74   44
   17560   33   45   40   54   35   69   45   32   51   17
   17580   49   45   60   26   48   37   38   36   32   31
   17600   47   40   69   24   42   47   38   36   20   33
   17620   38   30   31   61   16   35   35   33   38   65
   17640   28   28   59   32   45   50   34   32   60   52
   17660   66   31   40   38   29   39   38   24   29   25
   17680   30   57   65   65   40   56   32   41   41   42
   17700   48   31   37   16   25   14   29   31   34   67
   17720   33   64   37   57   16   51   44   34   23   69
   17740   38   19   51   43   58   78   27   43   41   51
   17760   23   20   31   43   26   41   16   62   42   49
   17780   20   32   54   36   42   41   41   49   35   38
   17800   38   49   23   28   26   42   34   47   38   60
   17820   36   37   33   26   56   67   32   48   35   51
   17840   74   21   29   52   32   36   53   20   24   41
   17860   66   25   35   44   14   36   60   28   32   57
   17880    6   53   30   38   39   54   44   66   29   54
   17900   29   22   53   46   29   51   60   41   47   44
   17920   44   32   53   24   32   36   31   33   27   48
   17940   53   36   48   45   85   37   56   59   64   28
   17960   44   39   37   53   66   18   35   22   36   56
   17980   36   34   23   46   20   36   42   33   35   54
   18000   61   49   24   50   15   29   28   47   32   59
   18020   28   40   28   42   50   22   21   55   25   47
   18040   26   21   47   39   16   45   38   34   21   41
   18060   34   37   18   30   44   20   32   18   45   44
   18080   37   23   44   57   41   39   62   15   32   40
   18100   31   25   46   39   14   35   50   32    4   29
   18120   51   20   41   50   10   46   37   30   55   25
   18140   35   43   71   44   30   36   48   58   41   33
   18160   28   31   44   27   35   26   38   45   40   55
   18180   19   17   35   53   41   29   41   36   12   35
   18200   39   45   44   31   29   23   31   35   20   21
   18220   30   19   47   77   48   50   25   41   18   14
   18240   54   53   40   15   56   58   63   38   19   62
   18260   12   11   23   28   55   35   24   15   45   62
   18280   32   12   51   31   44   51   54   49   44   13
   18300   54   30   37   51   27   52   48   24   31   18
   18320   42   56   21   20   48   16   40   39   44   23
   18340   52   41   48   17   42   70   25   45   35   27
   18360   31   54   27   49   38   24   20   39   46   35
   18380   29   37   48   22   32   24   36   37   83   16
   18400   67   33   51   45   33   45   28   27   46   28
   18420   18   23   25   60   37   40   30   53   20   28
   18440   51   43   20   35   23   29   26   44   49   44
   18460   52   34   34   47   73   60   42   47   68   65
   18480   48   23   47   37   23   36   60   54   40   36
   18500   57   39   24   17   17   30   50   41   35   22
   18520   30   24   44   34   33   36   44   23   19   16
   18540   37   24   64   56   41   61   64  101   41   44
   18560   57   30   43   63   42   51   47   27   35   49
   18580   46   58   28   17   28   51    7   78   49   25
   18600   25   54   42   53   54   50   17   52   38   26
   18620   34   28   63   42   62   66   24   27   48   38
   18640   51   45   53   32   47   21   78   46   46   44
   18660   38   61   60   52   32   32   75   37   46   29
   18680   19   39   45   64   34   54   17   28   50   22
   18700   51   27   12   57   59   40   41   55   33   28
   18720   44   54   40   25   27   28   30   55   43   23
   18740   25   36   42   60   28   31   31   51   62   29
   18760   39   35   33   38   26   26   30   49   43   53
   18780   40   39   36   52   37   45   20   52   35   51
   18800   43   17   46   39   47   28   25   54   38   49
   18820   72   31   20   51   40   45   43   35   34   32
   18840   62   27   61   78   36   62   65   22   55   60
   18860   69   30   63   52   26   40   40   44   23   37
   18880   57   37   40   71   30   49   47   32   38   64
   18900   38   60   64   77   44   37   24   31   25   37
   18920   32   64   36   32   58   17   34   69   30   50
   18940   43   38   43   42   24   25   48   41   25   22
   18960   43   55   58   29   27   49   36   72   38   48
   18980   36   26   37   30   36   29   73   38   49   26
   19000   40   42   30   22   46   75   53   54   41   35
   19020   30   25   37   41   43   59   52   40   50   74
   19040   25   36   56   55   38   57   18   34   67   39
   19060   39   33   36   37   60   35   35   22   57   28
   19080   34   74   66   33   38   32   37   47   86   52
   19100   44   49   72   17   27   37   45   58   30   48
   19120   57   52   32   30   28   55   35   37   29   28
   19140    8   40   31   32   37   63   19   50   19   12
   19160   42   32   57   41   61   36   31   48   46   51
   19180   36   28   18   43   41   55   57   40   30   34
   19200   62   32   28   53   38   46   73   52   78   32
   19220   50   37   43   46   32   26   43   47   32   64
   19240   20   21   50   20   17   54   52   45   58   14
   19260   31   50   33   33   24   53   40   42   37   20
   19280   65   48   39   47   33   44   52   32   58   44
   19300   48   51   59   36   47   30   39   30   44   81
   19320   33   87   54   28   66   45   62   53   43   68
   19340   60   28   47   45   35   36   60   34   54   32
   19360   30   74   24   36   54   32   34   86   60   31
   19380   41   48   43   31   37   24   32   57   25   60
   19400   36   36   34   64   51   32   62   22   30   19
   19420   47   63   21   32   19   19   43   49   61   42
   19440   46   32   33   60   25   52   43   42   26   59
   19460   43   33   32   48   27   35   52   68   27   21
   19480   59   17   20   59   39   55   27   54   63   30
   19500   58   37   49   56   37   42   24   25   33   21
   19520   16   37   26   25   38   19   25   28   24   34
   19540   33   41   18   15   41   43   36   35   20   37
   19560   29   35   31   37   48   38   29   30   20   24
   19580   40   25   28   42   25   26   41   43   32   57
   19600   52   33   32   37   27   43   31   37   30   38
   19620   35   44   29   14   38   47   36   62   15   32
   19640   29   36   45   52   20   25   38   45   75   12
   19660   20   58   59   32   29   54   34   44   24   37
   19680   31   59   58   51   57   36   40   35   43   42
   19700   27   30   42   36   54   28   69   30   35   62
   19720   28   35   43   35   44   22   60   14   37   52
   19740   27   44   46   25   22   50   39   41   33   22
   19760   37   40   32   25   39   40   24   19   27   15
   19780   55   23   18   18   25   61   39   28   47   94
   19800   18   15   33   25   24   55   41   42   40   28
   19820   57   36   15   55   60   39   54   41   57   45
   19840   68   35   54   32   59   29   44   47   52   43
   19860   52   54   22   30   42   21   74   47   38   34
   19880   21   36   31   34   22   29   36   22   28   43
   19900   48   33   37   31   52   35   44   35   31   40
   19920   39   77   34   44   69   26   15   43   48   26
   19940   30   30   41   37   31   29   25   14   45   49
   19960   40   48   41   56   54   33   51   46   50   41
   19980   53   31   46   56   38   45   37   39   35    7
   20000   33   33   40   24   38   34   42   27   49   39
   20020   18   40   27   41   25   49   25   24   65   48
   20040   49   23   17   52   27   33   35   38   45   43
   20060   37   22   53   34   35   17   67   35    9   42
   20080   24   11   19   30   29   16   45   25   29   20
   20100   42   28   32   16   44   34   28   30   18   19
   20120   14   26   19   34   20   34   38   23   29    9
   20140   25   36   29   12   33   25   86   39   16   19
   20160   26   14   44   42   18   37    7   39   38   15
   20180   13   30   16   10   33   38   27   41   33   30
   20200    9   16   46   52   54   59   49   29   50   32
   20220   35   36   40   45   42   31   36   43   61   29
   20240   50   38   68   69   37   29   42   28   51   21
   20260   52   34   33   23   30   51   27   45   25   21
   20280   24   38   48   26   15   30   42   32   36   35
   20300   17   44   62   32   39   34   49   40   40   25
   20320   19   46   39   39   31   24   31   35   27   31
   20340   75   13   49   29   35   13   36   33   34   29
   20360   26   18   31   35   61   12   14   37   21   45
   20380   46   18   52   33   54   25   39   38   29   37
   20400   25   42   32   40   17   25   43   40   33   10
   20420   21   36   19   22    5   19   40   31   23   27
   20440   32   22   34   24   31   30   43   17   22   19
   20460   26   30   29   47   17   35   69   18   32   21
   20480   38   42   34   40   40   24   36   18    9   22
   20500   34   27   40   24   60   42   33   24   36   29
   20520   34   17   45   32   23   40   25   65   42   31
   20540   41   38   50   25   37   42   22   16   42   44
   20560   39   10   20   45   31   25   74   33   59   33
   20580   22   44   14   13   29   23   39   53   25   37
   20600   33   15   31   44   41   32   48   45   14   48
   20620   27   39   25   35   22   27   26   34   28   28
   20640   16   20   25   25   23   35   23   30   52   23
   20660   20   43   21   31   52   21   36    7   38   46
   20680   51   17   28   36   15   12   35   29   37   27
   20700   42   31   42   29   32   43   57   36   11   20
   20720   35   56   25   52   24   23   32   48   37   52
   20740   16    9   58   59   33   24   35   44   41   24
   20760   15   29   34   63   20   28   33   43   55   24
   20780   39   56   30   44   31   25   25   34   45   26
   20800   44   49   34   33   44   33   33   30   45   30
   20820   38   49   24   60   51   30   27   21   60   35
   20840   35   37   11   33   55   40   40    9   47   20
   20860   38   52   54   22   26   14   25   45   48   24
   20880   30   39   23   19   26   34   29   30   17   52
   20900   36   52   31   29   30   61   29   12   25   26
   20920   46   35   30   35   38   26   85   15   23   27
   20940   27   23   27   38   33   41   23   29   50   35
   20960   56   52   38   41   36   40   64   44   12   45
   20980   17   39   39   57   59   20   19   22   13   20
   21000   16   16   40   21   65   43   33   27   36   27
   21020   27   23   36   45   45   45   22   46   42   13
   21040   32   48   47   16   30   29   31   32   23   41
   21060   37   48   14   21   25   54   47   42   48   30
   21080   35   44   44   37   43   50   38   59   68   64
   21100   23   38   43   38   14   44   34   29   50   16
   21120   25   15   27   43   47   56   61   19   45   46
   21140   24   21   23   31   30   54   38   27   27   20
   21160   44   54   41   29   52   29   32   29   47   46
   21180   35   47   27   43   38   37   61   26   30   23
   21200   39   10   35   18   71   49   33   39   34   34
   21220   64   17   25   20   47   41   34   60   39   56
   21240   35   31   43   29   21   52   34   33   45   34
   21260   46   25   36   40   41   23   38   47   43   36
   21280   39   37   33   34   30   35   24   32   30   23
   21300   45   41   77   26   61   49   75   40   32   49
   21320   22   59   49   32   35   49   24   49   57   37
   21340   63   40   23   28   48   53   57   50   27   45
   21360   34   24   42   32   39   49   31   31   13   43
   21380   30   61   46   38   23   54   41   49   22   44
   21400   55   51   50   51   21   34   50   45   26   47
   21420   59   28   38   39   71   33   67   43   33    3
   21440   30   40   30   31   60   38   41   23   12   24
   21460   40    6   31   57   32   31   57   22   29   41
   21480   38   26   42   42   37   56   53   25   44   26
   21500   32   25   41   36   28   31   32   29    7   13
   21520   51   20   30   45   21   32   26   63   18   22
   21540   25   22   36   67   52   24   59   27   50   30
   21560   28   26   37   19   32   35   20   32   39   33
   21580   37   28   32   48   63   53   34   24   20   20
   21600   24   44   39   19   33   27   48   28   60   43
   21620   48   68   19   43   31   39   59   41   31   45
   21640   13   23   57   36   29   56   46   86   62   35
   21660   41   34   37   44   47   36   13   28   53   61
   21680   54   18   33   21   48   23   48   29   35   28
   21700   45   33   63   16   21   31   27   15   25   20
   21720   46   36   34   30   27   35   35    9    5   29
   21740   42   51   28   34   28   18   29   27   27   61
   21760   40   34   37   26   23   14   43   30   23   17
   21780   31   25   43   51   47   22   46   27   55   37
   21800   40   42   51   30   30   37   38   45   28   61
   21820   49   35   39   10   22   49   39   59   48   48
   21840   57   50   34   48   22   50   51   25   36   19
   21860   23   12   25   49   19   31   36   46   46   28
   21880   50   24   36   42   44   36   30   76   30   43
   21900   30   26   48   28   21   64   39   53   48   44
   21920   15   50   29   14   25   32   36   36   46   48
   21940   26   45   24   29   43    8   33   51   68   18
   21960   48   47   17   23   38   17   29   44   30   30
   21980   21   53   35   35   32   41   37   44   32   25
   22000   42   69   25   43   39   68   38   38   45   39
   22020   53   28   31   40   64   56   38   34   25   58
   22040   52   41   34   38   34   32   33   38   34   12
   22060   17   27   36   29   41   48   57   46   39   54
   22080   42   59   42   24   41   41   30   49   64   27
   22100   39   67   37   44   40   55   31   18   34   34
   22120   24   50   32   61   43   60   24   16   44   47
   22140   22   25   60   15   36   12   48   39   34   19
   22160   39   42   36   39   29   21   27   12   24   44
   22180   28   29   32    9   28   32   41   49   39   37
   22200   36   51   36   27   29   13   26   21   31   53
   22220   51   31   32   56   33   20   31   32   29   18
   22240   24   43   58   43   26   59   30   32   28   46
   22260   31   33   38   39   37   56   39   31   40   25
   22280   64   18   51   26   39   77   15   50   31   27
   22300   36   28   47   49   47   49   25   39   45   51
   22320   31   19   51   29   38   25   31   97   35   19
   22340   68   51   53   41   54   33   67   24   50   37
   22360   45   67   30   48   70   34   28   35   36   30
   22380   41   36   31   14   59   28   25   29   33   39
   22400   34   61   28    9   80   38   33   37   33   54
   22420   51   28   50   38   47   28   49   42   32   25
   22440   46   38   50   34   27   40   45   27   41   15
   22460   46   64   57   58   63   25   49   74   61   49
   22480   30   33   39   28   31   43   54   60   44   19
   22500   52   18   35   48   16   28   41   42   41   23
   22520   24   31   14   93   45   41   62   75   34   22
   22540   33   57   50   44   64   53   51   25   46   28
   22560   36   79   35   56   45   55   38   42   53   61
   22580   54   77   35   56   33   55   41   39   20   58
   22600   53   59   38   37   52   30   29   31   41   52
   22620   27   61   42   37   42   56   33   26   22   38
   22640   29   53   56   44   75   61   33   47   34   40
   22660   33   67   45   50   61   26   65   43   23   58
   22680   37   34   66   45   59   23   19   55   55   38
   22700   33   55   21   35   52   36   46   19   53   41
   22720   29   70   34   39   34   65   24   52   44   42
   22740   57   43   41   34   53   35   34   61   29   47
   22760   52   57   46   60   36   44   45   49   38   43
   22780   58   69   20   26   22   23   50   24   37   34
   22800   28   25   18   20   42   43   31   27   56   16
   22820   22   29   38   21   75   24   53   15   56   65
   22840   58   27   28   34   32   21   36   39   54   39
   22860   42   21   32   39   22   77   71   68   55   42
   22880   41   38   23   48   51   27   39   35   56   24
   22900   72   37   33   31   34   51   28   43   25   54
   22920   34   32   39   26   33   54   25   22   51   34
   22940   37   20   50   31   36   63   47   28   36   35
   22960   67   25   47   23   66   45   89   49   50   38
   22980   51   18   52   42   41   45   35   33   63   38
   23000   74   35   34   20   28   29   38   75   39   66
   23020   38   20   40   36   13   42   48   51   30   32
   23040   26   44   28   51   29   68   40   30   28   27
   23060   43   29   41   43   27   72   65   43   55    7
   23080   12   63   20   59   52   31   51   40   46   30
   23100   40   35   49   31   46   30   56   17   54   23
   23120   63   29   53   25   61   29   60   20   35   25
   23140   40   35   30   60   51   24   58   45   52   38
   23160   30   15   25   42   49   28   39   60   68   51
   23180   15   25   59   35   60   30   17   53   48   42
   23200   54   20   25   49   32   63   60   35   30   22
   23220   40   25   33   34   46   19   10   13   70   31
   23240   38   32   13   41   32   55   23   51   55   26
   23260   19   71   35   22   41   26   22   34   44   45
   23280   28   10   48   36   23   39   46   39   30   33
   23300   23   20   37   44   23   43   34   38   57   47
   23320   67   29   31   36   68   42   34   54   12   27
   23340   43   13   37   39   47   49   34   21   19   37
   23360   52   15   49   64   42   43   52   35   47   38
   23380   44   42   37   41   53   49   37   32   22   41
   23400   55   21   32   31   27   20   61   47   13   39
   23420   37   19   37   36   51    9   27   41   26   29
   23440   23   17   40   41   11   55   47   53   26   15
   23460   16   20   31   34   35   10   56   38   18   33
   23480   39   28   27   49   45   48   39   30   32   30
   23500   73   37   27   27   35   16   28   22   55   30
   23520   20   50   51   38   29   38   41   51   55   31
   23540   47   29   29   17   27   25   44   45   38   33
   23560   44   56   30   28   50   61   60   28   15   53
   23580   15   24   52   34   34   51   22   33   29   67
   23600   30   20   28   44   15   44   26   18   17   30
   23620   14   22   26   17   29   24   42   17   44   33
   23640   20   19   34   32   29   34   20   46   38   19
   23660   55   34   31   47   52   31   39   51   44   35
   23680   30   18   58   51   42   38   14   30   44   37
   23700   40   45   12   25   47   38   30   52   40   64
   23720   47   26   51   42   55   55   44   41   81   31
   23740   37   40   51   37   49   45   46   53   33   23
   23760   40   42   34   43   20   39   29   59   21   27
   23780   38   54   34   46   41   20   34   26   43   49
   23800   35   31   23   27   42   11   43   54   43   44
   23820   50   24   28   26   46   22   40   24   25   51
   23840   47   53   37   61   40   20   22   31   24   18
   23860   32   48   24   50   49   19   52   22   29   11
   23880   39   50   22   67   45   20   43   26   35   35
   23900   42   24   32   35   26   10   48   29   42   24
   23920   44   37   36   61   25   30   18   22   24   22
   23940   17   19   29   36   17   15   13   14   18   39
   23960   19   35   39   25   35    6   21   42   42   28
   23980   17   22   16   26   45   10   39   49   40   27
   24000   38   16   42   57   33   17   20   52   50   32
   24020   47   31   64   20   51   21   32   34   33   34
   24040   46   36   42   24   42   41   17   45   31   27
   24060   42   19   28   27   33   38   34   17   49   26
   24080   13   24   46   25   49   26   29   39   31   27
   24100   37   23   24   42   34   42   43   77   34   50
   24120   18   29   47   42   54   46   28   56   31   51
   24140   39   31   72   56   26   43   15   26   12   20
   24160   56   49   35   44   15   40   30   20   27   23
   24180   47   38   45   40   23   40   39   17   39   46
   24200   49   40   50   14   46   42   18   51   33   37
   24220   37   56   24   31   34   66   62   19   44   48
   24240   30   11   61   40   19   62   46   54   40   48
   24260   43   62   74   55   36   45   45   19   46   35
   24280   47   55   29   46   53   39   31   50   22   52
   24300   47   23   37   42   36   56   56   29   46   31
   24320   48   56   22   39   54   40   42   45   38   55
   24340   24   66   54   55   43   51   22   41   33   54
   24360   26   34   38   13   42   18   37   41   35   34
   24380   42   55   34   43   49   42   46   25   45   37
   24400   33   35   55   40   29   31   44   24   45   26
   24420   36   36   20   54   45   63   70   38   34   32
   24440   52   50   56   42   64   40   35   51   44   41
   24460   16   16   26   24   64   37   41   29   62   64
   24480   44   32   40   58   41   40   53   29   65   62
   24500   52   50   42   43   37   62   46   15   55   37
   24520   44   43   18   42   41   39   35   16   38   44
   24540   50   50   39   28   45   41   36   11   48   21
   24560   35   20   47   45   71   22   51   23   34   43
   24580   49   30   79   30   20   27   31   32   26   62
   24600   37   46   31   22   25   47   29   20   46   61
   24620   11   41   47   47   51   41   37   22   30   20
   24640   34   39   31   21   34   23   33   35   31   27
   24660   34   41   35   22   18   44   49   46   35   30
   24680   25   37   35   25   24   31   42   39   50   23
   24700   21   73   33   32   23   29   27   39   41   41
   24720   36   50   41   46   32   51   46   43   32   46
   24740   40   39   46   60   34   58   21   29   28   40
   24760   16   50   49   46   12   47   22   18   30   28
   24780   47   45   38   27   12   29   23   25   49   38
   24800   24   35   24   42   22   35   46   36   44   44
   24820   54   32   61   38   27   34   26   50   37   43
   24840    8   35   57   42   23   44   28   52   28   10
   24860   34   54   10   34   37   47   30   60   31   42
   24880   20   63   15   39   49   53   28   62   65   34
   24900   50   55   37   29   39   24   23   36   48   28
   24920   60   27   16   44   51   52   42   51   39   43
   24940   27   37   31   35   28   50   39   27   57   36
   24960   44   41   44   37    9   31   27   42   61   35
   24980   34   63   30   46   28   54   28   12   13   52
   25000   16   62   56   35   20    8   35   29   23   25
   25020   30   28   45   27   25   32   28   27   35   42
   25040   18   63   31   51   24   22   31   39   59   34
   25060   43   43   20   23   29   54   11   62   56   45
   25080   36   18   37   33   30   52   26   39   35   40
   25100   42   50   21   55   26   12   24   44   31   16
   25120   43   34   37   30   17   52   28   21   47   12
   25140   42   29   32   34   20   32   13   43   50   36
   25160   17   29   43   29   33   21   41   24   10   32
   25180   25   48   38   44   32   22   28   28   35   41
   25200   35   43   45   20   37   23   22   41   45   40
   25220   24   33   40   48   41   37   27   65   24   24
   25240   28   35   25   60   29   41   15   29   32   14
   25260   26   38   26   32   24   35   40   24   24   37
   25280   34   34   27   10   19   25   29   53   44   40
   25300   41   49   29   42   40   32   50   19   36   29
   25320   34   32   18   32   32   30   40   41   29   37
   25340   43   32   38   41   32   22   22   45   44   34
   25360   55   40   62   38   38   25   45   35   50   33
   25380   40   40   33   23   21   53   51   34   43   67
   25400   23   52   34   46   41   40   42   58   27   38
   25420   67   45   34   31   52   25   48   73   14   32
   25440   44   38   52   43   74   49   28   36   37   38
   25460   18   21   28   35   65   25   36   56   50   49
   25480   60   86   44   45   23   43   44   51   76   47
   25500   54   66   52   35   26   77   61   47   45   69
   25520   48   33   43   64   37   50   58   45   74   35
   25540   32   57   37   49   41   35   39   43   54   43
   25560   55   40   30   34   54    9   34   34   26   44
   25580   57   53   40   45   43   68   77   43   62   47
   25600   61   59   42   35   40   11   38   17   41   35
   25620   53   37   30   32   30   48   62   42   36   35
   25640   44   63   52   40   32   32   33   36   30   54
   25660   25   37   55   41   56   22   51   66   25   73
   25680   36   44   39   41   29   21   18   36   14   29
   25700   43   46   39   65   33   31   40   16   32   53
   25720   53   27   48   54   41   31   39   20   33   32
   25740   38   62   34   17   45   40   46   35   41   43
   25760   52    8   27   30   25   49   47   28   37   31
   25780   39   17   37   16   43   34   30   38   44   30
   25800   58   44   19   69   37   34   36   19   24   37
   25820   43   42   18   39   30   30   42   25   43   26
   25840   44   10   15   69   34   31   42   41   47   24
   25860   58   17   22   21   49   45   61   43   48   39
   25880   46   55   50   26   56   33   32   35   49   56
   25900   33   39   62   31   33   44   17   28   26   45
   25920   39   48   39   23   62   26   45   57   32   49
   25940   36    7   37   35   46   33   26   28   33   39
   25960   35   41   19   19   24   44   27   31   25   18
   25980   45   49   25   36   46   50   38   25   41   23
   26000   21   55   50   29   27   60   18   37   26   20
   26020   33   44   48   20   52   19   56   38   19   48
   26040   44   52   42   31   32   58   26   32   37   40
   26060   36   58   31   27   42   45   36   36   29   33
   26080   42   27   49   28   37   29   46   20   28   23
   26100   55   20   46   36   22   18   27   25   48   28
   26120   28   19   32   43   37   28   35   54   41   18
   26140   42   35   22   35   42   39   24   20   51   23
   26160   39   27   52   25   24   15   40   16   22   30
   26180   34   59   20   24   31   22   22   32   26   17
   26200   28   41   14   23   25   26   20   53   24   20
   26220   28   62   14   35   19   43   11   37   20   14
   26240   18   35   21   22   34   22   24   29   14   26
   26260   23   50   39   66   22   42   52   37   28   37
   26280   52   25   47   57   44   29   47   35    7   51
   26300   42   21   25   51   31   24   50   24   35   38
   26320   29   27   46   42   28   39   30   48   22   41
   26340   59   26   22   28   32   43   20   24   27   38
   26360   45   35    9   35   28   52   32   20   45   32
   26380   28   32   29   29   55   29   17   50   21   35
   26400   44   45   35   44   34   28   42   50   57   35
   26420   58   47   34   29   41   15   67   57   43   35
   26440   55   44   36   20   36   30   42   23   39   19
   26460   16   63   43   40   37   58   35   17   51   39
   26480   19   34   33   52   39   44   57   38   51   49
   26500   56   25   24   26   39   76   25   36   79   50
   26520   67   23   25   23   77   55   26   58   60   51
   26540   35   56   24   41   35   58   50   45   22   46
   26560   55   51   26   28   14   43   40   22   29   48
   26580   34   44   32   64   68   42   27   21   38   66
   26600   46   54   57   20   43   46   34   33   43   47
   26620   33   33   39   20   32   26   35   42   48   29
   26640   27   35   57   39   65   32   38   35   27   40
   26660   47   24   47   41   41   48   25   31   42   42
   26680   36   32   63   30   25   34   24   29   48   15
   26700   27   67   46   78   45   54   33   43   52   44
   26720   32   15   34   56   32   45   74   53   40   46
   26740   33   40   50   20   51   51   69   24   27   47
   26760   45   38   21   62   31   35   32   58   17   62
   26780   54   38   40   31   33   48   37   66   46   33
   26800   77   27   41   15   47   21   45   38   56   66
   26820   33   19   33   42   34   24   59   37   55   51
   26840   41   37   42   56   23   28   75   47   58   27
   26860   32   46   39   51   38   49   48   45   36   23
   26880   26   42   43   18   41   49   21   39   36   45
   26900   38   55   48   34   58   23   35   30   36   70
   26920   49   30   23   50   44   68   22   25   29   64
   26940   45   34   21   45   49   71   35   33   51   27
   26960   22   31   59   38   38   43   76   72   33   24
   26980   54   51   23   28   20   42   45   31   34   51
   27000   46   36   47   25   56   59   68   37   59   49
   27020   29   43   51   45   40   34   51   36   53   28
   27040   12   19   44   21   48   40   60   48   46   32
   27060   44   24   59   29   35   32   28   33   51   23
   27080   13   28   28   45   35   29   22   33   48   31
   27100   28   29   34   47   50   22   28   60   32   28
   27120   56   33   30   24   12   52   29   48   34   15
   27140   39   29   42   56   23   47   32   31   35   55
   27160   46   44   40   36   34   43   37   33   27   19
   27180   35   33   55   34   58   22   16   38   50   39
   27200   27   30   33   34   31   35   53   25   27   23
   27220   13   42   31   15   16   24   36   35   21   43
   27240   11   31   37   24   13   28   28   45   42   22
   27260   31   50   48   59   37   21   59   48   31   26
   27280   29   51   21   69   54   42   43   25   32   25
   27300   21   24   24   40   26   24   48   43   38   18
   27320   36   53   48   32   43   47   38   69   28   23
   27340   51   45   41   35   61   46   28   60   28   19
   27360   55   61   48   32   44   41   45   50   49   52
   27380   47   21   47   21   25   35   26   44   19   45
   27400   72   82   44   41   60   41   19   52   49   34
   27420   49   49   31   36   47   34   48   48   44   30
   27440   35   48   61   34   32   26   45   29   61   34
   27460   30   19   47   27   20   31   54   50   36   62
   27480   34   22   37   59   29   64   37   33   14   23
   27500   36   33    8   47   51   45   62   45   56   21
   27520   19   49   29   43   29   44   20   22   31   46
   27540   24   56   30   64   33   41   10   30   31   40
   27560   18   51   35   38   27   53   44   31   37   32
   27580   18   30   27   41   52   20   54   46   20   55
   27600   32   35   32   42   45   28   43   41   28   25
   27620   50   43   23   37   56   43   58   33   36   33
   27640   29   37   25   52   46   41   32   56   51   33
   27660   37   53   28   28   34   50   23   80   46   50
   27680   25   31   45   58   45   36   12   49   25   34
   27700   47   30   46   52   48   39   37   31   59   45
   27720   31   56   32   52   31   71   29   37   58   31
   27740   25   23   50   18   70   34   28   36   63   61
   27760   18   51   24   39   41   61   48   53   28   51
   27780   43   37   28   63   38   32   39   30   34   36
   27800   33   13   24   38   34   32   49   17   30   44
   27820   18   44   34   80   43   26   21   53   25   38
   27840   67   60   33   34   30   30   50   27   58   28
   27860   43   29   40   19   22   52   25   32   11   38
   27880   44   56   75   38   31   28   31   54   23   38
   27900   21   44   39   30   57   30   17   29   17   55
   27920   36   42   41   28   34   42   33   23   27   42
   27940   40   23   33   37   24   30   31   51   39   41
   27960   52   22   52    8   41   27   64   26   32   39
   27980   27   33   57   13   47   44   52   16   11   36
   28000   36   24   39   43   44   32   35   20   15   25
   28020   53   49   40   49   52   49   38   37   30   26
   28040   22   19   27   29   67   34   49   50   64   44
   28060   41   25   29   40   22   41   74   29   64   22
   28080   39   15   48   39   98   59   46   44   19   23
   28100   27   37   36   53   38   35   51   20   51   49
   28120   48   30   59   33   45   60   44   61   54   34
   28140   29   42   43   66   35   37   59   36   30   38
   28160   20   44   44   23   49   62   28   30   40   38
   28180   33   69   33   54   51   48   45   64   23   44
   28200   94   32   34   54   14   49   38   33   31   20
   28220   26   49   75   44   36   37   18   33   59   45
   28240   48   43   28   34   42   48   21   45   45   26
   28260   65   37   57   33   19   26   33   31   51   35
   28280   26   27   66   28    9   40   60   42   42   17
   28300   41   30   60   46   53   47   48   36   45   52
   28320   34   73   32   63   27   42   33   30   39   43
   28340   21   47   64   61   46   67   62   36   51   58
   28360   35   23   58   58   25   50   37   15   28   67
   28380   27   37   24   14   21   26   26   37   41   27
   28400   32   39   18   27   58   44   41   55   21   28
   28420   44   36   28   24   56   59   75   27   39   35
   28440   28   36   51   37   46   19   43   54   38   50
   28460   20   63   57   24   39   27   14   38   30   33
   28480   57   24   23   29   19   45   32   33   26   72
   28500   32   27   33   41   28   34   34   25   33   37
   28520   26   44   45   51   24   18   39   26   31   45
   28540   32   34   46   33   31   54   47   40   37   41
   28560   58   17   26   52   21   23   38   15   37   12
   28580   25   28   22   37   48   24   13   12   14   52
   28600   29   41   41   49    5   17   39   46   12   40
   28620   33   43   31   23   36   45   34   27   18   16
   28640   49   32   36   24   42   48   84   38   58   42
   28660   35   32   56   63   29   45   58   59   57   35
   28680   35   30   42   41   35   42   68   22   29   49
   28700   28   36   28   48   30   45   49   57   18   83
   28720   31   36   40   69   41   42   23   31   21   57
   28740   60   41   31   62   30   23   50   38   18   33
   28760   25   40   36   51   34   41   46   22   31   31
   28780   63   19   24   14   56   31   55   29   40   43
   28800   36   44   36   12   26   63   30   26   33   27
   28820   26   36   21    8   49   52   44   43   39   46
   28840   30   29   18   35   21   49   26   27   22   26
   28860   18   22   24   44   28   32   33   26   28   38
   28880   50   20   38   29   34   28   13   30   38   30
   28900   52   26   38   17   51   46   37   11   25   37
   28920   59   26   20   31   48   54   25   45   27   56
   28940   41   26   23   22   27   22   33   23   42   25
   28960   47   47   19   38   24   27   25   17   14   52
   28980   43   38   37   37   26   34    8   21   43   14
   29000   29   27   28   51   24   26   35   35   22   15
   29020   30   25   24   26   37   40   43   28   37   42
   29040   41   20   23   35   51   31   26   52   23   33
   29060   62   36   35   41   37    8   28   46   51   25
   29080   38   27   19   36   49   33   38   41   70   17
   29100   75   33   49   49   40   29   43   28   76   42
   29120   44   79   72   36   44   38   43   45   33   45
   29140   29   52   40   45   62   29   47   36   42   30
   29160   36   42   79   68   31   23   37   42   40   41
   29180   38   27   61   33   38   39   36   27   14   57
   29200   25   49   25   28   49   34   31   35   45   28
   29220   35   24   27   37   42   30   51   48   49   36
   29240   19   32   28   27   60   23   31   28   39   40
   29260   15   18   25   37   46   40   24   32   24   46
   29280   22   50   29   55   51   36   34   25   34   19
   29300   42   65   31   25   27   20   37   24   36   29
   29320   42   51   19   35   35   33   55   59   38   29
   29340   23   29   32   10   49   48   37   67   39   43
   29360   58   46   74   24   63   39   41   31   45   45
   29380   46   39   40   62   28   37   25   48   22   46
   29400   46   27   41   25   35   39   43   60   27   61
   29420   43   25   40   50   22   42   14   29   20   29
   29440   21   42   10   41   33   27   30   39   31   45
   29460   75   18   42   43   21   46   47   62   46   30
   29480   42   50   61   27   32   35   15   26   60   20
   29500   31   44   61   66   35   43   33   47   60   31
   29520   49   59   44   56   41   39   36   51   43   28
   29540   41   59   67   36   35   30   40   27   59   41
   29560   16   31   54   21   53   42   69   54   41   20
   29580   32   38   63   57   41   41   76   18   23   63
   29600   80   34   59   25   19   34   24   31   36   51
   29620   45   50   54   31   69   21   43   25   55   32
   29640   42   53   37   37   22   44   49   52   33   50
   29660   52   48   28   48   40   53   45   36   44   48
   29680   22   57   40   43    9   14   38   21   34   34
   29700   21   36   61   37   36   32   40   51   46   51
   29720   52   58   32   62   18   37   20   46   39   42
   29740   43   40   67   34   35   68   42   49   39   31
   29760   19   35   39   53   49   28   50   47   30   38
   29780   43   18   46   61   47   33   37   52   13   31
   29800   57   36   54   46   27   26   50   11   46   48
   29820   42   33   41   21   43   55   61   35   52   38
   29840   41   37   46   14   32   19   34   23   44   35
   29860   41   53   30   44   50   44   33   41   85   40
   29880   29   46   49   36   30   41   25   20   38   34
   29900   68   43   42   51   53   36   13   18   39   35
   29920   22   49   67   32   38   47   30   45   39   66
   29940   51   51   55   54   41   32   29   50   43   37
   29960   61   50   38   38   41   50   25   42   44   36
   29980   31   26   30   30   36   43   34   37   51   52
   30000   61   56   44   61   41   34   23   52   77   34
