      20  105  123   94   93   65   89  155  101  116   95
      40   67  109   77  135  128   99   98   84  133  126
      60   79  110  116  103  102   72   96   81   91  101
      80   63   81   96   71  100  130   86   35   79  143
     100   67  101  102  126  111   99  108   85  121   94
     120   96   88   90  127   99   76  109   85   96  106
     140   78   81   72   93   78   77   77   89  109   76
     160  144   97  107   92   84  116  103   95   66   94
     180   87   94   91   92  120   44  114   97   89  113
     200  142   76  105   63  112  135  100   88   79  125
     220   82   52   41  103   83  111   96   64   80   79
     240  131   69   93   69  137  103  128  153   76   49
     260  102  127   92  117   82   70   82  102  120   95
     280  116   77   75   60   67  109  101   95   82  131
     300  114  119   84  126   81   93   78  106   61   82
     320   92   91   88   94  101   94   23   84   92   84
     340  105   69  109  110   95   77  104   66   94   80
     360   89   84  102   99   65   70   81   62   83   73
     380   92   70   94   82   81  101  133   80   80  100
     400   67   62   96   91   57   96   87   90  111   95
     420   94  113   86   75   92  108   58   76   91   82
     440  145   48   74  101  114   74   64  110  110   55
     460   75   57  112   84  104   99  109   87   51  117
     480  105   77   82   63  109   59  125   99   81   58
     500  114   43  135   81   75  128   95  103   74   57
     520  124   94   89   70   85   75  112  110   97   44
     540  101   55   87   89   74   64   76  103   92   70
     560  114   92  102  109   64   59  107   94   65   56
     580   88   64   88   64   89   69   82  101   89   78
     600   75  138   73   62   92   75  116  100  135   89
     620  124   72   82   58   77   56   72   97   69  127
     640   44   75   69  109   53   76   75   87   58   84
     660   88  104   64   63   86   47  122   81   45   61
     680   70   53   76   82   75   46   81   85   70   80
     700   59   80   50   60  112   64   89   90   80   96
     720   94   63   75   31   75   54   75   83   66   85
     740   88   73   61   73   74   51   75   69   74   70
     760   97   94   70   74  102   40   63  108   85  104
     780   82   81   80   83  112   72   88   83   91   98
     800   82   51   88  100   65   99   39   87   86   64
     820  101   62  139  112   96   55   77   87  104   52
     840  101   72   98   55   64   80   50   74   94   61
     860  116   63   50   63   78   75   48   53   64   68
     880   74   88   98   92   87   70   53   49   44   40
     900   64   66   90   44   66   79   67   99   69   94
     920   44   55   68   58   65  128   77   74   69   67
     940   19   78   51   81   55   67   77   47   80   96
     960  121   59   83   46   95   41   91   73   70   63
     980  100   95   70   93   69   59   59   59   87   56
    1000  126   56   65   44   39   72   62   71   84   28
    1020   96   81   81   72   97   45   89   65   92   58
    1040   65   60   48   97   71   86   58   79   69  122
    1060   78   46   81   81   69   95   98   72   53   80
    1080   51   86   68   65   66   65   62   97   60   63
    1100   52   33   60   71   45   61   61   75   54   70
    1120   77   55   63   70   53   78   73   68   56   61
    1140   58   89   76   44   62   45   55   45   36   38
    1160   61   70   59   95   57   73   73   68   36   42
    1180   87   61   27   62   65   40   74   76  102   70
    1200   77   63   72   43   56   48   84   78   69   72
    1220   85   76   77   59   80   78  101   55   39   80
    1240   61   67   63   56   87  131  110   64   66   65
    1260   71   38   52   65   76   49   64   76   21   74
    1280   68   38   88   45   66   61   59   31   80   47
    1300   55   40   37   43   57   59   57   54   73   65
    1320   76   45   80   58   90  109   99   85   55   49
    1340   38   75   57   65   66   56   78   63   71   68
    1360   73   61   53   83   65   70   79   42   65   42
    1380   40   62   57   71   76   82   95   47   70   70
    1400   31   76   58   83   63   65   46   45   57   68
    1420   66   95   59   77   82   55   80   44   89   57
    1440   56   86   55   91   59   58   45   52   37   49
    1460   66   96   71   52   67   37   48   65   44   61
    1480   56   74   50   87   30   57   69   67   25   57
    1500   70   52   54   41   58   52   75   39   38   53
    1520   62   66   63   63   84   88   74   57   65   55
    1540   63   26   46   94   66   81   33   62   46   45
    1560   44   55   34   51   48   41   71   87   60   61
    1580   38   39   71   47   70   72   38   54   65   77
    1600   39   72   46   52   85   50   55   58   45   66
    1620   67   63   39   62   50   60   79   86   30   51
    1640   56   18  102   34   53   53   91   22   81   51
    1660   88   52   56   28   66   85   44    7   73   90
    1680   85   62   44   81   69   37  109   57   40   52
    1700   42   44   79   51   90   58   73   68   88   74
    1720   63   59   70   53   90   73   50   61   55   37
    1740   75   98   49   44   63   41   53   33   72   57
    1760   93   48   38   97   48   52   51   62   51   62
    1780   23   35   48   62   82   55   93   91   68   65
    1800   43   45   45   96   68   38   73   44   51   67
    1820   58   99   50   89   45   51   42   73   92   62
    1840   89   55   88   62   38   41   56   56   82   57
    1860   27   33   44   69   57   88   81   83   82   52
    1880   76   27   50   71   63   47   76   83   70   68
    1900   38   52   57   60   74   38   58   88   88   63
    1920   65   74   32   61   69   51   46   80   36   47
    1940   49   64   72   59   92   35   32   72   58   84
    1960   74   43   73   68   74   62   23   47   44   61
    1980   64   40   54   28   55   30   54   71   49   60
    2000   64   71   63   44   39   64   64   48   60   49
    2020   55   69   85   96   49   71   86   45   32   80
    2040   69   84   40   35   73   40   22   51   61   44
    2060   92   53   51   39   45   88   57   70   67   46
    2080   71   76   54  113   66   86   55   38   53   61
    2100   62   55   67   21   61   37   57   91   61   74
    2120   52   67   95   75   72   34   61   48   70   93
    2140   63   59   54   43   59   78   54   50   61   43
    2160   37  103   76   53   43   55   54   60   56   53
    2180   65   69   59   49   62   54   57   66   78   74
    2200  121   70   47   48   55   71   38   56   42   68
    2220   73   65   50   43   73   64   53   70   64   38
    2240   60   76   60   46   71   53   69   62   52   93
    2260   95   66   85   59  110  101   53   56   67   69
    2280   32   51   61   81   91   53   54   48   62   73
    2300   68   65   41   71   72   56  102   64   50   68
    2320   73   45  114   51   62   81   96   47   77   64
    2340   41   35   45   50   80   48   41   50   48   67
    2360   73   74   83   49   42   59   83   64   47   59
    2380   43   93   94   87   53   39   88   71   64   74
    2400   87   87   73   55   63   50   35   83   34   90
    2420   53   73   77   90   50   74   52   51   88   69
    2440   76   36   62   44   50   38   56   26   62   21
    2460   40   50   75   58   87   42   28   54   57   57
    2480   60   31   65   50   64   93   47   44   63   54
    2500   62   51   75   24   71   38   70   50   32   62
    2520   65   48   88   57   49   43   52   53   37   62
    2540   54  100   50   77   70   79   45   60   58   65
    2560   70   44   84   70   60   99   45   69   76   82
    2580   87   95   43   48   65   69   47   54  100   56
    2600   60   20   70   64   65   61   61   39   71   58
    2620   51   47   58   73   93   48   68   46   68   84
    2640   43   38   47   43   70   63   68   59   66   90
    2660   58   54   32   57   58   49   49   79   40  118
    2680   43   48   41   58   72   67   74   46   53   62
    2700   64   51   44   33   45   75   66   51   51   58
    2720   61   19   28   52   61   32   33   73   59   62
    2740   79   76   65   84   49   73   68   51   61   50
    2760   89   94   65   35   51   65   59   21  101   40
    2780   54   97   28   65   29   49   46   58   64   69
    2800   58   53   55   74   43   66   47   97   99   64
    2820   33   57   58   52   57   50  102   71   45   69
    2840   59   74   45   32   49   83   83   71   44   53
    2860   33   54   39   61   75   72   95   49   47   66
    2880   38   21   50   43   57   74   44   34   43   53
    2900   51   84   47   38   68   60   41   38   49   51
    2920   44   49   64   29   84   36   69   53   53   25
    2940   44   59   50   10   57   51   75   76   37   65
    2960   44   56   90   43   60   45   47   57   47   87
    2980   76   81   53   76   21   28   83   67   36   83
    3000   61   55   39   36   45   67   46   86   66   76
    3020   41   58   38   40   54   35   59  112   35   75
    3040   36   47   77   44   83   60   48   48   36   40
    3060   70   66   29   40   49   63   46   59   90   40
    3080   45   43   61   52   53   59   57   36   80   33
    3100   44   85   34   58   48   57   54   21   57   94
    3120   30   54   54   37   78   50  116   55   92   45
    3140   91   60   44   67   49   63   45   43   63   80
    3160   46   67   38   67   23   83   44   39   68   80
    3180   72   73   32   66   38   52  104   47   20   75
    3200   75   75   65   54   37   78   79   69   72   51
    3220   82   51   73   49   95   72   89   56   83   71
    3240   68   63   75   50   57   80   76   52   31   47
    3260   61   52   16   59   50   45   29   49   63   75
    3280   57   38   59   71   47   48   47  131   29   63
    3300   45   46   78   55   87   67   45   66   30   64
    3320   75   54   48   56   41   62   41   89   32   57
    3340   55   47   29   49   45   74   81   40   55   46
    3360   36   21  113   52   56   63   56   71   67   26
    3380   61   39   56   51   47   56   64   49   52   62
    3400   54  110   84   66   29   66   47   83   66   66
    3420   85   43   58   33   33   37   53   45   71   72
    3440   24   79   61   44   71   84   36   88   52   59
    3460   38   56   47   35   77   65   66   35   55   54
    3480   15   36   69   58   99   79   40   54   46   54
    3500   75   38   59   64   41   74   36   60   65   55
    3520   63   54   59   77   23   97   45   65   51   72
    3540   65   35   55   26   56   29   37   45   71   45
    3560   74   52   70   45   45   67   58   41   58   47
    3580   32   50   34   54   23   61   48   27   66   77
    3600   69   69   76   71   69   74   57   44   63   32
    3620   99   55   58   35   51   82   43   52   38   37
    3640   62   57   72   62   68   78   67  103   66   88
    3660   59   45   66   58   75   69   85   54   43   56
    3680   46   92   60   71   62   73   55   49  104   36
    3700   42   46   32   55   52   35   61   52   65   67
    3720   54   54   57   64   72   65   87   67  114   83
    3740   74   65   21   83   49   76   55   55   84   58
    3760   47   49   62   57   92   83   93  111   52   38
    3780   75   61   66   40   45  108   69   57   63   69
    3800   55   49   53   71   62   55   88   47   80   56
    3820   77   27   68   21   74   69   60   55   77   71
    3840   63   47   29   84   58   65   25   56   81   48
    3860   41   42   35   68   83   47   89   77   71   74
    3880   34   43   70   88   32   62   61   48   62   69
    3900   71   38   49   54   48   63   92   42   68   54
    3920   51   76   76   72   39   54   90   68   68   41
    3940   57   41   63   46   36   27   39   91   58   77
    3960   45   65   52   88   92   34   33   92   77   56
    3980  113   66   38   44   65   75   32   43   62   69
    4000   49   84   45   26   69   89   37   54   51   92
    4020  105   52   61   38   58   59   53   57   56   86
    4040   55   79   39   85   65   54   64   64   48   78
    4060   74   70   68   61   63   69   76   57   67   64
    4080   83   66   54   40   41   72   43   57   54   74
    4100   54   37   62   69  111   92   48   53   76   58
    4120  107   34   40   49   32   70   67   64   62   52
    4140   38   59   40   68   76   44   44   43   68   51
    4160   46   80   31   41   65   57   66   67   33   48
    4180   66   69   81   44   68   84   80   71   44   53
    4200   49   42   46   59  107   63   72   49   78   39
    4220   60   47   94   50   36   56   70   52   72   55
    4240   24   59   47   37   63   36   68   62   54   96
    4260   83   51   14   54   59   72   51   69   32   68
    4280   75   61   31   54   75   36   42   38   76   89
    4300   62   85   52   94   78   39   29   81   52   67
    4320   73   75   75   74   72   58   39   29   75   81
    4340   71   51   78   45   67   63   53   72   50   76
    4360   48   56   51   68   80   52   50   68   47   49
    4380   79   74   46   51   69   65   39   85   64   61
    4400   49   88   41   70   64   54   42   55   33   22
    4420   48   76   69   72   44   79   43   74   38   65
    4440   73   53   59   57   36   90   50   54   36   40
    4460   50   39   92   46   91   41   77   89   59   78
    4480   28   26   68   14   69   56   36   47   49   63
    4500   44   73   58   53   48   45   32   88   65   39
    4520   52   39   29   42   66   38   42   48   37   69
    4540   49   78   49   48   59   95   59   39   43   74
    4560   71   53   40   38   38   68   65   70   65   35
    4580   32   48   91   62   43   93   29   65   50   41
    4600   67   33   87   75   43   44   69   53   92   32
    4620   52   42   47   62   33   40   26   54   36   46
    4640   22   55   84   88   35   48   33   34   23   52
    4660   47   44   50   75   53   50   50   34   48   42
    4680   63   54   61   34   52   49   51  101   64   25
    4700   82   25   60   54   68   74   70   39   34   93
    4720   60   77   44   55   58   64   56   60   55   76
    4740   83   39   61   72   58   40   67   80   60   37
    4760   39   74   54   49   89   43   41   45   62   53
    4780   27   47   49   51   97   57   49   44   35   56
    4800   56   40   70   54   49   45   24   24   43   70
    4820   15   42   46   50   81   54   59   87   67   60
    4840   28   69   75   46   96   53   72   31   71   45
    4860   48   66   48   71   63   51   55   45   78   45
    4880   30   79   44   54   29   43   64   48   63   62
    4900   68   37   34   63   90   46   66   76   79   73
    4920   42   66   93   72   82   43   61   51   68   58
    4940   60   40   55   50   48   53   60   56   66   42
    4960   60   39   38   80   74   58   44   37   80   74
    4980   48   30   49   15   68   72   49   68   60   53
    5000   60   39   58   72   34   53   41   35   65   56
    5020   72   54   96   52   80   43   69   74   68   74
    5040   90   27   63   39   77   83   64   71   61   46
    5060   66   60   71   56   34   41   79   17   30   55
    5080   82   59   47   41   78   64   44   39   50   69
    5100   64   57   53   46   71   57   39   61   42   45
    5120   41   47   57   45   78   22   73   51   51   39
    5140   58   58   88   75   92   77   56   71   45   52
    5160   67   67   63   92   51   48   61   47   59   56
    5180   41   78   48   66   70   59   48   83   75   51
    5200   82   40   45   67   64   41   57   65   68   57
    5220   54   43   82   69   46   36   63   56   42   83
    5240   60   80   53   78   49   59   58   54   56   69
    5260   76   60   32   43   66   79   58   36   72  107
    5280   80   86   59   76   61   57   41   76   65  108
    5300   67   62   49   36   69   31   49   56   84   59
    5320   53   66   44   52   56   40   39   38   56   56
    5340   61   57   78   40   61   35   43   48   59   57
    5360   45   31   84   46   65   27   66   44   42   55
    5380   82   81   55   67   50   82   39   57   48   72
    5400   70   61   86   85   74   63   72   63   82   59
    5420   87   67   62   80   34   20   79   70   48   46
    5440   77   36   69   47   52   34   37   81   37   69
    5460  105   90   54   49   44   60   64   70   58   59
    5480   75   51   54   85   55   45   55   67   53   34
    5500   66   56   60   60   52   28   81   61   48   50
    5520   73   59   54   61   56   33   91   81   47   68
    5540   40   52   30   76   49   27   34   29   31   62
    5560   95   53   37   49   49   49   40   72   94  100
    5580   38   29   62   94   96   48   54   63   46   61
    5600   39   40   44   58   67   63   80  119   64   43
    5620  105   37   36   36   93   88   57   78   65   65
    5640   61   47   49   52   78   43   31   35   37   71
    5660   92   59   49   81   59   64   49   61   54   61
    5680   74   21   64   68   34   30   43   60   59   42
    5700   25   59   77   64   43   24   29   36   57   43
    5720   70   66   48   50   44   39   65   51   61   52
    5740   67   82   63   73   57   47   56   58   52   78
    5760   62   62   65   73   18   69   65   43   51   38
    5780   74   28   63   53   73   62   68   60   33   55
    5800   53   41   82   35   37   47   41   51   60   57
    5820   56   49   50   40   63   54   48   33   59   56
    5840   73   46   53   31   84   41   30   58   72   61
    5860   85   40   80   64   38   38   63   76   78   96
    5880   39   56   68   44   79   35   78   53   58   73
    5900   45   72   48   57   79   56   94   49   63   30
    5920   37   39   66   29   72   76   87   43  101   42
    5940   55   58   50   25   82   70   68   76   78   56
    5960   62   34   65   92   56   57   40   63   71   39
    5980   53   91   56   42   73   78   84   32   82   38
    6000   31   59   53   53   68   58   62   29   65   62
    6020   66   40   52   54   63   44   94   64   47   50
    6040   93   55   64   84   64   58  100   38  107   62
    6060  114   72   91   80   52   67   55   36   68   54
    6080   75   61   73   75   82   62   33   35   37   77
    6100   61   46   77   64   49   33   73   41   61   58
    6120   73   62   56   51   71   50   61   49   55   58
    6140   26   51   50   43   51   47   84   63   57   30
    6160   25   49   32   84   78   69   65   98   48   30
    6180   60   92   73   97   69   73   42   70   62   50
    6200   66   63   37   92   30   54   19   38   55   50
    6220   76   61   59   46   36   66   47   66   72   31
    6240   55   62   24   45   53   29   43   21   48   40
    6260   62   64   19   50   24   66   34   36   78   62
    6280   62   43   65   67   36   60   29   69   83   71
    6300   67   61   76   64   41   96   49   83   34   40
    6320   52   46   67   56   59  105   43   64   60   46
    6340   52   65   69   62   75   58   53   45   33   79
    6360   54   63   66   74   78  112   55   73   75   47
    6380  104   62   67   52   58   45   44   63   67   39
    6400   73   83   59   49   26   58   61   54   57   44
    6420   75   57   68   58   53   63   63   32   84   64
    6440   95   60   37   64   85   70   62   36   50   52
    6460   78   71   42   40   38   59   60   27   42   73
    6480   69   73   58   32   66   61   71   50   54   38
    6500   84   56   56   36   89   33   87   32   48   45
    6520   89   73   49   60   65   75   78   89   39   58
    6540   30   44   54   46   78   38   33   92   23   61
    6560   43   42   67   34   69   40   45   73   84   76
    6580   45   41   27   56   67   79   40   31   41   61
    6600   65   88   41   57   43   46   79   49   83   72
    6620   53   79   60   43   57   93   64   42   49   38
    6640   66   40   59   88   60   66   74   40   60   74
    6660   60   36   51   69   65   43   37   23   97   49
    6680   97   51   61   77   72   52   57   47   61   66
    6700  104   93   56   68   36   71   33   91   42   92
    6720   32   58   58   73   76   37   56   45   48   67
    6740   52   33   77   38   58   70   59   54   49   68
    6760   61   51   54   55  104   21   38   61   30   17
    6780   40   49   85   69   62   65   55   58   18   43
    6800   56   25   39   45   63   46   39   58   59   42
    6820   25   43   72   67   56   53   84   85   53   77
    6840   38   65   84   58   62   88   84   58   45   75
    6860   50   83   38   50   75   45   24   49   54   77
    6880   55   64   69   49   65   40   63   49   64   56
    6900   55   63   52  118   57   59   90   82   68   50
    6920   50   64   57   32   46   38   39   69   70   63
    6940   55   41   72   48   61   66   75   41   67   61
    6960   62   30   46   44   43   49   91   54   40   60
    6980   52   16   81   65   54   48   45   40   57   30
    7000   51   59   50   63   53   56   27   47   37   46
    7020   42   80   40   36   68   52   74   38   64   52
    7040   99   72   91   56   64   45   62   66   22   46
    7060   73   63   77   32   72  105   28  102   48   52
    7080  122   70   83   74   68   52   58   88   56   64
    7100   75   65   47   53   59   84   43   82   62   63
    7120   61   75   69   29   74   57   51   79   69   68
    7140   27   46   70   57   70   74   76   57   36   81
    7160   69   59   73   47   48   66   92  100   36   82
    7180   45   44   72   63   79   54   79   50   60   63
    7200   37   50   59   59   73   65   34   55   88   64
    7220   56   57   46   53   51   78   35   38   76   55
    7240   56   61   74   61   90   59   39   46   65   70
    7260   66   58   52   27   52   45   52   91   81   91
    7280   52   88   59   49   49   48   50   33   53   66
    7300   82   48   66   79   67   33   92   67   61   91
    7320   61   65   65   71   53   42   68   45   89   86
    7340   56   67   56   72   38   80   62   54   29   89
    7360   66   30   77   58   58   73   31   64   77   61
    7380   91   73   49   69   43   65   56   40   64   48
    7400   86   91   84   69   42   44   59   68   38   64
    7420   49   59   82   79   53   39   68   65   67   83
    7440   39   61   58   80   45   76   93   59   65   54
    7460   56   53   77   85   62   70   61   53   38   66
    7480   50   48   73   83   68   76   50   35   28   83
    7500   34   44   66   76   52   76   82   54   90   61
    7520   54   85   54   70   68   67   60   54   51   52
    7540   27   70   79   86   49   65   56   85   45   58
    7560   50   61   38   34   77   45   59   86   63   34
    7580   58   61   53   36   63   81  105   79   74   42
    7600   50   77   49   50   96   67   50   77   58   52
    7620   43   72   25   53   80   66   31   39   80   41
    7640   67   38   56   63   47   57   39   67   60   64
    7660   59   59   96   75   74   90   28   72   63   37
    7680   68   55   96   68   72   79   18   52   99   71
    7700   72   40   46   82   74   82   67   60   44   51
    7720   45   45   69   64   66   59  119   36   78   11
    7740   54   79   56   63   72   34   72   81   71   22
    7760   55   38   70   93   71   49   49   74   71   45
    7780   74   97  110   32   22   53   66   53   54   77
    7800   44   46   63   69   22   72   38  104   78   38
    7820   78   62   68   47   36   67   32   60   46   67
    7840   44   77   65   77   70   51   61   32   88   66
    7860   82   70   64   55   56   66   51   64   69   57
    7880   87   76   61   27   68   49   71   74   69   55
    7900   55   52   36   47   49   51   80   62   36   64
    7920   62   44   59   52   50   78   81   58   52   67
    7940   50   59   91   60   64   64   46   82   62   58
    7960   64   34   76   77   51   47   74   77   51   88
    7980   38   69   93   66   49   45   79   41   61   64
    8000   56   51   63   44   45   33   71   65   75   48
    8020   68   27   45   39   45   39   49   63   53   49
    8040   45   64   42   52   57   65   76  101   68   43
    8060   67   49  104   79   16   30   82   44  106   76
    8080   55   29   53   71   61   70   96   55   33   65
    8100   49   56   63   60   26   69   31   58   69   77
    8120   51   33   63   46   36   43   47   72   47   62
    8140   82   68   46   47   55   69   41   91   65   51
    8160   48   72   81   54   39   97   47   82   24   57
    8180   44   55   38   31   37   73   72   58   92   41
    8200   28   47   42   59   27   55   33   31   49   23
    8220   38   47   78   32   65   53   37   50   43   38
    8240   51   49   90   47   22   32   47   40   59   57
    8260   72   76   46   84   36   55   13   78   42   22
    8280   50   57   61   79   46   36   29   74   55   57
    8300   57   36   72   62   27   39  100   78   75   67
    8320   92   48   55   34   56   85   40   36   91   50
    8340   86   84   61   41   43   41   84   62   42   44
    8360   35   60   91   88   80   62   83   61   46   41
    8380   44   67   55   51   55   66   48   42   50   31
    8400  100   49   34   42   49   31   30   61   70   55
    8420   72   94   67   63   72   53   55   48   67   77
    8440   48   89   38   55   62   48   52   64   32  114
    8460   70   75   73   77   57   72   75   66   32   50
    8480   54   56   97   79   74   94   86   31   47   74
    8500   78   71   53   43   43   67   59   63   78   36
    8520   73   75   70   57   65   94   93  103   46   59
    8540   72   55   53   84   51   75   51   74   93   51
    8560   91   59   89   60   33   62   47   73  100   55
    8580   69   69   36   55   56   31   60   59   33   79
    8600   33   54   59  106   59   57   81   52   64   56
    8620   53   47   51   75   69   56   67   71   75   78
    8640   57   64   90   54   56  104   39   69   79   92
    8660   68   43   47   79   53   87   58   37   53   79
    8680   39   63   76   74   85   48   39   67   40   41
    8700   96   46   51   63   39   72   29   73   43   56
    8720   41   62   55   58   63   78   42   79  102   39
    8740   58  103   87   91   65   79   65   88  114   78
    8760   52   21   58   42   61   63   80   44   88   33
    8780   48   48   94   55   64   48   67   43   85   69
    8800   45   54   78   36   61   65   53   78   89   95
    8820   38   88  107   29   71   38   56   72   70   56
    8840   87   29   77   89   72   64   46   50   41   44
    8860   93   36   74   81   61   45   83   64   71   34
    8880   63   29   54   45   78   98   66   27   59   66
    8900   51   64   43   30   62   76   75   35   52   46
    8920   83   43   43   49   59   44   76   30   80   47
    8940   81   62   52   35   94   52   58   77   55   35
    8960   58   42   41   56   57   64   47   75   38   40
    8980   74   54   67   34   72   64   54   71   79   56
    9000   62  108   33   41   42   68   64   65   62   55
    9020   70   49   77   63   79   50   96   52   44   51
    9040   75   73   70   93   81   74   65   88   37   47
    9060   67   59   87   59   41   43   46   41   56   94
    9080   67   67   56   81   98   57   33   38   60   50
    9100   84   59   72   48   64   82   63   70   41   54
    9120   59   50   78   49   50   47   63   25   68   75
    9140   43   65   63   65   48   71   39   70   27   53
    9160   43   44   51   66   46   19   50   77   66   60
    9180   53   64   70   51   61   77   57   63   86   84
    9200   33   65   63   33   53   57   46   47   77   50
    9220   61   48   42   34   64   52   91   64   92   71
    9240   49   32   49   30   99  104   51   50   87   66
    9260   34   67   45   57   43   71   54   69   23   40
    9280   22   46   50   46   36   75   33   57   37   38
    9300   57   55   39   51   13   63   33   56   71   41
    9320   40   90   67   74   44   46   47   73   79   23
    9340   47   64   79   36   64   33   35   91   45   56
    9360   73  108   64   68   52   49   69   72   45   72
    9380   24   74   56   93  100   94   62   90   57   33
    9400   61   92   51   38   49   25   64  109   67   56
    9420   71   80   70   84   31   27   63   39   53   56
    9440   42   54   72   68   36   33   37   56   48   41
    9460   66   57   56   63   42   66   52   70   46   33
    9480   61   74   76   78   37   55   22   24   25   31
    9500   62   67   83   23   56   40   69   78   43   65
    9520   64   53   37   70   67   64   61   57  102   69
    9540   63   66   78   99   81  114   24   57   65   70
    9560   59   65   61   91   96   56   74   81   75   78
    9580   58   45   68   45   36   56   90   88   55   33
    9600   81   75   39   65   44   54   86   92   26   40
    9620   52   82  108   39   56   52   51   72   74   63
    9640   55   69   47   57   40   62   32   58   99   55
    9660   46   66   63   67   47   39   86   83  123   75
    9680   53   78   89   36   64   69   78   53   42   72
    9700   61   29   52   33   70   80   38   68   50   48
    9720   42   89   60   58   67   62   30   59   60   32
    9740   22   34   47   26   50   72   59   40   36   71
    9760   46   61   73   37   41   69   44   49   60   87
    9780   25   85   82   76   54   38   37   94   64   63
    9800   66   70   58   81   72   59   65   67   80   86
    9820   56   41   58   51   48   67   55   67   65   58
    9840   63   49   98   92   59   47   66   65   29   31
    9860   44   46   55   36   42   68   67   43   30   64
    9880   42   56   47   37   66   44   41   60   57   65
    9900   17   80   50   80   93   34   46   92   49   28
    9920   59   97   56   74   72   65   57   80   57   57
    9940   74   66   73   98   86   93   32   64   78   49
    9960   45   70   69   61   79   56   56   46   83   27
    9980   77   52   65   56   42   49   45   87   66   67
   10000   88   60   43   74   32   72   61   88   80   59
   10020   23   62   70   80   71   38   71   49   94   39
   10040   74   67   83   64   58   47   42   75   71   65
   10060   38   39   41   61   75   66   64   43   71   52
   10080   66   45   43   33   78   36   42   53   64   52
   10100   70   58   79   74   47   41   44   54  130   85
   10120   60   49   56  112   23   63   64   75   68   47
   10140   67   39   54   88   76   49   73   65   35   52
   10160   47   57   44   57   66   33   64   66   23   76
   10180   73   34   87   64   30   55   84   69   47   65
   10200   67   66   72   82   54   55   69   59   84   70
   10220   55   63   67   70   83   45   65   95   63   71
   10240   53   56   46   80  127   75   73   34   57   47
   10260   52   39   77   71   95   54   70   75   72   60
   10280   62   57   73   59   54   69   27   88   74   85
   10300   82   52   67   90   56   90   57   58   71   87
   10320   39   88   91   67   53   51   80   63   49   92
   10340   67   80   90   56   84   51   78   47   50   71
   10360   58   93   56   51   41   80   60   86   58   80
   10380   44   71   85   82   81   59   83   68   70   44
   10400   77   65   87   82   59   61   76   48   59   27
   10420   51   66   96  104   81   47   52   79   30   56
   10440   58   62  101   45   54   32   49   68   65   75
   10460   69   13   47   65   46   43   94   61   55   44
   10480   56   40   89   43   75   37   76   48   49   21
   10500   64   50   99   71   64   58   30   64   61   39
   10520   98   66   70   66   51   70   45   53   59   33
   10540   56   35   46   66   46   50   75   60   33   48
   10560   57   67   40   84   44   55   74   51   45   57
   10580   81   66   73   61   81   58   42   60   36   48
   10600   24   53   65   50   31   63   67   42   44   61
   10620   63   52  105   30   89   59   51   33   42   60
   10640   69   84  105   50   80   73   35   61   62   37
   10660   71   53   29   64   68   45   63   29   59   52
   10680   74   34   66   37   95   50   82   38   39   77
   10700   22   59   36   71   57   36   85   45   84   64
   10720   40   49   44   54   48   37   47   45   81   34
   10740   66   58   46   94   49   60   20   73   60   53
   10760   29   55   49   42   78   39   42   77   70   51
   10780   74   32   64   50   60   48   49   71   86   41
   10800   62   62   55   54   75   82  110   73   23   51
   10820   74   29   54   47   64   40   48   67   26   30
   10840   83   61   56   35   62   43   68   77   39   47
   10860   38  101   47   45   18   58   51   67   52   79
   10880   64   51   68   99   80   67   59   44   28   62
   10900   43   32   63   86  100   70   62   29   36   44
   10920   70   63   65   96   54   54   39   69   64   79
   10940   39   24   62   63   57   43   65   30   84   57
   10960   37   50   83   99   74   74   60   43   92   44
   10980   73   49   77   73   60   50   54   76   66   72
   11000   72   50   73   67   75   68   60   66   36   74
   11020   49  119   23   60   60   64   62   71   74   68
   11040   58   38   83   74   65   98   43   55   69   87
   11060   28   68   44   43   50   82   59   33   61  101
   11080   44   52   42   81   78   61   80   69   41   57
   11100   68   33   56   18   63   36   55   56   32   90
   11120   66   45   43   60   29   60   31   52  100   87
   11140   56   49   64   55   35   54   57   45   85   39
   11160   86   54   80   72   84   35   80   57   62   78
   11180   37   72   61   82   45   53   64   64   59   53
   11200   58   81   36   66   68   85   55   85   36   70
   11220   56   41   44   65   68   74   56   74   28   35
   11240   39   73   57   81   64   58   39   35   22   38
   11260   34   78   64   60   34   46   60   95   70   43
   11280   55   52   32   44   85   73   53   62   34   85
   11300   41   50   42   24   72   51   65   57   78   73
   11320   58  112   75   73   49   67   23   72   61   70
   11340   57   69   83   56   78   62   39   45   29   61
   11360   48   39   48   92   49   50   47   33   80   50
   11380   56   35   52   30   53   56   40   55   62   67
   11400   78   17   59   25   85   83   24   45   70   78
   11420   84   46   79   53   93   78   73   44   67   74
   11440   56   68   23   99   58   51   41   60   59   65
   11460  102   39   56   84   70   82   51   33   43   43
   11480   48   62   76   52   44   88   39   52   50   48
   11500   61   51   59   75   26   35   41   63   69   25
   11520   76   56   53   77   72   40   64   47   69   24
   11540   50   85   83   52   54   65   53   35   37   61
   11560   45   64   84   66   48   50   47   40   63   22
   11580   32   51   75   61   68   62   84   56   88   73
   11600   60   71   55   67   43   63   72   55   20   53
   11620   50   47   65   29   68   48   43   72   61   88
   11640   48   41  104   23   42   29   40   89   48   63
   11660   46   46   73   60   70   36   27   56   54   58
   11680   63   43   59   51   52   76   53  102   67   86
   11700   71   85   55   54   98   61   50   62   68   94
   11720   83   76   54   80   38   29   45   78   65   95
   11740   85   69   76   54   46   35   20   48   59   52
   11760   38   66   96   38   80   83   87   72   56   68
   11780   57   81   60   71   43   61   94   21   73   27
   11800   44   79   75   50   16   14   74   97   85   64
   11820   29   38   76   60   79   55   63   74   55   59
   11840   57   62   69  100   57   61   42   75   65   71
   11860   74   73   52   50   72   63   75   78   54   81
   11880   70   58   70   79   67  111  100   70   49   60
   11900   81   51   54   70   58   85   74   58   61   43
   11920   32   50   49   39   57   90   39   64   58   44
   11940   46   90   47   33   48   71   49   55   55   58
   11960   83  100   59   49   44   40   38   76   74   64
   11980   57   51   48   87   53   31   43   62   77   55
   12000   40   68   40   74   54   61   44   73   66   76
   12020   37   55   52   90   79   65   50   62   62   76
   12040   32   66   64  101   68   60   42   36   78   52
   12060   69   44   71   89   82   73   44   54   63   45
   12080   73   31   75   67   88   73   55   70   94   88
   12100  105   32   62   59   63   95   62   33   48   72
   12120   85   62   84   60   61   71   89   78   81   76
   12140   55   67   81   31   57   54   75   31   78   80
   12160   42   32  101   74   97   53   60   86  100   34
   12180   49   72   65   53   86   46   68   71   65   83
   12200   41   65   66   49   72   65   54   30   62   84
   12220   53   63   42   58   73   63   96   61   77   29
   12240   60   91   45   80   78   89   71   55   49   47
   12260   48   83   65   56   51   30   67   66   57   53
   12280   91   86   67   15   54   44   88   60   44   52
   12300   38   69   87   36   59   74   54   52   78   59
   12320   33   34   74   54   72   83   52   68   59   70
   12340   58   65   58   65   61   79   58   38   86   62
   12360   48   57   84   76   59   45   52   80   48   58
   12380   74   53   96   84   81   69   50   48   68   95
   12400   39   66   78   64   60   36   78   87   65   97
   12420   76   86   38   89   74   55   36   73   70   57
   12440   62   43   37   30   61   51   60   60   40   39
   12460   49   57   66   42   78   70   54   43   46   43
   12480   49   53   56   82   39   38   61   48   38   65
   12500   68   44   37   87   38   39   38   37   64   52
   12520   51   56   32   81   54   42   67   61   82   61
   12540   84   49   30   52   35   43   45   77   55   58
   12560   60   51   19   57   72   68   49   64   27   78
   12580   85   81   53   74   29   39   91   66   43   65
   12600   34   53   44   50   75   53   63   73   49   81
   12620   46   56   69   37   76   50   95   81   55   83
   12640   56   55   44   56   63   60   53   60   57   37
   12660   60   92   48   52   40   35  101   56   65   43
   12680   43   63   40  101   22   45   47   77   72   73
   12700   71   58   45   61   48   47   54   62  112   85
   12720   59   53   55  101   53   88   88   78  105   58
   12740   78   72   80   58   47   46   88   33   65   54
   12760   49   50  100   84   79   55   36   49   61   91
   12780   30   82   89   76   63   59   29   33   73   66
   12800   53   64   67   53   76   77   96   60   69   19
   12820   66   68   43   34   48   68   39   84   71   59
   12840   86   17   90   43   45   46   66   65   72   60
   12860   32   48   49   45   35   46   49   59   86   76
   12880   32   46   69   44   62   53   50   81   64   53
   12900   74   55   56   62   93   57   56   77   66   75
   12920   58   53   90   51   53   72   58   57   60   69
   12940   38   66   64   31   59   58   48   78   29   36
   12960   43   50   53   53   46   74   78   56   31   56
   12980   67   72   69   63   89   77   50   24   41   67
   13000   69   58   65   57   55   65   56   61   50   60
   13020   66   30   31   46   53   89   60   48   67   36
   13040   35   86   73   33   61   67   82   71   55   42
   13060   37   35   54   50   65   78   74   47   41   30
   13080   54   44   40   69   40   74   33   46   32   46
   13100   70   74   53   93   74   47   51   81   35   43
   13120   54   88   65   66   59   51   54   61   43   58
   13140   52   78   49   64   62   71   79   48   59   55
   13160   48   42   36   42   71   59   95   52   54   47
   13180   23   57   41  108   66   55   32   58   65   99
   13200   52   33   62   57   21   40   44   39   57   57
   13220  104   54   36   45   28   35   29   26   75   55
   13240   68   64  102   67   27   42   66   65   29   45
   13260   67  104   50   23   25   62   50   28   43   59
   13280   55   51   39   56   37   64   61   46   64   37
   13300   61   52   47   26   50   67   65   75   50   57
   13320   46   39   71   41   80   49   68   70   66   68
   13340   50   85   65   64   78   48   83   82   46   85
   13360   46   42   59   86   85   56   50   86   59   90
   13380   63   40   61   47   45   86   59   47   66   94
   13400   72   27   65   80   58   75   88   37   46   45
   13420   64   40   59   54   55   61   37   72   56   69
   13440   57   32   56   55   29   67   55   83   75   42
   13460   56   42   66   93   56   34   56   53   48   57
   13480   55   58   49   38   88   49   94   71   78   48
   13500   75   46   50   63   93   75   61   66   59   56
   13520   47   71   29  105   48   77   62   51   79   73
   13540   57   64   48   83   31   69   85   37   65   74
   13560   41   75   48   73   38   76   87   70   47   31
   13580   35   33   59   55   29   29   57   49   28   67
   13600   76   73   66   65   55   37   29   52   38   79
   13620  110   86   74   60   27   48   97   71   44   54
   13640   65   60   64   81   45   95   92   37   61   46
   13660   55   52   69   62   42   64   70   70   73   77
   13680   34  101   51   55   54   35   94   39   74   92
   13700   32   85   56   71   83   79   97   78   64   75
   13720   60  102   62   61   63   40   81   75   58   71
   13740   54  109   28   39   42   48   56   41   52   62
   13760   52   67   60   54   38   24   76   65   55   55
   13780   59   36   58   50   56   78   53   41   38   64
   13800   69   78   71   37   51   47   62   49   53   57
   13820   48   73   83   74   36   68   44   36   31   49
   13840  101   87   48   72   59   78   76   53   71   41
   13860   87   90   37   91   66   70   52   44   72   51
   13880   63   57   50   53   55  101   60   36   39   37
   13900   67   57   41   80   32   57   47   31   35   37
   13920   57   52   58   30   59   46   60   29   31   44
   13940   59   30   62   62   64   53   85   64   36   52
   13960   49   66   33   43   48   23   46   19   36   56
   13980   73  108   42   70   36   25   40   25   65   66
   14000   61   72   76   67   63   48   56   84   30   73
   14020  100   87   43   52   66   61   29   45   40   82
   14040   51   51   41   46   87   49   41   42   24   69
   14060   70   61   23   42   40   81   82   57   33   48
   14080   49   49   51   74   56   42   80   51   58   47
   14100   77   42   59   84   76   88   75   44   41  119
   14120   43   49   66   84   35   86   59   78   60   79
   14140   77   58   80  110   36   62   21   65   66   39
   14160   91   55   48   67   21   34   67   58   48   36
   14180   39   58   84   48   30  101  129   58   65   57
   14200   81   65   32   55   40   39   53   65   79   53
   14220   60   67   32   35   47   55   26   50   83   37
   14240   34   30   68   25   32   68   65   58   36   89
   14260   25   39   38   51   45   45   88   51   74   81
   14280   32   54   62   66   62   48   25   56   93   51
   14300   48   31   65   60   81   33   37   36   73   83
   14320   50   87   43   57   48   26   53   53   74   88
   14340   79   54   56   58   82   48   84   39   81   61
   14360   86   74   67   41   44   64   26   80   86   66
   14380   92   50   30   51   43   68   33   52   74   47
   14400   53   87   36   70   89   45   46   58   26   35
   14420   73   86   35   51   70   57   68   52   36   72
   14440   78   52   74   56   46   55   44   50   67   56
   14460   31   65   95   87   55   61   46   45   62   75
   14480   36   90   71   75   85   60   60  103   67   43
   14500   51   80  102   90   21   76   64   19   55   55
   14520   58  110  110   60   66   52   68   62   98   66
   14540   42   68   78   67   64   38   46   51   54   60
   14560   54   80   50   88   76   66   64   65   73   80
   14580   39   43   50   63   66   34   50   57   42   69
   14600   29   53   69   47   80   45   51   56   65   26
   14620   26   50   65   66   69   72   35   68   68   58
   14640   75   49   71   72   80   27   70   34   83   78
   14660   49   47   66   56   64   47   30   64   58   46
   14680   66   51   83   37   47   76   43   71   66   78
   14700   51   55   77   61   34   52   44   70   85   83
   14720   55   68   50   74   40   45   54   38   47   70
   14740   39   93   37   69   50   60   43   58   38   93
   14760   37   40   77   80   38   37   85   49   29   69
   14780   31   54   48   43   45   44   73   72   48   33
   14800   34   62   33   63   63   29   74   50   59   94
   14820   75   41   91   89   37   41   76   28   48   64
   14840   37   56   36   34   69   49   72   42   46   80
   14860   47   65   35   53   52   75   52   49   36   59
   14880   56   74   50   82   59   43   76   44   62   80
   14900   27   75   63   34   58   56   48   46   66   76
   14920   41   81   65   79   35   80   91   29   42  119
   14940   51   65   56   79   58   39   82   39   53   65
   14960   46   51   74   85   86   43   55   25   72   43
   14980   71   71   62   52   49   43   61   23   47   39
   15000   84   69   73   19   55   43   55   69   94   45
   15020   85   46   49   67   31   33   76   65   51   66
   15040   89   55   72   58   54   75   66   41   33   50
   15060   61   53   47   68   70   67   72   44   66   48
   15080   67   80   35   59   55   90   74   78   64   61
   15100   83   80   72   73   51   73   66   27   24   95
   15120   59   56   40   52   40   47   62   51   39   96
   15140   77   61   82   42   24   75   68   66   41   73
   15160   30   83   71   53   86   82   73   79   53   56
   15180   34   65   43   49  100   84   76   69   62   48
   15200   62   56   41   64   73   62   73   76   59   50
   15220   51   67   14   62   46   74   76   73   39   55
   15240   73   70   50   52   44   59   72   43   42   65
   15260   55   73   83   63   62   44   38   37   65   53
   15280   70   53   79   67   48   86   65   54   66   63
   15300   71   43   64   44   49   58   60   43   48   45
   15320   74   57   77   70   72   76   67   62   43   37
   15340   70   57   49   71   60   63   82   57   80   29
   15360   66   22   57   56   38   61   27   64   40   79
   15380   37   60   44   84   61   65   47   44   61   25
   15400   64   63   78   93   66   61   38   61   73   70
   15420   66   48   55   82   46   65   72   68   67   60
   15440   51   72   64   45   54   43   51   73   33   81
   15460   67   55   38   87   74   95   43   11   53   61
   15480   57   37   58   69   73   53   61   44   55   62
   15500   77   48   74   44   60   24   36   41   61   75
   15520   86   77   94   64   64   64   67   34   98   68
   15540   87   24   72   61   47  106   78   86  115   92
   15560   83   15   66   34   36   57   67   64   80   78
   15580   57   51   27   52   51   63   68   89   89   64
   15600   67   71   50   35   44   60   46   49   48   72
   15620   78   45   55   44   63   57   67   40   60   92
   15640  113   80   51   73   55   62   65   53   41   62
   15660   69   80   31   51   26   46   69   71   50   46
   15680   69   79   44   61   88   47   82   42   55   37
   15700   28   52   41   60   47   46   57   35   59   41
   15720   58   96   73   80   77   42   79   40   51   60
   15740   53   63   94   48   83   71   60  116   68   72
   15760   66   44   67   48   87   28   79   32   60   43
   15780   41   71   32   90   85   80   58   57   15   55
   15800   46   89   89   51   89   56   65   82   64   45
   15820   54   41   39   71   67   32   89   60   74   63
   15840   59   91   66   88   51   52   60   63   58   70
   15860   73   69   47   78   41   53   50   76   63   76
   15880   57   68   48   63   94  111   69   48   80   44
   15900   56   65   63   43   74   75   53   94   93   73
   15920  100   64   65   60   64   73   42   39   75   43
   15940   54   88   56   57   61   27   75   53  102   61
   15960   64   74   31   58   54   48   49  101   44   48
   15980   67   76   71   36   63   67   46   80   58   50
   16000   35   53   95   44   74   40  102   67   89   55
   16020   63   72   99   89   88   55   88   64   69   76
   16040   45   41   68   62   58   57   65   41   49   85
   16060   57   35   87   52   32   57   72   61   55   46
   16080   55   52   61   36   64   93   43   53   90   62
   16100  100   73   63   89   97   78   54   31   67   57
   16120   50   46   36   89   58   27   80   55   54   96
   16140   45   34   85   76   42   33   73   58   85   69
   16160   25   54   47   26   28   36   52   80   42   52
   16180   66   54   45   68   60   45   39   69   59   73
   16200   56   81   63   36   94   76   42   47   19   78
   16220   29   42   48   34   37   64   70   60   62   68
   16240   79   66   73   65   11   45   54   66   40   58
   16260   54   67   39   79   70   74   49   39   49   59
   16280   45   62   48   58  100   48   30   52   39   61
   16300   54   57   65   38   75   73   60   65   44   79
   16320   46   71   44   44   65   66   41   63   61   48
   16340   48   63  100   65   66   77   36   56   83   36
   16360   27   72   61  114   67   31   57   82   69   48
   16380   46   72  102   53   59   46   40   74  105   60
   16400   51   64   80   74   69   64   72   64   80   84
   16420   65   70   33   55   53   64   47   61   45   51
   16440   84   72   61   48   31   71   74   36   69   63
   16460   62   78   81   68   60   43   74   73   69   64
   16480   66   61   87   35   46   71   63   71   58   71
   16500   80   62   71   62   73   52   70   46   66   77
   16520   49   42   62   61   59   58   89   52   85   66
   16540   41   69   59   35   74   23  106   50   93   58
   16560   49   81   23   53   77   57   61   57   90   49
   16580   43   92   58   68   91   58   56   69   84   78
   16600   60   62   24   52   63   43   70   69   53   72
   16620   79   36   65   48   61   64   34   53   66   29
   16640   55   44   53   55   47   53   60   60   57   72
   16660   35   21   49   56   81   51   54   66   68   94
   16680   61   74   67   47   63   44   58   44   49   79
   16700   70   87   87   44   45   63   60   75   41   92
   16720   45   44   65   42   68   63   62   35   53   74
   16740   55   66   61   94   68   60   53   32   66   73
   16760   72   76   48   55   37   58   30   16   65   62
   16780   53   70   40   68   52   57  104   34   38   51
   16800   34   55   66   60   31   55   42   35   57   47
   16820   76   70   92   35   37   40   52   75   77   59
   16840   88   75   53   36   57   68  117   65   79   72
   16860   56   99   87   18   50   68   44   65   67   89
   16880   64   39   26   38   56   45   41   54  119   75
   16900   96   47   36   53   59   54   84   31   61   68
   16920   57   23   58   17  118   37   65   54   68   38
   16940   78   34   58   35   48   12   56   29   69   45
   16960   51   48   62   72   54   38   41   43   68   60
   16980   42   77   67   92   41   59   54   44   33   42
   17000   79   66   84   82   73   93  123   62   63   33
   17020   90   52   87  100   55   56   56   66   73   48
   17040   59   26   74   70   90   56   75   76   28   40
   17060   86   41   32   62   68   57   77   30   57   56
   17080   60   54   60   82   57   85   76   51   85   76
   17100   37   73   57   38   96   66   87   68   42   50
   17120   95   73   77   61   86   59   80   65   38   21
   17140   64   57   45   86   38   53   55   52   77   51
   17160   71   77   60   43   38   37   80   43   21   57
   17180   76   69   32   79   62   81   64   49   53   42
   17200   54   68   56   45   40   65   63   45   69   54
   17220   77   46   34   55   53   60   18   58   59   63
   17240   77   80   57   77   77   33   42   82   44   29
   17260   75   45   70   23   78   70   27   59   32   76
   17280   73   74   41   31   65   43   43   43   71   77
   17300   44   50   69   67   65   61   40   64   59   58
   17320   74   40   84   39   66   94   30   67   58   56
   17340   64   46   38   44   55   34   45   55  104   44
   17360   58   86   71   60   56   74  101   32   86   75
   17380   53   93   88   62   49   94   56   49   51   60
   17400   43   84   87   81   68   27   70   58   33   57
   17420   47   46   74   58   69   48   66   70   36   23
   17440   73   82   67   69   68   48   62   80   48   72
   17460   49   53   59   60   41   46   35   97   79   51
   17480   53   41   36   55   59   37   70   33   50   28
   17500   32   56   58   52   57   44   42   33   73   44
   17520   63   47   84   76   42   33   82   28   54   39
   17540   82  112   88   70   27   41   29   42   37   39
   17560   71   56   69   63   19   90   27   59   59   49
   17580   51   63   60   56   48   80   75   47   53   61
   17600   59   78   32   75   68   39   67   61   41   55
   17620   77   52   40   69   41   51   58   82   57   63
   17640   89   58   63   29   47   70   98   50   50   61
   17660   77   54   68   74   61   51   46   69   60   73
   17680   44   64   57   51   54   57   32  100   94   59
   17700   44   50   52   43   26   65   56   60   45   57
   17720   84   66   61   72   80   31   63   69   37   50
   17740   64   40   46   73   61   55   58   92   61   46
   17760   47   24   62   62   47   55   74   54   80   71
   17780   50   68   58   68   59   69  106   41   29   43
   17800   70   46   55   66   78   34   44   54   76   80
   17820   59   77   80   51   90   64   83   62   43   44
   17840   66   54   74   61   81   43   68   70   50   63
   17860   57   73  114   55   58   52   40   57   62   81
   17880   62   96   92   23   76   46   80   61   65   26
   17900   82   54   80   49  103   48   44   46   62   38
   17920   55   19   38   36   52   39   26   75   50   29
   17940   48   45   51   64   70   52   40   69   54   54
   17960   51   73   78   69   53   56   65   80   44   41
   17980   80   74   84   37   55   60   58   35   59   56
   18000   71   63   73   72   59   45   57   46   60   89
   18020   45   61   53   45   52   41   66   72   69   72
   18040   53   67   55   86   45   52   71   69   57   51
   18060   24   50   55   70   71   37   71   77   45   64
   18080   50   58   30   69   54   40  113   44   39   69
   18100   67   55   61   24   10   29   76   71   51   39
   18120   67   58   45   58   40   63   54   15   83   55
   18140   94   72   65   70   80   57   28   77   46   66
   18160   52   79   42   64   78   28   35   81   78   53
   18180   71   47   55   43   48   78   75   58   50   45
   18200   62   41   33  101   88   74   92   90   39   80
   18220   91   81   45   77  100   42   56   77   55   42
   18240   45   97   71   81   58   49   38   31   60   46
   18260   49   92   72   57   46   54   84   31   72   82
   18280   60   49   42   37   58   44   89   34   38   68
   18300   27   53   22   54   42   61   79   68   92   70
   18320   64   27   35  102   56   74   33   42   53   74
   18340  101   59   47   65   44   77   35   37   43   40
   18360   67   32   68   90   94   53   45   90   55   63
   18380   69   53   40   46   96   62   69   96   63   75
   18400   46   50   50   39   56   73   57   56   60   63
   18420   57  108   86   60   77   37   64   65   57   83
   18440   32   48   65   55   57   56   48   47   52   51
   18460   88   37   43   76   58   45   82   42   77   59
   18480   57   58   40   60   46   41   49   22   92   62
   18500   46   55   85   43   67   47   60   47   38   55
   18520   27   55   63   20   43   66   74   58   45   47
   18540   63   59   62   66   20   64   36   54   27   48
   18560   77   43   67   47   59   46   14   75   79   70
   18580   36  109   81   43   94   35   50   42   62   58
   18600   83   64   42  102   79   83   41   59   39   94
   18620   71   82   69   91   68   70   68   59   50   50
   18640   86   80   97   54   60   75   88  106   69   50
   18660   28   77   78   48   59   59   58   53   46   43
   18680   34   33   59   46   47   65   63   46   55   90
   18700   58   45   31   47   66   55   50   47   61   53
   18720   27   51   47   42   39   64   82   42   75   61
   18740   54   40   61   29   56   93   64   73   41   56
   18760   30   57   55   51   52   50   37   49   35   72
   18780   72   51   75   42  110   77   81   36   68   56
   18800   78   66   96   44   51   66   40  112   53   43
   18820   48   62   79  102   59   76   61   60   24   46
   18840   70   57   87   83   40   75   26   56   44   41
   18860   39   66   64   78   52   68   27   66   56   58
   18880   52   60   82   79   56  106   36   82   52   70
   18900   64   76   50   56   32   56   29   77   55   68
   18920   35   63   50   34   36   47   51   90   42   52
   18940   41   45   74   66   59   49   70   99   70   63
   18960   26   31   84   39   44   81   75   42   57   60
   18980   45   56   34   77   50   61   45   48   34   62
   19000   68   64   47   65   80   72   34   85   73   49
   19020   47   46   46   34   50   32   26   34   52   32
   19040   43   57   29   58   44   39   47   77   44   52
   19060   49   48  110   74   49   55   46   19   52   89
   19080   49   73   64  100   45   53   58   75   87   19
   19100   51   71   42   68   67   67   77   37   72   41
   19120   67   70   64   68   37   59   66   33   55   40
   19140   72   49   72   49   54   96   53   58   67   54
   19160   94   91   85   31   48   61   62   28   48   28
   19180   76   63   71   44   69   29   49   68   55   77
   19200   51   78   99   59   63   56   69   85   48   49
   19220   25   27   86   77   70   40   54   47   71   98
   19240   41   88   42   71   64   85   52   37   69   66
   19260   39   96   74  111   81   52   52   75   38   68
   19280   82   73   62   62   61   86   88   82  116   94
   19300   50   98   50   81   48   61   58   71   54   59
   19320   59   96   38   55   67   93   67   93   60   85
   19340   64   60   59   60   32   43   48   55   47   59
   19360   62   60   63   60   31   59   74   67   35   61
   19380   71   73   49   44   68   22   54   48   59   50
   19400   66   62   46   59   34   40   51   28   43   48
   19420   51   81   73   34   28   71   60   50   47   39
   19440   46   52   54   65   22   63   40   58   29   52
   19460   37   75   78   56   47   82   79   43   68   61
   19480   61   52   56   80   36   45   70   60   41   41
   19500   53   47   62   59   72   64   37   33   55  100
   19520   79   54   31   66   58   75   42   58   31   43
   19540   52   69   64   60   39   40   42   49  104   63
   19560   40   78   23   93   37   32   49   56   92   51
   19580   53   70   60   74   60   67   74   75   57   74
   19600   53   57   72   62   79   87   52   60   32   35
   19620   53   60   63   73   93   65   62   40   35   45
   19640   81   72   29   95   92   55   54   45   37   52
   19660   74   80   46   93   60   46   70   69   69   62
   19680   28   52   84   62   81   57   84   52   67   55
   19700   32   70   45   62   75   30   85   51   57   81
   19720   40   65   66   69   72   61   65   74   75   61
   19740   77   23   83   25   82   46   71  129  127   41
   19760   53   25   70   50   76   82   79   91   69   40
   19780   72   59   74   79   62   54   90   30   87   53
   19800   60   52   55   78   71   60   52   62   62   34
   19820   66   63   29   86   62   44   55   35   58   23
   19840   75   51   51   75   23   34   50   59   80   54
   19860   46  101   76   47   82   30   90   56   60   70
   19880   58   69   57   37   82   85   62   38  100   63
   19900   78   66   52   46   65   67   49   76   39   92
   19920   85   57   22   39   78   67   95   72   25   75
   19940   53   74   51   98   57   50   82   89   49   61
   19960   56   76   58   52   75   49   44   34   46   80
   19980   42   36   57   71   60   55   44   58   61   41
   20000   61   66   53   58   55   46   44   71   62   64
   20020   63   74   41   43   62   71   74   82   36   43
   20040   55   84   65   73   82   93  102   87   35   88
   20060   40   50   25   80   34   63   84   79   61   22
   20080   58   80   28   62   32   59   74  105   81   93
   20100   64   48   24   75   57   62   36   84   82   64
   20120   72   37   58   33   48   72   85   60   59   56
   20140   49   71   56   54   43   59   79  101   59   66
   20160   49   58   67   71   70   58   42   49   47   57
   20180   35   52   67   99   54   74   28   57   49   67
   20200   57   36   80   58   63   91   42   53   74   43
   20220   38   79   88   63   87   52   24   47   59   62
   20240   81   35   81   59   89   69   87   88   56   49
   20260   51   88   60   56   46   45   79   96   61   34
   20280   50   68   45   57   64   62   60   85   50   68
   20300   72   65   14   67   49   84   79   69   48   48
   20320   86   42   33   56   91   53   73   83   82   65
   20340   38   43   88   41   96   73   62   29   58   62
   20360   45   51   53   63   35   58   51   55   37   59
   20380   72   79  117   18   80   51   53   83   64   37
   20400   71   80   32   29   34   62   92   78   61   76
   20420   75   43   57   34   53   73   63   37   46   73
   20440   24   59   44   66   45   37   67   54   77   60
   20460   93   56   69   71   41   72   65   72   49   83
   20480   64   64   44   70   35   76   90   60   67   37
   20500   64   56   30   62   48   46   95   65   55   32
   20520   84   45   38   33   73   42   85   43   76   79
   20540   41  101   60   51   44   58   60   31  111   68
   20560   68   67   84   55   95   39   49   10   61   83
   20580   46   61   44   75   37   43   66   55   62   28
   20600   45   55   81   90   49   70   56  104   38   30
   20620   48   47   41   65   26   41   71   43   57   70
   20640   22   39   69   79   85  119   62   26   33   72
   20660   71   54   49   42   74   57   38   17   68   57
   20680   57   69   36   56   83   43   87   97   98   56
   20700   75   77   29   78   66   63   60   67   95   61
   20720   84   58   48   92   61   55   82   63   69   37
   20740   33   86   31   48   65   50   41   40   71   37
   20760   51   57   64   72   43   51   43   48   52   68
   20780   76   50   47   33   49   75   50   61   76   84
   20800   46   60   52   26   64   71   71   45   50   55
   20820   60   46   59   44   70   48   60   39   64   43
   20840   74   43   45   46   36   62   71   76   39   74
   20860   69   30  100   34   71   66   46   68   62   87
   20880   42   39  104   45   58   75   52   48   51   57
   20900   47   73   55   42   98   46   85   79   44   90
   20920   34   64   56   84   58   36   52   73   86   64
   20940   61   71   33   72   80   64   80   17   72   49
   20960   83   89   52   74   51   49   52   56   90   87
   20980  109   84   75   80   72   68   90   81   70   37
   21000   80   44   47   67   78   54   55   92   59   78
   21020   87   39   41   50   50   73   91   54   26   55
   21040   44   92   66   89   54   69   45   51   35   53
   21060   87   67   74   50  132   96   63   55   77   53
   21080   56   85   44   43   71   66   49   63   99   82
   21100   74   67   34   83   32   60   47   93   56  102
   21120   63   95   53   59   81   77   99   64   39   79
   21140  101   74   35   72   40   45   79   38   76   57
   21160   80   48   47   52   50   82   74   76   91   58
   21180   82   58   47   83   93   40   52   77   56   56
   21200   77   64   76   78   94   65   67   48   33   65
   21220   39   69   63   50   71   44   50   21   65   61
   21240   73   71   75   65   74   59   53   57   38   43
   21260   68   41   57   48   83   54   59   69   55   57
   21280   58   30   51   59   67   45   74   76   54   49
   21300   91   39   66   46   58   72   46   66   71   58
   21320   56   47   77   53   98   74   47   73   78   62
   21340   43   58   53   89   67   51   45   64   56   44
   21360   65   57   64   42   60   69   62   43   50   34
   21380   46   37   31   71   62   59   76   46   85   54
   21400   46   54   44   37   36   43   80   49   54   87
   21420   35   64   60   47   54   38   22   63   59   65
   21440   74   39   75   38   50   14   37   59   28   87
   21460   69   47   55   35   68   74   63   68   65   58
   21480   45   60   63   55   79   51   43   41   70   68
   21500   81   49   45   87   54   74   57   28   84   44
   21520   85   93   84   55   64   53   72   43   63   62
   21540   80   79   54   72   89   73   69   85   69   49
   21560   90   50   49   73   43   77   58   85   32   49
   21580   34   12   47   47   75   61   50   36   61   60
   21600   42   57   59   38   63   35   94   54   34   69
   21620   54   52   58   42   83   54   32   59   48   56
   21640   67   72   91   44   76   39   73   94   40   58
   21660   42   40   64   84   18   56   35   76   49   69
   21680   57   67   60   67   34   30   30   52   29   41
   21700   50   43   55   76   61   39   66   45   36   63
   21720   66   68   40   73   89   63   80   73   43   73
   21740   53   65   30   52   79   35   37   40   94   83
   21760   44   61   49   88   43   24   34   81   62   51
   21780   49   25   38   68   99   78   56   48   86   43
   21800   41   34   62   48   51   44   84   58   84   70
   21820   71   16   93   52   50   61   65   48   85   51
   21840   77   63   63   61   37   48   71   94   30   46
   21860   47   61   48   65   42   44   74   40   40   56
   21880   74   74   63   63   41   50   24   38   57   47
   21900   62   51   97  118   57   59   78   49   69   95
   21920   68   67   36   45   51   80   49   74  108   62
   21940   60   53   69   35   60   49   41   65   67   57
   21960  102   74   87   41   82   39   46   37   97   45
   21980   84   74   82   60   32   63   37   80   57   32
   22000   45   85   30   67   20   40   69   41   60   45
   22020   62   67   75   70   55   42   50   24   59   32
   22040   65   58   62   47   76   76   52   40  111   37
   22060   43   59   42   40   72   63   94   53   48   50
   22080   52   43   69   50   56   77   65   48   39   72
   22100   73   52   59   12   73   67   28   61   33   31
   22120   63   51   80   68   54   79   59   62   61   66
   22140   66   56   70   47   45   60   70   78   85   79
   22160   72   91   87   60   58   60   46   53   68   99
   22180   38   67   34   75   41   74   40   80   47   51
   22200   63  115   52   93   40   81   53   43   40   74
   22220   82   49  106   58   39   47   50   34   77   78
   22240   45   78   86   44   73   58   64   22   90   59
   22260   40   54   37   50   68   74   65   13   64   45
   22280   67   36   69   32   58   79   37   44   21   56
   22300   41   48   68   91   64   34   60   76   92   67
   22320   72   70   76   65   53   66  106   62   27   66
   22340   50   47   46   24   62   72   96   64   50   74
   22360   26  105   46   53   82   69   63   66   71   58
   22380   60   80   57   45   38   52   86   83   75   52
   22400   34   87   41   43   51   62   47   36   57   50
   22420   59   65   35   66   69   68   76   62   58   52
   22440   35   45   66   52   39   75   59   65   75   44
   22460   56   88   54   26   47   80   59   40   25   23
   22480   48   55   50   59   37   54   52   56   21   48
   22500   50   68   77   70   33   49   82   50   64   32
   22520   59   53   60   78   72   70   68   71   64   39
   22540   90   76   66   83   79   48   25   44   55   62
   22560   56   93   64   47   59   31   98   44   53   59
   22580   29   71   36   79   27   47   42   82   24   49
   22600   73   81   69   41  101   49   43   49   57   57
   22620   45   64   33   48   81   68   82   83   70   29
   22640   33   78   52   66   64   44   42   46   23   47
   22660   94   68   72   51   79   57   46   48   93   42
   22680   88   97   50   62   63   38   53   64   41   89
   22700   55   91   58   45   44   52   58   37   18   54
   22720   43   54   88   83   58   60   25   44   61   86
   22740   42   78   77   63   50   58   34   52   53   67
   22760   40   61  100   20   56   40   26   78   80   65
   22780   72   61   93   40   63   65   45   53   59   58
   22800   49   63   88   57   67  112   59   34   38   69
   22820   63   27   54   56   31   51   43   54   28   38
   22840   58   27   48   50   42   78   47   53   39   57
   22860   64   43   62   42   55   75   55   35   38   35
   22880   69   38   61   81   53   82   38   59   67   75
   22900   44   97   49   90   58   33   73   60   66   62
   22920   75   60   62   54   30   45   50   48   48   63
   22940   48   64   42   78   50   41   31   66   89   62
   22960   44   70   66   69   71   31   29   44   80   55
   22980   59   65   72   86   45   46   74   51   64   36
   23000   46   52   54   44   65   75   58   64   45   41
   23020   76   52   58   60   96   94   57   82   64   88
   23040   67   55   47  105   54   52   61   61   54   38
   23060   70   71   47   67   41   85   73   76   86   64
   23080   52   63   51   31   44   75   45   82   84   69
   23100   69   65   52   83   88   40   71   64   75   76
   23120   56   90   72   67   62   60   76   78   85   80
   23140   37   58   47   60   15   60   79   67   86   67
   23160   44   51   84  112   53   65   61   54   53   55
   23180   86   67   76   76   71   82   73  101   78   37
   23200   87   53   59   36   67   72   43   36   64   34
   23220   50   70   57   48   68   89   81   98   48   49
   23240   63  101   55   98   26   72   67   93   59   74
   23260   46   55   59   64   77   44   33   47   57   46
   23280   82   92   60   70   68   80   35   64   26   40
   23300   40   84   63   39   66   76   43   70   42   58
   23320   32   95   75   51   92   59   55   60   73   88
   23340   49   96   80   85   69   64   75   75   54   53
   23360   78   45   57   41   82   46   85   81   55   59
   23380   89   83   40   56   40   71   40   45   42   44
   23400   66   29   59   96   45   59   61   46   32   96
   23420   78   56   72   62   32  107   34   84   41   77
   23440   58   67   48   65   33   35   90   57   50   40
   23460   77   70   47   52   59   50   51   42   63   32
   23480   49   56   53   40   55   56   60   68   24   61
   23500   61   76   44   49   28   70   29   55   85   71
   23520   77   79   47   38   50   55   45   86   46   99
   23540   57   44   56   66   62   24   36   66   33   76
   23560   80   63   50   58   70   75   67   50   46   69
   23580   87   80   57   44   74   80   52  103   73   64
   23600   74   43   68   58   77   64   34   69   59   88
   23620   71   75   86   77   75  104   60   57   80   87
   23640   22   97   54   46   94   45   54   60   69   58
   23660   65   63   46   54   28   38   58   64   49   65
   23680   56   71   83   66   31   47   54   58   71   70
   23700   71   89   54   53   45   50   48   75   38   61
   23720   71   75   81   73   61   74   48   58   39   50
   23740   51   36   67   58   67   69   58  105   72   51
   23760   45   55   57   31   75   38   61   44   73   28
   23780   51   67   84   47   49   49   43   73   85   49
   23800   52   77   81   52   87   79   45  103   52   44
   23820   53   67   77   35  100   83   51   39   73   42
   23840   64   38   59   17   61   74   56   27   56   64
   23860   83   50   51   38   84   44   35   60   76   56
   23880   50   55   67   53   53   47   41   39   61   68
   23900   55   39   45   56   60   48   63   57   32   62
   23920   50   58   49   91   53   15   33   67   40   75
   23940   57   56   75   56   77   37   39   37   95   75
   23960   23   61   58   74   89   44   72   56   72   34
   23980   37   60   68   41   49   66   48   31   64   36
   24000   54   91   57   50   54   63   58   42   18   45
   24020   57   69   39   80   69   75   35   57   50   52
   24040   27   46   60   67   47   65   62   54   55   62
   24060   65   59   42   54   59   58   70   34   42   85
   24080   49   61   68   47   40   49   55   55   38   55
   24100   21   13   43   41   40   63   63   65   49   63
   24120   67   60   76   60   86   53   35   52   45   30
   24140   19   51   80   59   41   55   24   86   51   47
   24160   59   49   47   68   28   48   71   89   54   35
   24180   35   48   48  100   33   43   53   34  103   50
   24200   25   53   39  102   51   39   46   65   75   73
   24220   69   74   63   63   77   16   62   45   78   52
   24240   79   46   46   32   70   37   41   25   55   73
   24260   57   61   38   31   73   42   31   43   24   80
   24280   75   28   28   76   55   51   48   44   90   46
   24300   38   48   26   94   81   49   31   32   53   58
   24320   89   61   47   61   84   64   54   64   32   51
   24340   80   91   27   68   59   68   26   56   69   60
   24360   78   36   18   31   47   59   38   62   54   43
   24380   73   51   76   58   68   32   46   54   53   63
   24400   56   65   48   84   39   41   55   49   47   35
   24420  107   69   52   74   62   81   78   30   29   28
   24440   73   45   39   53   72   46   52   39   33   39
   24460   69   67   32   26   60   52   66   36   51   92
   24480   58   54   36   60   67   57   84   56   65   39
   24500   66   46   51   65   76   51   59   56   43   33
   24520   66   44   81   42   43   59   50   50   56   52
   24540   55   52   64   49   67   49   52   56   43   62
   24560   45   86   32   46   76   56   77   37   59   60
   24580   45   38   53   27   38   60   54   48   72   77
   24600   40   35  108   56   90   62   57   48   54   72
   24620   65   42   58   73   63   47   59   59   49   72
   24640   60   35   56   44   54   29   47   54   75   35
   24660   44   32   69   87   73   47   52   54   46   52
   24680   40   43   47   61   73   47   61   75   78   54
   24700   81   73   44   70   36   54   45   66   63   75
   24720   63   22   59   67   62   35   51   84   69   44
   24740   40   64   60   59   63   45   56   46   53   43
   24760   76   40   79   47   65   38   74   79   50   55
   24780   86   72   73   48   50   62   44   61   79   41
   24800   63   85   61   65   86   32   47   55   88   95
   24820   60   84   40   41   39   82   56   43   65   72
   24840   60   72   61   47   62   73   68   63   56   48
   24860   48   78   46   25   43   64   88   21   42   57
   24880   55   49   46   44   65   76  113   32   47   41
   24900   48   58   78   59   64   42   40   73   78   27
   24920   69   81   77   83   64   68   62   78   77   62
   24940   45   88   77   51   72   59   49   56  100   54
   24960   56   36   64   30   64   42   26   50   74   31
   24980   56   42   66   56   55   70   44  109   69   61
   25000   59   69   42   69  108   62   70   54   51   58
   25020   53   88   61   54   67   88   69   19   49   53
   25040   58   77   54   41   28   55  107   33   43   38
   25060   53   55   48   56   25    0   64   49   62   42
   25080   61   66   40   60   64   26   66   53   89   42
   25100   43   49   39   43   60   42   46   73   67   76
   25120   44   77   38   30   56   43   31   89   68   53
   25140   39   49   54   48   44   45   62   50   80   50
   25160   66   50   57   93   62   58   12   60   77   48
   25180   57   57   86   57   24  100   38   72   81   82
   25200   40   71   53   29  114   94   49   63   62   61
   25220   70   53   45   60   28   86   45   71   57   49
   25240  100   35   72   74   39   38   59   44   47   40
   25260   76   67   99   99  103   71   65   23   69   93
   25280   81   52   48   35   52   61   84   54   29   40
   25300   32   68   59   69   93   90   70   48   42   79
   25320   77   50   66   79   70   50   74   56   50   61
   25340   56   58   22   89   69   55   57   97   44   39
   25360   48   59   47   44  103   56   55   74   51   47
   25380   54   72   40   60   43   38   96   51   66   59
   25400   55   70   68   34   40   28   79   79   56   44
   25420   92   70   79   52   88   51   29   57   74   50
   25440   73   70   51   51   55   23   29   33   73   29
   25460   55   38   50   43   66   59   51  112   50   43
   25480   54   63   72   71   71   66   98   87   84   57
   25500   66  106   49   56  100   86   37   35   58   69
   25520   62   44   90   29   51   87   70   57  108   92
   25540   53   53   42   34   46   72   37   67   46   87
   25560   29   85   55   54   15   71   93   45   29   29
   25580   39   43   65   49   45   77   52   98   73   41
   25600   76   52   52   76   33   59   35   46   87   59
   25620   46   61   77  104   89   20   67   54   43   77
   25640   46   45   68   67   66   47   34   51   59   54
   25660   54   68   53   64   66   27   22   61   63   86
   25680  109   61   64   81   45   70   56   43   42   95
   25700   59   70   66   32   65   65   53   63   75   75
   25720   42   50   92   70   52   54   76   52   58   63
   25740   48   34   37   83   82   70  107   61   84   46
   25760   57   54   51   33   31   63   99   64   55   33
   25780   77   51   43   46   47   20   45   28   85   49
   25800   66   58   65   73   63   33   99   29   48   41
   25820   62   36   54   43   79   61   51   53   73   77
   25840   52   60   69   30   35   62   42   58   43   39
   25860   31   38   41   88   70   74   53   86   60   87
   25880   37   55   72   52   72   91   25   40   61   20
   25900   74   89   48   28   70   79   26   55   49   34
   25920   68   49   46   53   51   46   41   56   70   45
   25940   44   78   62   97   78   69   67   41   43   63
   25960   27   46   82   80   76   74   43   68   49   50
   25980   73   47   94   70   74   51   90   49   99  144
   26000  121   89   84   74   74   71   62   66   35   55
   26020   99   50   50   81   53   51   29   84   47   28
   26040   96   75   69   58   64  102   92   71  101   71
   26060   79   83   65   61   59   36   56   67   53   47
   26080   62   52   72   53   92   53   39   89   75   53
   26100   67   44   64   67   51   36   65   58   52   34
   26120   26   41   87   54   60  102   45   54   71   82
   26140   37   49   78   49   64   85   69   57   67   53
   26160   85   43   52   41   64   85   59   72   66   76
   26180   76   64   36   84   87   56   43   56   61   66
   26200   94  101   68   74   67   63   55   99   97   48
   26220   71   71   56   65   69   73   38   92   54   64
   26240   67   63   63   70   53   56   62  110   43   61
   26260   30   52   63   57   49   44   77   39   32   48
   26280   70   72   74   69   77   70   84   32   67   67
   26300   78   76   76  107   41  104  100   85   83   63
   26320   29   42   44   53   18   50   40   57   78   72
   26340   70   77   25   48   34   52   71   45   47   81
   26360   51   39   35   60  109   61   77   71   70   60
   26380   48   42   33   39   48   74   48   53   40   70
   26400   55   38   56   37   79   85   39   72   39   58
   26420   43   84   68   52   44   52   42   74   59   36
   26440   49   75   74   64   72   65   93   36   79   48
   26460   61   78  133   66   50   37   72   72   59   72
   26480   76   62   91   44   31   41   64   78  103   83
   26500   65   61   49   74   65  101   37   68   82   80
   26520   59   40   74   39   65   49   44   41   62   74
   26540   85   37   86   89   52   36   55   68   69   69
   26560   73   81   43   66   89   71   46   61   37   85
   26580   46   48   42   30   81  129   45   66   90   56
   26600   31   96   80   75   32   32   89   66   62   52
   26620   85   60   85   63   63   77   81   67   86   68
   26640   42   50   84   63   67   98   97   61   74   45
   26660   55   61  112   47   60   26   56   57   47   54
   26680   79   25   73   69   72   51   72   55   67   22
   26700   55   61   55   96   69   64  103   46   37   61
   26720   71   31   17   55   90   61   59   39   74   39
   26740   57   62   55   87   88   70   40  120   55   72
   26760   40   71   69   72   40   65   35   47   48   71
   26780   59   44   59   73   52   68   65   62   34   51
   26800   36   52   51   37   93   69   79   52   49   74
   26820   50   58   53   32   58   51   58   69   31   61
   26840   50   67   36   59   44   99   59   36   39   14
   26860   54   72   56   77   71   85   69   60   58   71
   26880   85   56   72   49   70   72   57   57   76   58
   26900   38   64   34   66   47   71   54   59   56   51
   26920   33   36   54   41   73   32   82   34   47   78
   26940   49   78   69   56   49   33   54   71   37   42
   26960   70   56   22   48   66   62   54   54   40   37
   26980   59   57   47   53   54   87   48   90   71   41
   27000   45   18   41   66   55   49   88   66   79   56
   27020   70   57   62   65   59   71   56   68   46   59
   27040   40   91   60   75   50   40   16   63   78   51
   27060   25   42   72   71   64   92   71   84   51   54
   27080   59   33   47   54   55   97   45   49   59   40
   27100   70   24   49   32   65   41   52   56   70   24
   27120   88   73   44   56   60   41   48   40   52   49
   27140   69   78   47   79   60   49   58   52   33   58
   27160   60   51   39   62   98   55   53   55   30   61
   27180   36   66   41   64   57   52   41   75   51   63
   27200   73   47   42   45   53   53   21   97   71   72
   27220   64   22   61   81   62   57   65   50   44   65
   27240   76   47   26   36   62   57   36   16   44   77
   27260   62   68   45   77   67   49   38   54   57   61
   27280   11   37   47   63   50   53   54   48   31   63
   27300   28   76   30   96   35   67   59   39   67   69
   27320   41   78   23   67   45   43   38   26   57   47
   27340   23   86   48   80   36   79   16   62   31   60
   27360   75   35   36   34   67   79   50   77   55   75
   27380   75   41   14   53   41   56   71   48   55   60
   27400   51   50   17   50   40   38   38   60   58   67
   27420   89   64   55   69   57   42   39   63   56   42
   27440   54   72   71   72   39   43   27   83   33   65
   27460   38   59   73   56   71   81   46   43   33   56
   27480   47   67   72   53   53   69   59   57   40  101
   27500   77   63   47   40   64   49   46   58   40   73
   27520   79   87   40   59   73   59   73   72   51   63
   27540   50   80   84   49   39   34   91   60   69   59
   27560   92   46   46   42   77   50   61   50   63   74
   27580   52   41   37   44   26   52   45   54   50   41
   27600   72   56   63   61   33   67   71   36   29   36
   27620   57   73   59   86   41  101   44   54   29   49
   27640   63   45   63   43  112   41   64   74   67   48
   27660   86   88   64   62   44   20   46   42   61   60
   27680   44   25   43   45   64   30   60   73   53   56
   27700   62   32   48   48   56   48   47   55   58   78
   27720   71   57   62   77   59   25   76   44   50   61
   27740   45   41   66   65   69   10   70   58   55   50
   27760   56   31   48   44   77   29   53   69   28   10
   27780   55   22   85   65   61   63   80   60   66   47
   27800   78   60   50   57   61   78   67   44   82   51
   27820   67   72   37   51   58   39   54   41   67   26
   27840   72   76   31   82   40   49   38   40   39   39
   27860   42   83   79   68   80   73   62   54   71   45
   27880   55   57   65   79   17   76   75   44   68   37
   27900   95   41   95   28   38   38   62   87   64   55
   27920   57   45   43   44   40   63   48   37   72   43
   27940   32   69   35   49   54   61   65   48   38   48
   27960   76   74   69   59   75   81   43   48   58   95
   27980   61   39   50   37   34   63   38   41   74   41
   28000   17   57   76   83   65   48  107   41   87   66
   28020   64   43   45   77   64   97   48   38   74   64
   28040   55   87   27   57   57   79   56   14   77   40
   28060   63   90   34   76   62   54   32   41   74   37
   28080   71   67   58   60   55   80   42   49   63   68
   28100   49   55   34   55   73   62   43   59   56   89
   28120   60   89   52   57   54   44   32   61   61   68
   28140   60   77  102   62   37   39  117   24   61   38
   28160   41   60   66   39   53   80   74   28   36   41
   28180   56   72   29  100   51   59   50   39   45   82
   28200   79   45   83   77   50   71   44   40   74   64
   28220   60   58   50   84   52   83   59   33   59   76
   28240   62   79   62   65   60   68   58   64   58   59
   28260   53   38   64   68   49   71   52   77   68   44
   28280   87  120   60   59   45   45   36   66   46   62
   28300   53   45   34   59   37   48   66   84   53   40
   28320   72   37   77   24   43   65  112   57   74   71
   28340   51   66   27   72   54   29   61   73   68   64
   28360   60   54   30   68   33   40   45   77   43   47
   28380   65   61   69   96   68   59   72   43   69   85
   28400   55   53  104   60   76   80   51   32   52   52
   28420   56   81   68   88   41   67   38   76   65   40
   28440   77   67   81   37   40   34   40   41   41   41
   28460   25  104   49   58   67   44   87   43   56   57
   28480   76   68   55   35   47   54   65   77   46   41
   28500   46   46   43   31   72   42   82   67   50   48
   28520   64   33   50   90   68   71   46   70   81   54
   28540   58   48   36   59   73   46   34   77   69   57
   28560   21   49   55   71   39   47   53   98   30   25
   28580   73   75   31   34   60   43   43   42   51   64
   28600   82   63   79   48   79   60   52   30   27   59
   28620   64   63   58   66   33   69   73   49   47   37
   28640   50   46   59   93   55   74   76   70   58   53
   28660   51   35   43   69   63   47   66   43   69   59
   28680   75   36   39   28   39   27   80   31   62   48
   28700   59   44   69   49   57   60   90   78   42   50
   28720   75   81   50   65   52   57   80   29   38   53
   28740   56   74   49   49   49   51   83   66   69   53
   28760   65   63   76   49   38   39   54  107   66   67
   28780   68   55   67   77   31   66   83   61   68   26
   28800   53   70   26   50   43   44   83   57   71   28
   28820   73   63   68   44   68   53   57  110   46   53
   28840   63   90   68   10   56   44   54   62   48   80
   28860   82   92   16   23   40   64   77   56   34   52
   28880   81   63   79   54   98   67   71   72   43   65
   28900   25   83   51   59   99   82   50   50   49   60
   28920    8   38   66   76   58   55   90   52   82   77
   28940   23   42   56   43   41   67   67   45   43   58
   28960   57   24   71   53   38   95   55   51   60   28
   28980   97   87   83   47   52   63   58   42   83   70
   29000   70   61   64   31   53   34   57   76   53   13
   29020   74  105   55   42   83   58   74   81   60   79
   29040  102   45   76   34   50   63   45  106   77   99
   29060   71   68   80   92   72   59   43   74   58   65
   29080   44   57   59   50   49   49   83   29   85   47
   29100   59   50   81   66   56   68   35   53   51   34
   29120   52   33   50   55   62   90   29   61   63   52
   29140   60   15   59   57   67   78   66   67   52   46
   29160   77   50   53   31   65   52   46   75   62   62
   29180   56   25   57   39   53   95   44   57   80   67
   29200   51   59   27   35   83   70   31   81   48   27
   29220   43   70   50   28   92   52   77   40   61   84
   29240   59   60   85   35   72   68   78   15   55   76
   29260   50   39   53   63   40   75   73   48   69   67
   29280   69   62   49   73   39   53   48   62   61   69
   29300   78   56   80   69   47   62   50   34   53   40
   29320   84   96   69   67   30   51   39   64   58   45
   29340   49   94   28   53   60   84   33   74   60   39
   29360   53   35  101   81   70   71   69   20   71   59
   29380   46   36   59   69   53   50  111   53   46   92
   29400   30   44   40   86   90   41   80   61   38   69
   29420   72  102   82   24   49   67   79   81   45   86
   29440   18   66   75   58   80   83   69   89   44   99
   29460   60   51   66   68   57   85   49   28   54   70
   29480   49   45   27   65   98   55   62   39   78   63
   29500   57   91   76   57   46   43   55   82   65   55
   29520   51   57   44   54   48   73   65   67   62   46
   29540   60   98   28   63   80   54   58   43   22   57
   29560   23   80   45   51   88   79   76   60   45   25
   29580   32   85   39   74   68   44   51   49   43   55
   29600   61   80   82   82   29   71   70   53   52   87
   29620   45   80   33   67   47   53   60   74   64   42
   29640   70   59   74   41   57  103   73   57   56   29
   29660   45   76   65   59   79   60   44   65   63   34
   29680   19   60   73   56   49   65  107   34   99   69
   29700   38   62   34   38   82   92   63   39   57   44
   29720   25   71   25   46   48   67   69   39   35   24
   29740   32   47   70   53   66   61   62   28   48   64
   29760   26   64   47   18   58   45   40   62   72   50
   29780   58   50   36   58   38   34   62   27   38  107
   29800   59   45   92   35   43   52   57   47   66   95
   29820   72   64   40   71   21   70   46   21   27   65
   29840   85   33   30   25   72   24   71   74   44   63
   29860   67   68   79   47   48   45   49   36   76   41
   29880   56   68   56   68   64   66   63   56   83   37
   29900   36   66   90   53   68   85   90   64   31   78
   29920   56   68   49   40   57   41   73   56   59   54
   29940   70   56   43   75   56   51   56   48   61  101
   29960   64   78   37   41   50   39   64   31   58   49
   29980   50   65   58   65   75   43   57   84   68   59
   30000   49   37   51   86   69   64   73   34   65   69
