      20     0.000912467     0.000892205     0.942700000
      40     0.001754776     0.001705861     0.918400000
      60     0.002505399     0.002430610     0.870000000
      80     0.003165355     0.003057536     0.817500000
     100     0.003831510     0.003691420     0.790500000
     120     0.004371536     0.004198411     0.742400000
     140     0.004843112     0.004636235     0.683300000
     160     0.005536976     0.005283876     0.640800000
     180     0.005832454     0.005559347     0.644900000
     200     0.006045002     0.005750496     0.606500000
     220     0.006323976     0.006006805     0.606400000
     240     0.006520242     0.006178838     0.586800000
     260     0.007020134     0.006611390     0.554000000
     280     0.007532406     0.007086467     0.546400000
     300     0.007916404     0.007439770     0.557500000
     320     0.008238755     0.007692476     0.466600000
     340     0.008342351     0.007751050     0.434700000
     360     0.008562995     0.007992273     0.475000000
     380     0.008650101     0.008053556     0.456100000
     400     0.008792971     0.008158562     0.452800000
     420     0.008696802     0.008002206     0.417700000
     440     0.008555685     0.007871240     0.394400000
     460     0.008544481     0.007938187     0.443400000
     480     0.008685554     0.008024001     0.413300000
     500     0.008806833     0.008166623     0.444400000
     520     0.008889864     0.008173248     0.404100000
     540     0.009070678     0.008386110     0.451400000
     560     0.009295329     0.008595617     0.423500000
     580     0.009399653     0.008629412     0.392600000
     600     0.009307324     0.008579524     0.430000000
     620     0.009302807     0.008602919     0.443300000
     640     0.009512595     0.008760606     0.432200000
     660     0.009349731     0.008639960     0.430500000
     680     0.009093284     0.008404791     0.432000000
     700     0.009130359     0.008442262     0.431900000
     720     0.009257901     0.008598902     0.462000000
     740     0.009322783     0.008582881     0.412200000
     760     0.009758034     0.008897488     0.363900000
     780     0.009662482     0.008853731     0.400300000
     800     0.009424652     0.008547389     0.343500000
     820     0.009700001     0.008737488     0.329300000
     840     0.009431764     0.008539474     0.333400000
     860     0.009792520     0.008899263     0.360600000
     880     0.010050497     0.009150513     0.361800000
     900     0.009859257     0.008990764     0.373600000
     920     0.009604927     0.008748478     0.373400000
     940     0.009587575     0.008736674     0.356500000
     960     0.009481344     0.008595622     0.354500000
     980     0.009786073     0.008869402     0.346000000
    1000     0.010026088     0.009075014     0.355900000
    1020     0.010133032     0.009201710     0.353800000
    1040     0.010133860     0.009204782     0.354400000
    1060     0.010305633     0.009341502     0.336400000
    1080     0.010264131     0.009198037     0.306700000
    1100     0.010260606     0.009221438     0.326200000
    1120     0.009907860     0.008947078     0.342900000
    1140     0.009773429     0.008828285     0.321500000
    1160     0.009836965     0.008907447     0.354600000
    1180     0.009711402     0.008870998     0.375600000
    1200     0.009705131     0.008820422     0.365200000
    1220     0.009727741     0.008863798     0.389000000
    1240     0.009994719     0.009110835     0.392900000
    1260     0.010132806     0.009254988     0.383600000
    1280     0.010146245     0.009203977     0.370400000
    1300     0.009816593     0.008945499     0.383300000
    1320     0.009708580     0.008836946     0.369200000
    1340     0.010100149     0.009153342     0.348400000
    1360     0.010089737     0.009066211     0.316100000
    1380     0.010090639     0.009057648     0.332100000
    1400     0.010313136     0.009302814     0.329800000
    1420     0.010259551     0.009213168     0.324300000
    1440     0.010211510     0.009150490     0.301500000
    1460     0.010030719     0.008983140     0.311600000
    1480     0.010073776     0.009087624     0.340300000
    1500     0.009922067     0.008910389     0.323700000
    1520     0.009835191     0.008911639     0.363400000
    1540     0.009909387     0.008961041     0.349600000
    1560     0.009941722     0.009032045     0.363700000
    1580     0.010197776     0.009233160     0.363300000
    1600     0.010053939     0.009165699     0.375400000
    1620     0.010348984     0.009326224     0.343200000
    1640     0.010103181     0.009092068     0.337600000
    1660     0.009887615     0.008963473     0.348500000
    1680     0.010299580     0.009310742     0.354300000
    1700     0.010120463     0.009126771     0.350600000
    1720     0.010142324     0.009132051     0.347700000
    1740     0.010343310     0.009288666     0.321700000
    1760     0.010492287     0.009336978     0.325700000
    1780     0.010681096     0.009572465     0.331400000
    1800     0.010718139     0.009654470     0.320900000
    1820     0.010664768     0.009633571     0.342900000
    1840     0.010574026     0.009510977     0.312000000
    1860     0.010811827     0.009752098     0.363400000
    1880     0.010504358     0.009450044     0.328200000
    1900     0.010088279     0.009125869     0.369900000
    1920     0.009471036     0.008648131     0.373500000
    1940     0.009593256     0.008787002     0.426200000
    1960     0.010032927     0.009095210     0.362500000
    1980     0.010295649     0.009347411     0.358600000
    2000     0.010119429     0.009139850     0.339500000
    2020     0.010041116     0.009144999     0.365000000
    2040     0.009687152     0.008783444     0.341600000
    2060     0.009418115     0.008625202     0.382400000
    2080     0.009617853     0.008773275     0.349700000
    2100     0.009656588     0.008771739     0.343700000
    2120     0.009405552     0.008557564     0.362900000
    2140     0.009626450     0.008776662     0.383000000
    2160     0.009301038     0.008552051     0.402200000
    2180     0.009677119     0.008826294     0.367600000
    2200     0.009855943     0.008959546     0.348900000
    2220     0.009703062     0.008821109     0.375800000
    2240     0.009830258     0.008972529     0.378400000
    2260     0.009955815     0.009031401     0.344900000
    2280     0.010066682     0.009077034     0.336300000
    2300     0.010182662     0.009229373     0.340800000
    2320     0.010464265     0.009413291     0.341300000
    2340     0.010830401     0.009806757     0.363200000
    2360     0.010760091     0.009725562     0.329700000
    2380     0.010412592     0.009343250     0.310900000
    2400     0.010648666     0.009546281     0.301500000
    2420     0.010577585     0.009534628     0.353700000
    2440     0.010198260     0.009245368     0.359500000
    2460     0.009771842     0.008874762     0.355700000
    2480     0.009952804     0.008955117     0.337000000
    2500     0.010090643     0.009135797     0.376200000
    2520     0.010007691     0.009041275     0.348600000
    2540     0.010015760     0.009035757     0.362500000
    2560     0.009859021     0.008863269     0.308900000
    2580     0.009690429     0.008591715     0.282100000
    2600     0.009585848     0.008597040     0.326800000
    2620     0.009763453     0.008816014     0.343000000
    2640     0.009828178     0.008941440     0.373900000
    2660     0.009767669     0.008835751     0.351300000
    2680     0.009949980     0.009015375     0.353600000
    2700     0.009827164     0.008882021     0.333000000
    2720     0.009608744     0.008743923     0.378500000
    2740     0.009526099     0.008689066     0.361500000
    2760     0.009287749     0.008476063     0.382700000
    2780     0.009534416     0.008660877     0.343200000
    2800     0.009882065     0.008948993     0.337500000
    2820     0.009915970     0.008957481     0.337200000
    2840     0.009996595     0.009036073     0.320400000
    2860     0.009841708     0.008938993     0.369100000
    2880     0.009686227     0.008847377     0.388800000
    2900     0.009680563     0.008856985     0.409700000
    2920     0.009692558     0.008836740     0.397000000
    2940     0.009405964     0.008623881     0.403700000
    2960     0.009725754     0.008881397     0.358000000
    2980     0.009658988     0.008828478     0.385700000
    3000     0.009765927     0.008942277     0.402500000
    3020     0.009596937     0.008715428     0.368900000
    3040     0.009729378     0.008860986     0.378400000
    3060     0.009529524     0.008701540     0.385200000
    3080     0.009691327     0.008772726     0.337100000
    3100     0.010054865     0.009101067     0.343500000
    3120     0.009965391     0.009003615     0.342900000
    3140     0.010136491     0.009222025     0.366000000
    3160     0.010313079     0.009293854     0.338600000
    3180     0.010367771     0.009355081     0.353200000
    3200     0.010245376     0.009319241     0.394500000
    3220     0.010687880     0.009704125     0.388600000
    3240     0.010303973     0.009354581     0.349500000
    3260     0.010312472     0.009259858     0.324500000
    3280     0.010466592     0.009423313     0.331700000
    3300     0.010454284     0.009445805     0.354100000
    3320     0.010123352     0.009131217     0.337300000
    3340     0.010290254     0.009308861     0.353300000
    3360     0.010421656     0.009408359     0.332200000
    3380     0.010494910     0.009372174     0.287000000
    3400     0.010180591     0.009105839     0.312400000
    3420     0.010557008     0.009471375     0.336100000
    3440     0.010682647     0.009584223     0.329300000
    3460     0.010282623     0.009247704     0.344000000
    3480     0.010127621     0.009087310     0.327500000
    3500     0.010118307     0.009049023     0.304600000
    3520     0.010243476     0.009224660     0.332600000
    3540     0.010312418     0.009200286     0.297200000
    3560     0.010246500     0.009203745     0.327600000
    3580     0.010286609     0.009312760     0.359200000
    3600     0.010310792     0.009296334     0.319800000
    3620     0.010178478     0.009159125     0.326800000
    3640     0.010458148     0.009466049     0.357900000
    3660     0.010766879     0.009680030     0.309400000
    3680     0.011246671     0.009996884     0.276400000
    3700     0.011012075     0.009763539     0.283800000
    3720     0.010815816     0.009623720     0.284800000
    3740     0.010911865     0.009741535     0.297800000
    3760     0.010554263     0.009434851     0.296100000
    3780     0.010122783     0.009073913     0.313500000
    3800     0.010221022     0.009045071     0.298000000
    3820     0.010234117     0.009101620     0.293300000
    3840     0.010048767     0.008968073     0.305300000
    3860     0.009900841     0.008822589     0.303100000
    3880     0.010340612     0.009309942     0.318800000
    3900     0.010365383     0.009320486     0.321400000
    3920     0.010076333     0.009138562     0.366400000
    3940     0.009692780     0.008767151     0.337800000
    3960     0.009544638     0.008670700     0.349800000
    3980     0.009738707     0.008765738     0.330000000
    4000     0.009709608     0.008744214     0.339400000
    4020     0.009648917     0.008792982     0.357300000
    4040     0.009588842     0.008819391     0.387800000
    4060     0.009710233     0.008839335     0.381400000
    4080     0.009515692     0.008692580     0.377800000
    4100     0.009191441     0.008430186     0.413900000
    4120     0.009474902     0.008743657     0.420800000
    4140     0.009571634     0.008795735     0.400800000
    4160     0.009780812     0.008925321     0.378100000
    4180     0.009593308     0.008759181     0.379300000
    4200     0.009730057     0.008870352     0.367300000
    4220     0.009668365     0.008880772     0.419300000
    4240     0.009346780     0.008623534     0.426600000
    4260     0.009377638     0.008590967     0.386800000
    4280     0.009307135     0.008473524     0.372100000
    4300     0.009610823     0.008728352     0.359400000
    4320     0.009661435     0.008837729     0.401200000
    4340     0.009860876     0.008976858     0.371300000
    4360     0.010057380     0.008978485     0.312000000
    4380     0.010076840     0.009144820     0.356900000
    4400     0.009977246     0.009111017     0.377200000
    4420     0.009710268     0.008817666     0.361800000
    4440     0.009693249     0.008865403     0.383800000
    4460     0.009936183     0.008986499     0.347200000
    4480     0.009943537     0.008980967     0.330700000
    4500     0.009682521     0.008785037     0.353700000
    4520     0.009608259     0.008655679     0.337200000
    4540     0.009295415     0.008421781     0.347900000
    4560     0.009031830     0.008246355     0.381200000
    4580     0.009189017     0.008464262     0.431300000
    4600     0.009094393     0.008330961     0.391700000
    4620     0.009407238     0.008599216     0.401800000
    4640     0.009427869     0.008626813     0.394100000
    4660     0.009603447     0.008817236     0.409800000
    4680     0.009553522     0.008728318     0.388000000
    4700     0.009495379     0.008688938     0.386100000
    4720     0.009339554     0.008488960     0.365500000
    4740     0.009640308     0.008851473     0.410700000
    4760     0.009547440     0.008809499     0.425100000
    4780     0.009427318     0.008662752     0.412800000
    4800     0.009730645     0.008863337     0.357100000
    4820     0.009865752     0.009004492     0.377900000
    4840     0.009719749     0.008872673     0.381700000
    4860     0.009722418     0.008873876     0.357000000
    4880     0.009513769     0.008707714     0.385000000
    4900     0.009941394     0.009041354     0.358600000
    4920     0.009988686     0.009031180     0.356000000
    4940     0.009915118     0.008957874     0.334300000
    4960     0.010294528     0.009262706     0.325500000
    4980     0.009745778     0.008789300     0.337200000
    5000     0.009435076     0.008568184     0.370300000
    5020     0.009605616     0.008741937     0.374900000
    5040     0.009792726     0.008926356     0.387300000
    5060     0.009613798     0.008818673     0.395000000
    5080     0.009385684     0.008609968     0.397100000
    5100     0.009361545     0.008567298     0.381800000
    5120     0.009540972     0.008727774     0.380000000
    5140     0.009751513     0.008908405     0.378000000
    5160     0.009801417     0.008970533     0.393700000
    5180     0.009734406     0.008966858     0.450200000
    5200     0.009320318     0.008576313     0.405800000
    5220     0.009517209     0.008740068     0.385700000
    5240     0.009646725     0.008794285     0.350100000
    5260     0.009465201     0.008689961     0.386500000
    5280     0.009673625     0.008753010     0.345400000
    5300     0.009815705     0.008893492     0.344500000
    5320     0.010208441     0.009247531     0.351600000
    5340     0.010083571     0.009143944     0.362900000
    5360     0.009856705     0.008938796     0.353500000
    5380     0.009976132     0.009063572     0.372000000
    5400     0.009935621     0.009057397     0.375700000
    5420     0.010270978     0.009329497     0.345000000
    5440     0.010027819     0.009072731     0.351200000
    5460     0.009708980     0.008813161     0.361300000
    5480     0.009451675     0.008655080     0.386700000
    5500     0.009541226     0.008734303     0.403100000
    5520     0.009846998     0.008970817     0.375300000
    5540     0.009874637     0.008988959     0.363300000
    5560     0.009959648     0.008999041     0.340500000
    5580     0.009656304     0.008792379     0.372100000
    5600     0.009524589     0.008677740     0.355000000
    5620     0.009641860     0.008781114     0.373000000
    5640     0.009645224     0.008797826     0.394300000
    5660     0.009871874     0.008942909     0.361100000
    5680     0.009897269     0.009046278     0.376900000
    5700     0.009956492     0.009088575     0.365900000
    5720     0.009876319     0.009021968     0.385100000
    5740     0.010516198     0.009507026     0.322900000
    5760     0.010333785     0.009405316     0.373600000
    5780     0.010456930     0.009538012     0.369100000
    5800     0.009997729     0.009029886     0.349500000
    5820     0.009878734     0.008922272     0.349700000
    5840     0.009743067     0.008886072     0.357900000
    5860     0.009649800     0.008769417     0.356500000
    5880     0.009658979     0.008779013     0.367000000
    5900     0.009450195     0.008570839     0.364500000
    5920     0.009588626     0.008735688     0.369000000
    5940     0.009422653     0.008543470     0.340300000
    5960     0.009385963     0.008530365     0.334800000
    5980     0.009058236     0.008189557     0.322700000
    6000     0.009288571     0.008455899     0.382700000
    6020     0.009415299     0.008585924     0.383600000
    6040     0.009119578     0.008342361     0.417800000
    6060     0.009187112     0.008364436     0.352200000
    6080     0.009267574     0.008514802     0.431600000
    6100     0.009297969     0.008499290     0.382100000
    6120     0.009542007     0.008664152     0.368100000
    6140     0.009826803     0.008910520     0.339900000
    6160     0.010072860     0.009072712     0.353000000
    6180     0.009885011     0.008915859     0.331500000
    6200     0.010362175     0.009305628     0.325600000
    6220     0.010202007     0.009195510     0.335100000
    6240     0.010397478     0.009457738     0.371700000
    6260     0.010752799     0.009761693     0.359100000
    6280     0.010545358     0.009481003     0.313600000
    6300     0.010712255     0.009662640     0.312500000
    6320     0.010132199     0.009062332     0.304400000
    6340     0.009892980     0.008881452     0.332600000
    6360     0.009747634     0.008835000     0.363600000
    6380     0.009590791     0.008762215     0.393800000
    6400     0.009407451     0.008527060     0.363000000
    6420     0.009271711     0.008467646     0.383500000
    6440     0.009584269     0.008755133     0.382800000
    6460     0.009417548     0.008645994     0.401300000
    6480     0.009460911     0.008661710     0.392300000
    6500     0.009245457     0.008420304     0.367900000
    6520     0.008910612     0.008248291     0.444300000
    6540     0.008972264     0.008248533     0.394000000
    6560     0.009164666     0.008468701     0.463300000
    6580     0.009497437     0.008758954     0.427900000
    6600     0.009347752     0.008654945     0.460300000
    6620     0.009408756     0.008635203     0.409600000
    6640     0.009719543     0.008842019     0.357700000
    6660     0.009950272     0.009014964     0.354700000
    6680     0.009818145     0.008934752     0.363300000
    6700     0.009653609     0.008822192     0.382400000
    6720     0.009487889     0.008697225     0.380500000
    6740     0.009599290     0.008808056     0.412500000
    6760     0.009676281     0.008897044     0.411700000
    6780     0.009580956     0.008812179     0.410700000
    6800     0.009381446     0.008558483     0.355800000
    6820     0.009235646     0.008393253     0.339600000
    6840     0.009044389     0.008346761     0.417900000
    6860     0.008983606     0.008330698     0.453700000
    6880     0.009089902     0.008416940     0.420600000
    6900     0.009034111     0.008340473     0.415600000
    6920     0.008819923     0.008148090     0.415400000
    6940     0.008810300     0.008130198     0.415600000
    6960     0.008918087     0.008201858     0.387000000
    6980     0.008790242     0.008069230     0.391400000
    7000     0.008908449     0.008192804     0.420900000
    7020     0.008830337     0.008140627     0.418200000
    7040     0.009127914     0.008314938     0.377500000
    7060     0.008899428     0.008141533     0.390700000
    7080     0.008896975     0.008186717     0.402100000
    7100     0.009015439     0.008315715     0.435300000
    7120     0.009019716     0.008275117     0.398400000
    7140     0.009373694     0.008586534     0.389400000
    7160     0.009410668     0.008581035     0.365900000
    7180     0.009495383     0.008693455     0.378500000
    7200     0.009590875     0.008811785     0.419100000
    7220     0.009397888     0.008659775     0.416500000
    7240     0.009294461     0.008538540     0.394200000
    7260     0.009239883     0.008508689     0.413000000
    7280     0.009386093     0.008685646     0.444700000
    7300     0.009617475     0.008867257     0.407400000
    7320     0.009581902     0.008835211     0.421200000
    7340     0.009763435     0.008975482     0.399600000
    7360     0.009778528     0.009000912     0.395500000
    7380     0.009481394     0.008670057     0.362400000
    7400     0.009481765     0.008654204     0.375800000
    7420     0.009601642     0.008802047     0.396800000
    7440     0.009716064     0.008903051     0.415700000
    7460     0.009541829     0.008658793     0.342800000
    7480     0.009454464     0.008601878     0.361500000
    7500     0.009496643     0.008718409     0.389800000
    7520     0.009438238     0.008638346     0.400300000
    7540     0.009528279     0.008722228     0.405600000
    7560     0.009641843     0.008781648     0.356000000
    7580     0.009752200     0.008908099     0.406000000
    7600     0.009817790     0.009011458     0.400800000
    7620     0.009653947     0.008851601     0.389800000
    7640     0.009299787     0.008536661     0.391000000
    7660     0.009337954     0.008518579     0.380400000
    7680     0.008978314     0.008224702     0.401600000
    7700     0.009053305     0.008295971     0.399300000
    7720     0.009126758     0.008421990     0.432800000
    7740     0.009247426     0.008490350     0.404600000
    7760     0.009140072     0.008401097     0.402800000
    7780     0.009079259     0.008343608     0.404200000
    7800     0.009133056     0.008407276     0.427100000
    7820     0.009200996     0.008460967     0.419200000
    7840     0.009269490     0.008519751     0.419500000
    7860     0.009384255     0.008626626     0.414200000
    7880     0.009544411     0.008771620     0.405600000
    7900     0.009512353     0.008672322     0.370700000
    7920     0.009627427     0.008797460     0.372800000
    7940     0.009577482     0.008675009     0.334500000
    7960     0.009948188     0.008876398     0.307800000
    7980     0.010065948     0.009082515     0.313300000
    8000     0.009945710     0.009015052     0.348000000
    8020     0.010127902     0.009209845     0.368200000
    8040     0.010187335     0.009158825     0.332400000
    8060     0.010203203     0.009210542     0.321100000
    8080     0.009801770     0.008915654     0.365900000
    8100     0.009522523     0.008675597     0.376600000
    8120     0.009450043     0.008572064     0.351200000
    8140     0.009550850     0.008676108     0.348600000
    8160     0.009505123     0.008617670     0.360400000
    8180     0.009104735     0.008343899     0.397000000
    8200     0.009163426     0.008460138     0.460800000
    8220     0.009260757     0.008544668     0.452800000
    8240     0.009426633     0.008682668     0.401300000
    8260     0.009216950     0.008528398     0.446600000
    8280     0.009197950     0.008501182     0.434500000
    8300     0.009236944     0.008512289     0.423600000
    8320     0.009177356     0.008418207     0.396600000
    8340     0.009100886     0.008371437     0.421700000
    8360     0.009434002     0.008588778     0.363900000
    8380     0.009657757     0.008837494     0.379800000
    8400     0.009265667     0.008501914     0.393900000
    8420     0.009524525     0.008775673     0.423800000
    8440     0.009534006     0.008761611     0.404300000
    8460     0.009348106     0.008513714     0.373600000
    8480     0.009008866     0.008293948     0.410900000
    8500     0.009101181     0.008360633     0.387300000
    8520     0.009148697     0.008478653     0.446100000
    8540     0.009011023     0.008296931     0.398100000
    8560     0.009220417     0.008475805     0.398800000
    8580     0.009315985     0.008566390     0.392400000
    8600     0.009464925     0.008703618     0.397700000
    8620     0.009086496     0.008371525     0.414500000
    8640     0.009110625     0.008382461     0.399300000
    8660     0.009257415     0.008494145     0.394300000
    8680     0.009095393     0.008343951     0.401400000
    8700     0.009091036     0.008302050     0.387100000
    8720     0.009124447     0.008387212     0.403700000
    8740     0.009159835     0.008443459     0.427700000
    8760     0.009510907     0.008741870     0.418100000
    8780     0.009306042     0.008506054     0.389500000
    8800     0.009489356     0.008651736     0.379600000
    8820     0.009780441     0.008921705     0.377900000
    8840     0.009991882     0.009035270     0.335000000
    8860     0.010056103     0.009108791     0.363800000
    8880     0.010134546     0.009234627     0.366100000
    8900     0.010170455     0.009253816     0.380600000
    8920     0.010210601     0.009245641     0.364300000
    8940     0.010146519     0.009188749     0.366800000
    8960     0.009948601     0.009048980     0.371000000
    8980     0.009907269     0.009018551     0.372600000
    9000     0.009838737     0.008962321     0.370600000
    9020     0.009837128     0.008895200     0.355700000
    9040     0.009512825     0.008648688     0.359400000
    9060     0.009744789     0.008838548     0.364600000
    9080     0.009469846     0.008609904     0.342100000
    9100     0.009287290     0.008439543     0.350300000
    9120     0.009122751     0.008284953     0.333200000
    9140     0.008869938     0.008067035     0.363000000
    9160     0.009169496     0.008455657     0.430200000
    9180     0.009325586     0.008589494     0.446800000
    9200     0.009285339     0.008568410     0.430200000
    9220     0.009410200     0.008708208     0.464200000
    9240     0.009442448     0.008717110     0.427600000
    9260     0.009565106     0.008774162     0.401500000
    9280     0.009262689     0.008466123     0.390100000
    9300     0.009129485     0.008332056     0.379400000
    9320     0.009162908     0.008452308     0.427500000
    9340     0.009073941     0.008375382     0.441600000
    9360     0.009227470     0.008536733     0.447300000
    9380     0.009226638     0.008522999     0.426200000
    9400     0.009477464     0.008700729     0.422700000
    9420     0.009378983     0.008639476     0.420200000
    9440     0.009985987     0.009169229     0.414600000
    9460     0.009481456     0.008675671     0.391900000
    9480     0.009981858     0.009097803     0.364500000
    9500     0.010182006     0.009281594     0.378000000
    9520     0.010214400     0.009228710     0.348900000
    9540     0.010052503     0.009134874     0.350700000
    9560     0.009956794     0.009050733     0.351500000
    9580     0.010100573     0.009134957     0.349400000
    9600     0.010206788     0.009331006     0.401000000
    9620     0.009803547     0.008964805     0.382000000
    9640     0.009876901     0.009071013     0.403100000
    9660     0.009751952     0.008890619     0.370400000
    9680     0.009822023     0.008999142     0.396300000
    9700     0.009844441     0.009031430     0.406500000
    9720     0.009715013     0.008861591     0.370300000
    9740     0.009795419     0.008968449     0.405400000
    9760     0.009351711     0.008572106     0.374300000
    9780     0.009761774     0.008907343     0.357100000
    9800     0.009919010     0.008984200     0.342600000
    9820     0.009194887     0.008286530     0.304400000
    9840     0.009292938     0.008349055     0.322500000
    9860     0.009250839     0.008320149     0.327700000
    9880     0.009554240     0.008557776     0.321100000
    9900     0.009742072     0.008819243     0.362800000
    9920     0.009197101     0.008411246     0.394100000
    9940     0.009490968     0.008752797     0.464500000
    9960     0.009601754     0.008877112     0.462000000
    9980     0.009503987     0.008721536     0.413900000
   10000     0.009062326     0.008349109     0.421800000
   10020     0.009210369     0.008494406     0.444300000
   10040     0.009173719     0.008409354     0.383300000
   10060     0.009327971     0.008550423     0.425100000
   10080     0.009094599     0.008351948     0.431900000
   10100     0.009160265     0.008443667     0.421900000
   10120     0.009160941     0.008401957     0.402500000
   10140     0.009297000     0.008531755     0.411600000
   10160     0.009479956     0.008651741     0.377300000
   10180     0.009366205     0.008596280     0.402100000
   10200     0.009431968     0.008629791     0.409500000
   10220     0.009525938     0.008687060     0.372900000
   10240     0.009907624     0.008943251     0.349700000
   10260     0.009704493     0.008826969     0.403000000
   10280     0.009606932     0.008778736     0.397900000
   10300     0.009703761     0.008859437     0.390100000
   10320     0.009938018     0.009064543     0.386100000
   10340     0.010139342     0.009254749     0.380400000
   10360     0.010199909     0.009312118     0.373000000
   10380     0.010232651     0.009233479     0.318100000
   10400     0.010304270     0.009310002     0.341000000
   10420     0.010285691     0.009317011     0.347900000
   10440     0.010228904     0.009225503     0.333300000
   10460     0.009860080     0.008917961     0.330400000
   10480     0.009587711     0.008700677     0.353000000
   10500     0.009260582     0.008433044     0.375200000
   10520     0.008956892     0.008167891     0.355300000
   10540     0.009122953     0.008341840     0.403600000
   10560     0.009266736     0.008499685     0.431500000
   10580     0.009088117     0.008358932     0.412600000
   10600     0.009051353     0.008305343     0.424700000
   10620     0.009117883     0.008375318     0.404000000
   10640     0.009004672     0.008306218     0.437800000
   10660     0.009150728     0.008461677     0.468600000
   10680     0.009292674     0.008574723     0.430800000
   10700     0.009147022     0.008429194     0.414900000
   10720     0.009207931     0.008489756     0.409000000
   10740     0.009275413     0.008517247     0.410900000
   10760     0.009090006     0.008363124     0.416300000
   10780     0.008893780     0.008194328     0.407600000
   10800     0.008803743     0.008048158     0.385400000
   10820     0.008656123     0.007977985     0.421700000
   10840     0.008729174     0.008091512     0.472200000
   10860     0.008871223     0.008206313     0.455200000
   10880     0.009138364     0.008418733     0.416800000
   10900     0.009190630     0.008514866     0.460100000
   10920     0.008968118     0.008336629     0.465900000
   10940     0.009226246     0.008471807     0.418200000
   10960     0.009202202     0.008446269     0.403200000
   10980     0.009310721     0.008465088     0.349700000
   11000     0.009291549     0.008448539     0.367900000
   11020     0.009166089     0.008376564     0.379000000
   11040     0.009444446     0.008683218     0.427600000
   11060     0.009734352     0.008850409     0.366700000
   11080     0.009621683     0.008766902     0.376300000
   11100     0.009713907     0.008868877     0.398500000
   11120     0.009789418     0.008932921     0.396200000
   11140     0.009996153     0.009094379     0.357100000
   11160     0.010237729     0.009220555     0.330400000
   11180     0.010234260     0.009222859     0.314400000
   11200     0.010254540     0.009298890     0.362400000
   11220     0.010078480     0.009163807     0.360800000
   11240     0.010197374     0.009223325     0.332200000
   11260     0.010471208     0.009406953     0.322500000
   11280     0.010318893     0.009315531     0.327300000
   11300     0.010203981     0.009109712     0.292100000
   11320     0.010149332     0.008940135     0.264300000
   11340     0.010097771     0.009009796     0.301700000
   11360     0.010164676     0.009184662     0.352200000
   11380     0.010061299     0.009148183     0.376100000
   11400     0.010215803     0.009269456     0.386600000
   11420     0.010088805     0.009226922     0.391000000
   11440     0.010097720     0.009142788     0.363300000
   11460     0.010111721     0.009167972     0.343400000
   11480     0.009976234     0.009032083     0.345600000
   11500     0.009980280     0.008988597     0.306100000
   11520     0.009761483     0.008773998     0.304500000
   11540     0.009870254     0.008921446     0.343200000
   11560     0.009583506     0.008736219     0.381700000
   11580     0.009301987     0.008475457     0.362200000
   11600     0.009452890     0.008600397     0.373800000
   11620     0.009681233     0.008828787     0.371200000
   11640     0.009685563     0.008831331     0.361600000
   11660     0.009716694     0.008867063     0.374000000
   11680     0.009854500     0.009096094     0.425500000
   11700     0.009632467     0.008797715     0.372400000
   11720     0.009904402     0.009030569     0.383100000
   11740     0.009978135     0.009045103     0.359300000
   11760     0.009729848     0.008766050     0.320300000
   11780     0.009996738     0.009063710     0.348700000
   11800     0.010167502     0.009187526     0.335900000
   11820     0.009984141     0.009083023     0.363100000
   11840     0.009690675     0.008841122     0.368600000
   11860     0.009397154     0.008645198     0.404400000
   11880     0.009517817     0.008713327     0.400800000
   11900     0.009700453     0.008852328     0.398900000
   11920     0.009655705     0.008845034     0.406100000
   11940     0.009555118     0.008788545     0.424500000
   11960     0.009661491     0.008800561     0.361600000
   11980     0.009360296     0.008601898     0.403900000
   12000     0.009617997     0.008768664     0.369300000
   12020     0.009657454     0.008863810     0.403100000
   12040     0.009498596     0.008690664     0.392600000
   12060     0.009480427     0.008650507     0.353600000
   12080     0.009412841     0.008573256     0.349400000
   12100     0.009584115     0.008718482     0.373700000
   12120     0.009647661     0.008780475     0.347500000
   12140     0.009829181     0.008939422     0.366300000
   12160     0.010005459     0.009116706     0.377800000
   12180     0.010026588     0.009100044     0.347000000
   12200     0.009726730     0.008893604     0.392400000
   12220     0.009509066     0.008717200     0.409000000
   12240     0.009680186     0.008839834     0.386800000
   12260     0.009581537     0.008750354     0.376400000
   12280     0.009790552     0.008910747     0.371300000
   12300     0.009696648     0.008803305     0.343500000
   12320     0.010071432     0.009103833     0.333200000
   12340     0.010178045     0.009190290     0.348200000
   12360     0.010233500     0.009214004     0.335900000
   12380     0.010694123     0.009481993     0.288400000
   12400     0.010171476     0.009091761     0.304400000
   12420     0.010035723     0.008994445     0.311500000
   12440     0.009926199     0.008973481     0.333400000
   12460     0.009898413     0.008924060     0.331500000
   12480     0.009907444     0.008961294     0.366600000
   12500     0.009451010     0.008662325     0.408300000
   12520     0.009264393     0.008469525     0.374000000
   12540     0.009241765     0.008446805     0.386400000
   12560     0.009474305     0.008660585     0.375300000
   12580     0.009580924     0.008771637     0.386100000
   12600     0.009489205     0.008684891     0.384600000
   12620     0.009711590     0.008866021     0.385100000
   12640     0.009944033     0.009089685     0.383200000
   12660     0.009986757     0.009068343     0.352400000
   12680     0.010046305     0.009075414     0.338500000
   12700     0.010013623     0.009000289     0.317000000
   12720     0.010219882     0.009207743     0.351200000
   12740     0.010160406     0.009158206     0.333300000
   12760     0.009991867     0.008996459     0.334300000
   12780     0.010118399     0.009082685     0.321400000
   12800     0.010156263     0.009124345     0.327400000
   12820     0.010369992     0.009301924     0.334000000
   12840     0.010167129     0.009202509     0.349500000
   12860     0.010299917     0.009309269     0.365900000
   12880     0.010485880     0.009537348     0.382400000
   12900     0.010396885     0.009327979     0.342100000
   12920     0.010519703     0.009454119     0.331100000
   12940     0.010338848     0.009295310     0.328200000
   12960     0.010670897     0.009640557     0.358000000
   12980     0.010774035     0.009612273     0.340000000
   13000     0.010528701     0.009505817     0.353600000
   13020     0.010260906     0.009155981     0.314200000
   13040     0.010380866     0.009306213     0.338600000
   13060     0.010334579     0.009315883     0.355300000
   13080     0.010343985     0.009322921     0.342300000
   13100     0.010261173     0.009132094     0.313700000
   13120     0.010392194     0.009363250     0.344300000
   13140     0.010793207     0.009707802     0.327000000
   13160     0.010802777     0.009643750     0.303600000
   13180     0.010219712     0.009010924     0.258800000
   13200     0.010634603     0.009326895     0.276400000
   13220     0.011030180     0.009805928     0.307100000
   13240     0.010691965     0.009593683     0.323800000
   13260     0.010746476     0.009673027     0.340600000
   13280     0.010466862     0.009366212     0.301900000
   13300     0.010335401     0.009281960     0.306800000
   13320     0.010349134     0.009314758     0.334800000
   13340     0.010099652     0.009114771     0.338500000
   13360     0.010339235     0.009296118     0.341300000
   13380     0.010340227     0.009347308     0.349900000
   13400     0.010251570     0.009214668     0.329100000
   13420     0.009997140     0.008947656     0.322900000
   13440     0.009887304     0.008897611     0.358400000
   13460     0.009864089     0.008843043     0.337700000
   13480     0.009399161     0.008511862     0.336500000
   13500     0.009046451     0.008147224     0.325100000
   13520     0.009054641     0.008214705     0.357700000
   13540     0.008956706     0.008156463     0.374300000
   13560     0.009292497     0.008519168     0.429600000
   13580     0.009332241     0.008589534     0.433600000
   13600     0.009462523     0.008684412     0.392300000
   13620     0.009466045     0.008723498     0.409500000
   13640     0.009223544     0.008454518     0.393900000
   13660     0.009369316     0.008580550     0.379700000
   13680     0.009563178     0.008745633     0.382500000
   13700     0.009366797     0.008587172     0.388000000
   13720     0.009736775     0.008941461     0.423100000
   13740     0.009709812     0.008932131     0.430800000
   13760     0.009738467     0.008907393     0.389400000
   13780     0.009867334     0.008979421     0.360700000
   13800     0.009724068     0.008774429     0.357800000
   13820     0.009852827     0.008983972     0.386700000
   13840     0.009861761     0.009010145     0.405200000
   13860     0.009790328     0.008920653     0.383000000
   13880     0.009921641     0.009037026     0.374400000
   13900     0.009895339     0.009013715     0.375400000
   13920     0.010037464     0.009102562     0.374500000
   13940     0.009875864     0.008873502     0.313300000
   13960     0.009835150     0.008954604     0.406600000
   13980     0.010093583     0.009255144     0.425400000
   14000     0.010114774     0.009255646     0.416300000
   14020     0.009945304     0.009118788     0.386000000
   14040     0.009899843     0.009057450     0.384500000
   14060     0.009872772     0.009037651     0.404500000
   14080     0.009770499     0.008945840     0.388000000
   14100     0.010002032     0.009101384     0.386000000
   14120     0.010349648     0.009266144     0.342400000
   14140     0.010075657     0.009101574     0.326500000
   14160     0.009958348     0.009005355     0.332700000
   14180     0.009958814     0.008975098     0.319300000
   14200     0.010204829     0.009168897     0.327600000
   14220     0.010075583     0.009059244     0.327800000
   14240     0.010309598     0.009335999     0.370800000
   14260     0.010224590     0.009256357     0.346700000
   14280     0.010249737     0.009238016     0.338000000
   14300     0.009942438     0.008970867     0.325700000
   14320     0.010107193     0.009139530     0.357000000
   14340     0.009489314     0.008638503     0.349400000
   14360     0.009174441     0.008403755     0.400400000
   14380     0.009162840     0.008428880     0.405800000
   14400     0.009238551     0.008482577     0.419400000
   14420     0.009281894     0.008537941     0.429700000
   14440     0.009333340     0.008536636     0.392500000
   14460     0.009479877     0.008729775     0.426000000
   14480     0.009118678     0.008391874     0.403600000
   14500     0.009072663     0.008360956     0.411400000
   14520     0.008946747     0.008220392     0.399200000
   14540     0.009229690     0.008434040     0.381700000
   14560     0.009193991     0.008483411     0.432200000
   14580     0.009067544     0.008346687     0.413600000
   14600     0.009052323     0.008358498     0.455600000
   14620     0.009136310     0.008454590     0.456600000
   14640     0.008642716     0.008039526     0.459100000
   14660     0.008926844     0.008325979     0.512400000
   14680     0.009179651     0.008505243     0.436000000
   14700     0.009085735     0.008385944     0.428200000
   14720     0.009294380     0.008561972     0.418800000
   14740     0.009126349     0.008404017     0.400100000
   14760     0.009428444     0.008668529     0.415200000
   14780     0.009749412     0.008904438     0.355200000
   14800     0.009610773     0.008700847     0.324400000
   14820     0.009481023     0.008653011     0.374200000
   14840     0.009465848     0.008685019     0.395500000
   14860     0.009550041     0.008762535     0.403700000
   14880     0.009350582     0.008576983     0.397400000
   14900     0.009084056     0.008360141     0.391400000
   14920     0.009147198     0.008424836     0.426000000
   14940     0.009383470     0.008648880     0.414600000
   14960     0.009183797     0.008494206     0.424300000
   14980     0.009340092     0.008566065     0.388200000
   15000     0.009110159     0.008337401     0.390900000
   15020     0.009377173     0.008590560     0.399600000
   15040     0.009587110     0.008820866     0.408000000
   15060     0.009482202     0.008692375     0.402800000
   15080     0.009724177     0.008836810     0.378500000
   15100     0.009773605     0.008914766     0.378600000
   15120     0.009733276     0.008802364     0.363400000
   15140     0.009366992     0.008433387     0.334000000
   15160     0.009560796     0.008680635     0.356600000
   15180     0.009962668     0.009057662     0.372200000
   15200     0.009801612     0.008906028     0.368400000
   15220     0.009980736     0.009114193     0.386000000
   15240     0.009674707     0.008833491     0.373300000
   15260     0.009585152     0.008772901     0.384000000
   15280     0.009519173     0.008732633     0.393400000
   15300     0.009795111     0.008959769     0.380600000
   15320     0.009523764     0.008759343     0.414600000
   15340     0.009573430     0.008780996     0.377100000
   15360     0.009711492     0.008884372     0.378100000
   15380     0.009642494     0.008808508     0.381600000
   15400     0.009839161     0.009018555     0.397900000
   15420     0.009821118     0.009021997     0.421200000
   15440     0.009500490     0.008660289     0.353600000
   15460     0.009500899     0.008665635     0.373400000
   15480     0.009187032     0.008453608     0.432000000
   15500     0.009084339     0.008388133     0.437200000
   15520     0.009135317     0.008410762     0.432000000
   15540     0.009158128     0.008419019     0.406200000
   15560     0.008911739     0.008177565     0.400900000
   15580     0.008944538     0.008250458     0.430300000
   15600     0.008836746     0.008171853     0.432500000
   15620     0.008933562     0.008254250     0.419600000
   15640     0.009119240     0.008413862     0.440000000
   15660     0.009170863     0.008437164     0.402200000
   15680     0.009008420     0.008237856     0.412100000
   15700     0.009395886     0.008639994     0.415600000
   15720     0.009483515     0.008742450     0.435900000
   15740     0.009453500     0.008674509     0.390100000
   15760     0.009384600     0.008618831     0.386000000
   15780     0.009644625     0.008807752     0.367800000
   15800     0.009441630     0.008554101     0.358400000
   15820     0.009512955     0.008650649     0.386200000
   15840     0.009316004     0.008556039     0.418200000
   15860     0.009445043     0.008667742     0.394500000
   15880     0.009229612     0.008459469     0.388300000
   15900     0.009339649     0.008602841     0.408000000
   15920     0.009297564     0.008558822     0.420300000
   15940     0.009597934     0.008824932     0.401600000
   15960     0.009887628     0.009041439     0.379200000
   15980     0.010156377     0.009228239     0.345800000
   16000     0.010027946     0.009102895     0.342500000
   16020     0.010032765     0.009135406     0.375000000
   16040     0.009974392     0.009062433     0.355600000
   16060     0.010388666     0.009429645     0.357400000
   16080     0.010420385     0.009372200     0.312500000
   16100     0.010073036     0.009052226     0.323700000
   16120     0.009648081     0.008719538     0.329200000
   16140     0.009531759     0.008685534     0.380300000
   16160     0.009502033     0.008674178     0.376500000
   16180     0.009293505     0.008525243     0.418800000
   16200     0.009403352     0.008666853     0.460200000
   16220     0.009478797     0.008750674     0.435500000
   16240     0.009411175     0.008660296     0.417500000
   16260     0.009280661     0.008543568     0.398600000
   16280     0.009629798     0.008842250     0.413700000
   16300     0.009410697     0.008642818     0.393400000
   16320     0.009017361     0.008257257     0.367800000
   16340     0.008825496     0.008075862     0.378500000
   16360     0.009094091     0.008406203     0.461000000
   16380     0.009130906     0.008427055     0.424000000
   16400     0.009320484     0.008586319     0.439500000
   16420     0.009009688     0.008265928     0.396000000
   16440     0.008792810     0.008093546     0.420000000
   16460     0.009042200     0.008285468     0.392300000
   16480     0.009445955     0.008600333     0.378600000
   16500     0.009568802     0.008732814     0.382100000
   16520     0.009573461     0.008749643     0.386200000
   16540     0.009599380     0.008754282     0.360800000
   16560     0.009578336     0.008721815     0.364300000
   16580     0.009440289     0.008558408     0.368100000
   16600     0.009557235     0.008680352     0.353400000
   16620     0.009192067     0.008352111     0.339100000
   16640     0.009214979     0.008399531     0.371700000
   16660     0.009202714     0.008436871     0.408200000
   16680     0.009101371     0.008342894     0.408800000
   16700     0.009044972     0.008282906     0.392800000
   16720     0.009371300     0.008531020     0.373300000
   16740     0.009390081     0.008571405     0.380900000
   16760     0.009471293     0.008620742     0.407800000
   16780     0.009553573     0.008656241     0.349000000
   16800     0.009512411     0.008678277     0.394100000
   16820     0.009321586     0.008610943     0.445000000
   16840     0.009233661     0.008541435     0.445900000
   16860     0.009745035     0.008975990     0.440200000
   16880     0.009907705     0.009111009     0.393300000
   16900     0.009949581     0.009066477     0.387100000
   16920     0.009796966     0.008874554     0.353300000
   16940     0.009654549     0.008724218     0.327900000
   16960     0.009821750     0.008886856     0.338700000
   16980     0.009784246     0.008859774     0.355800000
   17000     0.009832165     0.008999168     0.394700000
   17020     0.009712163     0.008934890     0.392700000
   17040     0.009939268     0.009112248     0.400000000
   17060     0.010166290     0.009270447     0.386600000
   17080     0.010089217     0.009241347     0.374300000
   17100     0.010198869     0.009221093     0.323500000
   17120     0.009963423     0.008993281     0.321500000
   17140     0.009596981     0.008606217     0.296100000
   17160     0.009123138     0.008279696     0.367000000
   17180     0.009079425     0.008293128     0.387100000
   17200     0.008898829     0.008114446     0.368900000
   17220     0.008999644     0.008286601     0.419000000
   17240     0.008939444     0.008258213     0.443100000
   17260     0.009048554     0.008333313     0.418300000
   17280     0.008706361     0.008012170     0.403500000
   17300     0.008724753     0.008073421     0.454300000
   17320     0.008838925     0.008195771     0.463100000
   17340     0.008817677     0.008151864     0.431900000
   17360     0.009154785     0.008440852     0.421600000
   17380     0.009126030     0.008435087     0.423200000
   17400     0.008831355     0.008175361     0.444200000
   17420     0.009030274     0.008358730     0.434500000
   17440     0.009234314     0.008505056     0.395500000
   17460     0.009127648     0.008415882     0.397000000
   17480     0.008995500     0.008298258     0.417400000
   17500     0.008887686     0.008224670     0.431100000
   17520     0.009249247     0.008572533     0.445800000
   17540     0.009259827     0.008564437     0.435900000
   17560     0.009335753     0.008603287     0.460000000
   17580     0.009272073     0.008584000     0.439000000
   17600     0.009402040     0.008617634     0.383500000
   17620     0.009424171     0.008638787     0.393700000
   17640     0.009663907     0.008849564     0.385100000
   17660     0.009419893     0.008648268     0.396300000
   17680     0.009437474     0.008635598     0.399800000
   17700     0.009275770     0.008473073     0.375400000
   17720     0.009350558     0.008569423     0.392600000
   17740     0.009794840     0.008965392     0.391800000
   17760     0.009647070     0.008772002     0.343400000
   17780     0.009821563     0.008999822     0.381000000
   17800     0.009390978     0.008579530     0.361500000
   17820     0.009126078     0.008353583     0.392600000
   17840     0.009061821     0.008303022     0.395000000
   17860     0.009212785     0.008472140     0.426100000
   17880     0.009496048     0.008687839     0.386800000
   17900     0.009387806     0.008602418     0.389500000
   17920     0.009354410     0.008605794     0.414700000
   17940     0.009233970     0.008549707     0.445400000
   17960     0.009295190     0.008561332     0.397200000
   17980     0.009345715     0.008576865     0.409000000
   18000     0.009516510     0.008716796     0.384500000
   18020     0.009700105     0.008800261     0.369100000
   18040     0.010006106     0.009134274     0.376200000
   18060     0.010144905     0.009299733     0.379500000
   18080     0.010129424     0.009161067     0.333400000
   18100     0.010298765     0.009298209     0.337500000
   18120     0.010160047     0.009164674     0.325700000
   18140     0.009942389     0.008996645     0.359500000
   18160     0.009912510     0.008956555     0.341100000
   18180     0.009854318     0.008934000     0.364000000
   18200     0.009919056     0.009003202     0.343500000
   18220     0.009907283     0.008967923     0.349000000
   18240     0.009848893     0.008958007     0.397600000
   18260     0.009529335     0.008665811     0.356000000
   18280     0.009243787     0.008364904     0.344300000
   18300     0.009479676     0.008647233     0.380000000
   18320     0.009374286     0.008587446     0.406800000
   18340     0.009398336     0.008550612     0.383200000
   18360     0.009380321     0.008587554     0.387000000
   18380     0.009196454     0.008399264     0.372000000
   18400     0.009267467     0.008519117     0.429000000
   18420     0.009462572     0.008648671     0.361700000
   18440     0.009669298     0.008813919     0.383700000
   18460     0.009531326     0.008754776     0.425200000
   18480     0.009407403     0.008607719     0.388900000
   18500     0.009337908     0.008494393     0.344600000
   18520     0.008723610     0.007983498     0.381800000
   18540     0.008845649     0.008107919     0.412700000
   18560     0.008874240     0.008130036     0.396000000
   18580     0.009240233     0.008461872     0.397700000
   18600     0.009060936     0.008294039     0.384900000
   18620     0.009221367     0.008478078     0.399300000
   18640     0.008849196     0.008156396     0.426900000
   18660     0.009262962     0.008530279     0.450800000
   18680     0.009351657     0.008557430     0.381700000
   18700     0.009882076     0.009068979     0.415300000
   18720     0.009794981     0.008954245     0.385400000
   18740     0.009739559     0.008899759     0.376300000
   18760     0.009553667     0.008754367     0.376800000
   18780     0.009185887     0.008439773     0.394000000
   18800     0.009272001     0.008524072     0.397100000
   18820     0.009131491     0.008383509     0.409400000
   18840     0.009228200     0.008455591     0.396900000
   18860     0.009227344     0.008482372     0.393200000
   18880     0.009296601     0.008615383     0.461400000
   18900     0.009358232     0.008671192     0.456800000
   18920     0.009251209     0.008491257     0.408400000
   18940     0.009193646     0.008444568     0.398100000
   18960     0.009159123     0.008442037     0.430300000
   18980     0.009242911     0.008461562     0.393900000
   19000     0.009430382     0.008641991     0.397100000
   19020     0.009799983     0.008934454     0.377200000
   19040     0.009881291     0.009029017     0.376100000
   19060     0.009760644     0.008915652     0.381300000
   19080     0.009873325     0.009027596     0.384700000
   19100     0.010169670     0.009298612     0.384700000
   19120     0.009855841     0.009016459     0.403200000
   19140     0.009870543     0.009046115     0.406800000
   19160     0.009789393     0.008956934     0.381900000
   19180     0.009655663     0.008807149     0.369000000
   19200     0.009572427     0.008805048     0.438900000
   19220     0.009162316     0.008421761     0.401700000
   19240     0.009242545     0.008361147     0.334400000
   19260     0.009108173     0.008365672     0.442200000
   19280     0.009172900     0.008492706     0.449500000
   19300     0.009187714     0.008483202     0.415300000
   19320     0.009607280     0.008901788     0.471600000
   19340     0.009760293     0.008991836     0.427000000
   19360     0.009496228     0.008735227     0.410200000
   19380     0.009555231     0.008752121     0.394800000
   19400     0.009668595     0.008838643     0.411600000
   19420     0.009652927     0.008829504     0.391400000
   19440     0.009572111     0.008706523     0.365900000
   19460     0.009911584     0.009066475     0.404500000
   19480     0.010202113     0.009301380     0.370900000
   19500     0.010596190     0.009660784     0.379400000
   19520     0.010560984     0.009560339     0.348600000
   19540     0.010199441     0.009209701     0.326400000
   19560     0.010329538     0.009235253     0.296500000
   19580     0.009974105     0.008952857     0.314400000
   19600     0.009904787     0.008993989     0.356400000
   19620     0.009860673     0.008957805     0.358800000
   19640     0.009873320     0.008933200     0.358000000
   19660     0.009780166     0.008953080     0.390700000
   19680     0.009290297     0.008542380     0.417000000
   19700     0.009446488     0.008678216     0.411800000
   19720     0.009407951     0.008652095     0.404500000
   19740     0.009644747     0.008799074     0.369800000
   19760     0.009594398     0.008723950     0.348300000
   19780     0.009639186     0.008811564     0.390800000
   19800     0.009351778     0.008550791     0.384000000
   19820     0.009175613     0.008416710     0.402500000
   19840     0.009251204     0.008512955     0.421300000
   19860     0.009317042     0.008563677     0.433300000
   19880     0.009506843     0.008702288     0.388400000
   19900     0.009754031     0.008930386     0.384900000
   19920     0.009966595     0.009066114     0.377200000
   19940     0.010035137     0.009117703     0.348000000
   19960     0.009741150     0.008835807     0.359500000
   19980     0.009569600     0.008696668     0.353900000
   20000     0.009602691     0.008774654     0.378900000
   20020     0.010016263     0.009127013     0.354200000
   20040     0.010242069     0.009304165     0.359600000
   20060     0.009942532     0.008929656     0.310400000
   20080     0.010323714     0.009245868     0.302200000
   20100     0.010857422     0.009622071     0.300100000
   20120     0.010991432     0.009787626     0.297100000
   20140     0.010858335     0.009589144     0.287800000
   20160     0.010299050     0.009071049     0.271800000
   20180     0.010394954     0.009303984     0.317400000
   20200     0.010185796     0.009155299     0.344000000
   20220     0.010239461     0.009188577     0.325100000
   20240     0.010387671     0.009395691     0.358600000
   20260     0.010140330     0.009189215     0.353800000
   20280     0.010359174     0.009354560     0.341000000
   20300     0.010377679     0.009350271     0.334400000
   20320     0.010320419     0.009319192     0.344000000
   20340     0.010575094     0.009527235     0.345900000
   20360     0.010373509     0.009297290     0.314300000
   20380     0.010447862     0.009463072     0.383000000
   20400     0.010605437     0.009524767     0.306600000
   20420     0.010658685     0.009542644     0.315500000
   20440     0.010377836     0.009293534     0.315800000
   20460     0.010607276     0.009522943     0.334600000
   20480     0.010539073     0.009431705     0.320000000
   20500     0.010706358     0.009560994     0.306300000
   20520     0.010578437     0.009510012     0.338100000
   20540     0.010225346     0.009248157     0.349400000
   20560     0.010550771     0.009421135     0.321200000
   20580     0.010591736     0.009411173     0.305300000
   20600     0.010398454     0.009269456     0.303500000
   20620     0.010229595     0.009212254     0.318800000
   20640     0.010254724     0.009186190     0.317900000
   20660     0.010391180     0.009306878     0.308300000
   20680     0.010374777     0.009260396     0.303300000
   20700     0.009998816     0.008963609     0.326500000
   20720     0.009755452     0.008827273     0.362500000
   20740     0.009728478     0.008792700     0.342900000
   20760     0.009780845     0.008840441     0.355800000
   20780     0.009759782     0.008798839     0.338100000
   20800     0.009972648     0.009030466     0.355300000
   20820     0.010394809     0.009466956     0.400700000
   20840     0.009963949     0.009006990     0.352000000
   20860     0.010024292     0.008998522     0.322900000
   20880     0.010230030     0.009220036     0.352900000
   20900     0.010045595     0.009093422     0.352800000
   20920     0.010565564     0.009526803     0.354700000
   20940     0.010340080     0.009349322     0.350500000
   20960     0.009963606     0.009093196     0.378300000
   20980     0.010130865     0.009204885     0.344400000
   21000     0.009863293     0.008928043     0.344700000
   21020     0.009917034     0.009037193     0.358000000
   21040     0.009699827     0.008784264     0.347800000
   21060     0.009883269     0.008917542     0.336100000
   21080     0.009682177     0.008792445     0.347900000
   21100     0.009384712     0.008528536     0.367800000
   21120     0.008833771     0.008082548     0.383200000
   21140     0.009191951     0.008365213     0.369800000
   21160     0.009374127     0.008601457     0.408500000
   21180     0.009603101     0.008763579     0.378600000
   21200     0.009503561     0.008670600     0.387400000
   21220     0.009489533     0.008712032     0.413100000
   21240     0.009540168     0.008730201     0.381000000
   21260     0.009355581     0.008584524     0.390700000
   21280     0.009577756     0.008741371     0.381800000
   21300     0.009670845     0.008844801     0.389700000
   21320     0.009285265     0.008497612     0.401200000
   21340     0.009526891     0.008702235     0.379000000
   21360     0.009552536     0.008726059     0.373600000
   21380     0.009653610     0.008748463     0.358500000
   21400     0.009946975     0.009058986     0.383900000
   21420     0.009947784     0.009034364     0.372900000
   21440     0.009779474     0.008848495     0.340900000
   21460     0.009923890     0.009013821     0.380000000
   21480     0.009461953     0.008659556     0.385600000
   21500     0.009229333     0.008402455     0.355200000
   21520     0.009208332     0.008410438     0.366700000
   21540     0.009186665     0.008441140     0.373500000
   21560     0.009536169     0.008699436     0.368700000
   21580     0.009706632     0.008878509     0.410400000
   21600     0.009745424     0.008932567     0.399900000
   21620     0.009338651     0.008561635     0.396400000
   21640     0.009206600     0.008416266     0.414400000
   21660     0.009338753     0.008585184     0.425900000
   21680     0.009698214     0.008792261     0.345200000
   21700     0.009528802     0.008581042     0.320200000
   21720     0.009539339     0.008652640     0.346700000
   21740     0.009384348     0.008551367     0.373300000
   21760     0.009718125     0.008839905     0.361300000
   21780     0.009597342     0.008811101     0.407400000
   21800     0.009639633     0.008833606     0.376100000
   21820     0.009734872     0.008906247     0.388800000
   21840     0.010097316     0.009154460     0.355200000
   21860     0.010026013     0.009104695     0.352100000
   21880     0.009997632     0.009090088     0.347200000
   21900     0.009828466     0.008928673     0.352600000
   21920     0.009721662     0.008844749     0.369100000
   21940     0.009826140     0.008916004     0.370200000
   21960     0.009810807     0.008938369     0.350600000
   21980     0.009546487     0.008695518     0.369100000
   22000     0.009419093     0.008611365     0.368200000
   22020     0.009807287     0.008973934     0.402900000
   22040     0.009812726     0.008954991     0.370800000
   22060     0.009739749     0.008818754     0.348100000
   22080     0.009650695     0.008827288     0.381300000
   22100     0.009979078     0.009046408     0.348000000
   22120     0.009900384     0.008987028     0.348000000
   22140     0.010137820     0.009161080     0.332500000
   22160     0.010034499     0.009057508     0.333600000
   22180     0.009939167     0.009028588     0.352100000
   22200     0.010105773     0.009127111     0.341100000
   22220     0.010042099     0.009110312     0.356600000
   22240     0.009929350     0.008998717     0.361400000
   22260     0.009894248     0.009044810     0.394200000
   22280     0.009779777     0.008949992     0.380600000
   22300     0.009440033     0.008645736     0.402500000
   22320     0.009511730     0.008710945     0.401900000
   22340     0.009461850     0.008688319     0.393100000
   22360     0.009513449     0.008721097     0.395200000
   22380     0.009537036     0.008720351     0.385900000
   22400     0.009289471     0.008445678     0.364200000
   22420     0.009352412     0.008545632     0.392100000
   22440     0.009226511     0.008487512     0.396000000
   22460     0.008962808     0.008249193     0.398100000
   22480     0.009115290     0.008359067     0.390600000
   22500     0.009166709     0.008468688     0.450500000
   22520     0.009128041     0.008421153     0.407700000
   22540     0.009158533     0.008440571     0.422500000
   22560     0.009128406     0.008449665     0.459400000
   22580     0.008941949     0.008249649     0.423900000
   22600     0.009134085     0.008449855     0.429400000
   22620     0.009335305     0.008565716     0.414500000
   22640     0.009498272     0.008779738     0.438100000
   22660     0.009506540     0.008774150     0.439600000
   22680     0.009606781     0.008808818     0.402400000
   22700     0.009738336     0.008839526     0.351000000
   22720     0.009662930     0.008800930     0.361300000
   22740     0.009877731     0.009011364     0.389200000
   22760     0.009878220     0.009031286     0.392000000
   22780     0.009976415     0.009075584     0.356000000
   22800     0.010031378     0.009133736     0.380200000
   22820     0.010322533     0.009392282     0.383100000
   22840     0.010283233     0.009394414     0.364300000
   22860     0.010301217     0.009426270     0.396100000
   22880     0.010099773     0.009257370     0.376900000
   22900     0.010248432     0.009308448     0.357400000
   22920     0.010086319     0.009148012     0.359400000
   22940     0.009550615     0.008766531     0.377100000
   22960     0.009515628     0.008762642     0.413900000
   22980     0.009397410     0.008565072     0.353800000
   23000     0.009707759     0.008864067     0.381000000
   23020     0.009558907     0.008702442     0.361600000
   23040     0.009596685     0.008790139     0.395400000
   23060     0.009694828     0.008855092     0.391200000
   23080     0.009637183     0.008834762     0.404700000
   23100     0.009897750     0.009035961     0.386400000
   23120     0.009692273     0.008837055     0.370200000
   23140     0.009707298     0.008811577     0.351100000
   23160     0.009647399     0.008797749     0.375200000
   23180     0.009618506     0.008812606     0.419900000
   23200     0.009322495     0.008543585     0.381100000
   23220     0.009364415     0.008530934     0.373000000
   23240     0.009661975     0.008839626     0.374500000
   23260     0.009946201     0.009058669     0.360800000
   23280     0.009898136     0.008990229     0.366000000
   23300     0.009656043     0.008789021     0.357700000
   23320     0.009661977     0.008819724     0.384400000
   23340     0.009666633     0.008818813     0.364400000
   23360     0.009818235     0.008967685     0.397700000
   23380     0.010037960     0.009104838     0.363400000
   23400     0.010019875     0.009078858     0.343000000
   23420     0.010328968     0.009353397     0.353500000
   23440     0.010440428     0.009466282     0.345100000
   23460     0.010481256     0.009534918     0.353500000
   23480     0.010139869     0.009197161     0.344600000
   23500     0.010000922     0.009034391     0.326800000
   23520     0.010230451     0.009280670     0.368100000
   23540     0.010494566     0.009556919     0.368400000
   23560     0.010412265     0.009504939     0.370500000
   23580     0.010567010     0.009556980     0.356200000
   23600     0.010777985     0.009650568     0.297900000
   23620     0.010278020     0.009265575     0.334100000
   23640     0.010296718     0.009265441     0.328200000
   23660     0.010114925     0.009113010     0.340900000
   23680     0.010177420     0.009234648     0.370300000
   23700     0.010498656     0.009543569     0.402500000
   23720     0.010198549     0.009302212     0.384100000
   23740     0.010356794     0.009388835     0.377500000
   23760     0.010139185     0.009246690     0.369200000
   23780     0.010132227     0.009210983     0.365300000
   23800     0.010362219     0.009457472     0.395300000
   23820     0.010461354     0.009513313     0.366900000
   23840     0.010514125     0.009521957     0.360300000
   23860     0.010588097     0.009549240     0.322300000
   23880     0.010655662     0.009609196     0.356700000
   23900     0.010691322     0.009679135     0.370000000
   23920     0.010585012     0.009532761     0.303400000
   23940     0.011116284     0.009835280     0.265300000
   23960     0.010398506     0.009075418     0.243700000
   23980     0.010339305     0.009129804     0.265800000
   24000     0.010278701     0.009158582     0.290800000
   24020     0.010418456     0.009432000     0.353800000
   24040     0.010285766     0.009279227     0.343200000
   24060     0.009794141     0.008855496     0.337700000
   24080     0.009783124     0.008873773     0.350500000
   24100     0.009835779     0.008996535     0.376900000
   24120     0.009767630     0.008853848     0.347800000
   24140     0.009457641     0.008603290     0.360900000
   24160     0.009306739     0.008515602     0.377500000
   24180     0.009387730     0.008495429     0.354000000
   24200     0.009447184     0.008648464     0.393900000
   24220     0.009421379     0.008640385     0.399700000
   24240     0.009483107     0.008708697     0.394500000
   24260     0.009589554     0.008810577     0.407700000
   24280     0.009240320     0.008484536     0.401400000
   24300     0.009035000     0.008287911     0.387700000
   24320     0.008980508     0.008292371     0.419000000
   24340     0.008776730     0.008081857     0.400000000
   24360     0.008921767     0.008195952     0.389700000
   24380     0.008928284     0.008212882     0.418700000
   24400     0.008953867     0.008242317     0.417700000
   24420     0.009222475     0.008490841     0.418100000
   24440     0.009367562     0.008658790     0.439700000
   24460     0.009410355     0.008657970     0.399600000
   24480     0.009042169     0.008347431     0.429800000
   24500     0.008950498     0.008270899     0.424400000
   24520     0.009080307     0.008357203     0.400400000
   24540     0.009344656     0.008539415     0.365000000
   24560     0.009298851     0.008529414     0.393600000
   24580     0.009502383     0.008695838     0.387600000
   24600     0.009739705     0.008919909     0.399100000
   24620     0.009632938     0.008785135     0.352300000
   24640     0.009356703     0.008477150     0.349600000
   24660     0.009617682     0.008727220     0.352700000
   24680     0.009532073     0.008680004     0.347200000
   24700     0.010017264     0.009120495     0.367100000
   24720     0.009679942     0.008913562     0.448000000
   24740     0.009710017     0.008872836     0.390900000
   24760     0.009930520     0.009035133     0.379600000
   24780     0.009825191     0.008986888     0.369000000
   24800     0.010009633     0.009117379     0.376700000
   24820     0.009856022     0.008995103     0.378800000
   24840     0.009534083     0.008715664     0.390500000
   24860     0.009330943     0.008594726     0.453200000
   24880     0.009451515     0.008709467     0.447900000
   24900     0.009495924     0.008724580     0.404300000
   24920     0.009612660     0.008817003     0.405400000
   24940     0.010217917     0.009344267     0.384500000
   24960     0.009934499     0.009008472     0.340700000
   24980     0.010036718     0.009126928     0.375700000
   25000     0.010278007     0.009370340     0.370900000
   25020     0.010073513     0.009140669     0.348000000
   25040     0.009754771     0.008847475     0.360900000
   25060     0.009838711     0.008971766     0.365400000
   25080     0.010086674     0.009164679     0.351400000
   25100     0.010189280     0.009217385     0.324400000
   25120     0.010597649     0.009564916     0.333400000
   25140     0.010631900     0.009530025     0.323800000
   25160     0.010264355     0.009159053     0.303300000
   25180     0.010421254     0.009347727     0.314800000
   25200     0.009932250     0.008872751     0.301500000
   25220     0.009634551     0.008693597     0.349600000
   25240     0.009660181     0.008714525     0.348600000
   25260     0.009664507     0.008724948     0.331200000
   25280     0.009548848     0.008575007     0.322100000
   25300     0.009662088     0.008694436     0.338100000
   25320     0.009380571     0.008466199     0.341500000
   25340     0.009142158     0.008350387     0.394700000
   25360     0.009079384     0.008265922     0.372500000
   25380     0.009091402     0.008305251     0.395000000
   25400     0.009116039     0.008355571     0.398800000
   25420     0.008985949     0.008207971     0.395600000
   25440     0.009122378     0.008356157     0.408300000
   25460     0.009181754     0.008451532     0.417900000
   25480     0.009237991     0.008524647     0.428900000
   25500     0.009217543     0.008524009     0.462000000
   25520     0.009202248     0.008487327     0.419000000
   25540     0.009459149     0.008691600     0.406700000
   25560     0.009386201     0.008584616     0.403800000
   25580     0.009586264     0.008831969     0.426000000
   25600     0.009454754     0.008643185     0.391400000
   25620     0.009565079     0.008729540     0.377600000
   25640     0.009548397     0.008741337     0.386500000
   25660     0.009554947     0.008780406     0.434300000
   25680     0.009515695     0.008702910     0.401900000
   25700     0.009521361     0.008774080     0.434900000
   25720     0.009389328     0.008628999     0.416300000
   25740     0.009606449     0.008827256     0.418800000
   25760     0.009837755     0.009027704     0.397200000
   25780     0.009875065     0.009003844     0.373800000
   25800     0.009626571     0.008751219     0.360300000
   25820     0.009786713     0.008850052     0.338600000
   25840     0.009744849     0.008837878     0.367700000
   25860     0.010075371     0.009155469     0.354400000
   25880     0.010263198     0.009361134     0.387200000
   25900     0.010298854     0.009325580     0.363600000
   25920     0.009954976     0.009048055     0.385800000
   25940     0.010262241     0.009277182     0.331700000
   25960     0.010306159     0.009209006     0.304000000
   25980     0.010192892     0.009133596     0.329500000
   26000     0.010112201     0.009081364     0.320100000
   26020     0.009953501     0.009008071     0.361600000
   26040     0.009785484     0.008889499     0.376200000
   26060     0.009768571     0.008914195     0.395600000
   26080     0.009851757     0.008979133     0.382800000
   26100     0.010133517     0.009160309     0.348300000
   26120     0.010572213     0.009556159     0.356800000
   26140     0.010516384     0.009428422     0.325900000
   26160     0.010574070     0.009474235     0.309500000
   26180     0.011001678     0.009759648     0.276400000
   26200     0.011063520     0.009821510     0.298200000
   26220     0.011068880     0.009803180     0.302800000
   26240     0.010642243     0.009468371     0.301300000
   26260     0.010262629     0.009277356     0.347500000
   26280     0.010119580     0.009120235     0.358800000
   26300     0.010063855     0.009162702     0.373900000
   26320     0.009587587     0.008677777     0.344100000
   26340     0.009470101     0.008591112     0.360600000
   26360     0.009666992     0.008719685     0.353800000
   26380     0.009643723     0.008713676     0.355200000
   26400     0.009838375     0.008958969     0.406400000
   26420     0.009654359     0.008848605     0.425400000
   26440     0.009437129     0.008607071     0.370600000
   26460     0.009178273     0.008370218     0.371900000
   26480     0.009290275     0.008448730     0.358300000
   26500     0.009287294     0.008518809     0.409200000
   26520     0.009110989     0.008346605     0.399800000
   26540     0.009132095     0.008366420     0.409900000
   26560     0.009391323     0.008638601     0.417500000
   26580     0.009435593     0.008665370     0.417100000
   26600     0.009508237     0.008745833     0.405100000
   26620     0.009317403     0.008474148     0.352000000
   26640     0.009165123     0.008372366     0.382000000
   26660     0.009006230     0.008227707     0.365400000
   26680     0.009173422     0.008366010     0.375900000
   26700     0.008991351     0.008308119     0.440500000
   26720     0.008799359     0.008115696     0.431100000
   26740     0.008827264     0.008175391     0.432900000
   26760     0.009142985     0.008401186     0.395900000
   26780     0.009282122     0.008526745     0.396900000
   26800     0.009301020     0.008537522     0.417200000
   26820     0.009411598     0.008626618     0.384100000
   26840     0.009206663     0.008452510     0.411100000
   26860     0.009348845     0.008632222     0.440700000
   26880     0.009318988     0.008578259     0.407600000
   26900     0.009430267     0.008682216     0.416800000
   26920     0.009322218     0.008554581     0.404700000
   26940     0.009422273     0.008685539     0.425400000
   26960     0.009759591     0.009016727     0.445400000
   26980     0.010116787     0.009260489     0.390200000
   27000     0.010027768     0.009224301     0.431100000
   27020     0.010119390     0.009251713     0.392400000
   27040     0.010152683     0.009272826     0.384400000
   27060     0.010375164     0.009420009     0.357100000
   27080     0.010132394     0.009213976     0.350700000
   27100     0.010003432     0.009101492     0.361200000
   27120     0.010079040     0.009194411     0.384800000
   27140     0.010096488     0.009246167     0.384600000
   27160     0.009982675     0.009108051     0.376000000
   27180     0.009732005     0.008902963     0.376700000
   27200     0.009883741     0.008999772     0.351800000
   27220     0.009705306     0.008777021     0.337400000
   27240     0.009482518     0.008655339     0.386200000
   27260     0.009303248     0.008539731     0.384400000
   27280     0.008935024     0.008145020     0.356500000
   27300     0.009104012     0.008321837     0.385100000
   27320     0.009030990     0.008312272     0.432200000
   27340     0.009109657     0.008404360     0.435900000
   27360     0.009284017     0.008535438     0.422000000
   27380     0.009484970     0.008657680     0.382000000
   27400     0.009437725     0.008664392     0.409500000
   27420     0.009801206     0.008988788     0.410000000
   27440     0.009770057     0.008917693     0.388000000
   27460     0.009967716     0.009049213     0.379500000
   27480     0.010187781     0.009249676     0.340600000
   27500     0.009991466     0.009097952     0.391700000
   27520     0.010011225     0.009138683     0.369200000
   27540     0.009899968     0.009003029     0.358700000
   27560     0.009611032     0.008691305     0.332800000
   27580     0.009573566     0.008640477     0.340200000
   27600     0.009628451     0.008715926     0.370000000
   27620     0.009622428     0.008813778     0.403200000
   27640     0.009601064     0.008752026     0.379600000
   27660     0.009734110     0.008928992     0.401100000
   27680     0.009907922     0.009065850     0.400300000
   27700     0.009563259     0.008789104     0.403300000
   27720     0.009509648     0.008746128     0.419000000
   27740     0.009753816     0.008915099     0.391600000
   27760     0.009859340     0.008956765     0.365700000
   27780     0.009862763     0.008917115     0.337700000
   27800     0.010180180     0.009237147     0.357900000
   27820     0.009972318     0.009098838     0.374900000
   27840     0.009783693     0.008950320     0.381900000
   27860     0.009546145     0.008657364     0.352500000
   27880     0.009413794     0.008588752     0.365600000
   27900     0.009720845     0.008825778     0.356300000
   27920     0.009428219     0.008642360     0.388900000
   27940     0.009565270     0.008777815     0.380300000
   27960     0.009696267     0.008857114     0.380000000
   27980     0.009643877     0.008738299     0.342400000
   28000     0.009792212     0.008843783     0.338900000
   28020     0.009729632     0.008846796     0.375400000
   28040     0.009627578     0.008724925     0.352600000
   28060     0.009295753     0.008455259     0.372900000
   28080     0.009321736     0.008505745     0.390900000
   28100     0.009293706     0.008544088     0.393300000
   28120     0.008936147     0.008230359     0.410600000
   28140     0.008910427     0.008191927     0.419200000
   28160     0.008882349     0.008156337     0.414600000
   28180     0.008965836     0.008266105     0.434800000
   28200     0.008810488     0.008115324     0.428600000
   28220     0.008846812     0.008117239     0.380200000
   28240     0.008764795     0.008046112     0.397700000
   28260     0.008669712     0.007971560     0.419800000
   28280     0.008596509     0.007883537     0.372300000
   28300     0.008838987     0.008098141     0.423400000
   28320     0.008931295     0.008200584     0.417400000
   28340     0.009226350     0.008506085     0.438000000
   28360     0.009681208     0.008940004     0.443400000
   28380     0.009182628     0.008449515     0.400800000
   28400     0.009318223     0.008569170     0.418000000
   28420     0.009386491     0.008622324     0.421100000
   28440     0.009495685     0.008723613     0.398800000
   28460     0.009717303     0.008886275     0.392500000
   28480     0.009832590     0.008959810     0.376000000
   28500     0.009903166     0.008979649     0.353800000
   28520     0.010032039     0.009094570     0.341700000
   28540     0.009969701     0.009032634     0.350700000
   28560     0.010174465     0.009172007     0.312400000
   28580     0.009736457     0.008798268     0.322000000
   28600     0.009821148     0.008944394     0.382500000
   28620     0.009988648     0.009080607     0.349300000
   28640     0.009505634     0.008724660     0.422900000
   28660     0.009324562     0.008591234     0.434000000
   28680     0.009443175     0.008659529     0.404800000
   28700     0.009565191     0.008776650     0.417300000
   28720     0.009676292     0.008813116     0.384300000
   28740     0.009913706     0.009068438     0.386200000
   28760     0.009945830     0.009043638     0.375200000
   28780     0.010225587     0.009247748     0.353200000
   28800     0.010231653     0.009301231     0.366700000
   28820     0.010530430     0.009572393     0.383800000
   28840     0.010780509     0.009743836     0.338600000
   28860     0.010883206     0.009827618     0.353100000
   28880     0.010659369     0.009595675     0.333800000
   28900     0.010644860     0.009620800     0.359000000
   28920     0.010332003     0.009356611     0.333600000
   28940     0.010448082     0.009383338     0.331400000
   28960     0.010181752     0.009051271     0.299600000
   28980     0.009861367     0.008753968     0.314800000
   29000     0.009913343     0.008948690     0.340100000
   29020     0.009975107     0.009044034     0.346200000
   29040     0.009773905     0.008793575     0.319700000
   29060     0.009317078     0.008428612     0.339600000
   29080     0.009262574     0.008438715     0.375500000
   29100     0.009262448     0.008494742     0.420300000
   29120     0.009399487     0.008652756     0.415500000
   29140     0.009360700     0.008573814     0.365400000
   29160     0.009618864     0.008766365     0.372500000
   29180     0.009892902     0.009018204     0.370800000
   29200     0.009560625     0.008748536     0.383100000
   29220     0.009632691     0.008835463     0.403400000
   29240     0.009894621     0.009075220     0.384100000
   29260     0.009800649     0.008943740     0.384800000
   29280     0.010011948     0.009117872     0.376900000
   29300     0.010092176     0.009125447     0.341600000
   29320     0.009803249     0.008914731     0.382500000
   29340     0.009723000     0.008823970     0.369700000
   29360     0.009528594     0.008731516     0.404900000
   29380     0.009395622     0.008610115     0.393600000
   29400     0.009595782     0.008815557     0.407800000
   29420     0.009504669     0.008705495     0.370600000
   29440     0.009299841     0.008546405     0.395600000
   29460     0.009371659     0.008564438     0.396900000
   29480     0.009495450     0.008697265     0.387600000
   29500     0.009394316     0.008605068     0.384200000
   29520     0.009665262     0.008870784     0.400000000
   29540     0.009921991     0.009037607     0.419200000
   29560     0.009612038     0.008805640     0.386900000
   29580     0.009683056     0.008880824     0.399700000
   29600     0.009798620     0.009008079     0.433700000
   29620     0.009706109     0.008940883     0.416900000
   29640     0.009726499     0.008935178     0.400700000
   29660     0.009798056     0.009013196     0.425100000
   29680     0.009742023     0.008946062     0.412300000
   29700     0.009842878     0.009036313     0.404800000
   29720     0.009992084     0.009189026     0.427500000
   29740     0.009984052     0.009196536     0.428300000
   29760     0.009937060     0.009122639     0.413800000
   29780     0.009802694     0.008936133     0.364000000
   29800     0.009273754     0.008529116     0.419100000
   29820     0.009566180     0.008801052     0.423000000
   29840     0.009289016     0.008519437     0.395500000
   29860     0.009084531     0.008390097     0.433300000
   29880     0.009053417     0.008335338     0.394500000
   29900     0.009014987     0.008292415     0.422500000
   29920     0.009018363     0.008338138     0.442500000
   29940     0.009107085     0.008410603     0.422500000
   29960     0.009419027     0.008660736     0.424600000
   29980     0.009317565     0.008551862     0.399500000
   30000     0.009515514     0.008759885     0.431200000
