      20     0.001039747     0.001008100     0.993600000
      40     0.001989294     0.001907423     0.950800000
      60     0.003045447     0.002896889     0.953200000
      80     0.004080934     0.003862243     0.969300000
     100     0.004910922     0.004638370     0.911700000
     120     0.005661970     0.005340797     0.947700000
     140     0.006589942     0.006206466     0.917800000
     160     0.007536907     0.007080155     0.919400000
     180     0.008321974     0.007796939     0.865200000
     200     0.009177802     0.008600338     0.921800000
     220     0.010016857     0.009360888     0.930900000
     240     0.010869083     0.010148752     0.935200000
     260     0.011443827     0.010685804     0.918200000
     280     0.012268568     0.011404861     0.892500000
     300     0.013044853     0.012088010     0.835800000
     320     0.013735846     0.012735482     0.886100000
     340     0.014508407     0.013427651     0.850400000
     360     0.015139378     0.013978321     0.823900000
     380     0.015673148     0.014462463     0.882200000
     400     0.016502508     0.015211401     0.849300000
     420     0.016891306     0.015541041     0.834700000
     440     0.017465442     0.016019942     0.829400000
     460     0.018277407     0.016735532     0.792800000
     480     0.019005333     0.017409866     0.833500000
     500     0.019880280     0.018199490     0.870400000
     520     0.020248777     0.018543303     0.856100000
     540     0.020885898     0.019083621     0.818000000
     560     0.021390999     0.019510502     0.816600000
     580     0.022062694     0.020124275     0.855800000
     600     0.022047215     0.020129233     0.833100000
     620     0.022865871     0.020785676     0.832200000
     640     0.023697853     0.021472389     0.766700000
     660     0.023895836     0.021660083     0.785500000
     680     0.023873623     0.021545915     0.738700000
     700     0.024059576     0.021758673     0.803200000
     720     0.024184080     0.021868248     0.772000000
     740     0.024140598     0.021866231     0.791400000
     760     0.024363798     0.022002543     0.793400000
     780     0.024800974     0.022466183     0.823500000
     800     0.025478805     0.023063497     0.794000000
     820     0.026033523     0.023474160     0.769800000
     840     0.026775336     0.024052495     0.740300000
     860     0.027401914     0.024499367     0.689600000
     880     0.028000911     0.024977448     0.696800000
     900     0.028679219     0.025514728     0.704200000
     920     0.028835000     0.025701370     0.733500000
     940     0.028919555     0.025787820     0.733000000
     960     0.029494088     0.026290856     0.708600000
     980     0.029969615     0.026758131     0.714500000
    1000     0.030393607     0.026971524     0.692800000
    1020     0.030773039     0.027332729     0.736100000
    1040     0.031055189     0.027472210     0.688900000
    1060     0.031920249     0.028329074     0.692800000
    1080     0.032395237     0.028617314     0.665800000
    1100     0.032576020     0.028700185     0.650000000
    1120     0.033002060     0.029041414     0.673900000
    1140     0.033070790     0.029143013     0.659400000
    1160     0.033481236     0.029534508     0.668200000
    1180     0.033891280     0.029753439     0.650000000
    1200     0.033430030     0.029375201     0.634200000
    1220     0.033564630     0.029511543     0.657100000
    1240     0.033839992     0.029766048     0.660300000
    1260     0.033768110     0.029638152     0.652100000
    1280     0.033696945     0.029595498     0.640100000
    1300     0.033189568     0.029253494     0.638800000
    1320     0.033390199     0.029386611     0.643900000
    1340     0.033455706     0.029539155     0.663800000
    1360     0.034061698     0.029911872     0.651200000
    1380     0.034105145     0.029967165     0.663400000
    1400     0.034299011     0.029994058     0.633100000
    1420     0.034519623     0.030079953     0.598700000
    1440     0.034827044     0.030333289     0.622100000
    1460     0.035004541     0.030543899     0.598500000
    1480     0.035281787     0.030707882     0.613000000
    1500     0.035175124     0.030641534     0.618800000
    1520     0.035522680     0.030942299     0.631100000
    1540     0.035768790     0.031164484     0.602900000
    1560     0.035789897     0.031115121     0.580900000
    1580     0.036477942     0.031703086     0.596400000
    1600     0.037114418     0.032096239     0.585100000
    1620     0.037107140     0.032060662     0.569700000
    1640     0.037074039     0.031993528     0.581600000
    1660     0.036780270     0.031697204     0.543100000
    1680     0.036522526     0.031674412     0.597000000
    1700     0.036430245     0.031678591     0.625200000
    1720     0.036520977     0.031733539     0.598900000
    1740     0.036783490     0.031906812     0.592300000
    1760     0.036836402     0.031957336     0.600100000
    1780     0.037053864     0.032146938     0.600300000
    1800     0.037116260     0.032080347     0.575200000
    1820     0.036954334     0.032002863     0.595100000
    1840     0.036768125     0.031888925     0.590100000
    1860     0.036475591     0.031632782     0.586100000
    1880     0.035897458     0.031179402     0.604100000
    1900     0.036223977     0.031617139     0.627500000
    1920     0.036328332     0.031587650     0.632500000
    1940     0.036691174     0.031822550     0.592500000
    1960     0.036265993     0.031373127     0.577000000
    1980     0.036155698     0.031384805     0.611400000
    2000     0.036473853     0.031583660     0.574900000
    2020     0.036824800     0.031864090     0.586200000
    2040     0.037053704     0.031960186     0.565900000
    2060     0.036771084     0.031806910     0.597200000
    2080     0.037006679     0.032179497     0.643100000
    2100     0.036460105     0.031699304     0.593300000
    2120     0.036065942     0.031411548     0.638300000
    2140     0.035835174     0.031203573     0.642000000
    2160     0.035648519     0.031123519     0.641000000
    2180     0.035400359     0.030989065     0.636500000
    2200     0.035544070     0.031108179     0.666400000
    2220     0.035669785     0.031107986     0.599500000
    2240     0.035773283     0.031253772     0.621900000
    2260     0.035399598     0.030858447     0.628800000
    2280     0.035044436     0.030595961     0.649700000
    2300     0.034920455     0.030530432     0.653300000
    2320     0.034594666     0.030269634     0.660200000
    2340     0.035138608     0.030694284     0.636400000
    2360     0.035417019     0.030937117     0.660100000
    2380     0.036162959     0.031471569     0.630100000
    2400     0.035924562     0.031404970     0.632000000
    2420     0.035997134     0.031192325     0.582800000
    2440     0.035944134     0.031116462     0.600700000
    2460     0.035447125     0.030770472     0.573200000
    2480     0.035584392     0.030702630     0.606100000
    2500     0.036118275     0.031228568     0.551800000
    2520     0.036422788     0.031460836     0.588600000
    2540     0.036690422     0.031876199     0.630400000
    2560     0.036802887     0.031997105     0.615200000
    2580     0.036707474     0.031950464     0.639500000
    2600     0.036276231     0.031505115     0.620500000
    2620     0.036557845     0.031766787     0.632100000
    2640     0.036781961     0.031866072     0.583500000
    2660     0.037008764     0.031990042     0.580200000
    2680     0.037177693     0.032086816     0.583700000
    2700     0.037606124     0.032331256     0.566600000
    2720     0.037490761     0.032242435     0.564600000
    2740     0.037463876     0.032456785     0.603700000
    2760     0.037483451     0.032401185     0.607800000
    2780     0.036991953     0.032182349     0.621000000
    2800     0.037713360     0.032674013     0.619100000
    2820     0.038310965     0.033231503     0.627600000
    2840     0.038257802     0.033135266     0.596700000
    2860     0.038584646     0.033279159     0.579800000
    2880     0.038387437     0.032991321     0.534000000
    2900     0.038388005     0.033009682     0.578000000
    2920     0.038384503     0.033136190     0.578600000
    2940     0.038222067     0.032853017     0.558000000
    2960     0.037849610     0.032629223     0.578600000
    2980     0.038166159     0.033031663     0.623400000
    3000     0.038103582     0.032823669     0.567600000
    3020     0.038180170     0.032696830     0.545100000
    3040     0.038314800     0.032905443     0.572900000
    3060     0.038215962     0.032846352     0.564000000
    3080     0.038309725     0.032982457     0.562500000
    3100     0.038169450     0.032872271     0.583800000
    3120     0.038586701     0.033174504     0.576500000
    3140     0.038812358     0.033456891     0.603000000
    3160     0.038678569     0.033175587     0.559500000
    3180     0.038488747     0.032951625     0.547200000
    3200     0.038444564     0.032996507     0.568000000
    3220     0.039051257     0.033509323     0.564200000
    3240     0.038803925     0.033435061     0.590500000
    3260     0.039010518     0.033394674     0.566400000
    3280     0.038614646     0.032995534     0.538500000
    3300     0.039007015     0.033243164     0.523800000
    3320     0.039129606     0.033457925     0.539100000
    3340     0.038749294     0.033237224     0.549600000
    3360     0.038997727     0.033444669     0.551500000
    3380     0.039065612     0.033391902     0.502500000
    3400     0.039012962     0.033391750     0.567800000
    3420     0.038937214     0.033490508     0.572900000
    3440     0.038927476     0.033495014     0.600700000
    3460     0.038365325     0.033070331     0.571100000
    3480     0.038243123     0.033038414     0.582800000
    3500     0.038095905     0.032877475     0.586600000
    3520     0.037839138     0.032602429     0.547200000
    3540     0.037639081     0.032299738     0.558400000
    3560     0.037157109     0.031952771     0.553800000
    3580     0.037778244     0.032373713     0.557600000
    3600     0.038079306     0.032852193     0.567700000
    3620     0.038233154     0.032970224     0.571000000
    3640     0.038371248     0.033196340     0.602600000
    3660     0.038228258     0.033109731     0.582900000
    3680     0.038166973     0.033075487     0.600900000
    3700     0.037846980     0.032769020     0.569300000
    3720     0.037364831     0.032548401     0.644600000
    3740     0.037393130     0.032568406     0.617200000
    3760     0.037825522     0.032746186     0.594600000
    3780     0.037550860     0.032572618     0.609200000
    3800     0.037520557     0.032547155     0.614300000
    3820     0.037342011     0.032360500     0.579600000
    3840     0.037386077     0.032645992     0.632800000
    3860     0.037618108     0.032849327     0.613300000
    3880     0.037163056     0.032470828     0.606700000
    3900     0.037004122     0.032197389     0.582900000
    3920     0.036894093     0.032060357     0.612000000
    3940     0.036905044     0.032169241     0.612400000
    3960     0.037088659     0.032108317     0.572400000
    3980     0.037308718     0.032198438     0.561900000
    4000     0.037266505     0.032191418     0.562300000
    4020     0.036951217     0.032049767     0.567500000
    4040     0.037182965     0.032250021     0.597800000
    4060     0.037196553     0.032220736     0.600900000
    4080     0.036844852     0.031891287     0.582500000
    4100     0.036959701     0.032093097     0.611000000
    4120     0.037669878     0.032899365     0.658300000
    4140     0.037566048     0.032789810     0.619400000
    4160     0.037846807     0.032656389     0.586800000
    4180     0.037950302     0.032884599     0.617400000
    4200     0.037707900     0.032637267     0.613600000
    4220     0.037125324     0.032090631     0.597200000
    4240     0.037497015     0.032369881     0.557900000
    4260     0.037520591     0.032172416     0.543700000
    4280     0.037199623     0.031991740     0.578400000
    4300     0.036998726     0.032044623     0.604300000
    4320     0.036620341     0.031789960     0.630600000
    4340     0.036898124     0.031874720     0.562700000
    4360     0.036832264     0.031803669     0.613900000
    4380     0.037018508     0.031983810     0.606100000
    4400     0.037086567     0.031932026     0.562300000
    4420     0.037841923     0.032568870     0.585300000
    4440     0.038089621     0.032684558     0.577900000
    4460     0.038097806     0.032731576     0.565200000
    4480     0.038221494     0.032671306     0.518000000
    4500     0.038314216     0.032720669     0.540400000
    4520     0.038216349     0.032631435     0.530600000
    4540     0.038102209     0.032686197     0.578800000
    4560     0.038830624     0.033247341     0.566400000
    4580     0.038867383     0.033143737     0.560100000
    4600     0.038589448     0.032881322     0.523200000
    4620     0.038961462     0.033131791     0.538700000
    4640     0.038816667     0.033024178     0.503300000
    4660     0.038867902     0.032815813     0.482500000
    4680     0.038470193     0.032946507     0.585700000
    4700     0.038290235     0.033034512     0.589500000
    4720     0.037763371     0.032436209     0.575800000
    4740     0.037861085     0.032603623     0.577900000
    4760     0.038014139     0.032689968     0.582600000
    4780     0.037687573     0.032451212     0.564700000
    4800     0.037972955     0.032628570     0.582800000
    4820     0.038055076     0.032806598     0.593500000
    4840     0.038515878     0.033276247     0.604900000
    4860     0.038588767     0.033310729     0.589500000
    4880     0.038353445     0.032936708     0.580100000
    4900     0.037768094     0.032485484     0.565000000
    4920     0.037502479     0.032324241     0.583900000
    4940     0.037793726     0.032589156     0.576900000
    4960     0.038155668     0.032974656     0.594600000
    4980     0.037849401     0.032411539     0.526700000
    5000     0.037658112     0.032480836     0.580900000
    5020     0.037592996     0.032554502     0.605200000
    5040     0.037661398     0.032464163     0.570800000
    5060     0.037866853     0.032509841     0.563800000
    5080     0.037875521     0.032575771     0.563800000
    5100     0.037655772     0.032459499     0.610000000
    5120     0.037252198     0.032135509     0.580900000
    5140     0.036792497     0.031822162     0.627000000
    5160     0.036811156     0.031902956     0.616900000
    5180     0.036353184     0.031476611     0.596900000
    5200     0.036742737     0.031858179     0.658500000
    5220     0.036343631     0.031461811     0.605000000
    5240     0.036448629     0.031428514     0.598200000
    5260     0.036429677     0.031711606     0.636600000
    5280     0.036491766     0.031725037     0.639100000
    5300     0.036904017     0.031864706     0.591200000
    5320     0.036391784     0.031509564     0.582000000
    5340     0.036013582     0.030975413     0.529000000
    5360     0.035912379     0.030861165     0.552700000
    5380     0.036105609     0.031198406     0.596300000
    5400     0.036751888     0.031929289     0.636300000
    5420     0.036557470     0.031816582     0.632000000
    5440     0.035997030     0.031262891     0.585200000
    5460     0.036310463     0.031411990     0.566600000
    5480     0.036446890     0.031493294     0.574500000
    5500     0.036903112     0.031938565     0.601200000
    5520     0.036779161     0.031736246     0.597000000
    5540     0.037067120     0.031989205     0.569000000
    5560     0.037536973     0.032447643     0.597700000
    5580     0.037200989     0.032067860     0.571100000
    5600     0.037715892     0.032556474     0.612000000
    5620     0.038182105     0.033005564     0.596000000
    5640     0.038571529     0.033304913     0.591900000
    5660     0.038907741     0.033545230     0.593900000
    5680     0.038741856     0.033173828     0.524800000
    5700     0.038534460     0.032945628     0.544800000
    5720     0.038419920     0.032956086     0.563900000
    5740     0.038404412     0.033159122     0.582300000
    5760     0.038557785     0.033110822     0.582900000
    5780     0.038906819     0.033423123     0.560800000
    5800     0.038993636     0.033619568     0.563300000
    5820     0.038769133     0.033279992     0.537600000
    5840     0.038768945     0.033238793     0.541500000
    5860     0.038726670     0.033324715     0.565500000
    5880     0.038572265     0.033141970     0.562400000
    5900     0.039285794     0.033745310     0.557500000
    5920     0.038927071     0.033457002     0.562400000
    5940     0.038499542     0.033096677     0.548800000
    5960     0.038660908     0.033190358     0.555200000
    5980     0.038289947     0.032871246     0.558700000
    6000     0.038285226     0.032927469     0.555100000
    6020     0.038158994     0.032744561     0.537700000
    6040     0.038338609     0.033012426     0.612100000
    6060     0.038774378     0.033447278     0.605500000
    6080     0.038988851     0.033532432     0.591300000
    6100     0.038714095     0.033300143     0.548200000
    6120     0.038328062     0.032998086     0.605900000
    6140     0.038034888     0.032632763     0.529100000
    6160     0.038207676     0.032711613     0.536100000
    6180     0.038383048     0.033102215     0.583200000
    6200     0.038532451     0.032973398     0.552700000
    6220     0.038792790     0.033183141     0.526500000
    6240     0.038430028     0.032775836     0.514300000
    6260     0.037803108     0.032250690     0.504100000
    6280     0.037714997     0.032321659     0.551800000
    6300     0.037453688     0.032261150     0.583000000
    6320     0.037096853     0.031926767     0.582000000
    6340     0.036740076     0.031841254     0.606000000
    6360     0.037034868     0.032119340     0.613700000
    6380     0.036662903     0.031780810     0.592200000
    6400     0.036621257     0.031760811     0.601100000
    6420     0.036290247     0.031604310     0.610200000
    6440     0.036030147     0.031429589     0.638900000
    6460     0.036573956     0.031809965     0.616000000
    6480     0.036572824     0.031808463     0.617800000
    6500     0.036653794     0.031793004     0.581200000
    6520     0.036752518     0.031953582     0.610200000
    6540     0.036831558     0.031884984     0.566400000
    6560     0.036979595     0.032091259     0.588100000
    6580     0.037017187     0.031947840     0.576400000
    6600     0.037233283     0.032134208     0.552300000
    6620     0.037124482     0.032053334     0.554700000
    6640     0.037445124     0.032353748     0.553800000
    6660     0.037155888     0.032010609     0.558800000
    6680     0.036922672     0.031990638     0.605600000
    6700     0.036952320     0.032008595     0.575500000
    6720     0.036416700     0.031357441     0.555200000
    6740     0.035776679     0.030928250     0.563800000
    6760     0.035514331     0.030754994     0.587100000
    6780     0.035938370     0.031107053     0.561200000
    6800     0.035724267     0.031007579     0.609700000
    6820     0.035963888     0.031286642     0.615400000
    6840     0.036113874     0.031296358     0.612300000
    6860     0.036274592     0.031487280     0.614100000
    6880     0.036455110     0.031494531     0.571200000
    6900     0.036775476     0.031870173     0.630900000
    6920     0.036387849     0.031417085     0.574100000
    6940     0.036319734     0.031408242     0.558200000
    6960     0.036242679     0.031407300     0.584000000
    6980     0.035990707     0.031129770     0.558300000
    7000     0.036445870     0.031686153     0.617600000
    7020     0.036887583     0.031968265     0.615900000
    7040     0.037231442     0.032359364     0.617500000
    7060     0.036915982     0.032054042     0.618800000
    7080     0.036858518     0.032130950     0.618600000
    7100     0.036791542     0.031907008     0.583600000
    7120     0.036708059     0.031712978     0.574300000
    7140     0.036911122     0.032063206     0.610700000
    7160     0.036618204     0.031885742     0.618800000
    7180     0.036345423     0.031657194     0.594000000
    7200     0.036709526     0.031847674     0.599400000
    7220     0.036757996     0.031901480     0.603700000
    7240     0.036718461     0.032010444     0.634300000
    7260     0.037218569     0.032429836     0.622900000
    7280     0.036661326     0.031925785     0.614500000
    7300     0.037041872     0.032098148     0.610800000
    7320     0.036905949     0.032047588     0.609800000
    7340     0.036575058     0.031930834     0.614600000
    7360     0.036560598     0.031860307     0.598000000
    7380     0.036551249     0.031708254     0.563900000
    7400     0.036396578     0.031569317     0.585300000
    7420     0.036337080     0.031680347     0.643800000
    7440     0.036287091     0.031570843     0.629900000
    7460     0.036734377     0.031948192     0.603900000
    7480     0.036631471     0.031767781     0.602400000
    7500     0.036759919     0.031997030     0.611000000
    7520     0.037032254     0.032180573     0.601500000
    7540     0.037419276     0.032280055     0.588700000
    7560     0.037193735     0.032252465     0.598200000
    7580     0.037324241     0.032263639     0.593000000
    7600     0.037029341     0.032127117     0.587800000
    7620     0.036674028     0.031711743     0.576800000
    7640     0.036837861     0.031828812     0.601600000
    7660     0.036960011     0.032044688     0.612100000
    7680     0.036696101     0.031770340     0.604200000
    7700     0.036853400     0.031936247     0.600400000
    7720     0.037113128     0.032176864     0.576200000
    7740     0.036861612     0.031919184     0.589100000
    7760     0.036777557     0.031941670     0.626400000
    7780     0.037461307     0.032277109     0.578200000
    7800     0.036758236     0.031536868     0.538800000
    7820     0.036381450     0.031414953     0.594800000
    7840     0.036410435     0.031544252     0.593600000
    7860     0.036569689     0.031765885     0.620600000
    7880     0.037009365     0.031999827     0.572500000
    7900     0.037639001     0.032489345     0.580000000
    7920     0.038269276     0.032956429     0.581200000
    7940     0.037782763     0.032676931     0.621500000
    7960     0.037576754     0.032659731     0.623700000
    7980     0.037589972     0.032385887     0.548400000
    8000     0.037288135     0.032058738     0.569300000
    8020     0.036688923     0.031696709     0.591400000
    8040     0.037259916     0.032299227     0.603800000
    8060     0.037615584     0.032468029     0.608000000
    8080     0.037832366     0.032870793     0.631100000
    8100     0.037837444     0.032633730     0.590100000
    8120     0.037781764     0.032553037     0.576400000
    8140     0.037574474     0.032373169     0.561900000
    8160     0.037877554     0.032564985     0.570300000
    8180     0.037926965     0.032631344     0.574000000
    8200     0.037938581     0.032484716     0.533900000
    8220     0.038046509     0.032446689     0.539200000
    8240     0.037971020     0.032352698     0.538100000
    8260     0.038110660     0.032521534     0.514400000
    8280     0.037980750     0.032280871     0.541900000
    8300     0.037890793     0.032582552     0.591800000
    8320     0.037596313     0.032414832     0.582600000
    8340     0.037534763     0.032382126     0.598200000
    8360     0.037752456     0.032520681     0.556300000
    8380     0.037017058     0.031927963     0.552100000
    8400     0.036970120     0.031822860     0.562400000
    8420     0.036856609     0.031845658     0.589500000
    8440     0.036925234     0.031890808     0.575400000
    8460     0.036857015     0.031894595     0.620500000
    8480     0.036537831     0.031843275     0.647300000
    8500     0.035985376     0.031285617     0.589500000
    8520     0.036197872     0.031534694     0.617900000
    8540     0.036211180     0.031654115     0.631200000
    8560     0.036862203     0.032122976     0.621200000
    8580     0.037213248     0.032277124     0.613200000
    8600     0.037525415     0.032526291     0.596100000
    8620     0.037572795     0.032648710     0.612800000
    8640     0.037547920     0.032684189     0.624400000
    8660     0.037463092     0.032470068     0.605900000
    8680     0.037153505     0.032369712     0.613700000
    8700     0.037108318     0.032233549     0.633100000
    8720     0.037119646     0.032349120     0.610500000
    8740     0.037197330     0.032318238     0.602000000
    8760     0.037366118     0.032447964     0.601200000
    8780     0.037177964     0.032289571     0.608500000
    8800     0.037422336     0.032397083     0.608900000
    8820     0.037482883     0.032430677     0.586600000
    8840     0.037427219     0.032409136     0.599300000
    8860     0.036936256     0.031940450     0.578700000
    8880     0.036839304     0.031876413     0.610200000
    8900     0.037367240     0.032377092     0.610400000
    8920     0.037307033     0.032415006     0.629100000
    8940     0.036740624     0.031844455     0.589100000
    8960     0.037000169     0.031950678     0.577100000
    8980     0.036943771     0.031858535     0.597200000
    9000     0.037058429     0.032247339     0.635300000
    9020     0.037259010     0.032386459     0.643700000
    9040     0.036896497     0.032041330     0.622500000
    9060     0.036944528     0.032122039     0.581600000
    9080     0.036983717     0.032037761     0.592300000
    9100     0.037145673     0.032174593     0.558000000
    9120     0.037212376     0.032200664     0.566100000
    9140     0.036952742     0.031948190     0.570300000
    9160     0.036980741     0.032165746     0.596400000
    9180     0.037125247     0.032152927     0.585800000
    9200     0.037126658     0.032021892     0.545500000
    9220     0.037378277     0.032245399     0.552100000
    9240     0.037239979     0.032057939     0.570900000
    9260     0.037190463     0.031870355     0.503500000
    9280     0.037350666     0.031938604     0.513900000
    9300     0.036659315     0.031441531     0.534800000
    9320     0.036581055     0.031462382     0.582200000
    9340     0.035913918     0.031110431     0.579500000
    9360     0.035928774     0.031236283     0.610000000
    9380     0.036048550     0.031170201     0.606900000
    9400     0.036673013     0.031794226     0.610500000
    9420     0.036690292     0.031828899     0.599400000
    9440     0.036898105     0.031773117     0.563300000
    9460     0.036435229     0.031270437     0.558500000
    9480     0.036609467     0.031365644     0.547800000
    9500     0.036760345     0.031718757     0.606700000
    9520     0.036501701     0.031739607     0.643900000
    9540     0.036255398     0.031520672     0.616100000
    9560     0.036386648     0.031674403     0.642600000
    9580     0.036993625     0.032025433     0.604000000
    9600     0.036854070     0.031905532     0.628600000
    9620     0.036931647     0.032062529     0.602600000
    9640     0.037074509     0.032070720     0.610400000
    9660     0.036687239     0.031893552     0.639600000
    9680     0.036750370     0.031862873     0.588400000
    9700     0.036673725     0.031729609     0.581700000
    9720     0.036670498     0.031598037     0.572600000
    9740     0.036968758     0.031666386     0.533900000
    9760     0.036666062     0.031647921     0.567300000
    9780     0.036909485     0.031739554     0.544900000
    9800     0.036994804     0.031929181     0.580700000
    9820     0.036538698     0.031445406     0.566800000
    9840     0.036340865     0.031370759     0.606400000
    9860     0.036454103     0.031455053     0.571300000
    9880     0.036356729     0.031508450     0.604800000
    9900     0.036168034     0.031256450     0.581800000
    9920     0.036119770     0.031362358     0.616000000
    9940     0.036374656     0.031763951     0.637700000
    9960     0.036355595     0.031602101     0.602700000
    9980     0.036107146     0.031414481     0.611600000
   10000     0.035993415     0.031452790     0.651400000
   10020     0.035550892     0.031074553     0.627800000
   10040     0.036019178     0.031379875     0.628200000
   10060     0.035879231     0.031289420     0.607200000
   10080     0.035953078     0.031244927     0.608400000
   10100     0.036031828     0.031593816     0.648200000
   10120     0.035805141     0.031290245     0.594400000
   10140     0.035667482     0.031067146     0.604400000
   10160     0.035765921     0.031192132     0.629600000
   10180     0.035431968     0.031051957     0.602400000
   10200     0.035569276     0.031227282     0.652600000
   10220     0.035418493     0.031131923     0.674800000
   10240     0.035352644     0.031160211     0.658800000
   10260     0.035587949     0.031158305     0.602300000
   10280     0.035646135     0.031033918     0.594000000
   10300     0.036261696     0.031672554     0.644800000
   10320     0.036574420     0.032031295     0.651900000
   10340     0.036392174     0.031768203     0.621800000
   10360     0.036373509     0.031716270     0.642700000
   10380     0.036437259     0.031769445     0.625200000
   10400     0.036457443     0.031804093     0.618800000
   10420     0.036983270     0.032255496     0.623700000
   10440     0.037586354     0.032696631     0.605100000
   10460     0.037020356     0.032120321     0.600200000
   10480     0.037419746     0.032420147     0.616900000
   10500     0.037044206     0.032057786     0.602900000
   10520     0.037164022     0.032278837     0.607000000
   10540     0.037289552     0.032395564     0.594900000
   10560     0.037705850     0.032726355     0.621600000
   10580     0.037504381     0.032671707     0.611000000
   10600     0.037519503     0.032535767     0.605200000
   10620     0.037790941     0.032702618     0.598800000
   10640     0.037519802     0.032490014     0.580500000
   10660     0.037863283     0.032606632     0.536900000
   10680     0.038103822     0.033088557     0.611300000
   10700     0.038154690     0.032995860     0.595800000
   10720     0.038072032     0.033002929     0.589200000
   10740     0.037651674     0.032617390     0.577300000
   10760     0.037866865     0.032758122     0.595400000
   10780     0.037689222     0.032691802     0.586400000
   10800     0.037524084     0.032397902     0.584500000
   10820     0.037453436     0.032473281     0.575600000
   10840     0.037937156     0.032792348     0.589200000
   10860     0.038140290     0.032978846     0.598000000
   10880     0.038023729     0.032989980     0.623400000
   10900     0.038082511     0.032950919     0.573400000
   10920     0.037953194     0.032912119     0.594800000
   10940     0.037864174     0.032843990     0.632400000
   10960     0.037629239     0.032737604     0.644700000
   10980     0.037381521     0.032548702     0.627000000
   11000     0.037269680     0.032178818     0.572100000
   11020     0.037589114     0.032528945     0.587700000
   11040     0.037369007     0.032402041     0.590700000
   11060     0.037254478     0.032169187     0.592600000
   11080     0.037109533     0.032036260     0.602300000
   11100     0.037151291     0.032118293     0.571100000
   11120     0.037112872     0.032008405     0.587600000
   11140     0.037581133     0.032542037     0.595800000
   11160     0.038233171     0.033077297     0.585700000
   11180     0.038457244     0.033154383     0.576000000
   11200     0.038452855     0.033020777     0.556000000
   11220     0.038054071     0.032757736     0.553300000
   11240     0.038006343     0.032629957     0.553100000
   11260     0.038122751     0.032876269     0.588700000
   11280     0.037510484     0.032539021     0.605700000
   11300     0.037210239     0.032240846     0.587400000
   11320     0.036496654     0.031705649     0.586500000
   11340     0.036951655     0.032024706     0.571800000
   11360     0.037413990     0.032405617     0.617800000
   11380     0.037433378     0.032426071     0.583800000
   11400     0.037354059     0.032421696     0.608300000
   11420     0.037650687     0.032577001     0.599400000
   11440     0.037400726     0.032349533     0.592900000
   11460     0.036850222     0.031960333     0.610600000
   11480     0.036829218     0.031804506     0.572700000
   11500     0.036936556     0.032075205     0.592800000
   11520     0.036370350     0.031515269     0.569300000
   11540     0.036687351     0.031827166     0.598600000
   11560     0.036346309     0.031709426     0.630300000
   11580     0.036482772     0.031788591     0.638100000
   11600     0.036631018     0.031797532     0.589100000
   11620     0.036618232     0.031756913     0.594500000
   11640     0.036699273     0.031869635     0.600300000
   11660     0.036237269     0.031486956     0.602100000
   11680     0.036123573     0.031483966     0.619800000
   11700     0.035907267     0.031016377     0.584200000
   11720     0.035951054     0.031356097     0.640600000
   11740     0.036061214     0.031323466     0.571600000
   11760     0.036241214     0.031608845     0.668900000
   11780     0.036012750     0.031365209     0.602000000
   11800     0.036038881     0.031400013     0.627300000
   11820     0.036145382     0.031538222     0.636700000
   11840     0.035876558     0.031317950     0.625500000
   11860     0.036074744     0.031447702     0.634600000
   11880     0.035873632     0.031319795     0.620100000
   11900     0.035996884     0.031258005     0.576700000
   11920     0.036384419     0.031530778     0.590300000
   11940     0.036172176     0.031384894     0.576700000
   11960     0.036476129     0.031534537     0.597800000
   11980     0.036347813     0.031496783     0.594500000
   12000     0.036369912     0.031597271     0.626200000
   12020     0.035972778     0.031367216     0.631600000
   12040     0.036062747     0.031413841     0.607900000
   12060     0.036043058     0.031431627     0.616400000
   12080     0.035905285     0.031397855     0.637800000
   12100     0.036173017     0.031645391     0.654200000
   12120     0.036212153     0.031492838     0.613600000
   12140     0.036107283     0.031534721     0.641800000
   12160     0.035821012     0.031146456     0.617500000
   12180     0.035652086     0.031028436     0.623500000
   12200     0.035781606     0.031164809     0.634700000
   12220     0.036016648     0.031333696     0.646800000
   12240     0.036030115     0.031383552     0.636600000
   12260     0.035826108     0.031194600     0.606200000
   12280     0.036129679     0.031335791     0.555400000
   12300     0.036120393     0.031260679     0.609100000
   12320     0.036511825     0.031759424     0.623400000
   12340     0.036388732     0.031633477     0.636600000
   12360     0.036646487     0.031990365     0.639100000
   12380     0.036565869     0.031884842     0.653800000
   12400     0.036718234     0.031906864     0.605600000
   12420     0.036758735     0.031754775     0.579000000
   12440     0.037126751     0.031861146     0.540400000
   12460     0.037069081     0.031998486     0.568100000
   12480     0.037256227     0.032261346     0.613500000
   12500     0.036855234     0.031875476     0.571100000
   12520     0.037373255     0.032196205     0.565800000
   12540     0.037063193     0.032070476     0.582400000
   12560     0.036463444     0.031547834     0.596400000
   12580     0.035958536     0.031120687     0.618100000
   12600     0.036359165     0.031456718     0.594500000
   12620     0.036688415     0.031799802     0.598500000
   12640     0.036775409     0.031645645     0.556500000
   12660     0.035938882     0.031153894     0.603300000
   12680     0.035791109     0.030963439     0.582000000
   12700     0.035737500     0.030941688     0.625700000
   12720     0.036014165     0.031365066     0.644900000
   12740     0.035508957     0.031005905     0.625900000
   12760     0.035609598     0.031033944     0.619600000
   12780     0.035450498     0.030946296     0.607200000
   12800     0.035530071     0.030904525     0.621300000
   12820     0.035645455     0.031012129     0.610300000
   12840     0.035857665     0.031030538     0.588500000
   12860     0.035514882     0.030781213     0.568400000
   12880     0.035973012     0.031153612     0.599300000
   12900     0.035639968     0.031046800     0.624600000
   12920     0.035315477     0.030918967     0.676300000
   12940     0.035507099     0.031017893     0.609100000
   12960     0.035660099     0.030973945     0.618700000
   12980     0.035612102     0.031014997     0.625600000
   13000     0.035973972     0.031296487     0.598900000
   13020     0.036379364     0.031571449     0.600200000
   13040     0.037018412     0.032093901     0.646900000
   13060     0.036921552     0.031965833     0.597800000
   13080     0.036660596     0.031700074     0.602600000
   13100     0.036972102     0.031985938     0.595700000
   13120     0.036689819     0.031857466     0.624300000
   13140     0.036608425     0.031795121     0.608000000
   13160     0.037237486     0.032128211     0.570800000
   13180     0.036745309     0.031748564     0.578600000
   13200     0.036531477     0.031545563     0.571400000
   13220     0.036340942     0.031435850     0.606600000
   13240     0.036216197     0.031245195     0.587700000
   13260     0.035734656     0.030742530     0.562300000
   13280     0.035835844     0.030857222     0.553600000
   13300     0.035971374     0.030987735     0.578900000
   13320     0.036019786     0.031209968     0.583400000
   13340     0.036208873     0.031493903     0.623800000
   13360     0.035938952     0.031424304     0.659200000
   13380     0.036127103     0.031546736     0.642100000
   13400     0.036127011     0.031342622     0.603700000
   13420     0.036938092     0.032017846     0.610900000
   13440     0.036978040     0.032023214     0.593500000
   13460     0.036805857     0.031886112     0.611000000
   13480     0.037047993     0.032167874     0.614700000
   13500     0.036878685     0.032151059     0.669300000
   13520     0.037116062     0.032175969     0.604400000
   13540     0.037299431     0.032219530     0.600400000
   13560     0.037500097     0.032430998     0.597100000
   13580     0.037498785     0.032343665     0.568200000
   13600     0.037661376     0.032514823     0.606700000
   13620     0.037617750     0.032578619     0.613300000
   13640     0.037783635     0.032824091     0.635100000
   13660     0.037580954     0.032620179     0.615400000
   13680     0.037692092     0.032819172     0.646300000
   13700     0.037248507     0.032489463     0.647900000
   13720     0.037215543     0.032311635     0.599400000
   13740     0.037350680     0.032212195     0.558400000
   13760     0.037934751     0.032722522     0.585200000
   13780     0.037455725     0.032405141     0.597000000
   13800     0.037322515     0.032191343     0.549900000
   13820     0.037628630     0.032405311     0.571600000
   13840     0.037932077     0.032933728     0.624000000
   13860     0.038378160     0.033209685     0.588700000
   13880     0.038295659     0.032958649     0.558900000
   13900     0.038107058     0.032758191     0.563300000
   13920     0.037458978     0.032249574     0.557100000
   13940     0.037092294     0.031825478     0.535100000
   13960     0.037005720     0.031713789     0.555300000
   13980     0.036682736     0.031639240     0.608000000
   14000     0.036323194     0.031399545     0.570900000
   14020     0.036366939     0.031319171     0.580100000
   14040     0.036680612     0.031654403     0.614800000
   14060     0.036773021     0.031885648     0.619100000
   14080     0.036946911     0.032106590     0.640600000
   14100     0.036662150     0.031858367     0.637700000
   14120     0.037579346     0.032563021     0.602100000
   14140     0.038015215     0.032932585     0.610900000
   14160     0.038179868     0.032824101     0.591000000
   14180     0.038330852     0.032979834     0.558300000
   14200     0.038484639     0.033117926     0.557300000
   14220     0.039031802     0.033332761     0.525700000
   14240     0.038574153     0.032832739     0.520200000
   14260     0.038283617     0.032636888     0.528800000
   14280     0.038626950     0.032983298     0.544200000
   14300     0.038500499     0.032997064     0.599500000
   14320     0.038767445     0.033300962     0.594200000
   14340     0.039054374     0.033562277     0.579000000
   14360     0.038360715     0.032895019     0.545200000
   14380     0.037318377     0.032149457     0.571500000
   14400     0.037099358     0.032024868     0.580300000
   14420     0.036877074     0.031930271     0.615800000
   14440     0.036695018     0.031765568     0.584600000
   14460     0.036198292     0.031346627     0.584100000
   14480     0.036586468     0.031776420     0.587400000
   14500     0.036282091     0.031488372     0.588600000
   14520     0.035725885     0.031093591     0.622100000
   14540     0.036008380     0.031315804     0.617400000
   14560     0.036730584     0.031898193     0.602800000
   14580     0.037173491     0.032256798     0.591600000
   14600     0.037337368     0.032335436     0.599600000
   14620     0.037670400     0.032731052     0.595400000
   14640     0.037637542     0.032657111     0.607600000
   14660     0.038263862     0.033084454     0.614700000
   14680     0.038086126     0.032990457     0.599800000
   14700     0.037698138     0.032701236     0.623200000
   14720     0.037387680     0.032354474     0.596300000
   14740     0.037144578     0.032207233     0.609400000
   14760     0.037715585     0.032638252     0.584100000
   14780     0.037584424     0.032347789     0.550400000
   14800     0.037925419     0.032717737     0.567300000
   14820     0.037914426     0.032801970     0.616100000
   14840     0.038325043     0.033047186     0.550500000
   14860     0.038048837     0.032875472     0.577100000
   14880     0.037795676     0.032538140     0.573800000
   14900     0.037631770     0.032463331     0.571000000
   14920     0.036971832     0.032031867     0.617100000
   14940     0.037029069     0.032093401     0.591700000
   14960     0.036696445     0.031789248     0.586200000
   14980     0.036549439     0.031676405     0.610000000
   15000     0.036867024     0.031953713     0.593000000
   15020     0.036998665     0.032001247     0.588300000
   15040     0.036536546     0.031600405     0.570600000
   15060     0.036379987     0.031515095     0.615100000
   15080     0.036329038     0.031655339     0.630500000
   15100     0.036449352     0.031822515     0.637000000
   15120     0.036630383     0.031932422     0.621800000
   15140     0.036235651     0.031480564     0.584100000
   15160     0.036308112     0.031523205     0.577800000
   15180     0.036377959     0.031720088     0.651100000
   15200     0.036235793     0.031554281     0.626400000
   15220     0.036146383     0.031387982     0.591200000
   15240     0.036331683     0.031461541     0.595600000
   15260     0.036093099     0.031342116     0.601200000
   15280     0.036344527     0.031650429     0.596900000
   15300     0.036494577     0.031770051     0.597100000
   15320     0.036009432     0.031329837     0.616500000
   15340     0.035648247     0.031230105     0.665300000
   15360     0.036215547     0.031592716     0.600100000
   15380     0.036004297     0.031416241     0.622900000
   15400     0.036106340     0.031595699     0.653900000
   15420     0.036101311     0.031587901     0.649500000
   15440     0.036181360     0.031462325     0.606200000
   15460     0.036404331     0.031510394     0.576200000
   15480     0.036078175     0.031394533     0.594400000
   15500     0.036123367     0.031366886     0.596300000
   15520     0.035813933     0.031246667     0.638500000
   15540     0.035777296     0.031303674     0.635200000
   15560     0.036221917     0.031511979     0.601200000
   15580     0.035625624     0.031089338     0.621200000
   15600     0.035715242     0.031049102     0.601000000
   15620     0.035652092     0.031012266     0.599900000
   15640     0.035667117     0.031128139     0.632300000
   15660     0.035756335     0.031139792     0.598700000
   15680     0.035434960     0.030895451     0.606500000
   15700     0.035334107     0.030828446     0.604800000
   15720     0.035651211     0.031128735     0.633600000
   15740     0.035542139     0.030966620     0.623100000
   15760     0.036060421     0.031311730     0.588100000
   15780     0.036240072     0.031478645     0.601100000
   15800     0.036207880     0.031622072     0.648900000
   15820     0.036172881     0.031549428     0.620800000
   15840     0.036293753     0.031610797     0.594600000
   15860     0.036455702     0.031666641     0.607700000
   15880     0.036681819     0.031935959     0.621300000
   15900     0.036491326     0.031744431     0.602200000
   15920     0.036215614     0.031503536     0.580300000
   15940     0.035913765     0.031174116     0.581400000
   15960     0.035818655     0.031080447     0.587800000
   15980     0.036051745     0.031274170     0.605500000
   16000     0.036672069     0.031993770     0.632700000
   16020     0.036800881     0.032224522     0.666400000
   16040     0.036607813     0.031926134     0.621800000
   16060     0.036811757     0.031998055     0.623300000
   16080     0.036738099     0.031663531     0.577100000
   16100     0.036817517     0.031911240     0.618900000
   16120     0.037078138     0.032172395     0.600400000
   16140     0.037578540     0.032608799     0.629300000
   16160     0.036874342     0.031986541     0.585600000
   16180     0.036246040     0.031396692     0.609600000
   16200     0.036376794     0.031616750     0.614900000
   16220     0.036513286     0.031803280     0.607700000
   16240     0.036069495     0.031357687     0.605700000
   16260     0.036380450     0.031527341     0.596000000
   16280     0.036044335     0.031261920     0.579700000
   16300     0.035628013     0.030914494     0.587500000
   16320     0.036244139     0.031523149     0.587500000
   16340     0.035717037     0.031159843     0.631400000
   16360     0.035996216     0.031373870     0.584000000
   16380     0.035670131     0.031061503     0.612800000
   16400     0.035506831     0.031177261     0.693200000
   16420     0.036132991     0.031769041     0.701900000
   16440     0.036621230     0.032045765     0.643400000
   16460     0.036340250     0.031753741     0.623200000
   16480     0.036091704     0.031562244     0.621200000
   16500     0.036197233     0.031512560     0.596000000
   16520     0.036001093     0.031379974     0.587800000
   16540     0.036329080     0.031624183     0.612400000
   16560     0.036307942     0.031580108     0.614000000
   16580     0.036318956     0.031681198     0.636000000
   16600     0.036552366     0.031912679     0.638300000
   16620     0.036430337     0.031676382     0.586500000
   16640     0.036284913     0.031511983     0.621800000
   16660     0.036388902     0.031726931     0.626400000
   16680     0.036814355     0.031930234     0.601200000
   16700     0.036838981     0.031868368     0.581800000
   16720     0.037086149     0.032016957     0.570800000
   16740     0.037238888     0.032213520     0.601400000
   16760     0.037113264     0.032259104     0.619800000
   16780     0.036986769     0.032008592     0.591800000
   16800     0.036779520     0.031966385     0.587700000
   16820     0.036990540     0.031988078     0.557400000
   16840     0.037052118     0.032107357     0.597300000
   16860     0.036766664     0.031935867     0.601500000
   16880     0.036681707     0.031871309     0.594700000
   16900     0.036985779     0.032039833     0.580400000
   16920     0.037184730     0.032160944     0.609900000
   16940     0.036954006     0.031957357     0.579300000
   16960     0.037359633     0.032220446     0.604900000
   16980     0.037186542     0.032273887     0.614400000
   17000     0.037340330     0.032295200     0.588300000
   17020     0.037445156     0.032318343     0.579000000
   17040     0.037275574     0.032167586     0.572000000
   17060     0.037461521     0.032230412     0.549200000
   17080     0.037649214     0.032323138     0.570500000
   17100     0.037021392     0.032115044     0.609700000
   17120     0.037627740     0.032687858     0.618600000
   17140     0.037418194     0.032486033     0.604400000
   17160     0.037060583     0.031996321     0.584400000
   17180     0.036934936     0.031932762     0.574100000
   17200     0.037004878     0.031908700     0.565500000
   17220     0.037134182     0.031994098     0.549000000
   17240     0.036948991     0.032020227     0.593000000
   17260     0.037152641     0.032056048     0.556100000
   17280     0.037369850     0.032112899     0.548500000
   17300     0.037461266     0.032135979     0.538100000
   17320     0.037312438     0.032281856     0.597500000
   17340     0.037162356     0.032254458     0.619800000
   17360     0.037328884     0.032216928     0.612300000
   17380     0.037248370     0.032345821     0.601900000
   17400     0.037295772     0.032343394     0.569600000
   17420     0.037710034     0.032506374     0.567800000
   17440     0.037662943     0.032538662     0.569200000
   17460     0.037372176     0.032339684     0.587500000
   17480     0.037382621     0.032339031     0.579600000
   17500     0.037510493     0.032372489     0.587800000
   17520     0.037927536     0.032591714     0.556000000
   17540     0.037947119     0.032643561     0.548700000
   17560     0.037730526     0.032475104     0.560700000
   17580     0.037760331     0.032575846     0.578900000
   17600     0.038108270     0.032788098     0.561500000
   17620     0.037951269     0.032837124     0.584600000
   17640     0.037919908     0.032807804     0.587400000
   17660     0.038092581     0.032934034     0.558100000
   17680     0.038666048     0.033375333     0.563300000
   17700     0.038776304     0.033316486     0.529300000
   17720     0.039197588     0.033753497     0.573600000
   17740     0.039294666     0.033789059     0.557400000
   17760     0.038973457     0.033495567     0.555600000
   17780     0.037938193     0.032725283     0.594600000
   17800     0.037679325     0.032721334     0.599600000
   17820     0.037731738     0.032702547     0.609800000
   17840     0.037730177     0.032783778     0.627000000
   17860     0.037522810     0.032594861     0.608600000
   17880     0.037387317     0.032525362     0.596500000
   17900     0.037726601     0.032610820     0.586300000
   17920     0.037487401     0.032419692     0.566900000
   17940     0.037608298     0.032528100     0.594000000
   17960     0.037217628     0.032402422     0.601500000
   17980     0.037649880     0.032573409     0.591800000
   18000     0.037193078     0.032187056     0.582500000
   18020     0.037204424     0.032270048     0.593000000
   18040     0.037054741     0.032078395     0.582400000
   18060     0.036770384     0.031715275     0.550400000
   18080     0.036492191     0.031512190     0.566900000
   18100     0.036884799     0.031846834     0.576700000
   18120     0.037556912     0.032372774     0.594700000
   18140     0.037128027     0.032163483     0.600000000
   18160     0.037456517     0.032436881     0.592000000
   18180     0.037616642     0.032530532     0.590000000
   18200     0.037598372     0.032466063     0.618200000
   18220     0.037934575     0.032778736     0.589800000
   18240     0.037444204     0.032327595     0.563400000
   18260     0.036976391     0.031757647     0.566400000
   18280     0.036964170     0.031822113     0.563600000
   18300     0.037036687     0.031972892     0.587400000
   18320     0.037140292     0.031937379     0.542300000
   18340     0.036790863     0.031509499     0.537700000
   18360     0.036732798     0.031607916     0.568200000
   18380     0.036398469     0.031484780     0.596700000
   18400     0.036356690     0.031372411     0.561800000
   18420     0.036966400     0.031847691     0.592100000
   18440     0.036854287     0.031863089     0.594000000
   18460     0.037251218     0.032176475     0.578000000
   18480     0.036918488     0.031902576     0.555300000
   18500     0.037158041     0.032097218     0.570900000
   18520     0.037360896     0.031938852     0.539400000
   18540     0.037152763     0.031704524     0.523300000
   18560     0.036689866     0.031519776     0.557700000
   18580     0.036583417     0.031473420     0.576900000
   18600     0.036574106     0.031460931     0.564800000
   18620     0.036407010     0.031467520     0.627800000
   18640     0.036835059     0.032043097     0.634200000
   18660     0.036982081     0.031959256     0.605100000
   18680     0.036930044     0.031881339     0.602200000
   18700     0.037020949     0.031883319     0.578600000
   18720     0.037427471     0.032123319     0.532900000
   18740     0.037499157     0.032271945     0.602000000
   18760     0.037209001     0.031988880     0.576800000
   18780     0.037451932     0.032217312     0.604200000
   18800     0.037443890     0.032251875     0.589600000
   18820     0.036933370     0.031863075     0.603100000
   18840     0.037046361     0.032005758     0.615000000
   18860     0.036765143     0.031741009     0.585900000
   18880     0.036585559     0.031601504     0.562600000
   18900     0.036870024     0.031872588     0.570100000
   18920     0.036884718     0.031826433     0.588100000
   18940     0.037272536     0.032244467     0.594100000
   18960     0.037350832     0.032166876     0.588600000
   18980     0.037089152     0.031949602     0.567000000
   19000     0.036824145     0.031760096     0.584800000
   19020     0.037040501     0.031756909     0.548900000
   19040     0.037083900     0.031784989     0.538800000
   19060     0.036709912     0.031600962     0.560100000
   19080     0.035704018     0.030821230     0.573800000
   19100     0.035278315     0.030610086     0.608800000
   19120     0.035414008     0.030719461     0.601200000
   19140     0.034870606     0.030395863     0.633900000
   19160     0.034933427     0.030654500     0.681100000
   19180     0.034763887     0.030441791     0.658700000
   19200     0.035003109     0.030639055     0.626700000
   19220     0.035385401     0.030836963     0.634900000
   19240     0.035536490     0.031056513     0.638800000
   19260     0.035771553     0.031222337     0.630800000
   19280     0.035375026     0.030905050     0.642000000
   19300     0.034709172     0.030321895     0.616700000
   19320     0.034511642     0.030221002     0.675000000
   19340     0.034618532     0.030143858     0.586200000
   19360     0.035131494     0.030542850     0.600500000
   19380     0.035344973     0.030670984     0.579500000
   19400     0.035533752     0.030867313     0.600000000
   19420     0.036151732     0.031439020     0.629700000
   19440     0.035945871     0.031246831     0.579700000
   19460     0.035869440     0.031106352     0.590600000
   19480     0.035859417     0.031104626     0.585600000
   19500     0.036013152     0.031307283     0.606200000
   19520     0.035716117     0.030993096     0.558900000
   19540     0.035857375     0.031204714     0.586600000
   19560     0.035749125     0.031085856     0.610700000
   19580     0.035526423     0.031030575     0.628000000
   19600     0.035378169     0.030798535     0.588100000
   19620     0.035196661     0.030487077     0.573400000
   19640     0.035344078     0.030782266     0.610400000
   19660     0.034917245     0.030465878     0.639600000
   19680     0.034996717     0.030512161     0.619200000
   19700     0.035722091     0.031068277     0.602100000
   19720     0.035714650     0.031174499     0.638000000
   19740     0.035743770     0.031112135     0.616800000
   19760     0.035626859     0.031054052     0.619300000
   19780     0.035731799     0.031072877     0.609600000
   19800     0.035506291     0.030872028     0.587000000
   19820     0.035751102     0.031123416     0.638600000
   19840     0.035605659     0.030945436     0.597200000
   19860     0.035732567     0.031145513     0.653400000
   19880     0.035916128     0.031223384     0.585700000
   19900     0.035857261     0.031133456     0.597300000
   19920     0.036204487     0.031426227     0.600200000
   19940     0.036752083     0.031862974     0.586500000
   19960     0.036263117     0.031426689     0.544900000
   19980     0.035860528     0.031031666     0.559000000
   20000     0.036202786     0.031494892     0.614500000
   20020     0.036397074     0.031678425     0.624700000
   20040     0.036091255     0.031595730     0.624400000
   20060     0.036564190     0.031930124     0.609400000
   20080     0.037036364     0.032270588     0.633700000
   20100     0.037040637     0.032230430     0.588100000
   20120     0.036922968     0.031898486     0.576800000
   20140     0.036295113     0.031538900     0.624700000
   20160     0.036486939     0.031682985     0.601200000
   20180     0.036133372     0.031430931     0.597400000
   20200     0.036374467     0.031635101     0.584700000
   20220     0.036003851     0.031266938     0.601000000
   20240     0.035755302     0.031178693     0.612800000
   20260     0.035657777     0.031233631     0.637900000
   20280     0.036077990     0.031621288     0.639100000
   20300     0.036457439     0.031698479     0.615700000
   20320     0.036663235     0.032072770     0.635800000
   20340     0.037677296     0.032672010     0.573100000
   20360     0.038129888     0.032916913     0.560300000
   20380     0.037639660     0.032535446     0.571600000
   20400     0.037866827     0.032614685     0.543800000
   20420     0.037836360     0.032726551     0.567900000
   20440     0.037783536     0.032774247     0.587700000
   20460     0.038278530     0.033092726     0.595900000
   20480     0.037964308     0.032926148     0.613100000
   20500     0.037878881     0.032957693     0.621100000
   20520     0.038280379     0.033112771     0.596600000
   20540     0.038026321     0.032993799     0.623100000
   20560     0.038161277     0.033049043     0.621600000
   20580     0.037491428     0.032433938     0.564100000
   20600     0.037021405     0.032032584     0.590500000
   20620     0.037440068     0.032348326     0.555100000
   20640     0.036915516     0.031883336     0.564800000
   20660     0.036740064     0.031788118     0.583000000
   20680     0.036757220     0.031909717     0.625200000
   20700     0.036428537     0.031568914     0.607200000
   20720     0.036681596     0.031786174     0.607900000
   20740     0.036589322     0.031636875     0.570500000
   20760     0.036867634     0.031905447     0.601200000
   20780     0.036990266     0.031973246     0.583100000
   20800     0.036855312     0.031924809     0.604700000
   20820     0.036941702     0.032106498     0.609500000
   20840     0.036640426     0.031779732     0.608000000
   20860     0.036483170     0.031550736     0.616400000
   20880     0.036717631     0.031719863     0.571600000
   20900     0.036663551     0.031662381     0.608600000
   20920     0.036547237     0.031564105     0.592600000
   20940     0.036797790     0.031727947     0.575700000
   20960     0.037316375     0.032331821     0.615500000
   20980     0.037473429     0.032651554     0.662600000
   21000     0.036989218     0.032187574     0.608100000
   21020     0.036578541     0.031745317     0.594500000
   21040     0.036291823     0.031502452     0.602700000
   21060     0.036390272     0.031568460     0.600400000
   21080     0.036315534     0.031563009     0.623500000
   21100     0.036003089     0.031418986     0.648800000
   21120     0.035604032     0.031156436     0.649200000
   21140     0.036063334     0.031540384     0.663900000
   21160     0.035808081     0.031341265     0.655700000
   21180     0.035898836     0.031395786     0.654200000
   21200     0.035738612     0.031299661     0.670700000
   21220     0.035762566     0.031132579     0.619500000
   21240     0.036065188     0.031381046     0.611700000
   21260     0.036418704     0.031444706     0.580200000
   21280     0.036403222     0.031495718     0.603600000
   21300     0.036204988     0.031391329     0.577400000
   21320     0.036385754     0.031496895     0.577500000
   21340     0.036823462     0.031697083     0.538000000
   21360     0.036940670     0.031763640     0.529600000
   21380     0.037101013     0.031831679     0.545200000
   21400     0.037637464     0.032307732     0.537800000
   21420     0.037439559     0.032273951     0.550600000
   21440     0.036928513     0.031833658     0.551000000
   21460     0.036956071     0.031746350     0.547100000
   21480     0.037024130     0.031739990     0.549100000
   21500     0.036763771     0.031682482     0.564300000
   21520     0.036653929     0.031767534     0.600100000
   21540     0.036369729     0.031582331     0.607900000
   21560     0.037185470     0.032057357     0.548900000
   21580     0.037001943     0.031804047     0.554700000
   21600     0.036904566     0.031825318     0.543300000
   21620     0.036923413     0.031775870     0.580900000
   21640     0.036804389     0.031609299     0.580400000
   21660     0.036706351     0.031576490     0.546700000
   21680     0.036487305     0.031390932     0.533100000
   21700     0.036342836     0.031374879     0.571100000
   21720     0.036814994     0.031674361     0.556600000
   21740     0.036908465     0.031750267     0.588900000
   21760     0.036555425     0.031359799     0.547600000
   21780     0.036274389     0.031365213     0.612200000
   21800     0.036568106     0.031637100     0.589500000
   21820     0.035995902     0.031182328     0.610900000
   21840     0.035970799     0.031164333     0.605100000
   21860     0.035818708     0.030864050     0.562600000
   21880     0.035434572     0.030758235     0.613600000
   21900     0.035587634     0.031019955     0.643000000
   21920     0.035633099     0.030930063     0.613900000
   21940     0.036016804     0.031276489     0.624900000
   21960     0.036791841     0.031971517     0.639000000
   21980     0.036532757     0.031667763     0.620500000
   22000     0.036531868     0.031582624     0.608700000
   22020     0.037013991     0.032031100     0.571900000
   22040     0.036707706     0.031745502     0.603000000
   22060     0.036621871     0.031651957     0.591700000
   22080     0.037192298     0.031983395     0.564800000
   22100     0.036861954     0.031738584     0.580300000
   22120     0.036830254     0.031749648     0.578000000
   22140     0.037538775     0.032596564     0.652900000
   22160     0.037676183     0.032803921     0.663300000
   22180     0.037963724     0.032993566     0.606400000
   22200     0.038056696     0.032979967     0.614300000
   22220     0.038581658     0.033469867     0.582800000
   22240     0.038122912     0.032924219     0.591100000
   22260     0.037981462     0.032735649     0.544100000
   22280     0.037815171     0.032453887     0.562900000
   22300     0.038448162     0.033115623     0.593100000
   22320     0.038192387     0.032847151     0.583800000
   22340     0.038247791     0.032970384     0.602800000
   22360     0.038485035     0.033118861     0.576100000
   22380     0.038304485     0.033089635     0.601500000
   22400     0.038239030     0.033033220     0.547600000
   22420     0.038128831     0.032759967     0.541500000
   22440     0.037709581     0.032542017     0.566900000
   22460     0.037367214     0.032325269     0.569600000
   22480     0.037127627     0.032202902     0.574900000
   22500     0.037316059     0.032321359     0.600900000
   22520     0.036765420     0.031947406     0.606000000
   22540     0.037121430     0.032182293     0.602500000
   22560     0.037345694     0.032331631     0.574800000
   22580     0.037246265     0.032315505     0.606600000
   22600     0.036961418     0.032072997     0.586600000
   22620     0.037071867     0.032039340     0.558300000
   22640     0.037100110     0.032054739     0.567200000
   22660     0.037335548     0.032217798     0.591100000
   22680     0.037389813     0.032265598     0.581900000
   22700     0.037580376     0.032384335     0.568100000
   22720     0.037160154     0.032169770     0.576800000
   22740     0.037338020     0.032403558     0.626800000
   22760     0.037763328     0.032748203     0.598700000
   22780     0.037378367     0.032274908     0.571900000
   22800     0.037323790     0.032299832     0.607300000
   22820     0.037311428     0.032303000     0.582600000
   22840     0.037034838     0.032055133     0.595400000
   22860     0.037013472     0.032149414     0.609000000
   22880     0.036211740     0.031403973     0.618300000
   22900     0.035941719     0.031251945     0.634300000
   22920     0.035622804     0.031064296     0.647600000
   22940     0.035284660     0.030702331     0.602900000
   22960     0.035198741     0.030657846     0.608500000
   22980     0.034814978     0.030475522     0.659300000
   23000     0.034219185     0.029887198     0.630200000
   23020     0.034282553     0.029992211     0.661000000
   23040     0.034376453     0.030000386     0.638100000
   23060     0.034277632     0.029964380     0.647800000
   23080     0.033901552     0.029735956     0.653000000
   23100     0.034448327     0.030165553     0.664600000
   23120     0.034820347     0.030450389     0.614000000
   23140     0.035121009     0.030481937     0.579800000
   23160     0.035117583     0.030473214     0.593500000
   23180     0.035272839     0.030766125     0.657100000
   23200     0.035793019     0.031227069     0.621300000
   23220     0.036026646     0.031429352     0.623700000
   23240     0.035952125     0.031445833     0.643900000
   23260     0.036459945     0.031691209     0.581000000
   23280     0.036366559     0.031417714     0.583600000
   23300     0.036570422     0.031774994     0.613700000
   23320     0.037038249     0.032204640     0.623500000
   23340     0.037154979     0.032234422     0.605700000
   23360     0.037546721     0.032449888     0.553900000
   23380     0.036673892     0.031535936     0.521800000
   23400     0.036196283     0.031325056     0.555300000
   23420     0.036305665     0.031344230     0.563700000
   23440     0.036089125     0.031161348     0.589300000
   23460     0.035913676     0.031133987     0.602300000
   23480     0.036060428     0.031180333     0.588700000
   23500     0.035468191     0.030797594     0.606400000
   23520     0.035585585     0.030720145     0.565500000
   23540     0.036253602     0.031188200     0.570600000
   23560     0.036130517     0.031235226     0.613800000
   23580     0.036286694     0.031565854     0.633900000
   23600     0.036722677     0.031877574     0.649500000
   23620     0.036968719     0.032219871     0.642500000
   23640     0.037133008     0.032291868     0.651000000
   23660     0.036988982     0.032078979     0.608600000
   23680     0.036969728     0.032040176     0.607900000
   23700     0.037100175     0.032108124     0.589900000
   23720     0.037075708     0.032050978     0.587800000
   23740     0.036563212     0.031540364     0.559100000
   23760     0.036275462     0.031303053     0.598900000
   23780     0.035922035     0.031191468     0.648200000
   23800     0.036152655     0.031395903     0.625700000
   23820     0.036152454     0.031249256     0.584300000
   23840     0.037115913     0.031954265     0.577300000
   23860     0.037040339     0.032033524     0.590200000
   23880     0.036927956     0.031855856     0.572600000
   23900     0.036908719     0.031735562     0.568300000
   23920     0.037320193     0.032113224     0.592400000
   23940     0.037289666     0.032255743     0.601300000
   23960     0.037316868     0.032357352     0.605800000
   23980     0.037546654     0.032213375     0.569700000
   24000     0.037987799     0.032626297     0.590100000
   24020     0.038102866     0.032620200     0.552800000
   24040     0.037806891     0.032417771     0.551100000
   24060     0.037893458     0.032490647     0.552500000
   24080     0.037878725     0.032545249     0.562000000
   24100     0.038947973     0.033383372     0.569000000
   24120     0.039166136     0.033605864     0.570700000
   24140     0.039458546     0.033720969     0.545100000
   24160     0.039491273     0.033708329     0.535600000
   24180     0.039250676     0.033476958     0.563900000
   24200     0.039329041     0.033458056     0.525300000
   24220     0.038952417     0.033224580     0.538800000
   24240     0.038327590     0.032843912     0.555000000
   24260     0.038388244     0.032935334     0.563500000
   24280     0.038784525     0.033265287     0.575200000
   24300     0.039401867     0.033558573     0.528000000
   24320     0.039261749     0.033528557     0.536200000
   24340     0.039573254     0.033777625     0.562400000
   24360     0.039536621     0.033689857     0.509300000
   24380     0.039171412     0.033353679     0.523000000
   24400     0.038858514     0.033303200     0.541000000
   24420     0.038475465     0.033031602     0.549400000
   24440     0.038575234     0.033092472     0.558100000
   24460     0.038323298     0.032925372     0.560500000
   24480     0.038446271     0.032954531     0.569100000
   24500     0.038033782     0.032709585     0.579700000
   24520     0.037431442     0.032408129     0.606700000
   24540     0.037079910     0.032017838     0.566000000
   24560     0.037662489     0.032532443     0.566300000
   24580     0.038061836     0.032907726     0.589500000
   24600     0.038010879     0.032915860     0.587000000
   24620     0.038147963     0.032956721     0.586100000
   24640     0.037976679     0.032584364     0.528700000
   24660     0.038295859     0.032850908     0.558800000
   24680     0.037857417     0.032358902     0.544500000
   24700     0.037019633     0.031869199     0.577600000
   24720     0.036535711     0.031619719     0.574600000
   24740     0.036528305     0.031652925     0.582900000
   24760     0.036575491     0.031584047     0.579700000
   24780     0.036090511     0.031241068     0.564000000
   24800     0.035957069     0.031012509     0.576300000
   24820     0.036243023     0.031391812     0.601400000
   24840     0.036185317     0.031301369     0.581700000
   24860     0.035660970     0.030891680     0.579300000
   24880     0.035877660     0.031163169     0.604100000
   24900     0.035785522     0.031097304     0.587600000
   24920     0.036252469     0.031349809     0.593400000
   24940     0.036555349     0.031592396     0.566000000
   24960     0.036195146     0.031387787     0.574400000
   24980     0.036445978     0.031594692     0.595000000
   25000     0.035865157     0.031083717     0.601000000
   25020     0.036177464     0.031288897     0.580100000
   25040     0.036713965     0.031649698     0.576500000
   25060     0.036516905     0.031483761     0.555800000
   25080     0.036575429     0.031603201     0.606200000
   25100     0.036749548     0.031699272     0.590900000
   25120     0.036686648     0.031689880     0.568800000
   25140     0.036291416     0.031313094     0.579200000
   25160     0.036430549     0.031469541     0.588900000
   25180     0.036665013     0.031835878     0.625900000
   25200     0.036432244     0.031674220     0.626600000
   25220     0.036426649     0.031637222     0.591500000
   25240     0.036241389     0.031478611     0.584400000
   25260     0.036047751     0.031227794     0.604800000
   25280     0.036348606     0.031505575     0.596400000
   25300     0.036453589     0.031725835     0.675100000
   25320     0.036230951     0.031511640     0.631000000
   25340     0.036561994     0.031664741     0.590000000
   25360     0.036261009     0.031516290     0.637500000
   25380     0.036595748     0.031786649     0.600000000
   25400     0.036560840     0.031594042     0.570900000
   25420     0.036288018     0.031362063     0.594000000
   25440     0.035955782     0.031221237     0.597400000
   25460     0.035946652     0.031171491     0.620700000
   25480     0.036254784     0.031566927     0.654100000
   25500     0.036354690     0.031613671     0.635600000
   25520     0.036367425     0.031642673     0.617800000
   25540     0.036055442     0.031381637     0.627600000
   25560     0.035977941     0.031265259     0.589500000
   25580     0.035272084     0.030535956     0.587400000
   25600     0.035107943     0.030469137     0.589100000
   25620     0.035393919     0.030650444     0.590400000
   25640     0.035696540     0.030844920     0.577300000
   25660     0.035360895     0.030583048     0.574200000
   25680     0.036017418     0.031296534     0.630000000
   25700     0.036154034     0.031518523     0.626600000
   25720     0.035660806     0.031147461     0.663100000
   25740     0.036095570     0.031469323     0.611400000
   25760     0.035779670     0.031184111     0.612600000
   25780     0.035671947     0.031010024     0.583800000
   25800     0.035523894     0.030539749     0.545900000
   25820     0.035515389     0.030613488     0.549200000
   25840     0.035301973     0.030532252     0.578500000
   25860     0.034969518     0.030422065     0.614700000
   25880     0.035178696     0.030599064     0.611100000
   25900     0.034885520     0.030575151     0.663000000
   25920     0.035110946     0.030785582     0.653900000
   25940     0.035157877     0.030757277     0.655200000
   25960     0.035501991     0.031092841     0.638600000
   25980     0.035101020     0.030799605     0.675400000
   26000     0.035458434     0.031141357     0.666900000
   26020     0.035593448     0.031214265     0.624200000
   26040     0.035194395     0.030902217     0.668800000
   26060     0.035203974     0.030819329     0.634500000
   26080     0.035750252     0.031119236     0.574800000
   26100     0.035482700     0.030894358     0.584700000
   26120     0.035808308     0.031273152     0.634800000
   26140     0.035813823     0.031312974     0.603900000
   26160     0.035859814     0.031423835     0.641400000
   26180     0.035784062     0.031273532     0.608400000
   26200     0.036336506     0.031765124     0.647200000
   26220     0.036296774     0.031708000     0.635800000
   26240     0.036271008     0.031718517     0.616900000
   26260     0.036771226     0.032137785     0.626400000
   26280     0.036827768     0.032003405     0.606600000
   26300     0.036924876     0.032105548     0.637200000
   26320     0.037189926     0.032377037     0.618900000
   26340     0.036491512     0.031671928     0.572000000
   26360     0.036354841     0.031568642     0.603100000
   26380     0.036955141     0.031955815     0.579600000
   26400     0.036514564     0.031477399     0.562400000
   26420     0.036133023     0.031212037     0.590700000
   26440     0.036312624     0.031517235     0.592000000
   26460     0.036203892     0.031562098     0.635600000
   26480     0.036300355     0.031599205     0.634800000
   26500     0.036008970     0.031403196     0.625900000
   26520     0.035607601     0.031000516     0.588600000
   26540     0.035726226     0.031141042     0.623700000
   26560     0.035726024     0.031068147     0.597000000
   26580     0.035827789     0.031084019     0.619100000
   26600     0.036134841     0.031413078     0.627800000
   26620     0.036077501     0.031488015     0.626100000
   26640     0.036289535     0.031490405     0.608400000
   26660     0.036805752     0.031985929     0.625900000
   26680     0.036915146     0.032109246     0.617900000
   26700     0.037322050     0.032308913     0.593500000
   26720     0.037277629     0.032271711     0.597200000
   26740     0.037861871     0.032806070     0.619300000
   26760     0.038020210     0.032831773     0.587700000
   26780     0.038415933     0.033221703     0.571300000
   26800     0.038304560     0.033046642     0.580500000
   26820     0.038591837     0.033024652     0.534700000
   26840     0.038445264     0.032852666     0.526800000
   26860     0.038222505     0.032620586     0.531800000
   26880     0.038214783     0.032709808     0.541300000
   26900     0.038573705     0.033114773     0.537600000
   26920     0.038323954     0.032660228     0.501600000
   26940     0.038153181     0.032768811     0.560400000
   26960     0.038317196     0.032667751     0.530800000
   26980     0.037632012     0.032266675     0.528800000
   27000     0.038332679     0.032743596     0.539200000
   27020     0.038466506     0.032956246     0.533200000
   27040     0.038644293     0.033127396     0.554700000
   27060     0.038495786     0.033355086     0.623400000
   27080     0.038875929     0.033504838     0.576400000
   27100     0.038609001     0.033077818     0.514700000
   27120     0.038722551     0.033039208     0.539400000
   27140     0.038718617     0.033216367     0.555200000
   27160     0.038447122     0.033255931     0.615100000
   27180     0.039457196     0.034006136     0.594200000
   27200     0.040044349     0.034357452     0.539800000
   27220     0.039634611     0.033856317     0.547700000
   27240     0.039359139     0.033526472     0.518400000
   27260     0.039308114     0.033725113     0.566100000
   27280     0.038727300     0.033137420     0.524200000
   27300     0.038651449     0.032981292     0.521500000
   27320     0.038557891     0.032895896     0.510700000
   27340     0.038503565     0.032776283     0.531700000
   27360     0.038915729     0.033175400     0.548900000
   27380     0.038749393     0.033149583     0.546300000
   27400     0.038388899     0.032917436     0.556000000
   27420     0.038904391     0.033393262     0.587100000
   27440     0.038477930     0.033034435     0.569700000
   27460     0.037749049     0.032517080     0.582600000
   27480     0.037583487     0.032401136     0.605600000
   27500     0.037662556     0.032422337     0.548400000
   27520     0.037699621     0.032479724     0.600900000
   27540     0.037357035     0.032112628     0.565000000
   27560     0.037184744     0.031995867     0.604400000
   27580     0.037306144     0.031940586     0.544100000
   27600     0.037217831     0.031983319     0.573300000
   27620     0.036710590     0.031436646     0.555200000
   27640     0.037179872     0.031966057     0.606500000
   27660     0.037701467     0.032448067     0.580600000
   27680     0.037992776     0.032552798     0.569500000
   27700     0.037698501     0.032234252     0.570400000
   27720     0.037313124     0.032027444     0.586400000
   27740     0.037707339     0.032318800     0.589700000
   27760     0.037292890     0.031881772     0.526300000
   27780     0.037312029     0.032005873     0.576900000
   27800     0.037686874     0.032405058     0.563400000
   27820     0.037749898     0.032353993     0.595400000
   27840     0.038031113     0.032689987     0.579200000
   27860     0.038314739     0.033059459     0.631500000
   27880     0.038305043     0.032969108     0.585400000
   27900     0.038129467     0.032851771     0.598900000
   27920     0.037988068     0.032791342     0.578800000
   27940     0.037880513     0.032536078     0.553800000
   27960     0.037825712     0.032384096     0.543700000
   27980     0.038306655     0.032800839     0.540400000
   28000     0.038037023     0.032801959     0.595500000
   28020     0.037822064     0.032573279     0.588100000
   28040     0.037830927     0.032345860     0.557100000
   28060     0.037637683     0.032308355     0.565100000
   28080     0.037725021     0.032509777     0.592600000
   28100     0.037772007     0.032647011     0.613500000
   28120     0.038165608     0.032825221     0.581100000
   28140     0.038739658     0.033197498     0.571500000
   28160     0.038854413     0.033203555     0.498200000
   28180     0.038925482     0.033081745     0.526300000
   28200     0.038595947     0.032896976     0.529300000
   28220     0.037964713     0.032658661     0.578200000
   28240     0.037452254     0.032454975     0.609000000
   28260     0.036936008     0.031889338     0.588700000
   28280     0.036828839     0.032025461     0.615000000
   28300     0.036519729     0.031674235     0.592900000
   28320     0.036462327     0.031547624     0.579800000
   28340     0.036607215     0.031707261     0.623000000
   28360     0.036364081     0.031753717     0.651100000
   28380     0.035944731     0.031520891     0.662700000
   28400     0.035797949     0.031354285     0.632300000
   28420     0.036260968     0.031778103     0.663200000
   28440     0.036727314     0.031888271     0.582400000
   28460     0.036798628     0.032047581     0.629200000
   28480     0.037059531     0.032268957     0.638500000
   28500     0.036903919     0.032108014     0.621700000
   28520     0.036394629     0.031632113     0.582900000
   28540     0.036918479     0.031897999     0.583700000
   28560     0.036985759     0.031966417     0.549200000
   28580     0.036761724     0.031751369     0.576800000
   28600     0.036608045     0.031706878     0.617800000
   28620     0.036503807     0.031667503     0.598500000
   28640     0.036210782     0.031326436     0.594400000
   28660     0.036090360     0.031356116     0.594900000
   28680     0.036290785     0.031361020     0.576100000
   28700     0.036001109     0.031229570     0.583800000
   28720     0.036170621     0.031352552     0.576400000
   28740     0.036261038     0.031532443     0.603200000
   28760     0.036196669     0.031502379     0.619600000
   28780     0.035827014     0.031136832     0.594800000
   28800     0.035442569     0.030859160     0.609300000
   28820     0.035630340     0.031073919     0.610200000
   28840     0.035758816     0.031115312     0.616800000
   28860     0.035696424     0.031053518     0.587800000
   28880     0.036106475     0.031437082     0.598700000
   28900     0.036138239     0.031323896     0.585800000
   28920     0.036958125     0.032073218     0.626300000
   28940     0.036769385     0.031871569     0.581200000
   28960     0.036881110     0.031904318     0.597700000
   28980     0.036480576     0.031672537     0.620900000
   29000     0.036331848     0.031546194     0.614100000
   29020     0.036327747     0.031602580     0.646900000
   29040     0.036349999     0.031669640     0.637900000
   29060     0.036578237     0.031959659     0.660700000
   29080     0.036512613     0.031681835     0.566100000
   29100     0.036837173     0.031888158     0.575000000
   29120     0.036544462     0.031680274     0.603000000
   29140     0.036871915     0.031947653     0.579300000
   29160     0.036604236     0.031621218     0.583400000
   29180     0.036574140     0.031600353     0.584900000
   29200     0.036913737     0.031792695     0.566800000
   29220     0.037400397     0.032297915     0.572900000
   29240     0.037486257     0.032253107     0.546800000
   29260     0.037389901     0.032238112     0.571200000
   29280     0.037499068     0.032371644     0.610400000
   29300     0.037031885     0.031987104     0.583500000
   29320     0.037272096     0.032162483     0.607000000
   29340     0.037136591     0.032117930     0.607700000
   29360     0.036968548     0.032030901     0.622900000
   29380     0.037034891     0.031974699     0.577600000
   29400     0.036887517     0.031838393     0.582700000
   29420     0.037613720     0.032548710     0.630300000
   29440     0.037477053     0.032634142     0.642200000
   29460     0.037269720     0.032362721     0.604600000
   29480     0.037586451     0.032369080     0.579300000
   29500     0.037598930     0.032427253     0.609400000
   29520     0.037574059     0.032443703     0.578800000
   29540     0.037328279     0.032163074     0.555600000
   29560     0.037399122     0.032056060     0.545400000
   29580     0.036759134     0.031731405     0.567400000
   29600     0.037019220     0.032026896     0.620600000
   29620     0.037301069     0.032314776     0.597200000
   29640     0.037259874     0.032258542     0.602900000
   29660     0.036970010     0.031950011     0.593900000
   29680     0.037118469     0.032110188     0.611700000
   29700     0.037180920     0.032153180     0.593600000
   29720     0.037168106     0.032040727     0.544800000
   29740     0.037207359     0.031932769     0.540400000
   29760     0.036822704     0.031609648     0.564800000
   29780     0.036630745     0.031678017     0.559800000
   29800     0.037067101     0.032058522     0.634300000
   29820     0.037435132     0.032246305     0.567800000
   29840     0.037641088     0.032331680     0.547400000
   29860     0.036798818     0.031472440     0.531600000
   29880     0.037279022     0.032031644     0.581800000
   29900     0.037858334     0.032569627     0.599800000
   29920     0.037882671     0.032483047     0.575900000
   29940     0.037535215     0.032448904     0.617800000
   29960     0.037043959     0.031905064     0.564800000
   29980     0.036996485     0.031497258     0.542300000
   30000     0.036731700     0.031460238     0.563100000
