      20  120   89  100  110  112   98   75   88  101   85
      40  119   76   86  101   73  112  122  114   91   95
      60   97   76   88  119  102  105   83  108   90   94
      80   65   92   90  105   97   71   79  133   89   88
     100  105   90  105  140  114   88  101   76   81  110
     120  100   91   96  101  110   89   85   81  113  122
     140   86   77  122   76   98   86  107   93   86   88
     160   85  123   73   62   96   79   98   87  101  101
     180   94   84   82  105   99  106   99  113   91   83
     200  118   86  106  104   99  104  116   75   60   89
     220   76  104   78  110   91   85   65   81   88  102
     240   87  102   96   71  104   84  130  121   84  124
     260   86   85  110   96  122   91   69   86   66   87
     280   72   84  108  102  102  109   96   67   86   92
     300   93  107   99   56   86  106  109   96   86   89
     320  105   88  122   72   72   94   87   88   81  101
     340   98  129  101   70  100  101  104  115   96  102
     360   86   87   70   89  107   77   66  100   94  101
     380   82  116   98   90  144   84   92   99  130   83
     400   84   95  105   62  115   72  101   69   73  122
     420   88   89  101   85   74  114   84   98   90  108
     440   71   74  125  109   95   96   87  104   70   72
     460  118   81   92   78  110  108   75  102  124  114
     480   99   79   96   77   82   90   98   62   89   90
     500   56   90   83   96  115   79   55   88   94   86
     520  111   66   86   88   67   64   91   90  128  106
     540   85   83   70   80  101   94   75   97  117   73
     560   81   70   92   98   90   71   51   60   92   76
     580   60   83   74  115  112   96   89   79  101  100
     600   85   55   85   95   78   55  102  134   89   62
     620   90   74   80   93   77   68   97   92   47   84
     640   61   81   74   82   89   67   72   88   83   94
     660   54   78   65   93   73   84  101   64  115   76
     680   75  106   70  102   63   62   94   90   58   84
     700  133   79   89  101   78   75   94   64   88   84
     720   98   85   51   88   61   87   86   79   87   82
     740  101   61   64   98   74   75   99  104   93   97
     760   66  100   47   68   97   69   78   86   85   73
     780   74   90   63  117   92   83   90   59   98   93
     800   95  109   70   67   57   75   74   60   61   83
     820   82   75   60   92   81   70   57   55   73  101
     840   85   96   89   82   95   85  113   97   78   64
     860   67   73   84   67   66   53   76   95   91   59
     880   95   75   74   73   74   58   48   90   53   59
     900   93   59   39   53   72   82   80   80   56   75
     920   69   66   75   88   87   79   71   60   59  102
     940   55   78   80   73   69   91   93   55   77   66
     960   87   97   52  107   85   82   43   90   69   85
     980   80   53   78   65   76   62   66   77   89  119
    1000   82   72   65   54   73   49   72   63   63   90
    1020   64   83   74   70   66   68  119   61   54   73
    1040   82   84   83   81  100   51   65   57  105   50
    1060   95   93   85   88  100   82   78   80   83   64
    1080   61   56   56   69   86  100   93   66   66   70
    1100   79   72   66   81   82   76   49   66   93   61
    1120   74   89   71   71   68   66   55   84   70   85
    1140   79   78   95   42   61   75   58   68   80   61
    1160   72   45   69   71   89  100   71   86   70   88
    1180   93   59   53   69   61   79   64   65   82   74
    1200   77   87   76   69   84   43   76   83   78   68
    1220   66   74   72   65   78   61   66   82   64   78
    1240   76   77   82   37   54   39   83   64   60   73
    1260   46   65   80   78   72   71   58   48   75   51
    1280   72   45   66   69   88   92   73   92   81   81
    1300   80   58   89   57   80   67   78   70   82   58
    1320   88   52   76   74   65   72   81   78   62   76
    1340   62   66   69   67   63   78   76   63   54   67
    1360   67   48   49   68   62   56   84   69   57   56
    1380   71   85   74   67   93   61   59   37   82   67
    1400   72   64   56   66   71   87   68   57   58   47
    1420   62   67   48   64   85   49   52   63   81   58
    1440   77  101   88   78   74   87   56   70   86   46
    1460   50   80   84   43   51   81   61   81   52   41
    1480   44   46   50   73   75   45   74   59   63   65
    1500   62   62   60   69   71  103   74   66   87   61
    1520   69   44   54   64   54   55   82   70   53   51
    1540   64   70   65   76   64   75   68   62   98   73
    1560   70   49   60   54   71   80   77   70   56   74
    1580   44   66   76   77   75   42   44   53   59   45
    1600   36   53   63   84   79   57   54   60   62   50
    1620   64   84   93   70   71   65   60   53   81   83
    1640   67   74   80   72  105   59   66   62   44   79
    1660   75   61   47   62   64   96   54   82   46   68
    1680   68   76   52   58   61   78   65   57   76   39
    1700   68   59   54   93   57   68   93   51   75   63
    1720   76   72   71   64   86   84   70   65   69   71
    1740   60   49   71   93   82   56   68   71   82   65
    1760   99   61   51   57   70   99  106   43   81   55
    1780   41   71   69   64   72   76   87   62   76   62
    1800   55   75   52   47   66   87   67   97   63   74
    1820  105   51   51   72   70   81   85   62   64   63
    1840   71   77   66   80   73   34   58   63   56   57
    1860   48   68   56   62   72   49   46   88   73   90
    1880   60   29   68   51   74   48   74   57   66   58
    1900   59   63   61   81   58   74   68   70   49   84
    1920   70   82   62   76   66  105   71   77   53   86
    1940   78  103   68   70   92   79   52   52   66   72
    1960   68   53   61   69  110   46   74   78   68   58
    1980   72   62   53   86   60   81   62   82   70   34
    2000   81   59   65   85   82   48   61   68   39   45
    2020   61  100   65   57   48   50   93   77   47   81
    2040   59   61   48   38   62   58   60   52   93   45
    2060   48   57   85   62   67   56   52   80   35   59
    2080   61   43   82   74   65   64   66   70   37   53
    2100   61   71   58   72   87   87   76   62   73   48
    2120   66   38   67   36   85   59   67   46   36   62
    2140   53   69   58   61   55   37   75   69   75   55
    2160   66   39   86   60   74  110   49   55   59   46
    2180   74   48   59   55   66   78   55   74   42   72
    2200   62   31   53   61   33   68   51   58   64   45
    2220   45   39   66   51   51   44   47   51   60   51
    2240   55   82   68   38   49   95   43   66   54   44
    2260   84   73   74   41  102   77   50   46   78   80
    2280   58   75   54   33   63   66   66   48   56   62
    2300   75   67   78   78   58   57   49   79   73   86
    2320   62   71   63   56   79   70   68   65   62   58
    2340   52   44   49   52   59   75   63   30   96   74
    2360   78   64   85  100   67   58   63   32   82   47
    2380   75   68   42   62   55   72   64   53   82   65
    2400   53   60   72   80   86   69   65   51   68   92
    2420   71   57   61   66   45   62   97   70   48   33
    2440   50   74   50   38   53   44   46   56   99   50
    2460   64   46   62   73   44   68   71   53   56   71
    2480   50   45   51   51   50   78   62   76   90   63
    2500   51   59   52   44   54   77   52   48   60   55
    2520   37   59   71   57   85   39   75   45   64   53
    2540   82   74   66   56   57   40   40   78   86   60
    2560   58   56   54   40   61   49   58   43   61   52
    2580   61   57   57   68   55   52   64   69   59   75
    2600   90   41   67   75   67   78   43   68   47   71
    2620   71   77   64   69   63   59   81   45   78   39
    2640   59   69   60   80   59   54   69   85   73   58
    2660   33   67   71   86   60   62   86   50   63   44
    2680   81   66   69   78   68   59   62   65   66   59
    2700   75   53   71   56   86   56   39   35   65   52
    2720   48   61   87   63   71   78   45   97   61   80
    2740   73   59   80   66   67   46   73   71   82   85
    2760   77   55   67   49   66   54   44   56   49  102
    2780   74   65   94   75   77   65   75   71   55   51
    2800   70   51   36   65   99   58   65   34   74   68
    2820   55   63   58   70   83   53   74   80   65   93
    2840   49   46   32   44   85   66   54   63   50   45
    2860   50   72   55   26   69   28   59   35   64   45
    2880   65   69   38   62   56   48   48   51   59   65
    2900   54   87   49   82   48   63   61   61   56   54
    2920   48   71   73   91   66   67   45   51   76   48
    2940   67   65   49   52   56   82   49   52   51   78
    2960   62   58   58   37   51   72   45   81  107   73
    2980   51   66   53   65   55   63   58   46   90   53
    3000   59   62   77   89   73   65   42   51   67   71
    3020   73   60   46   41   94   54   47   54   60  104
    3040   70   85   75   71   77   64   81   53   46   50
    3060   76   68   59   49   66   65   51   61   71   59
    3080   67   64   47   32   75   65   72   55   59   86
    3100   67   31   85   30   49   64   64   72   55   45
    3120   64   61   66   55   71   55   59   59   55   32
    3140   59   45   55   67   62   64   69   57   48   63
    3160   86   67   38   36   53   58   49   75   45   47
    3180   31   53   64   78   76   65   52   52   58   38
    3200   54   60   53   39   57   53   88   46   41   68
    3220   93   62   54   60   61   49   60   69   42   36
    3240   63   71   74   49   75   74   60   49   63   47
    3260   62   25   61   75   47   36   47   55   87   63
    3280   45   61   52   66   62   46   79   64   56   72
    3300   50   67   58   45   61   41   70   47   45   70
    3320   60   50   60   69   52   69   65   91   74   91
    3340   47   51   52   58   51   58   42   62   53   64
    3360   47   70   87   56   59   68   54   50   65   56
    3380   80   49   57   61   69   63   66   50   31   79
    3400   41   60   59   38   74   65   86   61   73   79
    3420   48   88   80   60   73   43   56   66   56   79
    3440   64   58   73   69   56   63   59   61  111   43
    3460   77   57   48   72   27   62   50   61   56   82
    3480   46   51   62   94   47   60   79   81   67   36
    3500   69   63   55   70   50   62   50   71   81   74
    3520   94   56   71   79   64   77   61   65   71   42
    3540   91   71   60   89   45   71   78   51   47   59
    3560   63   95   50   39   49   64   82   61   78   50
    3580   77   58   31   50   64   74   56   52   49   71
    3600   88   63   69   72   82   59   68   88  103   53
    3620   37   51   93   62   51   52   40   65   34   70
    3640   84   59   57   56   55   74   40   68   51   66
    3660   50   39   80   49   36   69   45   84   58   57
    3680   72   46   57   71   69   63   58   63   72   55
    3700   72   70   76   65   56   65   65   63  112   46
    3720   84   51   69   68   64   74   56   34   46   55
    3740   85   49   37   59   56   43   65   62   50   63
    3760   41   61   75   71   64   70   63   71   67   52
    3780   41   79   75   45   57   90   44   78   82   68
    3800   46   46   74   54   63   74   75   73   62   43
    3820   60   96   44   62   65   75   59   59   74   68
    3840   69   79   49   53   43   76   73   48   54   81
    3860   75   34   60   41   75   88   76   44   49   53
    3880   86   65   38   77   48   47   71   64   42   54
    3900   53   47   52   60   80   59   67   51   57   88
    3920  100   65   69   71   53   53   66   62   63   49
    3940   68   74   78   62   65   61   51   61   54   76
    3960   68   60   48   69   55   74   46   52   59   61
    3980   49   55   56   61   71   81   70   90   50   60
    4000   77   64   65   80   56   76   61   50   56   67
    4020   67   54   68   50   59   92  104   66   98   57
    4040   53   66   73   48   72   66   42   55   51   51
    4060   44   58   59   50   49   59   61   62   63   72
    4080   60   49   66   47   52   60   35   68   82   77
    4100   72   64   51   50   71   46   53   71   69   45
    4120   64   61   32   55   42   48   44   43   53   60
    4140   59   45   71   83   52   84   37   34   44   35
    4160   60   36   67   75   45   39   69   70   49   63
    4180   45   76   47   88   57   54   79   57   53   45
    4200   80   63   66   58   73   82   55   35   34   48
    4220   71   91   72   62   54   56   39   57   73   56
    4240   57   56   56   95   50   51   63   60   68   74
    4260   50   59   47   41   30   44   58   28   57   35
    4280   59   77   63   57   83   67   59   60   65   46
    4300   73   54   82   50   61   75   66   79   55   86
    4320   61   42   48   58   52   57   84   65   68   46
    4340   45   79   52   89   52   60   55   61   66   63
    4360   76   83   75   63   57   53   70   47   71   86
    4380   73   57   75   54   48   78   71   73   49   48
    4400   72   96   67   60   77   63   75   73   64   72
    4420   73   55   61   79   94   72   49   57   49   70
    4440   50   60   81   88   59   61   60   59   41   35
    4460   47   74   71   73   55   56   60   36   57   60
    4480   55   51   90   42   42   45   55   63   75   59
    4500   66   45   50   65   63   74   55   73   66   36
    4520   44   49   39   70   64   64   49   79   40   56
    4540   52   51   60   68   47   41   64   62   57   61
    4560   59   46   63   66   63   90   55   55   53   42
    4580   50   55   59   49   64   61   59   77   88   66
    4600   63   83   91   68   77   70   67   66   65   61
    4620   75   58   76   67   73   65   60   50   86   70
    4640   51   71   83   60   62   54   63   81   62   54
    4660   86   76   77   47   82   82   67   75   78   92
    4680   63   49   38   62   75   52   79   53   63   68
    4700   60   50   51   50   41   70   92   64   48   74
    4720   55   90   70   77   49   76   35   70   45   81
    4740   54   82   64   70   51   77   59   83   39   36
    4760   56   44   60   65   66   56   60   94   67   72
    4780   64   65   81   43   54   56  104   41   65   77
    4800   62   50   34   56   57   59   64   39   54   41
    4820   55   52   55   68   57   55   52   51   43   56
    4840   67   76   59   65   56   53   44   71   55   49
    4860   76   55   57   60   44   56   72   55   67   55
    4880   56   63   62   78   72   58  101   76   50   57
    4900   68   66   80   51   41   64   52   46  106   79
    4920   93   72   87   68   71   60   54   67   68   60
    4940   62   65   76   76   68   82   74   79   66   71
    4960   64   70   67   43   71   64   56   98   57   75
    4980  115   64   60   59   58   88   55   83   43   78
    5000   79   62   65   92   64   63   47   59   57   54
    5020   60   72   60   65   94   71   85   62   77   48
    5040   76   63   51   79   59   60   70   68   69   74
    5060   78   69   97   66   61   71   58   80   62   51
    5080   92   52   73   67   72   84   70   45   68   75
    5100   74   43   47   78   35   59   61   84   68   75
    5120   54   65   62   89   57   50   72   64   72   65
    5140   41   86   79   76   66   76   66   84   38   63
    5160   54   62   53   66   65   64   76   60   79   49
    5180   66   61   59   67   35   77   65   65   73   49
    5200   56   66   61   77   54   78  119   59   75   60
    5220   68   61   47   70   46   72   70   77   88   77
    5240   61   67   36   60   52   58   52   66   62   62
    5260   61   61   38   57   83   52   77   43   56   57
    5280   81   56   66   60   81   68   62   69   58   73
    5300   43   85   80   46   61   68   81   53   81   56
    5320   75   77   70   67   83   87   36   57   66   63
    5340   68   59   84   97   82   57   47   97   74   64
    5360   76   54   57   67   65   64   81   70   56   48
    5380   65   58   86   69   69   89   55   70   61   63
    5400   55   76   56   74   54   84   66   61   72   62
    5420   77   99   63   72   84   58   65   67   95   61
    5440   71   86   35   56   59   68   54   72   93   64
    5460   60   78   56   37   64   75   83   82   93   49
    5480   57   56   52   57   91   88   55   72   71   93
    5500   71   47   74   60   79   53  102   52   91   65
    5520   72   43   79   36   71   48   79   71   77   60
    5540   54   62   54   32   50   59   62   62   60   74
    5560   79   73   88   62   64   61   54   82   50   68
    5580   65   57   64   53   48   85   57   59   53   55
    5600   68   73   65   48   47   87   54   61   61   49
    5620   78  107   32   84   46   54   64   77   85   62
    5640   67   55   78   53   78   70  104   62   59   71
    5660   68   54   64   89   60   75   75   56   49   68
    5680   57   72   62   84   58   77   70   71   53   55
    5700   51   39   72   75   61   71   68   95   77   96
    5720   80   55   61   48   64   76   74   73   51   81
    5740   70   50   77   56   42   83   60   52   73   94
    5760   55   45   72   71   56   92   94   58   70   48
    5780   88   71   58   51   75   67   60   75   57   67
    5800   57   50   37   45   53   75   47   59   62   99
    5820   49   81   63   75   39   48   71   58   70   70
    5840   72   44   66   74   69   92   51   87   73   74
    5860   79   58   72   77   66   76   51   58   65   58
    5880   45   59   77   60   77   53   55   71   36   55
    5900   98   50   67   55   88   68   73   47   43   76
    5920   53   68   96   46   43   67   56   70   51   42
    5940   43   96   62   67   77   58   66   77   64   84
    5960   57   57   64   77   69   56   55   52   49   63
    5980   75   73   46   91   57   59   64   59   41   56
    6000   49   69   60   73   52   63   44  121   56   84
    6020   61   63   64   52   47   39   74   56   53   62
    6040   49   53   57   79   85   84   88   76   78   50
    6060   77   67   47   53   70   75   61   55   77   52
    6080   70   66   60   68   70   52   64   87   47   55
    6100   55   78   51  109   74   79   67   56   72   69
    6120   51   72   49   58   58   63   68   90   75   70
    6140   60   72   91   70   69   62   66   75   63   82
    6160   57   92   57   79   63   77   50   54   58   61
    6180   64   58   74   81   60   65   55   58   79   99
    6200   86   76   70   63   99   70   98   69   54   70
    6220   91   64   58   53   54   69   72   52   53   39
    6240   48   85   99   52   80   76   62   51  102   68
    6260   58   43   88   59   62   45   46   71   68   65
    6280   78   99   70   59   69   66   56   58   63   50
    6300   57   83   51   80   64   63   65   57   49   56
    6320   72   68   55   91   69   49   71   49   40   84
    6340   79   99   81   49   72   56   88   41   47   57
    6360   52   60   46   95   52   62   80   73   72   68
    6380   77   62   46   42   53   55   67   77   58   60
    6400   87   66   45  103   61   43   81   66   68   70
    6420   61   65   84   32   76   61   51   68   65   47
    6440   73   53   67   69   89   51   51   72   58   77
    6460   38   72   47   76   78   74   42   60   77   68
    6480   48   71   77   60   70   67   97   64   59   57
    6500   46   51   57   77   59   49   52   72   64   77
    6520   57   48   48   81   72   66   62   63   74   53
    6540   57   76   52   78   86   54   47   65   69   72
    6560   49  108   46   60   55   69   71   49   57   65
    6580   53   85   45   54   63   70   66   68   79   83
    6600   74   59   70   56   70   55   39   42   56   53
    6620   40   72   64   63   54   77   60   54   60   46
    6640   84   49   80   53   44   53   42   53   47   50
    6660   67   39   64   73   71   68   57   69   71   52
    6680   73   64   91   71   63   61   56   63   85   77
    6700   48   80   56   92   48   78   59   61   55   44
    6720   68   61   50   60   59   51   61   77   50   65
    6740   61   57   75   58   49   39   44   68   39   28
    6760   63   45   74   63   66   59   75   56   76   59
    6780   57   67   66   65   62   37   64   56   67   37
    6800   57   73   51   95   63   59   65   53   59   66
    6820   39   51   41   67   51   76   58   58   56   51
    6840   55   48   56   69   67   80   68   75   36   60
    6860   68   53   53   44   56   61   58   41   44   53
    6880   55   61   34   58   45   32   50   62   54   37
    6900   49   81   63   72   59   78   56   88   45   66
    6920   79   59   50   94   63   81   57   94   58   67
    6940   64   79   87   62   37   81   92   51   52   51
    6960   46   36   55   73   58   50   73   56   55   69
    6980   87   74   65   47   73   60   41   61   70   73
    7000   32   69   41   49   67   77   48   50   48   81
    7020   63   64   61   45   54   59   54   59   52   59
    7040   63   54   56   66   58   81   63   42   55   66
    7060   57   64   47   54   53   53   47   73   57   59
    7080   71   48   50   65   64   71   63   78   93   50
    7100   72   65   36   59   57   58   52   55   62   56
    7120   50   58   53   47   50   69   65   70   62   54
    7140   69   75   61   91   79   37   48   78   76   49
    7160   54   52   82   42   90   53   80   63   48   64
    7180   64   38   70   53   49   53   67   90   51   80
    7200   51   72   65   65   57   80   81   46   69   51
    7220   77   62   80   52   50   54   54   52   57   88
    7240   71   90   81   73   53   85   74   64   75   77
    7260   60   78   41   70   69   66   64   74   68   76
    7280   70   77   60   89   62   64   71   61   57   60
    7300   60   47   83   87   54   58   64   47   65   66
    7320   45   59   45   64   57   75   44   41   68   72
    7340   61   56   44   71   38   76   54   67   54   73
    7360   60   69   63   72   31   51   50   33   88   81
    7380   69   44   54   59   46   46   23   62   30   49
    7400   40   68   57   77   67   80   53   70   47   69
    7420   49   54   63   53   78   62   75   74   58   59
    7440   52   53   64   56   43   79   67   86   53   29
    7460   66   81   42   60   44   71   72   56   52  112
    7480   67   68   44   69   71   62   54   87   97   59
    7500   62   46   67   81   76   78   67   84   53   51
    7520   77   84   85   72   31   66   68   65   73   61
    7540   43   63   43   58   61   54   87   78   67   68
    7560   69   78   47   46   55   64   60   60   49   67
    7580   60   66   72   40   52   74   61   76   60   71
    7600   68   95   53   70   54   88   78   63   56   57
    7620   88   81   70   85   82   42   87   75   52   74
    7640   73   51   78   87   83   52   66   45   73   50
    7660   70  100   76   50   42   86   85   96   87   62
    7680   44   67   71   83   75   65   50   76   73   81
    7700   78   55   45   56   71   53   80   76   52   71
    7720   79   81   86   84   75   83   49   72   75   64
    7740   69   65   73   80   71   55   88   49   58   69
    7760   57   51   71   45   45   72   64   48   81   72
    7780   54   55   61   34   67   39   77   78   58   55
    7800   51   64   53   89   47   68   92   43   65   54
    7820   87   63   65   77   63   61   76   76   62   34
    7840   53   78   72   68   91   47   74   50   69   83
    7860   42   98   48   95   68   95   74   51   60  101
    7880   73   72   79   75   68   81   66   66   82   64
    7900   53   71   72   56   76   50   61   47   64   75
    7920   63   56   51   58   43   75   40   54   54   49
    7940   78   64   47   40   82   55   80   76   54   46
    7960   64   33   66  101   39   74   67   64   72   75
    7980   52   79   72   67   73   75   75   80   59   56
    8000   81   89   78   53   57   64   68   73   64   60
    8020   79   99   75   51   79   68   80   99   58   80
    8040   64   60   41   93   48   71   63   47   84   61
    8060   52   64   62   70   74   68   77   59   54   61
    8080   56   74   71   54   61   75   70   60   82   58
    8100   73   60   76   68   69   67   85   50   80   46
    8120   84   48   46   57   42   40   77   57   61   74
    8140   87   56   75   38   60   72   56   83   70   69
    8160   55   71   59   68   88   38   51   83   54   61
    8180   62   51   79   63   75   60   70   73   36   61
    8200   68   56   67   73   69   62   86   62   59   44
    8220   89   44   53   52   53   66   68   85   71   42
    8240   55   44   60   46   59   76   81   57   47   61
    8260   82   61   76   63   61   78   56   58   91   58
    8280   68   65   73   42   56   52   63   68   69   69
    8300   51   72   77   69   76   43   40   79   63   88
    8320   55   48   87   66   64   79   71   90   67   58
    8340   74   54   74   71   68   64   42   68   54   55
    8360   83   41   54   85   56   71   62   77   78   58
    8380   78   77   48   60   55   72   66   39   79   45
    8400   92   58   82   78   49   68   80   77   85   82
    8420   47   58   83   68   70   56   73   80   71   66
    8440   68   80   68   86   57   48   72   56   47   62
    8460   62   47   61   81   50   71   82   67   84   75
    8480   44   44   77   79   56   73   66   55   60   63
    8500   69   73   46   81   84   56   70   76   68   53
    8520   84   74   66   59   80   60   77   78   64   86
    8540   81   72   79   67   81  107   40   64   59   52
    8560   79   92   79   75   67   56   58   49   79   48
    8580   77   56   64   54   70   64   82   76   64   55
    8600   65   71   70   72   70   74   77   67   57   77
    8620   39   68   72   62   66   54   59   67   48   68
    8640   61   52   48   45   67   68   78   69   74   68
    8660   81   79   69   59   53   80   62   69   82   72
    8680   91   42   83   72   52   56   88   62   58   73
    8700   73   77   67   66   80  101   87   81   82   87
    8720   77   61   72   56   72   58   60   45   70   50
    8740   54   56   90   55   63   53   91   69   72   50
    8760   79   42   50   68   79   47   67   82   90   70
    8780   37   56   69   61   57   73   61   45   78   73
    8800   79   55   70   82   44   50   77   77   74   59
    8820   58   70   74   77   58   81   68   63   58   78
    8840   46   63   95   91   57   76   59   56   69   70
    8860   62  121   79   59   58   78   77   48   48   56
    8880   85   78   58   57   50   92   60   50   76   69
    8900   47   48   69   64   76   49   74   82   71   54
    8920   55   70   49   76   77   39   72   54   64   61
    8940   60   62   57   92   87   60   64   67   76   79
    8960   59   82   62   37   98   75   47   42   55   79
    8980   44   56   79   80   77   50   73   38   83   22
    9000   64   44   68   65   51   86   72   69   57   62
    9020   62   53   55   63   28   63   67   52   54  114
    9040   60   45   75   73   97   86   53   59   59   98
    9060   69   51   87   73   62   63   91   77   54   76
    9080   62   49   59   61   77   74   62   64   75   61
    9100   35   61   69   69   66   82   81   74   55   73
    9120   77   75   63   84   87   81   62   55   87   77
    9140   69   69   59   46   72   75   72   55   75   74
    9160   73   92   64   60   68   82   74   87   64   61
    9180   55   85   80   53   74   63   84   87   58   50
    9200   78   69   99   77   66   85   77   59  114   76
    9220   56   64   82   53   78   80   69   53   60   71
    9240   70   45   81   45   69   28   57   59   85   59
    9260   31   55   64   48   74   59   78  112   56   62
    9280   59   56   64   68   80   65   70   58   79   57
    9300   69   59   69   79   59   76   58   82   61   61
    9320  101   87   85   34   61   57   57   53   45   56
    9340   56   39   77   83   38   64   52   55   47   64
    9360   63   75   52   71   42   68   58   68   67   69
    9380   55   57   63   81   83   51   47   75   64   80
    9400   58   66   58   74  101   73   50   83   76   84
    9420   95   50   53   73   69   72   44   80   68   37
    9440   53   79   69   48   81   61   60   75   61   66
    9460   80   56   58   67   48   72   59   80   98   48
    9480   57   53   48   77   74   57   93   65   43   43
    9500   50   79   54   57   51   61   62   86   76   80
    9520   49   47   88   95   63   36   74   56   70   64
    9540   54   45   95   78   53   88   69   65   56   96
    9560   71   70   58   65   72   63   53   74   90   70
    9580   71   58   89   47   48   38   84   77   95   79
    9600   61   52   56   63   69   51   40   74   40   40
    9620   75   74   71   46   67   46   53   48   51   73
    9640   54   49   60   64   59   80   56   96   78   64
    9660   57   51   66   64   63   31   53   83   82   54
    9680   53   45   76   55   55   69   60   61   80   96
    9700   56   65   76   58   36   71   58   79   47   69
    9720   61   88   77   93   63   80   52   80   64   39
    9740   50   80   34   68   52   60   59   58   73   58
    9760   39   64   59   66   42   29   40   66   42   58
    9780   57   51   43   53   54   45   47   64   64   62
    9800   72   65   47   56   43   58   72   70   47   52
    9820   69   53   57   53   58   75   61   83   58   39
    9840   64   73   46   62   53   69   48   59   58   64
    9860   37   50   77   43   54   37   67   44   69   76
    9880   47   30   57   47   50   71   65   57   73   68
    9900   72   57   73   50   46   58   61   57   41   61
    9920   72   49   52   49   63   80   70   34   43   67
    9940   86   71   92   64   65   85   64   67   91   65
    9960   63   90   65   65   67   75   92   61   71   47
    9980   64   63   60   47   89   74   74   37   67   77
   10000   52   60   63   64   66   65   48   82   57   63
   10020   87   41   60   56   52   40   65   47   50   50
   10040   63   39   54   78   65   33   83   60   93   57
   10060   50   67   54   59   43   87   63   45   80   53
   10080   87   84   79   80   50   53   70   69   66   71
   10100   61   74   88   51   64   57   48   57   75   78
   10120   51   50   69   79   49   53   51   95   61   52
   10140   42   54   76   65   65   80   69   83   60   80
   10160   61   83   38   74   61   69   66   54   78   73
   10180   51   75   77   71   66   52   54   63   75   65
   10200   62   58   73   84   95   84   55   58   65   77
   10220   82   75   52   65   64   85   43   43   73   70
   10240   52   82   79   69   70   89   36   55   46   67
   10260   78   49   45   49   50   56   45   41   72   53
   10280   40   67   67   45   82   54   43   34   51   86
   10300   59   51   56   84   58   67   79   51   85   57
   10320   46   76   71   56   68   52   34   80   58   76
   10340   65   49   86   47   71   66   57   87   47   51
   10360   48   62   73   38   66   74   39   59   56   50
   10380   68   60   81   40   45  110   70   66   46   61
   10400   42   64   51   66   69   49   77   58   54   55
   10420   85   82   58   54   63   59   70   47   41   64
   10440   69   45   90   51   60   65   46   80   61   65
   10460   73   85   63   47   44   84   65   95   46   44
   10480   74   67   54   73   73   71   45   62   71   57
   10500   39   59   67   52   92   80   53   75   53   54
   10520   47   62   79   58   40   69   66   71   48   52
   10540  101   65   60   72   34   87   65   67   71   48
   10560   69   69   53   78   63   33   89   66   78   58
   10580   52   50   59   77   45   53   67   47   51   73
   10600   81   97   76   63   77   54   88   66   49   74
   10620   48   69   65   80   79   58   52   58   69   44
   10640   64   53   41   75   56   62   72   59   45   49
   10660   75   72   70   84   65   73   72   49   58   86
   10680   77   64   68   73   71   42   55   53   79   82
   10700   69   89   66   84   52   71   53   76   56   61
   10720   84   77   63   53   65   72   77   61   43   82
   10740   66   54   53   39   74   49   57   75   48   72
   10760   47   52   90   71   51   89   49   38   51   52
   10780   76   61   64   52   50   77   64   41   44   54
   10800   50   78   61   69   82   71   60   66   67   76
   10820   53   80   39   43   67   37   56   64   52   87
   10840   47   70   59   53   30   79   55   59   56   58
   10860   51   68   37   63   59   82   54   77   28   47
   10880   70   52   27   68   65   64   67   56   75   68
   10900   60   63   46  103   58   72   59   71   88   54
   10920   61   84   54   86   70   50   57   61   73   63
   10940   60   75   62   30   67   96   62   57   47   42
   10960   53   75   54   94   82   74   69   64   77   64
   10980   81   64   81   55   60   49   78   66   47   80
   11000   45   36   62   48   58   81   87   78   50   74
   11020   56   69   62   61   66   70   72   72   65   52
   11040   68   58   72   61   53   75   44   64   51   73
   11060   65   44   79   66   50   64  104   52   51   39
   11080   65   25   49   65   39   43   57   46   53   26
   11100   33   48   55   21   25   50   62   41   57   29
   11120   42   55   55   64   46   54   53   70   52   80
   11140   50   71   89   59   68   79   51   58   61   61
   11160   37   44   47   45   30   42   81   65   73   67
   11180   63   29   57   46   52   63   54   51   43   40
   11200   50   63   59   69   72   71   53   72   41   51
   11220   31   52   74   65   89   50   52   43   37   23
   11240   34   46   62   53   43   56   54   44   44   71
   11260   60   45   65   56   73   64   46   66   55   77
   11280   58   35   78   74   61   55   83   74   49   43
   11300   47   58   61   49   37   52   54   51   63   70
   11320   74   71   91   73   67   67   63   36   41   40
   11340   59   48   29   50   69   53   57   74   45   54
   11360   52   37   54   59   56   48   55   67   65   50
   11380   37   39   63   63   63   55   45   82   60   79
   11400   46   67   68   46   55   69   47   60   94   84
   11420   37   61   51   69   44   91   59   72   71   67
   11440   47   57   39   46   38   48   55   42   63   80
   11460   43   67   90   42   66   59   28   43   76   48
   11480   71   64   67   67   57   76   61   68   68   65
   11500   52   79   77   59   26   44   52   44   56   55
   11520   77   57   63   50   81   87   31   44   56   79
   11540   50   50   46   63   68   56   45   50   49   75
   11560   74   59   66   80   71   60   56   59   81   68
   11580   86   78   62   39   63   73   57   57   80   46
   11600   90   60   45   47   80   51   69   77   73   48
   11620   32   74   78   90   46   57   49   53   63   71
   11640   73   66   56   85   51   87   61   64   62   67
   11660   52   53   64   70   58   55   41   59   47   64
   11680   65   42   69   69   92   64   75   68   69   53
   11700   66   52   67   57   73   65   32   71   42   43
   11720   68   64   62   53   54   66   56   48   55   63
   11740   53   70   72   73   80   66   41   58   75   73
   11760   45   58   40   98   92   82   74   70   90   54
   11780   54   55   67   83   67   74   77   53   74   46
   11800   74   61   67   66   68   52   69   64   36   60
   11820   78   62   60   78   83   66   37   67   55   65
   11840   59   53   61   68   56   60   69   80   46   42
   11860   69   51   55   45   54   53   37   54   63   42
   11880   40   84   66   65   67   64   50   69   73   72
   11900   56   65   41   42   63   44   60   40   45   67
   11920   55   67   58   49   51   52   73   73   63   50
   11940   58   51   39   52   46   59   71   47   52   59
   11960   60   53   63   40   79   67   77   79   77   59
   11980   64   50   55   80   57   55   70   73   67   48
   12000   66   79   48   71   56   65   58  105   56   74
   12020   47   61   55   33   72   85   69   64   49   83
   12040   92   65   76   83   59   60   65   77   61   57
   12060   74   42   53   44   47   51   32   72   65   76
   12080   86   54   68   40   68   66   61   65   74   70
   12100   64   57   51   37   59   52   89   51   40   57
   12120   80   67   76   60   53   60   47   76   43   85
   12140   79   75   63   63   51   76   60   62   57   68
   12160   69   65   56   60   54   44   41   57   38   50
   12180   47   64   57   74   56   58   69   66   55   34
   12200   59   72   55   70   55   57   45   73   57   50
   12220   67   58   71   76   71   59   85   55   81   54
   12240   43   53   50   45   83   72   72   48   83   68
   12260   66   79   54   64   98   77   70   71   50   86
   12280   54   67   36   53   57   50   51   38   60   60
   12300   43   64   65   57   62   95   90   82   78   74
   12320   50   49   51   64   95   69   60   58   49   66
   12340   68   63   91   79   73   53   55   58   68   66
   12360   77   59   77   79   85   90   53   70   81   57
   12380   67   78   58   52   71   79   55   71   51   43
   12400   62   62   37   41   50   45   48   58   62   54
   12420   77   73   60   50   42   61   70   83   64   43
   12440   58   47   63   77   61   33   44   54   64   57
   12460   63   53   77   66   78   64   71   60   71   60
   12480   54   61   70   76   56   69   55   72   83   72
   12500   60   63   42   98   75   52   68   71   76   76
   12520   76   47   78   49   59   67   66   50   67   63
   12540   61   39   67   57   50   75   98   74   72   67
   12560   81   67   34   76   80   47   40   57   61   58
   12580   43   57   47   60   38   55   54   44   61   74
   12600   47   39   83   65   82   46   56   68   59   60
   12620   51   28   44   61   52   35   57   56  104   71
   12640   52   80   55   55   69   65   82   76   42   56
   12660   51   62   58   60   53   53   44   65   39   66
   12680   53   62   33   59   48   52   71   77   28   61
   12700   43   51   56   74   48   61   44   52   86   82
   12720   53   53   56   61   56   84   61   45   66   45
   12740   40   67   84   41   91   69   69   48   59   32
   12760   45   63   64   40   44   31   73   65   43   50
   12780   68   59   67   47   45   76   52   56   49   62
   12800   57   33   55   51   80   63   67   60   46   30
   12820   51   48   62   58   46   61   74   57   43   83
   12840   80   62   64   89   66   55   57   41   54   68
   12860   59   63   42   29   47   99   51   35   77   74
   12880   47   59   78   84   56   92   80   70   86   62
   12900   61   42   51   67   88   39   52   59   58   62
   12920   50   51   70  107   94   51   51   59   54   55
   12940   69   99   67   75   67   80   81   59   54   64
   12960   63   51   73   75   79   73   61   46   47   51
   12980   45   58   71   54   64   65   78   40   55   54
   13000   61   56   49   48   54   44   42   39   65   41
   13020   59   44   55   41   62   64   51   59   46   81
   13040   55   75   44   64   69   47   31   73   55   70
   13060  105   59   59   30   68   59   55   59   50   51
   13080   45   77   45   52   45   67   84   60   82   51
   13100   45   51   69   44   61   51   53   70   69   76
   13120   41   85   61   73   70   73   73   85   49   62
   13140   66   40   55   75   92   54   42   79   56   58
   13160   56   46   75   53   60   58   65   58   54   45
   13180   71   84   63   85   69   49   59   59   71   53
   13200   48   68   35   61   50   55   52   53   38   87
   13220   69   74   66   83   40   50   71   57   39   63
   13240   53   65   61   71   50   38   38   61   65   63
   13260   67   58   56   54   51   60   52   41   46   59
   13280   69   43   49  116   77   52   48   48   68   73
   13300   41   56   64   56   38   37   66   48   54   71
   13320   62   76   73   52   93   65   92   47   81   55
   13340   68   40   40   57   56   49   49   57   72   70
   13360   60   58   60   57   66   42   58   42   68   38
   13380   57   55   86   44   71   78   70   67   62   62
   13400  100   74   72   74   45   68   75   70   53  101
   13420   58   60   50   53   79   65   51   56   52   70
   13440   42   60   55   47   52   38   48   73   72   70
   13460   56   64   64   38   55   68   51   72   60   79
   13480   67   56   62   62   57   91   50   66   84   49
   13500   54   88   52   61   80   44   92   67   62   58
   13520   62   62   65   80   30   53   62   70   88   46
   13540   52   57   46   67   55   83   65   58   46   49
   13560   67   70   74   87   52   65   93   70   78   68
   13580   72   93   43   71  102   57   59   49   43   65
   13600   51   72   42   74   62   56   69   57   55   45
   13620   65   52   63   52   53   59   33   58   72   56
   13640   36   35   56   67   80   64   80   44   58   72
   13660   83   73   57   76   76   71   36   55   52   42
   13680   83   67   58   71   67   54   49   38   48   72
   13700   59   84   67   62   55   55   59   53   97   24
   13720   59   75   58   72   51   66   54   42   68   63
   13740   44   72   69   59   99   84   74   68   67   54
   13760   68   87   66   70   65   69   74   52   82   68
   13780   76   56   50   54   70   59   63   44   89   77
   13800   58   64   64   54   76   50   53   68   49   67
   13820   46   57   85   70   62   74   50   55   32   49
   13840   39   70   38   62   49   73   40   35   46   63
   13860   87   31  102   56   42   57   51   41   72   48
   13880   73   85   70   54   59   52   46   49   62   49
   13900   88   47   52   48   65   51   61   47   54   50
   13920   70   85   60   57   89   60   59   72   92   62
   13940   67   84   94   53   53   68   65   62   92   70
   13960   75   48   60   62   80   82   39   37   73   62
   13980   50   52   44   91   50   66   21   52   39   71
   14000   64   73   80   58   63   84   75   80   71   51
   14020   65   40   61   66   65   40   75   76   81   47
   14040   65   58   76   47   55   50   59   63   70   67
   14060   61   59   49   58   66   41  117   69   49   57
   14080   44   70   53   56   35   88   47   39   43   45
   14100   60   80   62   36   82   64   78   58   43   68
   14120   50   75   58   77   52   48   82   86   64   62
   14140   56   63   93   42   70   55   64   72   57   70
   14160   64   76   64   52   94   62   74   65   67   46
   14180   65   54   75   73   42   55   60   54   42   69
   14200   46   62   79   79   83   57   37   63   65   74
   14220   89   67   63   74   57   74   54   67   53   52
   14240   58   39   72   88   74   64   59   70   84   58
   14260   59   47   78   81   66   78   64   70   75   67
   14280   60   74   49   52   71   41   52   57   68   72
   14300   59   62   62   52   50   79   72   48   53   63
   14320   59   63   52   63   27   63   83   70   73   62
   14340   53   57   88   72   90   68   64   29   76   74
   14360   50   35   47   54   53   72   41   46   56   90
   14380   62   44   47   58   36   34   60   46   64   46
   14400   63   60   65   64   66   62   52   58   47   73
   14420   61   62   56   27   69   49   65   50   47   54
   14440   59   47   43   80   44   59   59   37   63   51
   14460   54   40   60   35   68   46   48   67   57   32
   14480   70   54   53   65   69   46   59   69   40   51
   14500   77   56   68   58   58   55   56   50   57   70
   14520   51   76   80   93   67   52   90   84   64   48
   14540   52   45   52   58   45   56   67   58   34   62
   14560   39   50   55   48   39   67   52   58   83   54
   14580   57   72   68   44   47   51   82   60   49   40
   14600   67   61   61   73   84   57   75   74   53   46
   14620   67   51   85   46   65   61   38   69   87   30
   14640   49   46   62   59   46   69   64   39   66   58
   14660   80   69   64   55   52   76   61   40   60   40
   14680   68   59   65   56   81   88   89   51   70   59
   14700   63   45   72   62   51   56   41   54   69   48
   14720   51   48   61   48   43   67   71   77   38   52
   14740   46   61   46   79  108   58   44   40   52   40
   14760   86   40   57   39   38   41   78   70   87   58
   14780   35   81   58   58   41   60   50   34   70   53
   14800   56   59   53   77   51   86   55   67   59   70
   14820   77   47   68   64   59   61   68   65   44   83
   14840   69   61   61   54   43   44   52   54   73   56
   14860   54   74   72   53   44   76   36   64   58   57
   14880   48   60   61   56   58   68   51   77   81   52
   14900   64   48   85   66   67   61   46   83   68   65
   14920   47   59   46   49   87   89   86   76   54   56
   14940   45   78   86   66   66   73   69   65   51   71
   14960   55   56   52   78   50   62   67   75   52   73
   14980   71   66   60   72   66   85   91   51   86   80
   15000   64   83   66   57   72   57   54   90   77   62
   15020   62   60  104   91   67   66   64   45   55   70
   15040   46   78   55   62   78   44   52   84   76   65
   15060   70   33   48   61   61   66   59   60   64   55
   15080   58   34   59   64   59   77   47   67   65   46
   15100   62   85  102   55   36   83   46   75   72   69
   15120   74   97   75   50   82   71   59   51   98   61
   15140   48   45   54   87   38   49   64   56   53   37
   15160   94   58   64   65   82   60   62   56   76   46
   15180   43   39   42   75   73   60   40   70   39   70
   15200   42   64   57   66   59   50   67   70   60   63
   15220   70   63   58   66   58   45   54   76   82   67
   15240   53   61   56   91   89   44   50   50   59   52
   15260   84   73   40   74   70   59   85   72   65   65
   15280   60   65   58   68   86   59   49   50   44   51
   15300   63   79   92   88   89   64   65   68   68   55
   15320   60   58   66   84   77   84   51   71   42   74
   15340   42   45   42   54   46   67   55   58   78   67
   15360   40   49   49   47   77   56   60   86   49   74
   15380   52   40   47   53   66   58   43   85   54   58
   15400   60   64   81   82   58   76   72   67   64   86
   15420  102   58   75   83   67   75   59   46   66   91
   15440   56   67   48   54   85   71   83   53   33  119
   15460   53   53   73   73   52   62   68   32   42   59
   15480   95   58   65   82   60   65   39   60   62   62
   15500   54   63   64   61   65   80   85   88   74   64
   15520   64   68   72   60   49   49   61   59   63   76
   15540   49   61   84   35   60   79   71   71   90   54
   15560   63   65   52   54   60   57   58   60   77   53
   15580   52   72   34   50  101   86   75   59   41   56
   15600   41   63   81   66   71   63   72   38   40   37
   15620   57   82   75   88   92   51   73   60   74   73
   15640   70   71   69   76   49   69   58   81   87   84
   15660   61   66   82   68   55   53   47   63   58   69
   15680   76   70   67   59   67   65   48   63   58   70
   15700   52   77   84   38   73   59   48   80   86   62
   15720   64   53   51   60   73   63   89   65   62   43
   15740   39   65   45   77   66   45   53   62   66   49
   15760   44   53   69   79   41   53   56   44   56   63
   15780   38   59   56   64   77   27   30   63   63   63
   15800   84   63   72   62   59   46   51   55  104   54
   15820   47   50   51   58   51   81   30   75   50   65
   15840   49   60   50   67   49   31   61   77   72   78
   15860   63   75   63   71   75   81   65   42   47   52
   15880   45   59   60   65   80   70   72   90   71   68
   15900   53   66   62   61   41   73   66   52   62   78
   15920   57   59   52   45   54   56   43   51   53   35
   15940   79   44   68   46   48   66   51   86   81   34
   15960   32   53   55   78   48   58   61   43   41   36
   15980   67   55   58   61   60   67   64   51   42   66
   16000   41   88   46   48   61   32   55   63   66   52
   16020   77   58   86   74   56   60   54   53   46   64
   16040   42   44   69   27   52   36   70   92   45   69
   16060   55   67   57   54   86   67   49   95   77   75
   16080   57   60   59   48   38   39   50   83   56   54
   16100   67   73   67   53   66   56   48   65   58   53
   16120   58   15   66   60   56   63   58   54   67   52
   16140   68   79   63   80   52   38   63   47   60   60
   16160   51   89   85   51   33   46   76   67   60   53
   16180   35   68   52   56   46   74   44   63   52   69
   16200   51   45   69   75   54   39   60   77   79   88
   16220   52   64   51   35   53   62   59   65   53   83
   16240   35   80   67   42   50   74   69   40   49   38
   16260   76   51   87   66   50   85   52   61   39   68
   16280   57   65   53   40   53   32   62   44   68   83
   16300   50   66   50   47   56   44   44   40   53   41
   16320   49   74   72   88   48   75   52   41   49   54
   16340   56   72   44   51   58   61   59   72   47   44
   16360   77   68   31   85   47   71   32   79   57   57
   16380  103   72   76   45   63   58  126   59   55   53
   16400   77   82   50   44   49   68   47   60   65   57
   16420   56   59   60   50   48   35   79   62   59   56
   16440   63   71   76   55   38   40   63   72   59   48
   16460  109   43   75   64   41   84   46   84   42   61
   16480   41   41   55   53   51   96   48   60   39   55
   16500   61   51   69   47   64   70   55   54   59   45
   16520   76   67   60   53   47   64   90   90   66   39
   16540   55   53   72   62   57   55   67   70   68   74
   16560   52   58   71   61  101   54   75   51   49   78
   16580   61   82   95   56   92   68   64   56   41   85
   16600   43   46   75   65   55   40   45   43   74   71
   16620   55   76   48   38   51   53   56   48   77   51
   16640   53   55   70   89   70   41   47   49   57   61
   16660   68   57   54   42   63   54   33   52   62   81
   16680   76   82   67   89   84   35   44   71   82   66
   16700   49   59   80   21   39   77   63   51   53   49
   16720   77   77   75   71   41   39   53   57   79   64
   16740   83   58   73   62   75   74   74   43   56   78
   16760   67   72   78   59   67   87   84   41   59   91
   16780   47   83   73   80  102   51   41   35  107   51
   16800   78   51   89   59  102   51   61   41   75   46
   16820   70   43   87   74   77  100   60   76   56   82
   16840   70   93   71   84   44   75   54   56   75   76
   16860   69   70   48   88   71   71   65   67   59   59
   16880   72   53   50   56   67   69   51   58   73   58
   16900   90   91   57   61   38   58   66   65   48   76
   16920   58   60   54   65   89   95   81   66   52   57
   16940   66   69   65   71   70   65   73   60   47   48
   16960   55   38   63   66   69   71   48   63   54   72
   16980   92   72   68   59   76   85   69   67   50   46
   17000   71   77   78   85   52   80   75   91   46   70
   17020   54   69  103   66   56   79   35   56   50   64
   17040   82  105   70   43   77   50   60   49   63   66
   17060   57   62   80   79   69   37   78   59   78   45
   17080   58   43   87   37   85   33   55   61   83   56
   17100   64   74   69   64   55   60   49   84   73   72
   17120   47   60   62   42   42   53   49   81   58   77
   17140   51   65  104   52   66   63   84   61   85   63
   17160   71   82   74   75   94   49   71   78   79   72
   17180   86   58   61   85   71   52   67   93   45   42
   17200   63   57   83   50   41   48   57   50   87   36
   17220   67   75   53   85   72   61   67   77   52   57
   17240   72   74   78   61   88   75   61   67   59   79
   17260   54   51   55   76   95   83   78   43   64   57
   17280   84   55   66   64   44   64   66   55   48   70
   17300   69   65   68   57   38   68   85   54   67   69
   17320   58   64   39   61   66   82   82   80   54  106
   17340   70   62   64   58   82   63   51   90   65   67
   17360   62   64   59   68   60   54   55   55   56   54
   17380   88   69   59   42   56   55   50   40   70   48
   17400   60   63   57   49   33   45   70   71   65   55
   17420   81   86   61   45  106   54   55   64   43   64
   17440   52   65   45   60   57   40   61   55   60   43
   17460   72   51   65   39   77   76   64   54   41  102
   17480   51   64   78   80   59   64   72   71   55   75
   17500   55   56   85   64   73   68   59   71   74   92
   17520   78   78   73   64   75   68   60   59   85   84
   17540   71   76   63   82   66   58   66   70   52   31
   17560   62   48   65   58   51   72   59   59   69   86
   17580   65   50   61   65   70   90   58   69   63   66
   17600   52   63   98   87   61   67   68   49   70   84
   17620   58   88   70   75   47   57   65   50   78   82
   17640   56   78   48   71   57   77   79   77   51   45
   17660   37   59   71   88   43   48   52   48   55   51
   17680   49   58   95   74   63   83   56   47   98   52
   17700   54   44   60   49   82   72   82   50   74   62
   17720   68   67   58   63   57   77   71   86   60   62
   17740   51   68   61   43   50   82   54   61   49   48
   17760   64   97   72   62   80   62   41   62   96   64
   17780   91   69   42   60   90   54  102   68   69   59
   17800   71   62   62   97   79   78   53   87   64   67
   17820   70   62   53   86   83   82   61   61   74   50
   17840   63   57   66   40   53   37   83   77   63   58
   17860   69   51   58   64   71   62   53   58   52   79
   17880   52   80   90   47   63   63   60   76   72   82
   17900   55   69   74   40   90   90   73   88   57   68
   17920   65   49   60   57   40   74   69   54   67   64
   17940   55   43   65   49   65   62   76   66   81  102
   17960   61   50   48   52   69   69   60   58   59   41
   17980   49   38   59   54   45   83   72   56   61   56
   18000   62   84   45   59   56   80   81   70   82   51
   18020   48   43   66   64   98   85   65   49   68   43
   18040   66   72   63   77   56   65   58   78   73   52
   18060   72   71   58   70   91   70   72   48   77   43
   18080   80   63   56   96   54   61   69   84   66   48
   18100   54   66   71   50   71   82   64   71   74   72
   18120   72   58  100   69   69   94   73   74   62   82
   18140   68   65   60   84   66   33   59   67   74   69
   18160   80   71   65   47   59   58   50   75   53   71
   18180   59   53  111   85   72   53   61   79   57   90
   18200   68   58   61   79   49   36   53   54   76   93
   18220   69   54   59   60   74   42   81   61   61   65
   18240   74   68   65   65   67   34   69   53   70   53
   18260   57   48   41   84   76   62   68   68   81   66
   18280   53   61   58   72   71   54   72   95   72   63
   18300   41   65   33   68   94   61   58   59   50   40
   18320   92   49   73   52   72   77   60   60   50   45
   18340   72   58   74   76   57   83   61   51   60   82
   18360   83   49   68   50   52   57   78   42   76   72
   18380   38   57   52   97   55   67   46   79   50   73
   18400   69   69   61   62   39   44   91   67   55   64
   18420   79   79   81   90   59   57   58   64   71   54
   18440   46   36   88   63   60   51   41   69   56   67
   18460   78   45   54   86   65   62   56   32   51   45
   18480   50   55   43   69   50   53   58   38   59   82
   18500   49   63   65   57   68   62   55   54   58   63
   18520   63   45   77   30   61   69   56   78   83   64
   18540   94   54   50   72   62   78   63   41   62   71
   18560   52   49   75   56   51   50   69   65   44   49
   18580   61   64   43   85   56   50   69   59   60   80
   18600   80   66   75   63   76   76   63   69   95   47
   18620   66   55   79   38   74   55   44   65   82   44
   18640   85   69   43   74   56   62   73   64   80   50
   18660   42   43   61   43   91   55   97   50   64   63
   18680   83   63   64   56   84   69   62   50   95   78
   18700   72   83   60   79   93   73   75   79   91   98
   18720   74   61   77   80   68   58   66   66   50   96
   18740   70   53   95   44   59   72   47   60   72   66
   18760   85  109   67   58   58   59   69   37   39   82
   18780   62   79   58   53   63   71   80   76   88   61
   18800   58   52   41   78   67   49   75   39   49   50
   18820   55   52   27   51   75   45   48   61   67   62
   18840   73   87   71   70   73   72   72   70   84   71
   18860   93   61   58   40   65   63   74   98   61   94
   18880   43   64   58   58   52   57   54   64   65   62
   18900   46   48   51   56   65   36   60   49   81   58
   18920   75   30   42   54   58   73   56   75   46   84
   18940   52   50   45   36   54   95   57   72   54   40
   18960   64   42   47   44   60   64   69   52   65   30
   18980   65   60   39   86   69   46   52   61   83   70
   19000   76   53   27   68   47   76   60   65   32   49
   19020   78   82   95   49   50   58   52   75   33   63
   19040   58   50   67   74   36   57   71   52   40   44
   19060   66   40   64   42   63   53   57   30   41   59
   19080   81   75   45   71   58   52   50   49   43   59
   19100   37   77   58   61   72   81   81   36   68   56
   19120   52   93   49   71   43   62   94   60   62   67
   19140   90   66   60   34   63   50   48   29   51   62
   19160   50   82   60   83   30   59   59   47   28   51
   19180   47   67   62   56   40   81   71   64   72   68
   19200   63   47   82   60   72   49   49   54   86   66
   19220   73   45   43   52   77   55   85   72   84   77
   19240   63   44   57   25   57   76   61   62   89   56
   19260   45   76   76   62   65   45   58   60   54   61
   19280   98   87   78   66   43   85   52   64   60   64
   19300   70   62   45   61   34   61   63   65   47   91
   19320   53   74   74   65   66   42   51   64   65   61
   19340  105   82   54   84   68   66   81   54   61   76
   19360   53   84   70   37   58   37   85   48   53   58
   19380   82   45   63   63   64   46   75   68   75   74
   19400   49   51   52   66   49   78   74   46   42   87
   19420   68   54   67   52   62   52   72   64   74   65
   19440   70   72   70   48   60   52   82   44   74   51
   19460   61   65   64   62   39   46   43   70   49   58
   19480   71   51   48   68   74   44   72   52   42   57
   19500   57   51   50   72   57   48   41   80   70   51
   19520   40   88   61   52   51   64   95   76   49   46
   19540   51   61   67   52   61   71   48   61   70   87
   19560   68   40   58   31   67   68   48   48   50   46
   19580   65   70   54   52   64   63   60   60   43   51
   19600   52   79   46   71   98   51   61   42   59   65
   19620   57   37   69   50   56   72   88   70   73   52
   19640   82   41   76   66   69   37   51   71   48   70
   19660   40   63   81   57   64   48   50   62  105   59
   19680   65   68   77   88   55   43   37   54   37   58
   19700   41   57   53   46   68   45   73   61   61   48
   19720   54   48   66   57   75   64   68   52   63   57
   19740   67   43   63   66   91   65   52   74   39   68
   19760   53   75   49   80   39   90   51   44   51   48
   19780   64   68   66   62   61   57   56   56   71   62
   19800   53   65   62   57   63   67   78   48   61   64
   19820   58   36   32   77   56   50   82   55   60   43
   19840   57   49   40   62   41   65   56   73   45   70
   19860   47   57   80   45   50   70   55   54   46   61
   19880   43   58   76   39   57   68   74   53   55   78
   19900   51   63   87   61   84   67   30   53   65   64
   19920   53   73   81   63   81   51   28   67   44   71
   19940   49   54   61   55   50   64   68   55   75   62
   19960   56   71   70   35   72   67   55   46   68   88
   19980   50   89   48   72   56   60   68   58   64   62
   20000   80   71   57   75   76   42   55   62   86   61
   20020   68   39   63   76   80   93   56   84   52   75
   20040   62   54   48   57   49   69   57   42   43   60
   20060   54   73   66   50   56   79   54   39   67   48
   20080   71   73   64   62   52   63   52   53   50   55
   20100   60   79   71   93   55   86   68   45   64   67
   20120   65   66   48   62   84   75   63   68   74   46
   20140   61   56   48   70   77   66   59   81   43   68
   20160   75   72   68   51   71   67   50   70   65   80
   20180   73   67   72   72   48   73   84   57   95   79
   20200   73   68   52   58   90   59   41   47   54   38
   20220   77   49   73   52   55   63   43   49   80   59
   20240   54   77   57   84   48   89   53   72   37   61
   20260   61   74   60   65   45   55   73   49   85   50
   20280   72   47   53   67   63   78   51   67   54   77
   20300   81   54   78   69   82   55   50   62   71   54
   20320   61   72   91   70   55   91   30   79   77   62
   20340   64   65   46   74   58   69   56   61   61   80
   20360   57   63   42   55   59   71   55   50   91   77
   20380   60   70   36   62   55   53   60   79   54   38
   20400   54   63   54   50   57   57   60   45   64   36
   20420   53   55   58   56   63   47   49   63   72   48
   20440   70   75   61   79   67   75   74   74   56   73
   20460   62   64   29   54   66   57   55   57   37   39
   20480   78   65   62   48   69   50   64   82   57   71
   20500   41   89   71   65   58   69   71   56   49   83
   20520   72   55   37   64   67   77   48   45   74   53
   20540   38   74   68   59   62   70   48   76   56   68
   20560   75   55   42   71   53   37   70   41   46   60
   20580   62   55   64   60   44   58   40   60   59   48
   20600   55   49   51   59   74   72   89   67   56   55
   20620   58   70   63   62   83   69   73   81   69   80
   20640   58   74   69   79   37   74   92   86   37   84
   20660   73   71   66   55   76   67   96   67   84   32
   20680   90   49   76   71   77   54   54   71   65   69
   20700   66   66   65   56   68   60   70   78   81   69
   20720   55   87   52   39   75   68   73   62   63   65
   20740   56   68   58   75   51   84   34   59   70  105
   20760   54   73   66   63   61   74   84   65   79   56
   20780   92   70   79   42   62   85   38   56   72   74
   20800   63   83   90   64   64   62   47   74   94   61
   20820   57   75   58   58  106   58   72   66   86   71
   20840   32   48   64   55   59   70   66   65   51   79
   20860   46   45   59   46   66   60   63   49   59   68
   20880   79   81   63   64   55   69   46   78   57   56
   20900   71   60   58   56   57   78   81   52   73   72
   20920   47   50   50   85   91   61   55   60   51   68
   20940   77   64   66   46   69   73   56   69   54   65
   20960   52   61   51   87   52   57   56   59   51   74
   20980   74   66   46   60   72   34   92   61   72   61
   21000   64   85   51   59   54   57   42   44   57   71
   21020   68   85   48   61   62   64   38   55   71   69
   21040   65   55   48   55   43   53   73   63   65   41
   21060   68   50   54   71   69   64   69   27   53   51
   21080   79   77   44   84   80   52   62   53   57   50
   21100   49   70   76   63   62   89   53   51   59   72
   21120   50   50   74   66   81   58   62   62   62   54
   21140   63   73   87   70   63   73   33   69   67   66
   21160   45   45   33   51   81   48   52   59   48   79
   21180   68   69   74   69   38   69   56   43   58   47
   21200   59   48   32   59   63   85   70   61   58   48
   21220   23   73   33   44   70   67   52   66   74   51
   21240   74   65   60   45   61   63   63   44   91   48
   21260   48   37   30   67   56   57   69   86   38   63
   21280   52   60   58   40   66   53   56   57   36   48
   21300   66   78   65   44   91   54   64   62   71   67
   21320   61   61   68   66   95   55   65   64   59   55
   21340   67   76   38   67   52   49   55   38   47   71
   21360   55   66   67   38   54   79   79   74   78   67
   21380   50   47   47   57   73   47   54   55   65   63
   21400   58   61   42   78   62   48   70   58   42   47
   21420   70   65   65   79   51   54  104   73   77   91
   21440   80   76   66   56   47   59   45   63   87   51
   21460   84   59   57   60   47   75   50   49   60   70
   21480   74   58   46   63   81   68   65   68   59   81
   21500   90   42   47   71   53   59   49   35   41   53
   21520   60   38   68   67   65   46   53   71   55   46
   21540   77   58   60   72   52   51   57   65   98   61
   21560   37   78   60   66   70   73   50   78   68   59
   21580   66   73   70   74   62   70   61   52   63   50
   21600   52   61   55   34   69   46   69   63   64   38
   21620   68   67   59   46   70   49   53   70   74   57
   21640   48   57   46   59   86   82   68   55   73   27
   21660   70   61   58   61   42   57   84   94   74   49
   21680   77   54   53   72   58   65   93   60   40   61
   21700   29   67   70   73   40   56   55   55   50   45
   21720   73   51   44   49   50   39   60   67   88   47
   21740   41   74   64   57   45   35   60   54   60   35
   21760   79   49   68   39   42   59   58   78   64   48
   21780   57   49   64   56   25   58   46   59   64   52
   21800   62   67   76   38   61   75   70   98   64   74
   21820   52   76   52  106   53   66   68   53   58   59
   21840   55   49   41   66   60   61   63   82   79   58
   21860   61   55   59   72   57   63   83   62   65   90
   21880   54   55   66   56   72   69   63   53   71   57
   21900   79   75   49   78   54   56   64   51   76   49
   21920   55   59   60   71   57   70   67   57   60   53
   21940   79   67   73   47   49   50   53   94   43   64
   21960   60   60   71   63   76   79   47   58   55   69
   21980   67   79   65   80   60   35   50   70   57   65
   22000   70   59   71   51   71   63   44   65   61   58
   22020   86   43   52   56   63   54   62   70   56   62
   22040   49   68   51   45   81   50   58   43   40   61
   22060   74   70   35   73   73   41   64   51   84   58
   22080   73   61   44   50   59   52   38   77   55   63
   22100   49   72   44   67   61   39   73  106   56   75
   22120   45   48   50   50   92   54   86   88   63   69
   22140   49   39   74   43   52   57   52   56   55   71
   22160   61   51   45   70   52   75   59   60   68   71
   22180   83   70   78   67   75   62   51   49   60   70
   22200   65   56   59   50   46   78   50   54   54   59
   22220   63   77   73   59   60   68   67   53   62   39
   22240   46   47   58   75   58   65   73   84   54   53
   22260   62   38   73   44   88   60   86   65   72   66
   22280   34   56   70   61   39   53   46   72   79   45
   22300   67   54   78   73   57   74   52   63   60   88
   22320   59   71   62   72   68   62   56   55   57   83
   22340   38   74   48   62   79   64   49   36   51   38
   22360   80   61   82   73   70   74   76   90   58   40
   22380   84   51   57   89   46   59   62   75   83   56
   22400   87   76   82   68   63   66   66   54   73   62
   22420   36   61   52   36   54   67   29   80   61   64
   22440   70   68   62   64   52   75   58   62   60   60
   22460   80   90   52   72   56   86   71   45   72   73
   22480   42   60   56   59   47   75   38   77  102   46
   22500   97   86   63   58   60   59  105   75   83   37
   22520   46   62   65   83   41   72   81   82   99   66
   22540   62   42   88   72   33   73   96   62   95   52
   22560   48   73   55   71   49   43   77   72   79   57
   22580   44   52   43   52   86   59   63   63   81   90
   22600   82   82   81   53   59   48   60   65   69   69
   22620   72   85   87   83   52   61   53   78   82   48
   22640   59   58   55   71   79   68   64   64   63   93
   22660   39   73   64   65   71   73   85   80   64   53
   22680   72   76   67   86   76   67   80   65   59   42
   22700   68  106  100   50   55   77   49   81   94   63
   22720   48   48   58   30   48   65   36   54   73   70
   22740   35   89   61   76   74   53   69   67   91   61
   22760   65   55   61   44   76   82   58   33   48   59
   22780   52   77   52   64   48   75   62   53   73   54
   22800   66   39   53   77   49   54   41   56   68   48
   22820   58   73   47   49   83   51   62   42   68   42
   22840   56   52   51   50   66   68   50   57   59   33
   22860   63   55   68   91   61   72   53   64   63   84
   22880   69   72   75   54   53   55   63   69   70   63
   22900   68   65   53   41   53   42   86   40   54   48
   22920   65   63   46   72   59   66   75   64   70   74
   22940   59   83   70   80   52  105   67   63   73   62
   22960   57   57   69   76   60   47   56   68   64   55
   22980   59   67   47   88   81   61   63   81   81   67
   23000   72   72   56   70   75   62   89   75   54   67
   23020   68   55   69   83   60   65   77   53   76   78
   23040   40   29   46   66   61   45   69   50   45   92
   23060   56   61   54   86   84   85   82   95   70   89
   23080   54   52   74   50   39   71   68   60   81   45
   23100   73   83   69   83   42   55   71   79   67   58
   23120   69   60   60   74   77   58   71   74   61   48
   23140   66   43   49   87   46   38   50   65  102   72
   23160   60   85   94   91   35   84   56   54   82   51
   23180   47   62   74   62   75   64   51   61   60   75
   23200   71   46   65   50  100   67   67   71   53   56
   23220   59   58   58   56   28   63   70   68   47   54
   23240   81   57   54   45   30   64   65   73   55   60
   23260   47   59   79   44   67   46   76   53   74   40
   23280   60   79   55   70   89   65   68   71   76  101
   23300   46   70   73   94   74   72   82   72   53   79
   23320   70   74   56   74   41   67   58   51   53   76
   23340  103   61   55   56   50   56   68   91   57   76
   23360   69   95   75   83   43   65   69   55   77  108
   23380   44   41   43   70   75   63   56   56   80   72
   23400   85   60   85   56   62   74   87   65   86   74
   23420   79   65   84   70   55   80   38   80   76   55
   23440   61   40   55   51   63   60   58   72   71   66
   23460   70   88   51   48   65   57   60   56   74   94
   23480   32   64   89   61   77   79   70   52   71   45
   23500   57   55   84   69   83   58   45   74   74   50
   23520   65   48   64   79   58   66   65   77   64   50
   23540   74   42   86   61   66   48   53   77   59   70
   23560   72   68   38   81   52   90   50   92   39   60
   23580   30   33   59   62   60   31   52   42   66   65
   23600   65   59   57   51   53   62   99   66   49   67
   23620   78   81   54   49   55   78   42   55   78   57
   23640   74   64   68   54   70   56   70   63   73   71
   23660   69   56   54   72   75   35   71   85   54   81
   23680   62   64   67   56   48   60   48   67   46   43
   23700   50   59   49   56   56   67   67   53   60   53
   23720   77   74   49   63   74   45   61   58   44   51
   23740   68   52   54   42   57   52   58   62   59   52
   23760   56   47   57   52   50   64   43  111   72   60
   23780   53   49   35   60   76   74   53   71   45   69
   23800   53   59   91   59   52   63   45   50   25   37
   23820   58   70   55   83   57   46   38   77   55   45
   23840   43   72   50   53   76   79   58   74   62   57
   23860   51   67   53   74   63   53   53   68   81   54
   23880   56   71   52   80   45   67   66   64   34   52
   23900   50   46   97   55   71   63   50   53   45   58
   23920   47   27   75   46   47   76   69   72   72   69
   23940   59   83   53   42   52   69   67   74   73   55
   23960   73   66   43   68   61   78   95   58   52   99
   23980   62   69   77   57   65   49   52   73   51   57
   24000   63   67   82   29   40   50   85   60   66   82
   24020   68   47   61   65   54   40   71   56   65   47
   24040   67   49   60   40   55   73   71   85   64   37
   24060   70   73   70   65   78   80   37   72   63   65
   24080   92   80   68   51   32   84   43   83   46   99
   24100   80   67   72   69   79   30   52   64   54   55
   24120   52   55   64   56   59   75   96   71   72   59
   24140   72   48   46   59   45   76   36   58   74   64
   24160   86   65   55   59   52   43   60   56   81   44
   24180   63   67   46   85   67   64   58   38   33   54
   24200   78   72   82   72   61   47   73   74   52   51
   24220   47   44  110   39   82   66   42   60   61   43
   24240   65   59   73   60   72   51   58   51   75   85
   24260   52   64   88   58   79   86   52   63   65   38
   24280   50   46   72   53   60   62   60   71   56   54
   24300   75   63   78   57   63   90   69   80   68   68
   24320   76   71   58   72   65   79   46   54   55   69
   24340   35   76   83   55   63   65   66   59   69   69
   24360   51   73   32   70   54   60   61   79   73   55
   24380   82   50   64   69   56   51   72   24   58   61
   24400   23   53   52   78   47   57   81   64   56   55
   24420   49   60   61   45   46   42   72   56   68   84
   24440   60   55   75   69   52   73   73   51   38   67
   24460   59   52   47   43   59   45   69   62   82   45
   24480   45   76   77   61   49   60   63   95   69   64
   24500   73   50   73   64   63   46   55   52   64   46
   24520   93   69   53   61   77   76   43   48   57   34
   24540   38   66   73   48   54   76   96   83   78   95
   24560   79   68   49   37   76   40   75   78   67   63
   24580   63   63   68   87   59   72   67   58   58   47
   24600   45   79   60   66   79   60   75  101   59   73
   24620   77   51   60   75   41   89   60   51   55   86
   24640   84   88   43   32   59   53   33   42   43   61
   24660   59   79   57   54   54   73   56   49   75   29
   24680   58   65   75   70   69   30   61   67   43   58
   24700   72   70   59   54   57   89   76   58   61   53
   24720   64   37   41   48   66   70   62   59   36   71
   24740   53   71   73   73   38   81   34   58   49   58
   24760   64   82   51   34   60   50   61   79   43   61
   24780   64   49   47   45   97   64   62   44   87   61
   24800   69   62   27   37   56   72   62   45   52   48
   24820   49   75   49   61   39   27   67   71   54   60
   24840   46   83   71   72   64   86   99   41   51   84
   24860   54   62   62   72   57   82   66   60   73   80
   24880   74   53   72   73   52   57   47   57   70   70
   24900   53   67   64   71   79   54   56   91   52   65
   24920   59   62   51   68   66   59   59   63   78   49
   24940   81   66   48   67   68   36   40   58   47   52
   24960   52   54   68   27   53   52   62   52   60   62
   24980   46   79   73   59   80   49   78   55   60   51
   25000   55   44   51   82   65   44   63   74   69   81
   25020   71   70   41   50   54   46   86   66   66   75
   25040   51   73   72   65   56   38   51   52   64   74
   25060   53   54   53   67   70   83   47   40   84   84
   25080   67   62   69   44   90   58   40   40   61   48
   25100   51   90   45   51   46   66   54   41   65   96
   25120   33   63   70   76   26   74   66   58   68   32
   25140   35   72   78   64   74   63   66   46   58   69
   25160   58   91   55   62   67   65   38   43   72   61
   25180   57   38   40   63   54   76   71   75   43   47
   25200   58   44   26   71   51   61   31   52   37   25
   25220   54   43   44   71   62   43   46   49   72   52
   25240  106   67   62   66   75   70   46   79   84   48
   25260   63   81   72   69   54   56   56   58   46   45
   25280   47   48   70   66   74   52   62   77   37   73
   25300   46   79   48   51   55   53   53   65   76   44
   25320   76   55  103   55   65   58   50   57   33   72
   25340   59   38   37   56   57   49   39   52   71   46
   25360   60   64   88   64   40   47   83   67   95   52
   25380   54   66   64   60   67   57   59   50   56   52
   25400   67   52   56   64   32   61   70   43   64   63
   25420   57   62   41   71   25   39   35   68   73   59
   25440   56   55   73   76   72   49   62   35   57   72
   25460   51   39   34   75   63   60   78   71   50   89
   25480   66   61   56   58   71   65   69   55   52   50
   25500   49   61   52   75   63   43   52   65   56   77
   25520   46   73   39   72   64   71   35   73   54   52
   25540   43   57   56   56   59   52   54   72   36   36
   25560   81   50   68   63   50   52   76   65   43   61
   25580   46   64   48   66   67   72   90   67   58   64
   25600   62   34   58   38   61   82   57   74   70   70
   25620   47   40   42   35   39   57   93   67   49   78
   25640   75   69   67   36   45   48   54   58   40   59
   25660   47   74   90   31   51   41   67   58   78   41
   25680   66   65   71   81   62   45   66   41   62   64
   25700   73   63   31   48   47   53   51   42   44   62
   25720   34   62   43   39   54   35   43   62   81   60
   25740   71   58   28   53   55   39   80   58   34   65
   25760   54   89   86   61   71   59   61   40   49   64
   25780   66   40   72   57   54   68   89   48   67   63
   25800   60   91   57   54   61   45   68   64   75   42
   25820   38   54   64   47   74   89   86   70   25   67
   25840   60   35   61   80   69   43   38   63   71   60
   25860   48   36   53   54   83   62   56   84   57   45
   25880   60   44   33   52   76   46   64   59   54   52
   25900   68   86   64   58   57   71   86   83   42   86
   25920   85   52   40   53   60   44   48   81   53   63
   25940   53   58   60   49   68   65   62   37   63   65
   25960   61   52   66   55   39   34   50   60   65   37
   25980   44   47   63   60   75   72   85   46   47   78
   26000   74   68   48   49   44   59   70   60   74   42
   26020   63   70   33   59   54   57   45   57   74   64
   26040   44   38   71   64   56   68   60   46   69   57
   26060   60   49   38   84   50   46   60   55   63   66
   26080   56   36   49   65   66   78   52   36   65   65
   26100   55   56   83   63   86   41   90   56   70   63
   26120   56   81   53   79   74   68   79   33   79   79
   26140   72   71   94   36   55   42   73   78   81   51
   26160   45   58   50   64   48   64   51   49   45   46
   26180   87   53   67  100   83   37   62   59   87   89
   26200   85   64   67   56   63   49   58   74   47   35
   26220   75   51   47   47   74   56   32   74   49   60
   26240   57   49   62   51   46   63   49   43   38   75
   26260   52   40   63   62   51   67   59   62   51   60
   26280   49   69   54   57   71   56   51   48   46   72
   26300   57   56   72   58   62   50   94   37   80   64
   26320   67   64   47   70   51   54   65   66   44   41
   26340   57   49   86   52   65   63   67   55   61   61
   26360   43   53   66   59   41   49   75   61   40   39
   26380   48   44   60   66   81   54   45   59   36   51
   26400   64   64   55   65   37   36   67   68   60   72
   26420   58   70   45   61   61   57   62   59   53   55
   26440   31   72   43   60   51   46   47   85   51   67
   26460   57   32   58   29   66   23   48   69   31   37
   26480   39   41   75   66   44   60   50   61   54   57
   26500   61   56   67   45   57   46   81   83   72   64
   26520   80   39   45   70   54   57   86   51   47   44
   26540   83   65   53   78   53   55   67   58   60   62
   26560   46   48   64   61   63   57   68   63   71   26
   26580   57   70   62   57   70   34   52   67   70   39
   26600   50   85   72   61   50   34   42   51   47   37
   26620   74   66   51   59   65   43   55   71   45   81
   26640   61   81   59   47   55   63   67   58   69   37
   26660   80   30   44   69   65   47   80   50   62   64
   26680   67   46   83   63   51   40   79   70   46   56
   26700   45   50   67   78   59   83   59   51   82   79
   26720   70   41   34   67   65   57   54   79   45   61
   26740   82   58   57   48   49   59   63   57   78   97
   26760   68   61   88   83   86   56   77   56   58   61
   26780   46   47   59   47   76   38   53   58   69   48
   26800   49   37   35   47   43   51   61   71   44   34
   26820   74   75   45   68   41   55   40   53   88   71
   26840   57   56   56   59   45   64   72   70   68   63
   26860   77   55   39   70   70   53   53   75   42   62
   26880   72   52   72   84   60   36   96   88   35   84
   26900   69   80   75   63   69   55   43   66   58   85
   26920   65   46   42   32   42   43   57   70   52   52
   26940   60   69   67   78   69   73   72   64   63   74
   26960   65   43   54   71   67   68   69   74   48   35
   26980   46   81   67   62   54   75   57   49   72   63
   27000   41   64   51   38   52   69   51   52   67   69
   27020   58   44   62   67   60   60   71   41   67   36
   27040   68   26   29   65   62   58   67   65   52   81
   27060   56   59   56   57   88   47   64   60   74   55
   27080   62   64   43   48   45   56   55   58   72   68
   27100   49   81   42   36   51   39   70   64   51   49
   27120   68   66   64   62   53   59   64   65   44   41
   27140   85   60   73   54   39   62   78   81   74   55
   27160   73   53   77   63   41   53   62   54   49   77
   27180   60   50   44   61   59  103   63   37   62   76
   27200   64   70   68   62   66   40   63   54   53   75
   27220   61   71   74   42   67   44   59   72   43   30
   27240   46   56   42   56   43   67   43   71   37   58
   27260   44   68   55   64   47   41   64   61   76   49
   27280   60   75   56   64   50   29   96   56   51   66
   27300   43   60   54   53   66   58   66   53   51   68
   27320   71   54   55   57   55   65   70   66   43   67
   27340   32   62   53   61   42   52   68   35   44   51
   27360   52   47   54   74   65   52   46   54   48   64
   27380   85   54   79   54   49   49   50   61   47   85
   27400   57   72   53   53   56   62   44   43   58   41
   27420   82   59   63   74   74   48   58   53   63   68
   27440   77   67   68   84   68   75   75   56   64   72
   27460   73   78   77   74   55   67   71   52   76   40
   27480   72   73   49   86   71   57   71   78   58   57
   27500   63   67   51   64   67   63   57   73   57   56
   27520   70   81   50   50   64   45   88   72   59   50
   27540   83   51   65   67   56   76   62   36   57   63
   27560   57   45   66   57   58   49   78   62   50   85
   27580   79   41   44   75   52   61   51   56   50   46
   27600   77   55   64   88   57   91   49   61   64   58
   27620   88   46   68   75   77   62   54   52   57   70
   27640   50   46   48   62   63   45   62   87   79   58
   27660   72   62   93   39   46   39   45   65   56   76
   27680   53   80   58   59   61   60   51   56   86   52
   27700   61   32   57   49   73   37   48   46   64   48
   27720   49   53   64   70   53   45   78   34   61   67
   27740   68   35   75   51   53   73   42   69   52   45
   27760   44   96   76   56   57   84   81   33   53   48
   27780   47   35   54   84   73   68   63   74   51   90
   27800   53   53   70   61   70   61   57   73   57   45
   27820   77   65   46   64   55   74   71   55   54   34
   27840   71   87   57   35   42   79   63   74   62   87
   27860   51   59   45   53   37   52   60   53   58   63
   27880   74   87   61   58   40   60   71   51   74   53
   27900   53   71   69   45   39   44   64   55   57   32
   27920   46   68   80   44   63  101   54   42   41   59
   27940   65   62   57   49   61   56   55   74   77   47
   27960   61   72   66   49   39   60   67   49   51   67
   27980   56   46   69   67   57   66   61   60   79   46
   28000   61   62   65   76   61   48   53   61   70   35
   28020   64   50   57   75   58   50   49   74   49   51
   28040   87   87   48   58   62   64   71   44   65   80
   28060   92   56   67   43   82   33   70   55   56   66
   28080   72   59   60   59   37   32   73   42   84   55
   28100   92   45   73   37   63   40   33   57   66   52
   28120   90   72   52   57   74   56   74   53   60   46
   28140   61   63   55   55   50   93   67   58   79   70
   28160   36   75   82   31   67   54   66   69   40   56
   28180   71   92   71   79   70   80   40   63   42   59
   28200   74   77   55   50   63   70   75   54   42   42
   28220   55   49   86   42   79  102   54   74   44   56
   28240   55   87   45   64   51   51   44   60   58   46
   28260   56   82   93   75   72   64   45   43   44   67
   28280   69   77   64   73   72   55   62   65   63   57
   28300   55   42   77   46   65   50   66   29   50   74
   28320   55   62   74   47   69   62   49   54   61   66
   28340   90   64   67   64   75   54   78   63   37   51
   28360   66   45   53   52   36   81   57   60   69   59
   28380   71   62   64   65   63   60   56   72   89   58
   28400   66   46   63   58   60   65   66   54   58   40
   28420   68   72   44   47   64   46   34   62   59   88
   28440   69   77   44   56   51   72   61   69   55   62
   28460   81   61   73   90   55   64   68   56   52   60
   28480   68   66   72   67   47   37   50   39   73   41
   28500   44   57   47   49   50   66   69   39   50   69
   28520   45   77   75   57   63   63   68   69   61   79
   28540   54   71   59   44   56   64   52   62   51   67
   28560   54   47   56   60   75   70   69   53   73   81
   28580   74   73   38   48   41   59   46   52   46   45
   28600   43   48   60   50   60   63   86   58   89   54
   28620   89   48   60   48   73   54   67  104   58   64
   28640   85   58   51   46   56   70   70   69   67   68
   28660   39   54   73   67   64   64   49   49   50   83
   28680   51   60   47   53   53   42   65   63   53   45
   28700   59   83   82   68   34   85   30   44   71   36
   28720   58   48   56   80   45   70   34   73   59   55
   28740   52   59   79   77   71   76   63   62   82   52
   28760   79   80   50   53   45   58   69   43   58   58
   28780   44   69   34   80   66   59   74   88   73   71
   28800   64   58   78   58   72   72   51   40   56   64
   28820   74   60   57   61   54   42   72   47   66   65
   28840   50   72   44   70   64   65   59   40   74   32
   28860   48   69   51   46   52   51   47   30   70   47
   28880   80  102   52   39   42   84   45   98   55   91
   28900   70   52   60   54   62   58   44   88   90   62
   28920   58   42   70   61   54   89   49   44   67   87
   28940   41   61   63   66   62   75   79   72   82   63
   28960   71   76   54   91   67   40   70   44   67   80
   28980   63   48   75   66   60   83   44   45   59   46
   29000   47   66   46   69   29   54   79   56   67   40
   29020   76   54   94   79   57   57   84   54   45   68
   29040   63   40   56   47   47   72   68   51   43   72
   29060   70   61   76   44   65   55   64   47   74   58
   29080   98   65   47   72   44   60  104   52   40   53
   29100   78   48   71   54   53   54   67   43   30   43
   29120   70   41   78   68   67   65   67   36   57   63
   29140   68   34   52   70   61   50   68   43   54   59
   29160   47   48   76   49   76   61   43   70   50   60
   29180   50   60   84   71   72   70   61   63   57   76
   29200   79   85   84   86   67   69   56   60   90   49
   29220   38   66   78   52   60   55   78   51   65   73
   29240   78   62   59   94   67   71   55   56   77   56
   29260   50   59   51   72   48   75   66   67   64   72
   29280   72   68   45   58   52   53   46   46   53   58
   29300   52   56   77   54   58   49   69   73   48   64
   29320   60   78   59   43   62   39   70   49   55   61
   29340   78   67   62   49   61   57   43   56   44   45
   29360   73   68   33   60   78   55   92   64   75  102
   29380   62   58   39   61   60   65   81   51   33   63
   29400   66   35   72   65   64   57   60   52   64   53
   29420   80   76   75   67   50   58   52   57   95   55
   29440   71   71   73   68   62   89   67   47   55   44
   29460   60   62   60   67   46   62   60  107   82   74
   29480   70   81   55   58   60   54   73   60   81   66
   29500   67   56   56   77   30   53   45   68   44   93
   29520   74   40   31   58   83   40   48   84   92   67
   29540   70   60   47   58   66   52   47   59   62   93
   29560   43   65   50   55   47   61   57   58   67   92
   29580   61   47   78   61   51   67   99   84   68   69
   29600   63   67   66   49   75   42   47   59   78   54
   29620   63   46   49   40   57   87   44   61   40   46
   29640   68   70   62   48   70   68   71   69   96   76
   29660   63   63   95   47   49   64   58   55   59   72
   29680   67   45   56   49   66   54   51   88   40   52
   29700   63   91   45   35   62   58   65   54   68   60
   29720   71   71   75   64   62   70   55   46   68   48
   29740   76  101   66   55   50   68   56   65   70   87
   29760   44   70   72   68   46   59   47   60   55   50
   29780   59   49   67   59   55   76   49   55   55   76
   29800   60   55   58   41   57   49   57   58   77   54
   29820   54   39   37   40   53   47   62   84   64   45
   29840   60   82   65   64   67   74   40   44   60   61
   29860   67   60   62   66   45   64   71   66   99   84
   29880   72   55   35   55   42   53   56   30   58   63
   29900   59   83   84   39   58   60   45   40   52   56
   29920   69   59   49   60   50   29   53   33   79   51
   29940   62   82   43   62   64   43   50   61   77   56
   29960   42   57   73   68   45   39   43   80   48   43
   29980   46   43   77   53   75   54   54   59   42   69
   30000   80   60   62   58   68   63   72   84   66   70
