      20   91   86   67  110   83   65   80   84   95  102
      40   95   69  115  104  106  123  108  101   83  105
      60   60   80   78   91  109  101   75  128   86   88
      80   61   86   98  120   84  128   58  103  104   87
     100   64   92   96   79   67  101   63   74   63   71
     120   75   97   74   74   88   82   75   59   63   85
     140   49   57   57   94   68   60   73   72   55   79
     160   74   61   71   45   59   60   86   56   52   67
     180   55   55   65   56   71   47   66   48   58   56
     200   72   52   45   52   57   50   53   55   43   74
     220   62   47   58   33   45   59   65   50   90   81
     240   46   53   47   75   92   79   62   30   76   57
     260   77   56   40   79   74   49   47   65   47   63
     280   50   59   44   69   79   51   58   83   25   63
     300   48   52   64   54   54   56   47   52   40   57
     320  103   46   63   49   55   57   53   57   57   55
     340   37   54   31   49   49   57   29   64   53   49
     360   82   65   37   45   38   63   58   46   32   50
     380   27   38   51   54   59   56   33   46   52   60
     400   50   61   63   48   66   76   32   58   50   35
     420   38   29   40   40   51   23   37   46   49   36
     440   28   44   31   34   27   32   46   43   69   26
     460   44   42   28   33   33   38   19   35   43   38
     480   56   43   37   24   47   57   54   37   49   38
     500   49   57   54   47   43   25   55   43   32   53
     520   39   41   40   43   49   19   40   33   29   32
     540   38   59   48   53   32   50   46   46   17   47
     560   45   45   46   44   17   46   31   45   59   47
     580   51   52   58   39   33   52   51   57   29   36
     600   55   47   58   31   53   50   36   54   61   47
     620   60   39   44   58   42   73   46   43   37   64
     640   63   53   55   55   51   31   57   60   36   46
     660   36   50   39   52   28   57   55   46   58   47
     680   48   65   29   24   32   56   63   33   56   33
     700   76   33   34   21   37   41   51   32   39   49
     720   32   37   33   35   37   53   32   28   63   53
     740   38   47   41   34   36   24   34   29   59   53
     760   32   29   58   44   16   49   52   37   29   52
     780   25   28   31   51   47   44   28   47   29   42
     800   37   34   38   36   32   54   43   51   42   49
     820   58   51   25   47   53   39   33   40   40   39
     840   27   37   51   36   30   39   24   48   20   39
     860   45   34   45   50   22   30   46   35   18   65
     880   36   48   64   46   29   45   37   35   36   52
     900   46   28   26   33   27   51   49   56   33   33
     920   21   38   37   34   49   26   43   54   34   21
     940   44   46   57   35   33   25   39   30   64   41
     960   50   22   44   27   40   29   52   30   35   40
     980   39   27   40   36   37   33   30   44   22   27
    1000   56   26   32   51   50   40   53   54   33   21
    1020   39   38   43   26   38   60   12   29   41   32
    1040   41   42   58   39   25   41   32   34   25   67
    1060   59   25   38   32   24   51   46   32   59   27
    1080   17   40   48   35   32   27   39   60   32   47
    1100   45   47   27   34   46   70   31   37   45   47
    1120   36   47   48   26   30   46   24   38   30   58
    1140   41   30   43   43   59   50   48   29   47   43
    1160   40   43   33   35   31   32   49   49   37   44
    1180   33   49   42   40   32   32   39   52   36   62
    1200   52   30   47   38   68   33   37   28   24   43
    1220   54   48   39   36   33   51   80   43   65   50
    1240   27   50   34   36   51   50   41   42   44   26
    1260   40   31   21   29   33   53   32   41   51   56
    1280   21   32   32   41   43   45   26   39   34   47
    1300   47   63   15   44   37   42   33   34   54   37
    1320   48   42   57   41   21   30   38   37   24   32
    1340   43   30   24   47   26   38   52   23   25   24
    1360   61   30   23   59   47   26   43   41   29   36
    1380   54   27   45   63   30   33   40   61   39   39
    1400   51   29   38   58   31   44   55   33   60   49
    1420   27   27   38   23   54   34   38   34   25   27
    1440   47   47   46   45   35   19   42   21   36   47
    1460   23   39   51   40   47   43   70   48   35   37
    1480   29   30   14   53   43   43   34   32   51   26
    1500   34   29   21   36   30   42   38   50   15   24
    1520   33   40   31   42   29   53   29   33   40   47
    1540   54   50   27   52   52   26   55   26   44   31
    1560   68   39   18   31   28   29   29   57   33   26
    1580   35   40   26   55   41   68   36   46   41   27
    1600   24   32   48   26   54   40   54   35   44   32
    1620   30   70   56   41   38   43   42   31   41   62
    1640   38   45   46   38   41   56   39   48   23   37
    1660   46   60   37   54   49   55   33   48   45   26
    1680   47   46   33   48   48   30   46   63   48   70
    1700   56   33   38   69   43   37   28   51   32   42
    1720   39   32   31   25   66   42   28   42   45   28
    1740   42   36   19   39   41   36   39   37   35   32
    1760   33   41   51   61   59   34   48   37   47   50
    1780   32   45   54   32   57   54   81   23   29   57
    1800   32   47   29   40   43   35   57   34   38   56
    1820   47   54   63   35   31   47   32   63   37   37
    1840   24   50   37   72   41   51   34   43   34   37
    1860   67   31   59   44   59   37   23   15   24   42
    1880   31   31   42   34   47   41   43   57   53   48
    1900   34   20   43   27   27   40   48   44   29   30
    1920   47   27   38   49   31   13   48   26   26   31
    1940   30   25   34   27   26   30   33   29   33   69
    1960   43   37   48   44   44   38   33   24   38   43
    1980   54   28   52   49   33   32   29   35   55   71
    2000   42   38   42   47   31   41   39   31   34   55
    2020   53   41   24   17   58   13   10   41   46   40
    2040   42   47   33   56   41   36   58   28   54   33
    2060   50   37   39   37   46   33   48   31   58   40
    2080   45   47   42   31   54   31   47   34   45   51
    2100   34   15   41   26   32   32   40   21   36   31
    2120   32   57   54   35   23   46   22   28   59   35
    2140   37   37   40   49   29   25   34   27   19   59
    2160   36   31   53   25   42   32   31   40   36   18
    2180   39   43   51   40   21   29   48   31   20   40
    2200   33   49   17   30   33   26   19   38   46   32
    2220   24   27   15   32   49   24   37   42   20   43
    2240   21   32   60   37   40   52   25   52   34   42
    2260   37   42   42   31   37   47   44   54   35   34
    2280   53   43   42   31   28   35   30   29   25   45
    2300   46   39   18   27   16   39   35   62   67   39
    2320   40   33   39   50   30   33   38   44   39   61
    2340   50   26   23   34   75   43   63   20   38   39
    2360   40   42   61   24   38   23   46   39   61   39
    2380   31   61   30   52   18   46   25   28   45   34
    2400   18   35   50   32   44   39   24   35   55   27
    2420   57   43   34   47   44   29   37   48   33   53
    2440   42   50   42   31   35   83   34   44   50   44
    2460   32   75   47   45   33   48   63   38   38   41
    2480   38   72   65   55   44   44   32   25   59   49
    2500   43   40   55   46   55   58   55   60   28   23
    2520   44   29   57   37   42   20   17   46   35   25
    2540   23   40   51   30   29   37   30   33   34   38
    2560   33   31   59   34   26   31   41   50   59   54
    2580   61   49   36   35   23   66   31   45   52   20
    2600   66   44   38   33   51   38   32   53   32   50
    2620   50   23   31   30   60   24   18   46   37   55
    2640   33   15   28   55   42   49   40   39   36   30
    2660   36   24   28   38   67   49   33   35   47   42
    2680   43   51   33   54   40   46   42   26   46   27
    2700   23   33   49   37   22   40   50   34   20   38
    2720   32   44   54   20   33   32   27   37   37   42
    2740   30   51   47   25   44   30   26   40   44   34
    2760   52   53   51   45   44   31   47   45   62   39
    2780   41   20   51   37   35   48   35   37   32   39
    2800   42   48   41   51   41   46   49   26   34   47
    2820   56   42   56   44   57   27   27   38   52   39
    2840   42   40   46   27   55   55   46   56   40   40
    2860   64   30   35   26   28   42   34   66   41   35
    2880   37   36   37   30   52   24   35   57   23   45
    2900   26   41   38   42   54   28   19   44   31   53
    2920   39   41   37   39   26   18   23   50   35   31
    2940   27   32   32   39   38   38   31   37   56   38
    2960   61   60   20   37   58   33   46   36   51   54
    2980   43   32   39   32   41   28   23   33   36   40
    3000   21   28   37   43   37   29   37   38   29   40
    3020   45   28   44   36   28   46   52   12   55   35
    3040   39   39   40   24   67   60   56   34   61   39
    3060   39   36   33   39   49   61   32   52   26   28
    3080   37   33   48   37   36   52   31   28   52   50
    3100   29   34   43   42   14   50   49   50   35   43
    3120   28   38   59   36   40   47   24   27   23   58
    3140   27   22   37   50   24   24   20   25   24   23
    3160   21   76   26   29   29   49   45   36   31   38
    3180   26   33   33   33   26   42   39   22   26   48
    3200   30   41   54   19   45   29   49   17   30   33
    3220   26   51   30   45   35   40   32   45   29   25
    3240   28   21   53   31   43   32   49   29   33   26
    3260   31   37   39   32   47   27   33   41   21   21
    3280   25   28   42   34   35   26   74   43   32   30
    3300   32   37   68   38   37   55   52   55   24   18
    3320   16   29   44   39   40   53   29   37   33   49
    3340   37   35   46   23   46   44   36   57   41   31
    3360   32   22   27   40   28   43   28   23   23   43
    3380   39   30   53   44   13   20   36   25   45   44
    3400   42   20   48   27   38   35   21   50   37   31
    3420   27   31   27   33   33   31   28   31   30   60
    3440   33   34   54   28   31   41   26   20   38   46
    3460   44   13   31   38   21   37   43   39   38   33
    3480   31   45   28   42   31   29   46   25   16   39
    3500   37   28   57   40   37   34   47   62   63   50
    3520   42   44   31   50   32   29   46   40   45   23
    3540   31   69   21   32   30   29   20   26   41   37
    3560   40   37   36   15   29   44   39   71   35   40
    3580   27   44   43   71   25   39   27   40   31   24
    3600   42   55   51   47   43   74   50   41   50   42
    3620   34   25   47   51   36   49   28   47   50   47
    3640   19   31   52   23   29   33   38   49   30   30
    3660   18   39   23   36   28   46   40   17   40   36
    3680   45   37   69   32   14   27   35   31   27   29
    3700   22   27   50   29   20   39   43   60   60   22
    3720   28   26   30   53   31   33   61   17   48   39
    3740   26   14   34   29   36   58   69   48   45   28
    3760   31   42   28   23   29   35   49   26   31   42
    3780   43   19   31   45   49   48   47   42   39   73
    3800   33   15   29   31   33   27   31   41   52   27
    3820   17   44   15   21   24   59   24   21   37   28
    3840   35   50   56   32   47   34   34   38   16   37
    3860   36   42   46   34   55   55   52   39   38   44
    3880   30   35   38   33   34   35   20   31   31   28
    3900   37   39   49   46   34   36   16   55   35   37
    3920   32   39   43   50   48   28   34   54   27   27
    3940   45   29   37   55   45   40   39   25   48   50
    3960   52   50   51   42   29   49   35   43   42   27
    3980   50   48   49   27   36   40   49   46   21   34
    4000   35   42   33   43   36   38   40   23   44   54
    4020   35   36   43   35   36   35   23   35   34   36
    4040   34   39   45   40   48   34   47   25   35   40
    4060   28   50   37   43   38   29   24   48   56   24
    4080   40   33   24   38   38   29   33   31   32   21
    4100   12   22   37   40   34   23   38   20   34   26
    4120   35   35   34   55   16   25   39   22   34   42
    4140   55   33   47   56   40   37   40   54   38   68
    4160   53   35   45   37   18   35   54   50   35   23
    4180   56   43   32   42   62   57   45   38   31   41
    4200   38   33   31   51   12   18   28   47   29   31
    4220   43   25   44   47   29   38   37   31   34   38
    4240   42   46   28   47   36   49   31   29   27   36
    4260   61   51   45   64   32   64   24   22   42   38
    4280   51   55   42   40   34   34   26   42   37   26
    4300   36   51   90   36   43   47   31   19   51   39
    4320   58   32   31   52   52   25   50   39   10   25
    4340   25   39   57   31   18   31   36   26   27   48
    4360   39   42   44   38   50   16   34   28   22   31
    4380   45   29   29   43   37   53   42   32   27   33
    4400   34   58   26   39   28   45   38   48   44   39
    4420   31   34   32   15   29   37   24   48   28   32
    4440   35   54   72   33   35   37   19   32   45   46
    4460   49   56   48   36   31   48   33   25   27   31
    4480   35   39   29   29   36   25   27   57   28   25
    4500   36   25   14   23   28   39   39   48   27   24
    4520   37   31   57   16   44   50   35   34   34   41
    4540   43   31   43   40   39   34   50   29   22   34
    4560   37   44   57   41   28   16   44   23   33   59
    4580   45   47   44   69   36   64   35   23   39   35
    4600   37   54   39   64   34   40   59   30   38   55
    4620   39   49   40   42   62   36   22   42   23   35
    4640   48   35   45   39   55   47   48   13   30   34
    4660   76   57   37   38   51   47   38   43   33   22
    4680   41   39   44   34   46   39   38   54   56   36
    4700   22   47   60   33   56   40   34   23   18   53
    4720   28   54   56   31   31   20   38   48   29   31
    4740   22   28   58   41   50   32   39   68   36   75
    4760   32   45   52   30   26   26   34   36   53   35
    4780   26   63   26   30   49   46   46   25   39   36
    4800   51   30   31   41   35   51   53   23   24   24
    4820   58   32   39   34   43   45   48   27   40   61
    4840   37   43   42   15   26   54   59   59   28   30
    4860   40   34   50   38   23   51   31   29   35   20
    4880   40   35   38   29   33   30   58   47   33   31
    4900   40   46   28   39   28   32   24   23   39   44
    4920   21   25   31   29   27   33   32   42   39   26
    4940   23   42   25   39   50   45   51   35   28   32
    4960   35   32   35   35   63   37   34   45   31   47
    4980   40   26   39   28   34   30   38   25   38   58
    5000   25   30   28   23   40   36   32   41   34   39
    5020   13   33   31   38   13   32   33   60   28   26
    5040   26   25   10   32   17   44   37   23   28   30
    5060   40   31   66   23   43   38   40   41   20   34
    5080   32   16   29   40   30   28   36   32   39   43
    5100   35   21   30   63   19   47   27   42   52   52
    5120   34   31   25   42   38   18   26   42   48   28
    5140   68   65   32   28   18   36   40   26   37   26
    5160   26   23   19   33   48   30   47   30   44   37
    5180   48   57   36   34   33   26   53   29   36   19
    5200   59   29   32   31   55   33   50   43   35   19
    5220   61   41   53   40   27   53   28   32   39   29
    5240   36   53   49   64   43   30   45   65   38   53
    5260   49   49   48   61   35   55   35   50   37   45
    5280   61   20   33   38   47   63   42   79   37   33
    5300   37   50   60   33   40   45   61   32   57   45
    5320   27   37   25   37   41   35   35   34   53   21
    5340   22   41   42   67   32   35   43   47   61   49
    5360   54   39   46   36   24   36   44   45   22   40
    5380   38   25   36   22   22   23   31   49   28   52
    5400   36   33   23   36   31   37   28   20   23   42
    5420   40   55   36   24   12   33   14   34   41   27
    5440   34   35   33   40   31   50   26   21   46   23
    5460   28   28   24   26   26   31   42   23   57   41
    5480   46   38   43   23   35   29   36   38   36   49
    5500   28   33   64   53   43   36   30   41   33   42
    5520   23   42   21   17   28   34   50   33   39   52
    5540   50   16   28   30   37   31   41   28   22   46
    5560   55   42   31   39   21   38   50   40   47   49
    5580   25   35   33   44   56   20   76   33   47   31
    5600   49   56   33   22   37   27   28   43   42   47
    5620   47   65   38   22   39   23   30   47   41   50
    5640   47   26   19   29   42   47   39   52   22   40
    5660   32   61   31   26   35   29   32   46   25   47
    5680   65   77   41   36   61   57   53   33   48   40
    5700   48   50   25   28   53   54   31   55   36   46
    5720   40   42   34   48   32   47   15   50   33   43
    5740   39   29   35   48   41   22   48   59   36   47
    5760   42   37   35   64   47   35   49   37   47   47
    5780   37   43   24   11   38   29   31   41   40   47
    5800   49   24   41   47   38   26   30   36   39   66
    5820   38   38   29   35   34   40   31   35   38   46
    5840   36   33   24   48   50   44   26   48   27   32
    5860   22   20   50   30   25   36   40   28   21   33
    5880   53   23   31   45   18   34   41   42   42   29
    5900   30   29   19   34   44   42   39   43   37   28
    5920   43   28   51   40   47   27   64   13   35   46
    5940   30   40   51   39   27   27   28   49   39   48
    5960   29   21   32   22   37   35   40   36   34   24
    5980   36   26   20   38   44   33   37   35   16   28
    6000   28   31   14   38   40   27   45   19   29   38
    6020   54   42   42   30   21   50   35   47   35   40
    6040   63   48   40   38   24   48   28   64   13   52
    6060   37   45   34   45   38   26   31   47   30   42
    6080   28   39   27   36   47   29   34   41   31   19
    6100   41   36   41   35   38   29   50   35   58   21
    6120   25   21   12   48   48   39   39   37   34   22
    6140   47   26   46   46   54   19   42   28   18   47
    6160   42   51   19   42   31   42   58   28   38   37
    6180   30   24   25   34   34   40   38   25   41   41
    6200   12   31   38   41   59   46   38   30   35   54
    6220   26   27   38   48   16   50   26   23   56   71
    6240   48   22   35   27   31   27   45   17   36   41
    6260   33   32   40   41   39   38   29   40   37   22
    6280   26   48   37   55   52   34   36   26   41   57
    6300   23   31   24   64   64   41   30   48   39   58
    6320   45   55   26   50   60   21   37   36   31   22
    6340   65   50   32   37   44   17   26   51   30   29
    6360   40   30   48   55   29   37   50   32   38   34
    6380   33   42   17   34   45   47   54   55   33   12
    6400   36   50   30   38   49   40   22   32   17   42
    6420   25   40   63   30   52   46   35   35   52   44
    6440   24   48   18   13   42   27   20   16   38   28
    6460   44   26   70   35   37   62   51   32   46   43
    6480   30   27   45   67   37   32   45   35   36   18
    6500   52   51   35   35   28   64   36   24   39   41
    6520   57   26   53   30   49   61   46   40   40   51
    6540   45   38   50   33   51   32   62   36   24   52
    6560   29   43   24   36   47   53   24   24   53   34
    6580   41   51   35   48   44   49   47   28   39   49
    6600   27   53   36   57   62   41   24   42   28   39
    6620   36   44   39   18   15   34   33   31   44   47
    6640   20   60   30   36   23   33   29   35   32   24
    6660   24   58   21   23   32   24   39   40   36   29
    6680   30   30   53   18   61   30   24   29   31   23
    6700   38   37   37   34   47   48   31   46   44   62
    6720   50   39   63   51   48   52   43   47   29   35
    6740   31   46   29   67   57   42   40   29   59   61
    6760   61   33   33   31   53   42   43   61   55   51
    6780   50   55   49   54   41   65   41   49   38   60
    6800   27   51   47   45   35   44   29   36   32   58
    6820   58   40   32   72   35   60   45   48   75   58
    6840   34   43   26   52   28   27   31   40   42   38
    6860   37   46   39   40   36   46   40   47   45   43
    6880   47   46   19   51   35   26   17   72   31   18
    6900   25   45   55   30   41   46   56   20   36   44
    6920   50   45   61   31   43   38   36   22   18   56
    6940   34   30   64   53   48   43   31   38   65   43
    6960   50   23   41   35   24   25   58   37   43   18
    6980   18   36   21   32   43   20   12   22   17   35
    7000   53   32   47   36   12   26   21   22   35   45
    7020   17   19   15   25   16   35   45   50   39   18
    7040    4   34   41   22   23   17   12   18   16   20
    7060    9   30   24   20   31   23   31   15   24   20
    7080   34   18   20   23   11   26   14   37    8   32
    7100   18   20   21   19   51   40   21   25   24   27
    7120   29   40   27   39   17   32   22   35   20   15
    7140   33   21   26    6   45   32   23   32   22   24
    7160   12   38   31   47   26   20   33   36   56   52
    7180   18   35   47   34   40   31   51   32   34   28
    7200   42   34   37   20   51   32   29   46   22   26
    7220   10   29   33   32   32   20   37   18   21   17
    7240   25   44   26   23   29   24   35   56   59   41
    7260   13   46   22   18   39   41   38   30   31   48
    7280   16   50   29   33   39   13   38   42   35   29
    7300   47   30   37   30   34   32   59   15   16   30
    7320   45   27   52   32   40   45   31   25   33   50
    7340   52   27   40   38   32   64   27   35   28   43
    7360   55   42   35   50   27   52   25   50   42   41
    7380   32   38   54   38   45   29   34   33   52   43
    7400   47   55   36   52   51   52   46   33   25   40
    7420   30   62   52   55   66   24   43   48   65   34
    7440   42   56   42   35   47   41   47   51   20   43
    7460   65   39   48   42   42   41   35   23   62   46
    7480   42   27   38   48   31   40   36   49   36   14
    7500   30   34   52   38   39   35   49   40   30   21
    7520   33   31   48   39   31   45   47   43   47   32
    7540   33   41   58   36   32   31   69   48   39   32
    7560   26   22   61   32   54   26   68   30   39   21
    7580   44   44   23   58   35   48   21   33   18   24
    7600   35   27   28   31   42   49   30   42   54   36
    7620   44   45   35   52   34   43   28   27   28   63
    7640   45   45   42   27   44   32   38   54   47   45
    7660   52   26   40   42   42   36   68   38   42   49
    7680   27   34   39   34   55   26   45   47   46   34
    7700   60   39   41   48   45   34   27   22   44   25
    7720   42   32   31   45   31   34   45   41   33   34
    7740   58   32   45   47   36   24   42   23   41   30
    7760   31   47   36   42   49   57   34   49   53   43
    7780   38   24   22   24   36   37   48   49   85   30
    7800   55   37   54   35   35   54   27   39   31   46
    7820   27   18   49   36   30   31   56   28   16   28
    7840   26   24   38   50   43   53   30   26   17   38
    7860   32   17   37   30   29   42   38   40   46   32
    7880   22   24   28   35   57   38   23   30   44   25
    7900   55   43   41   48   55   59   33   64   50   29
    7920   48   41   43   37   28   55   53   30   33   37
    7940   26   23   29   37   79   25   67   25   70   44
    7960   64   30   30   29   45   52   34   40   49   49
    7980   36   46   53   38   47   21   60   31   15   40
    8000   35   33   28   21   32   34   47   53   34   20
    8020   42   56   26   43   26   51   32   20   16   17
    8040   54   50   53   47   33   29   37   51   45   54
    8060   52   27   42   58   42   42   61   32   31   25
    8080   50   27   28   40   46   43   50   42   36   26
    8100   35   44   45   39   51   29   27   60   26   35
    8120   35   28   38   39   35   36   42   38   26   53
    8140   45   45   42   36   41   56   36   19   49   39
    8160   32   23   32   28   31   47   44   26   36   42
    8180   42   22   54   38   26   17   37   44   40   39
    8200   24   22   57   46   35   28   20   14   54   40
    8220   34   41   56   31   34   38   38   28   30   38
    8240   49   42   19   13   44   35   38   44   27   31
    8260   37   54   41   56   44   59   32   39   38   52
    8280   24   55   24   23   46   38   44   37   41   39
    8300   33   34   67   35   33   60   51   55   37   58
    8320   30   23   46   47   29   38   44   38   38   36
    8340   42   54   54   51   50   73   32   20   27   38
    8360   36   47   58   37   49   24   51   41   61   48
    8380   25   37   29   33   29   40   59   33   28   39
    8400   54   35   31   28   43   52   47   41   37   26
    8420   49   57   51   17   38   43   36   37   38   46
    8440   17   22   26   35   39   10   17   32   41   60
    8460   56   48   29   23   32   40   46   46   19   42
    8480   25   31   35   38   45   30   37   20   29   15
    8500   22   42   40   37   44   23   54   14   41   60
    8520   19   26   30   47   31   47   40   16   25   48
    8540   35   25   40   42   17   26   44   55   46   19
    8560   28   33   24   12   20   16   31   17   22   44
    8580   38   19   32   50   33   19   32   25   33   22
    8600   24   17   34   25   37   35   25   32   27   32
    8620   28   26   30   31   24   43   45   48   44   31
    8640   49   53   27   52   41   28   41   39   32   37
    8660   24   33   40   51   24   46   22   55   28   44
    8680   35   45   24   26   35   41   40   29   26   30
    8700   27    7   33   21   29   38   35   41   36   28
    8720   31   34   65   32   32   25   36   44   36   48
    8740   18   50   26   41   26   29   45   18   34   22
    8760   25   41   38   30   38   24   44   49   39   38
    8780   33   52   24   52   37   23   39   48   36   48
    8800   39   47   38   46   34   36   31   45   51   43
    8820   56   43   54   34   32   44   38   37   38   34
    8840   63   30   57   42   30   34   38   49   35   50
    8860   21   34   33   28   34   46   41   63   43   65
    8880   31   39   31   40   39   40   45   34   35   68
    8900   31   57   41   45   24   34   32   24   49   31
    8920   42   58   37   41   42   25   24   29   32   38
    8940   42   36   73   28   37   21   19   43   33   35
    8960   48   42   56   46   38   31   31   33   34   27
    8980   53   41   23   50   46   46   46   45   54   44
    9000   41   47   43   42   49   50   46   30   28   38
    9020   58   36   42   42   48   36   52   27   48   43
    9040   38   43   44   44   29   34   31   35   19   22
    9060   24   39   41   53   37   33   31   29   28   26
    9080   39   31   22   31   41   37   40   52   36   44
    9100   65   63   53   34   44   45   34   38   13   24
    9120   43   48   33   34   27   29   40   27   16   23
    9140   29   21   43   48   32   51   55   30   43   53
    9160   40   42   26   43   59   35   26   19   41   33
    9180   40   25   25   50   61   33   22   53   38   45
    9200   40   38   57   16   22   34   22   29   19   39
    9220   33   27   46   45    8   46   22   16   45   26
    9240   17   58   32   33   27   36   42   26   33   32
    9260   45   34   34   26   36   46   15   28   26   27
    9280   26   26   45   38   29   48   35   21   24   26
    9300   28   39   42   25   16   39   35   40   29   28
    9320   46   22   11   22   20   39   22   41   17   46
    9340   30   38   46   31   25   30   34   42   24   76
    9360   38   31   29   51   37   32   54   47   23   32
    9380   31   41   21   53   48   46   34   27   34   34
    9400   40   43   36   52   43   67   85   37   59   46
    9420   56   45   14   36   29   13   39   35   66   13
    9440   36   24   23   56   34   41   64   51   44   30
    9460   40   53   41   40   48   41   18   27   39   41
    9480   58   34   41   39   56   11   29   26   59   16
    9500   21   34   34   21   27   25   37   30   31   18
    9520   35   44   22   33   20   52   54   28   46   26
    9540   52   42   32   29   41   28   25   25   55   44
    9560   60   60   22   22   32   33   42   25   31   29
    9580   30   44   41   25   26   42   49   42   29   46
    9600   46   47   30   42   35   35   42   44   49   23
    9620   57   41   42   14   15   50   51   35   27   49
    9640   54   53   48   53   37   40   37   42   29   26
    9660   38   22   29   47   20   32   47   24   41   37
    9680   47   71   37   35   40   34   30   58   57   48
    9700   32   56   63   57   29   33   47   21   45   49
    9720   44   50   44   49   44   25   69   45   30   54
    9740   29   35   22   27   21   23   31   46   48   42
    9760   46   37   55   47   47   34   50   25   41   33
    9780   36   55   34   24   32   57   42   52   50   62
    9800   32   48   43   31   52   34   48   32   30   39
    9820   41   66   20   36   26   33   24   34   33   43
    9840   32   39   50   45   18   29   35   29   30   46
    9860   54   41   44   33   48   45   35   54   56   34
    9880   25   41   43   49   29   28   39   23   24   23
    9900   20   32   36   32   30   44   57   44   41   56
    9920   50   26   22   37   29   36   19   38   49   38
    9940   38   36   46   41   39   22   22   37   39   32
    9960   53   27   35   30   39   34   25   49   42   30
    9980   40   45   24   58   40   31   44   17   31   37
   10000   46   34   28   28   32   27   41   32   39   25
   10020   34   22   31   41   20   37   30   32   36   22
   10040   35   37   28   32   26   25   42   40   28   37
   10060   25   37   33   39   51   25   36   43   23   30
   10080   45   20   51   68   39   15   33   39   34   41
   10100   31   40   31   39   35   39   45   56   58   45
   10120   25   54   46   42   28   45   27   35   30   29
   10140   23   57   30   53   19   36   45   28   28   18
   10160   30   44   17   36   35   44   36   16   65   40
   10180   45   34   47   38   42   33   59   27   46   40
   10200   37   30   18   29   60   23   43   26   19   34
   10220   49   51   53   32   54   51   42   31   51   40
   10240   35   45   42   45   41   30   55   45   14   25
   10260   57   33   65   23   26   44   35   28   42   42
   10280   38   39   39   25   47   44   38   59   37   20
   10300   52   40   14   28   25   43   34   36   27   36
   10320   25   33   34   50   45   59   31   38   35   39
   10340   29   35   51   31   41   30   27   25   40   48
   10360   24   31   37   41   35   25   23   27   32   25
   10380   31   44   48   20   29   38    9   41   59   45
   10400   39   47   32   38   51   55   33   15   61   32
   10420   46   36   55   26   27   40   45   24   30   26
   10440   62   46   51   42   41   28   31   37   56   37
   10460   27   63   36   29   41   37   32   47   54   37
   10480   45   26   38   41   32   47   34   36   48   56
   10500   54   35   69   33   47   39   27   34   60   55
   10520   46   45   37   70   35   44   49   49   60   32
   10540   40   38   43   37   58   30   43   73   52   44
   10560   37   36   49   36   61   29   25   69   41   73
   10580   47   29   59   41   71   57   57   37   53   64
   10600   31   40   63   41   35   55   39   39   48   37
   10620   30   30   47   34   22   28   21   32   46   39
   10640   41   32   34   68   21   27   22   30   31   30
   10660   24   34   36   33   49   28   30   34   26   39
   10680   41   44   46   34   58   40   53   33   49   53
   10700   25   18   28   27   29   56   34   48   37   56
   10720   43   47   47   65   42   46   44   39   21   26
   10740   32   14   22   33   36   37   30    8   28   31
   10760   42   41   50   52   44   33   49   45   25   45
   10780   27   29   30   29   34   32   33   39   31   49
   10800   23   31   44   66   33   33   50   31   32   50
   10820   50   61   43   31   44   39   41   27   42   25
   10840   30   31   47   43   24   34   51   24   33   42
   10860   58   65   33   16   44   46   35   31   22   56
   10880   19   61   55   44   41   32   15   58   63   42
   10900   35   25   26   30   33   43   38   33   16   22
   10920   38   42   23   57   37   33   21   26   32   55
   10940   25   40   33   17   30   31   38   41   30   47
   10960   20   52   43   34   59   22   31   32   28   19
   10980   19   15   23   62   39   46   32   31   38   44
   11000   17   30   17   49   25   26   56   37   47   45
   11020   54   50   32   36   52   51   34   51   30   41
   11040   54   82   45   43   62   53   43   49   45   48
   11060   38   65   41   39   34   46   23   33   45   18
   11080   36   45   28   42   44   33   43   36   23   34
   11100   20   53   25   32   38   40   56   34   23   15
   11120   37   50   35   44   37   35   26   20   40   28
   11140   35   29   32   34   32   51   36   17   31   44
   11160   50   25   41   63   47   28   35   60   41   35
   11180   17   37   47   50   43   54   27   43   32   30
   11200   14   36   44   28   42   39   53   31   46   26
   11220   54   42   46   51   42   70   38   45   34   36
   11240   51   69   68   34   44   69   35   52   54   52
   11260   58   46   21   41   48   46   38   51   73   29
   11280   43   40   36   40   41   31   51   37   52   27
   11300   38   49   71   52   40   38   32   32   51   41
   11320   36   38   54   77   29   30   45   25   40   42
   11340   27   28   44   34   29   20   35   27   30   42
   11360   27   52   23   46   38   21   42   29   17   22
   11380   35   22   41   37   17   34   42   18   31   26
   11400   30   38   17   38   42   33   40   33   35   37
   11420   21   25   32   58   36   22   33   42   31   38
   11440   21   38   42   30   32   42   14   53   21   49
   11460   36   28   38   34   54   40   13   23   22   47
   11480   33   46   37   36   27   41   29   23   29   40
   11500   34   37   20   32   23   50   44   25   25   26
   11520   23   46   30   42   49   27   40   27   31   26
   11540   42   30   26   31   46   23   34   23   19   43
   11560   49   25   33   53   43   30   35   43   59   38
   11580   26   22   26   37   36   24   52   25   47   30
   11600   38   43   65   36   47   21   30   24   50   42
   11620   23   32   31   17   37   17   22   25   17   37
   11640   48   51   38   47   35   25   39   36   52   37
   11660   36   37   37   57   70   25   31   41   59   66
   11680   61   45   43   34   48   44   49   38   48   30
   11700   43   30   18   17   53   45   42   27   22   39
   11720   28   31   23   34   45   39   37   45   30   31
   11740   42   43   47   38   41   53   59   41   31   62
   11760   35   47   26   43   25   30   38   50   30   46
   11780   36   36   36   16   42   52   45   43   36   77
   11800   41   35   38   34   48   45   35   28   56   30
   11820   34   40   51   26   30   36   46   24   48   47
   11840   39   37   44   43   35   30   37   32   33   42
   11860   41   52   45   28   38   51   18   34   45   41
   11880   24   37   23   33   48   27   33   38   51   25
   11900   37   44   49   43   53   55   33   33   54   38
   11920   31   48   43   56   41   27   35   15   29   21
   11940   34   25   35   31   13   37   34   51   23   32
   11960   25   36   33   67   28   19   26   36   41   40
   11980   20   22   27   26   35   15   27   30   24   40
   12000   39   30   33   50   37   38   56   33   25   49
   12020   34   26   32   36   45   20   28   59   37   44
   12040   39   39   48   67   33   30   70   29   40   56
   12060   43   41   49   45   50   42   27   62   29   31
   12080   40   41   48   35   44   48   31   36   45   31
   12100   49   29   35   53   24   57   30   44   46   42
   12120   48   49   54   62   47   65   60   48   51   40
   12140   29   65   42   39   51   27   22   33   55   50
   12160   38   21   34   50   57   48   20   27   27   43
   12180   30   67   30   33   27   50   38   28   25   20
   12200   27   47   52   25   61   29   23   38   26   31
   12220   23   22    8   41   71   31   51   52   20   38
   12240   47   36   31   47   27   43   29   39   38   23
   12260   35   44   25   29   25   30   46   38   20   46
   12280   52   46   25   44   35   47   39   41   28   40
   12300   25   26   60   46   38   37   25   32   24   60
   12320   34   24   41   35   30   41   64   52   48   37
   12340   49   36   25   22   60   42   48   39   35   25
   12360   30   22   61   48   25   32   55   43   30   37
   12380   14   50   44   35   27   23   38   40   49   33
   12400   39   47   38   16   46   34   40   41   57   55
   12420   53   41   59   32   43   48   47   33   35   54
   12440   62   31   51   37   40   50   31   25   22   28
   12460   40   36   48   40   39   47   38   51   45   47
   12480   19   62   23   44   31   45   44   60   45   42
   12500   28   39   13   46   53   33   54   41   57   62
   12520   44   36   63   54   63   42   49   48   27   48
   12540   52   48   29   24   29   46   62   27   43   34
   12560   51   49   40   51   75   47   40   35   73   71
   12580   57   36   40   72   52   32   36   62   59   65
   12600   38   34   46   48   39   41   52   37   67   45
   12620   23   34   31   26   48   33   20   51   29   45
   12640   27   36   37   36   24   36   31   17   21   46
   12660   28   19   57   44   46   43   36   24   36   46
   12680   42   38   15   52   67   26   19   43   32   42
   12700   32   44   25   41   50   33   56   20   44   50
   12720   55   41   25   31   31   33   29   44   43   42
   12740   32   28   46   33   18   49   41   48   35   39
   12760   35   44   25   14   23   23   67   34   36   19
   12780   61   33   29   34   27   24   41   26   43   25
   12800   46   36   39   29   55   30   30   43   33   40
   12820   34   35   31   32   32   48   39   74   49   31
   12840   45   48   41   34   21   44   40   21   23   47
   12860   36   51   21   43   31   42   29   37   52   21
   12880   53   29   48   13   63   48   49   38   67   38
   12900   47   34   25   30   49   54   44   27   26   57
   12920   39   49   33   31   34   32   33   49   38   24
   12940   63   24   50   22   50   35   55   48   45   26
   12960   39   66   29   41   30   31   37   27   47   49
   12980   30   22   34   38   54   33   29   29   27   33
   13000   32   31   36   40   37   36   29   43   30   54
   13020   31   57   39   26   59   40   36   42   34   54
   13040   66   54   41   50   37   60   58   33   45   49
   13060   47   27   40   51   37   40   60   42   38   43
   13080   39   51   42   43   41   40   44   32   34   18
   13100   36   28   32   35   20   57   42   31   54   22
   13120   36   22   50   43   34   52   33   47   40   31
   13140   39   43   55   50   34   46   43   31   33   46
   13160   48   34   35   44   43   45   39   30   53   41
   13180   33   44   46   45   28   53   26   34   42   39
   13200   49   43   45   36   36   45    9   43   41   43
   13220   59   32   59   41   49   29   42   37   41   48
   13240   47   21   28   28   26   25   34   22   52   29
   13260   58   19   36   21   28   37   26   28   15   32
   13280   39   45   27   39   51   46   27   31   31   13
   13300   41   21   21   29   16   50   60   28   38   37
   13320   26   34   35   45   49   38   52   21   39   44
   13340   21   24   41   44   44   35   34   30   36   47
   13360   44   33   43   50   48   31   36   40   39   35
   13380   16   70   32   38   29   53   30   36   37   22
   13400   36   55   41   41   30   32   26   48   43   55
   13420   44   39   38   36   38   26   48   30   56   37
   13440   49   24   37   55   31   35   36   24   25   14
   13460   40   45   53   26   28   38   31   30   34   21
   13480   43   40   29   57   33   20   48   19   30   35
   13500   45   28   32   44   42   40   32   45   35   32
   13520   22   22   28   24   53   27   34   25   28   49
   13540   52   15   57   17   50   44   42   39   62   31
   13560   37   32   25   36   23   40   28   29   27   25
   13580   38   45   29   31   36   35   37   20   15   26
   13600   36   32   30   43   43   42   44   39   41   36
   13620   28   34    8   17   13   32   55   17   41   32
   13640   31   53   20   10   25   50   51   23   27   28
   13660   33   38   24   34   31   37   35   28   31   36
   13680   32   50   51   46   25   52   33   43   39   63
   13700   42   33   44   46   18   59   47   40   35   49
   13720   44   37   20   24   26   35   60   32   43   50
   13740   58   58   45   47   45   47   44   37   38   25
   13760   41   21   41   46   48   45   55   30   30   53
   13780   50   44   65   58   36   43   66   26   41   32
   13800   46   43   43   37   38   26   44   26   44   46
   13820   34   22   23   40   21   33   46   35   49   54
   13840   30   51   59   47   41   34   34   21   32   25
   13860   31   33   33   43   38   44   34   28   44   41
   13880   53   35   13   58   42   53   31   42   30   64
   13900   31   14   22   63   60   47   35   46   43   56
   13920   46   48   59   57   34   31   28   32   51   45
   13940   45   44   33   70   33   36   29   28   30   30
   13960   59   47   49   57   45   30   41   29   28   72
   13980   31   66   56   49   43   23   35   71   41   41
   14000   56   43   45   67   51   47   37   95   26   45
   14020   29   64   49   25   47   46   34   25   44   47
   14040   53   51   40   51   80   40   40   48   58   42
   14060   21   26   46   39   50   46   31   28   38   58
   14080   39   41   48   24   57   15   31   62   56   25
   14100   69   64   35   49   30   52   37   31   19   67
   14120   40   38   67   31   35   63   27   25   36   22
   14140   27   47   31   26   19   47   31   35   45   49
   14160   58   45   45   41   24   35   33   47   37   24
   14180   56   45   36   35   33   54   36   42   35   35
   14200   32   49   53   52   33   34   43   28   19   41
   14220   51   34   43   30   28   42   40   46   40   33
   14240   36   37   37   35   55   39   38   26   27   29
   14260   68   22   29   53   53   69   50   31   65   15
   14280   29   47   51   22   32   43   41   28   33   43
   14300   42   48   55   29   21   44   56   41   44   29
   14320   50   63   30   65   40   49   50   44   37   57
   14340   38   27   37   36   40   30   38   29   34   49
   14360   26   53   50   47   45   61   23   50   37   51
   14380   55   33   38   54   50   38   57   23   46   29
   14400   42   48   62   54   65   47   41   43   36   26
   14420   34   30   53   47   47   44   25   39   60   34
   14440   31   43   51   27   42   33   26   32   44   22
   14460   43   40   26   35   40   37   43   34   35   71
   14480   42   53   39   58   31   29   53   37   32   55
   14500   70   57   54   23   35   55   51   25   40   30
   14520   30   53   26   29   31   40   41   26   33   35
   14540   33   27   44   56   37   28   43   37   14   27
   14560   49   15   46   37   45   34   27   37   47   27
   14580   27   35   50   14   36   35   30   20   21   34
   14600   34   31   42   44   49   37   44   34   54   33
   14620   39   30   43   33   18   38   52   49   42   32
   14640   52   30   32   35   35   39   57   43   37   38
   14660   27   46   20   27   39   33   45   53   26   35
   14680   40   29   36   53   33   37   49   53   61   58
   14700   48   40   48   45   55   32   46   35   27   45
   14720   42   26   58   41   55   26   40   33   57   49
   14740   49   49   63   48   57   55   36   72   33   32
   14760   57   57   55   39   26   45   36   39   57   53
   14780   56   46   51   46   55   41   52   41   51   52
   14800   32   42   45   38   44   60   47   38   51   58
   14820   38   47   74   48   49   55   41   45   46   48
   14840   30   50   57   42   62   68   27   40   22   55
   14860   39   35   56   37   41   55   39   46   42   54
   14880   56   58   42   57   60   60   34   28   56   65
   14900   37   27   72   59   37   41   64   54   30   58
   14920   60   63   54   45   39   48   39   54   50   35
   14940   34   44   37   30   45   54   62   28   48   39
   14960   42   30   34   39   45   45   51   42   39   52
   14980   58   42   43   53   32   33   53   59   77   31
   15000   40   31   27   38   56   54   35   49   56   41
   15020   44   39   34   40   41   42   34   51   33   38
   15040   27   32   26   23   43   24   22   44   54   45
   15060   23   35   29   32   38   28   36   34   45   48
   15080   43   38   64   23   55   67   20   42   37   32
   15100   49   29   51   31   24   27   59   32   48   52
   15120   42   42   34   41   22   46   52   58   57   35
   15140   30   48   33   44   23   57   40   31   45   47
   15160   30   31   50   54   51   44   36   35   33   37
   15180   36   40   45   34   31   44   69   64   26   28
   15200   31   26   41   45   76   59   39   50   37   37
   15220   49   44   59   52   42   35   22   55   50   43
   15240   45   30   52   31   45   40   41   42   44   44
   15260   37   21   21   27   41   51   41   43   39   67
   15280   53   38   55   54   69   29   40   54   43   43
   15300   43   29   37   25   37   37   32   62   23   31
   15320   25   17   34   42   38   49   39   39   42   36
   15340   36   23   25   46   40   45   31   34   36   40
   15360   21   32   68   33   36   34   41   28   47   34
   15380   33   23   44   31   32   53   35   17   41   32
   15400   34   46   20   36   16   27   35   33   37   33
   15420   21   38   40   13   28   36   25   35   23   23
   15440   29   44   51   48   43   31   35   34   31   20
   15460   27   35   51   28   38   58   42   47   44   23
   15480   42   38   27   15   39   24   48   36   32   42
   15500   34   43   38   53   40   38   36   30   51   35
   15520   30   20   35   57   20   53   33   24   42   33
   15540   62   55   29   30   26   50   53   42   47   33
   15560   26   55   36   47   40   39   33   42   16   23
   15580   24   32   22   49   52   31   39   51   39   62
   15600   52   32   43   54   42   36   32   44   31   75
   15620   20   18   28   26   28   26   45   41   34   39
   15640   51   34   13   55   38   33   27   50   39   34
   15660   50   52   48   54   39   89   30   61   33   31
   15680   32   37   37   36   33   63   39   63   37   44
   15700   40   46   49   27   50   26   24   51   53   57
   15720   39   37   48   28   32   24   48   19   30   30
   15740   46   18   37   36   29   33   19   35   34   27
   15760   33   39   61   55   32   31   55   27   52   57
   15780   35   15   48   35   24   35   48   47   29   33
   15800   32   36   45   38   31   47   28   23   37   26
   15820   44   39   30   43   49   26   46   72   22   49
   15840   25   24   25   58   41   27   45   39   51   41
   15860   31   39   26   29   30   39   16   22   43   33
   15880   30   28   29   35   41   44   46   38   36   39
   15900   46   22   24   39   32   31   40   22   28   29
   15920   40   34   28   18   25   34   46   29   21   12
   15940   34   29   11   30   16   37   41   47   31   42
   15960   29   29   31   30   31   45   52   34   61   27
   15980   35   52   37   40   21   22   39   38   34   27
   16000   25   21   30   36   28   27   28   53   30   26
   16020   36   42   28   34   20   24   54   55   21   40
   16040   54   38   41   27   23   20   38   31   20   66
   16060   46   30   31   38   28   30   28   44   53   46
   16080   51   42   36   23   22   44   43   24   56   32
   16100   32   35   69   47   36   51   55   28   21   28
   16120   58   21   29   53   34   49   25   51   40   22
   16140   45   28   44   47   30   22   32   21   69   53
   16160   71   19   54   40   24   44   57   55   30   41
   16180   36   41   30   69   42   26   32   26   46   23
   16200   37   31   25   38   36   21   55   42   23   31
   16220   21   35   18   50   50   29   46   18   41   45
   16240   34   33   39   32   41   65   31   21   48   49
   16260   41   38   38   37   39   28   39   26   31   47
   16280   36   36   49   29   33   35   56   22   31   30
   16300   22   48   34   33   50   42   36   33   41   36
   16320   47   52   29   65   39   53   25   62   37   39
   16340   27   31   58   35   42   20   36   30   27   48
   16360   28   37   37   39   32   49   30   33   43   24
   16380   34   43   42   38   41   36   38   29   25   44
   16400   28   20   32   24   18   38    6   29   29   29
   16420   24   31   36   42   25   37   42   41   50   34
   16440   41   37   27   51   31   41   44   22   37   33
   16460   47   30   26   27   56   29   31   40   43   52
   16480   20   12   45   41   29   24   35   21   27   36
   16500   46   54   44   46   46   18   29   59   26   44
   16520   47   25   32   33   65   33   40   46   45   37
   16540   43   52   28   57   51   45   49   47   44   69
   16560   29   28   38   33   35   14   48   22   39   34
   16580   43   39   35   62   39   30   40   26   22   49
   16600   45   40   42   22   22   27   24   14   15   24
   16620   45   45   45   23   42   23   59   25   32   28
   16640   53   32   39   34   28   19   21   32   18   41
   16660   29   27   49   35   30   48   28   30   37   45
   16680   32   21   60   20   42   59   48   30   34   38
   16700   47   30   50   36   40   25   31   60   35   49
   16720   26   57   35   50   38   31   42   51   44   57
   16740   64   48   45   33   43   33   43   27   50   32
   16760   50   47   34   29   26   31   22   31   58   37
   16780   46   44   25   26   29   36   39   38   31   59
   16800   46   41   46   48   51   26   39   51   52   35
   16820   46   45   23   32   39   28   40   51   53   30
   16840   39   44   34   37   38   34   50   47   49   49
   16860   50   23   20   23   30   23   45   33   29   36
   16880   24   74   33   48   37   77   72   47   47   57
   16900   38   36   47   66   48   43   59   24   36   35
   16920   25   43   38   61   43   29   31   40   27   37
   16940   43   34   29   47   32   42   38   24   54   28
   16960   29   44   13   32   48   23   63   28   34   20
   16980   55   50   45   53   39   26   24   75   43   19
   17000   54   38   41   48   36   60   59   46   54   49
   17020   41   40   59   42   54   32   37   29   37   59
   17040   39   27   25   32   40   40   32   48   31   54
   17060   16   54   29   30   24   39   31   70   43   46
   17080   43   29   51   38   13   36   28   26   43   53
   17100   34   54   45   36   21   36   24   28   36   29
   17120   24   38   21   26   58   28   26   39   49   39
   17140   29   17   32   28   33   30   25   32   51   35
   17160   35   28   29   21   25   29   35   25   40   27
   17180   23   40   17   42   25   31   51   24   62   39
   17200   32   38   43   24   24   39   21   24   39   24
   17220   31   39   30   37   20   17   60   45   23   32
   17240   36   68   24   32   30   47   24   44   40   53
   17260   26   45   36   63   46   34   49   47   26   36
   17280   24   51   14   55   31   39   36   44   38   24
   17300   31   43   37   29   17   25   38   27   29   42
   17320   47   30   39   31   51   35   23   70   38   51
   17340   45   18   47   38   27   20   42   35   55   18
   17360   43   35   31   27   26   24   28   32   29   17
   17380   27   23   17   33   45   31   17   34   31   40
   17400   25   34   40   17   26   55   38   20   20   18
   17420   50   30   44   32   45   43   33   25   40   32
   17440   50   32   49   55   36   33   22   30   47   36
   17460   37   56   56   14   18   36   32   38   47   44
   17480   34   16   36   34   19   34   52   37   38   27
   17500   20   29   36   55   27   23   48   26   32   27
   17520   33   43   35   21   40   30   38   38   46   43
   17540   50   32   44   42   29   52   51   41   36   39
   17560   35   15   49   35   68   27   58   50   34   18
   17580   50   37   32   28   38   14   24   24   45   39
   17600   57   43   48   44   48   30   32   16   27   27
   17620   28   31   28   59   18   34   46   46   17   40
   17640   38   40   27   30   42   35   18    8   41   51
   17660   31   41   28   34   37   36   62   40   46   14
   17680   27   37   25   22   39   40   35   23   31   37
   17700   40   20   38   29   42   31   19   54   30   30
   17720   45   26   37   46   17   44   18   36   45   25
   17740   44   44   41   29   37   38   62   41   42   50
   17760   49   42   35   47   54   37   48   43   26   54
   17780   65   49   61   40   18   49   58   33   39   40
   17800   41   45   56   47   52   46   26   24   45   62
   17820   37   38   47   15   47   30   36   44   51   47
   17840   52   37   42   58   49   48   40   47   34   35
   17860   49   41   62   49   25   47   41   38   58   37
   17880   53   49   54   67   54   48   63   39   37   54
   17900   80   25   31   43   36   47   33   26   44   49
   17920   19   58   24   58   42   28   42   36   32   37
   17940   33   47   28   66   46   50   30   19   53   29
   17960   37   43   22   48   51   63   46   27   32   37
   17980   27   37   35   50   44   34   32   35   46   56
   18000   29   38   34   20   32   31   30   36   14   63
   18020   48   40   18   38   38   35   46   24   49   32
   18040   48   42   44   27   49   53   36   41   20   49
   18060   56   39   42   51   44   44   69   33   28   66
   18080   70   51   54   35   52   41   45   42   36   33
   18100   49   38   31   37   32   29   58   46   47   42
   18120   43   35   45   25   36   24   46   44   35   36
   18140   29   54   38   31   33   48   68   80   27   29
   18160   52   30   53   13   28   39   44   32   18   42
   18180   40   18   56   37   39   27   36   36   33   24
   18200   26   25   34   44   38   38   31   45   49   33
   18220   45   21   23   56   31   30   45   35   26   34
   18240   24   41   23   29   24   23   23   39   19   21
   18260   45   38   23   51   47   41   42   16   38   41
   18280   30   35   43   28   37   50   32   37   39   26
   18300   23   45   22   43   38   34   33   16   35   32
   18320   33   22   42   22   33   31   63   48   25   35
   18340   39   36   27   46   24   31   17   28   59   44
   18360   29   26   53   40   50   29   50   40   21   21
   18380   22   25   30   19   20   45   44   39   14   45
   18400   27   68   23   47   38   32   52   31   39   19
   18420   42   32   32   47   59   53   26   42   23   39
   18440   59   30   46   52   39   30   28   52   29   34
   18460   68   35   39   40   59   42   33   65   26   43
   18480   70   42   42   49   31   42   48   35   48   53
   18500   46   25   45   36   38   44   48   40   49   43
   18520   34   41   53   33   34   16   32   50   62   28
   18540   39   25   36   26   14   31   37   30   32   30
   18560   31   50   36   49   55   47   33   47   31   34
   18580   37   56   12   50   57   22   48   49   31   37
   18600   51   26   22   29   36   54   43   21   26   19
   18620   32   47   24   42   60   19   28   49   34   27
   18640   25   22   34   12   25   26   22   15   30   46
   18660   33   41   31   56   25   20   40   47   46   16
   18680   30   40   43   25   31   32   29   43   34   28
   18700   43   17   56   60   24   60   25   46   29   48
   18720   37   28   50   43   23   37   19   34   33   23
   18740   34   31   38   34   35   34   33   40   50   26
   18760   42   53   52   48   38   45   32   34   47   25
   18780   50   31   29   50   27   24   45   64   26   38
   18800   21   11   32   29   47   26   32   33   48   34
   18820   27   50   18   68   41   32   44   35   57   28
   18840   41   39   27   26   39   19   28   45   27   46
   18860   30   54   37   15   70   40   48   43   36   42
   18880   46   41   40   32   38   55   35   57   38   57
   18900   31   58   38   29   29   48   35   49   41   32
   18920   40   39   23   48   39   63   38   28   34   31
   18940   28   15   29   32   57   41   38   34   34   29
   18960   26   38   47   42   34   37   41   53   40   32
   18980   53   18   32   31   30   40   46   57   31   23
   19000   46   37   53   24   38   37   76   32   63   38
   19020   41   32   23   36   29   29   27   49   41   29
   19040   44   60   24   56   40   25   52   52   48   43
   19060   33   44   48   23   40   48   33   29   15   28
   19080   48   49   28   32   49   31   28   35   46   35
   19100   34   42   53   28   48   34   38   44   46   58
   19120   35   43   40   49   42   63   33   18   30   27
   19140   42   36   35   29   19   41   28   26   44   54
   19160   48   17   35   44   39   37   41   23   28   33
   19180   40   31   45   57   49   60   26   24   27   34
   19200   30   30   47   42   49   25   53   35   35   36
   19220   53   43   35   57   21   36   23   35   19   43
   19240   41   32   36   48   38   42   38   33   29   35
   19260   46   34   57   37   42   34   18   15   26   68
   19280   30   26   37   38   47   38   23   44   14   36
   19300   25   33   35   26   35   33   42   33   39   40
   19320   48   32   36   24   34   45   38   42   35   31
   19340   23   16   31   37   23   31   30   32   56   37
   19360   51   60   21   24   25   59   38   44   23   44
   19380   50   29   42   29   57   39   31   35   21   33
   19400   48   58   39   37   36   38   58   33   47   16
   19420   33   31   33   24   20   31   47   53   42   21
   19440   40   42   41   44   27   24   38   40   45   29
   19460   46   35   40   37   36   43   55   21   33   25
   19480   32   29   45   43   27   53   27   38   34   50
   19500   36   43   47   35   28   27   29   31   41   50
   19520   36   53   22   20   32   77   33   31   39   34
   19540   38   53   32   51   28   21   39   20   41   67
   19560   20   35   40   35   26   36   38   35   29   18
   19580   34   41   24   41   30   47   62   28   49   50
   19600   49   27   47   48   44   41   45   29   25   37
   19620   27   22   57   49   38   37   58   28   41   29
   19640   57   40   43   28   50   59   40   25   36   34
   19660   47   55   21   19   51   31   43   52   17   31
   19680   29   38   38   18   26   40   35   20   52   29
   19700   36   41   55   37   51   47   41   42   44   31
   19720   42   46   43   24   40   27   36   20   35   22
   19740   42   27   37   54   38   35   68   38   52   42
   19760   57   39   48   55   29   55   63   44   61   39
   19780   39   52   28   21   30   38   46   33   49   44
   19800   26   45   45   33   40   54   29   41   37   52
   19820   32   40   39   42   21   25   54   38   24   42
   19840   25   41   34   15   24   28   38   52   29   18
   19860   37   43   49   36   25   38   18   30   27   61
   19880   39   32   51   34   27   32   30   27   42   60
   19900   36   15   45   18   27   26   29   28   39   54
   19920   23   38   45   45   32   37   30   25   26   34
   19940   17   26   32   45   41   26   28   26   24   53
   19960   44   48   30   26   29   25   32   27   37   41
   19980   42   49   29   26   32   27   34   39   36   18
   20000   32   38   59   39   34   68   42   44   29   30
   20020   51   34   57   30   58   40   42   20   19   30
   20040   26   40   19   39   29   23   47   42   29   30
   20060   43   42   19   41   45   24   39   28   38   27
   20080   39   42   56   40   20   40   33   42   38   63
   20100   31   39   48   43   45   27   45   34   29   41
   20120   42   32   21   26   35   28   21   26   39   52
   20140   43   43   29   42   50   49   41   32   44   24
   20160   27   31   36   34   27   28   51   51   44   35
   20180   28   13   51   46   15   29   32   45   27   32
   20200   17   58   27   26   23   23   24   37   37   34
   20220   24   21   30   16   58   34   42   16   24   22
   20240   47   35   37   29   33   36   22   29   35   33
   20260   42   43   22   32   44   27   36   50   55   16
   20280   24   39   38   11   33   48   41   42   31   34
   20300   45   53   58   36   30   48   34   49   50   40
   20320   24   35   48   37   22   68   78   47   33   36
   20340   46   40   48   31   40   29   13   31   42   30
   20360   63   26   41   40   43   40   40   35   48   30
   20380   54   77   29   42   42   32   38   47   50   48
   20400   23   39   65   37   30   52   36   37   23   57
   20420   43   36   46   40   56   43   39   39   19   59
   20440   45   38   60   50   56   36   34   74   45   45
   20460   44   54   31   50   50   43   54   31   40   52
   20480   38   55   48   32   44   36   51   37   43   41
   20500   43   29   30   44   61   53   60   40   34   42
   20520   42   24   59   50   64   47   56   32   28   71
   20540   56   28   32   50   41   27   27   54   50   41
   20560   30   53   66   33   16   55   25   32   55   40
   20580   44   37   26   35   55   22   23   64   39   29
   20600   25   44   26   52   33   35   33   42   48   42
   20620   45   40   46   36   59   51   52   45   51   26
   20640   66   30   42   27   37   30   28   30   54   42
   20660   48   49   59   40   37   51   59   25   47   42
   20680   44   27   25   34   33   28   35   41   33   47
   20700   23   32   35   39   41   44   27   55   40   25
   20720   25   36   49   43   43   38   68   41   31   27
   20740   44   32   46   57   47   56   22   29   44   39
   20760   63   30   35   32   34   38   51   31   13   44
   20780   24   43   30   34   59   29   26   50   16   48
   20800   55   44   40   91   64   33   40   29   38   33
   20820   42   48   26   60   45   36   68   35   39   54
   20840   74   31   50   57   41   52   42   58   50   55
   20860   28   27   51   49   30   36   20   38   39   32
   20880   32   45   34   52   55   37   29   30   34   41
   20900   51   43   31   41   61   31   36   47   34   58
   20920   33   37   42   22   29   56   54   57   37   40
   20940   43   45   65   26   38   39   66   46   51   36
   20960   46   54   41   24   31   42   29   31   32   39
   20980   41   45   21   37   59   36   29   39   48   37
   21000   26   47   79   20   37   37   48   38   40   22
   21020   50   42   41   53   39   31   36   23   34   37
   21040   50   48   60   29   32   28   55   42   39   33
   21060   33   43   30   29   61   56   30   35   26   50
   21080   43   37   30   38   53   59   44   38   59   57
   21100   53   53   40   36   30   53   36   34   47   25
   21120   69   33   31   48   22   33   46   53   32   41
   21140   73   38   46   48   25   43   32   64   34   54
   21160   41   43   38   44   55   33   32   25   23   42
   21180   32   50   32   34   37   27   36   56   38   19
   21200   41   47   37   35   35   51   42   31   37   46
   21220   38   46   21   40   67   62   50   21   53   19
   21240   24   32   40   34   44   23   42   39   32   36
   21260   30   57   19   66   39   37   18   41   28   52
   21280   13   47   34   38   39   31   29   24   48   47
   21300   33   49   37   62   53   29   37   46   44   29
   21320   37   44   54   36   15   31   20   37   40   42
   21340   35   43   46   44   35   16   44   15   33   34
   21360   26   45   36   29   35   33   49   32   29   32
   21380   58   10   37   34   34   27   38   19   21   37
   21400   42   49   36   54   51   32   49   28   33   69
   21420   33   29   29   37   45   25   24   29   44   30
   21440   47   47   88   21   37   66   26   65   34   29
   21460   24   35   58   35   23   33   46   34   31   24
   21480   27   20   42   39   45   33   31   24   35   37
   21500   47   27   25   22   44   30   32   45   43   38
   21520   28   28   40   35   30   58   23   19   40   47
   21540   32   14   28   54   36   55   55   41   49   46
   21560   31   29   44   48   45   39   28   33   44   38
   21580   21   39   26   37   23   58   32   37   32   43
   21600   53   37   41   51   36   47   29   40   46   38
   21620   45   45   34   48   32   48   42   27   42   40
   21640   28   38   40   39   40   39   23   58   56   33
   21660   60   48   63   38   26   36   30   42   26   65
   21680   41   35   32   31   32   58   48   44   58   63
   21700   39   55   54   37   62   54   25   40   45   45
   21720   22   67   67   28   28   31   37   45   51   29
   21740   63   46   40   44   51   36   43   37   43   43
   21760   53   43   54   37   27   53   37   43   32   25
   21780   54   32   55   39   37   44   57   45   30   50
   21800   23   41   53   36   35   53   35   27   39   24
   21820   54   47   37   40   42   28   31   42   28   46
   21840   24   16   54   38   35   44   23   30   60   27
   21860   40   39   29   43   22   25   44   40   33   29
   21880   20   24   32   33   53   29   32   61   28   27
   21900   24   39   40   36   26   38   15   39   30   24
   21920   24   32   25   32   28   44   25   13   21   42
   21940   27   23   47   43   28   39   15   36   25   38
   21960   36   48   28   26   22   31   34   36   50   35
   21980   29   37   35   28   16   46   29   26   29   45
   22000   37   30   38   46   33   38   38   39   25   31
   22020   48   42   67   35   31   31   48   46   25   52
   22040   22   62   31   20   24   41   42   53   53   36
   22060   35   68   64   40   30   30   39   32   39   29
   22080   38   41   28   46   47   47   36   32   34   11
   22100   36   53   29   39   28   45   26   48   46   36
   22120   45   51   37   34   44   52   28   29   40   30
   22140   74   40   40   40   34   39   35   36   37   27
   22160   41   30   35   41   55   31   51   40   34   24
   22180   41   34   43   26   44   27   20   45   39   20
   22200   28   23   32   33   47   33   27   44   46   47
   22220   32   27   19   47   32   27   30   11   30   60
   22240   40   20   23   60   31   27   22   30   26   22
   22260   38   12   31   33   40   57   23   36   20   37
   22280   54   12   45   43   33   41   32   45   17   33
   22300   42   25   40   24   35   27   41   16   52   36
   22320   28   33   14   22   25   37   78   34   22   30
   22340   22   22   32   22   25   73   41   21   36   12
   22360   37   31   38   26   29   23   26   38   37   22
   22380   36   20   57   23   18   27   32   47   41   41
   22400   33   41   72   32   30   24   30   56   50   46
   22420   28   27   50   45   38   36   38   35   33   16
   22440   53   40   30   42   65   37   47   41   42   57
   22460   24   30   30   32   62   44   53   17   35   27
   22480   34   60   53   31   29   53   51   24   22   20
   22500   52   46   39   39   40   41   33   61   30   42
   22520   34   32   33   63   75   37   37   22   36   50
   22540   44   25   24   46   35   43   34   39   43   29
   22560   36   44   45   26   38   37   49   31   23   37
   22580   48   37   39   29   28   45   57   23   24   24
   22600   31   19   43   27   30   33   31   37   49   47
   22620   36   39   37   29   66   33   18   23   22   47
   22640   44   31   55   33   65   25   55   33   37   17
   22660   53   41   59   48   26   29   49   40   24   47
   22680   74   52   37   33   52   45   44   57   42   32
   22700   75   30   35   32   45   19   28   29   33   51
   22720   40   29   29   31   52   31   29   32   26   33
   22740   33   37   46   36   48   35   48   50   24   44
   22760   32   32   38   43   55   26   51   36   31   39
   22780   34   47   25   46   22   41   38   52   33   46
   22800   30   47   40   58   44   36   26   35   40   37
   22820   46   24   33   38   47   46   30   55   21   27
   22840   34   16   47   21   37   22   43   40   46   32
   22860   46   28   33   51   43   40   22   43   35   38
   22880   47   41   30    8   21   39   67   33   52   28
   22900   27   40   25   27   29   30   59   48   16   26
   22920   53   50   36   21   35   25   38   40   31   21
   22940   49   42   60   37   30   40   45   34   20   46
   22960   37   51   24   36   25   28   46   11   33   43
   22980   56   53   37   49   36   55   34   21   27   57
   23000   48   40   79   41   25   38   53   51   25   42
   23020   26   34   47   10   45   22   57   52   53   29
   23040   35   38   24   25   45   33   30   32   40   17
   23060   21   32   25   21   36   55   46   18   35   32
   23080   31   14   31   39   25   31   33   25   47   38
   23100   26   28   61   49   59   64   43   48   34   39
   23120   48   38   18   31   57   40   50   65   35   21
   23140   51   29   33   33   50   46   45   31   37   43
   23160   55   29   31   27   29   47   51   33   30   54
   23180   36   29   35   42   31   49   25   35   37   40
   23200   27   20   42   33   51   37   41   54   35   21
   23220   49   36   22   39   39   40   29   33   43   19
   23240   29   36   31   28   25   36   50   40   54   49
   23260   31   41   57   43   39   53   27   35   37   47
   23280   54   30   46   46   53   31   23   51   72   57
   23300   41   32   23   28   21   37   48   44   30   36
   23320   55   29   43   63   20   41   45   45   45   29
   23340   22   54   46   38   23   42   37   60   23   54
   23360   41   51   47   19   38   55   36   59   48   38
   23380   37   30   29   49   39   48   19   51   38   26
   23400   44   36   33   36   40   36   40   39   50   46
   23420   42   36   44   32   61   31   51   31   38   32
   23440   39   27   46   34   47   30   31   42   29   51
   23460   46   27   56   39   20   33   31   52   27   13
   23480   45   36   34   48   32   33   54   31   26   49
   23500   29   51   25   59   30   31   47   43   31   28
   23520   38   55   29   53   47   38   48   28   35   26
   23540   41   36   50   24   36   30   38   41   46   58
   23560   47   43   46   60   36   39   52   27   25   39
   23580   43   47   57   30   24   55   29   29   42   38
   23600   46   32   34   29   33   62   19   57   27   53
   23620   33   46   29   27   29   48   46   23   49   55
   23640   48   25   44   32   46   22   35   34   44   36
   23660   24   24   37   52   23   13   27   36   21   34
   23680   34   25   25   36   33   35   49   54   49   32
   23700   42   35   27   32   52   37   31   34   31   35
   23720   33   27   31   32   31   39   37   17   59   30
   23740   43   34   40   40   61   51   43   33   42   33
   23760   17   33   36   25   39   57   14   30   54   40
   23780   20   33   21   18   30   34   24   19   49   40
   23800   25   27   36   25   35   31   36   32   29   35
   23820   38   37   38   49   36   41   24   34   22   36
   23840   30   31   37   40   28   45   50   21   53   29
   23860   47   35   36   36   39   57   29   38   57   38
   23880   59   31   30   28   36   38   34   34   38   50
   23900   40   27   40   28   35   39   29   27   26   61
   23920   56   56   39   27   45   24   21   29   27   26
   23940   38   26   38   27   40   34   35   23   44   54
   23960   48   66   35   48   34   21   33   42   26   51
   23980   39   39   36   15   47   34   47   43   47   30
   24000   20   43   55   31   31   18   44   25   39   28
   24020   43   27   48   34   53   46   36   21   35   39
   24040   39   28   38   32   37   25   33   44   36   24
   24060   47   26   24   26   37   35   30   28   27   17
   24080   27   50   38   29   44   35   31   17   34   40
   24100   37   29   22   30   58   14   39   37   17   29
   24120   36   39   27   39   32   34   24   22   30   36
   24140   32   25   29   44   51   52   29   43   28   20
   24160   46   45   30   38   34   37   15   32   33   17
   24180   19   29   43   28   30   28   32   38   29   23
   24200   43   34   61   46   27   41   33   38   28   56
   24220   52   40   58   69   48   34   39   35   40   54
   24240   33   40   33   26   48   40   50   43   50   30
   24260   56   31   41   42   34   44   40   30   29   27
   24280   14   14   36   31   27   37   40   32   39   40
   24300   26   33   64   40   46   24   34   26   40   36
   24320   45   30   39   41   47   55   28   56   32   54
   24340   49   59   44   32   31   31   38   26   40   29
   24360   37   40   28   42   36   11   61   19   48   41
   24380   35   19   27   28   56   38   32   57   22   48
   24400   42   32   30   27   31   46   56   39   48   41
   24420   35   37   23   40   40   25   57   37   45   44
   24440   53   32   55   41   35   32   33   30   21   63
   24460   53   32   35   42   44   32   53   21   16   63
   24480   26   34   44   36   43   59   36   47   33   39
   24500   42   37   30   36   24   51   48   42   31   50
   24520   38   30   39   39   24   47   44   26   37   29
   24540   49   28   16   31   39   51   29   32   37   47
   24560   28   48   18   30   37   17   29   41   42   46
   24580   44   41   40   24   46   55   25   22   31   51
   24600   56   41   23   53   40   38   17   21   28   42
   24620   31   29   36   48   43   42   32   56   41   46
   24640   39   48   30   24   27   38   55   41   50   33
   24660   54   29   42   17   19   65   27   40   35   37
   24680   42   28   36   30   31   30   26   37   45   25
   24700   22   33   36   19   24   24   22   29   20   21
   24720   30   13   24   41   29   35   39   33   21   36
   24740   29   32   38   17   13   19   44   51   20   37
   24760   45   39   27   40   42   44   47   34   23   35
   24780   42   14   46   30   15   30   37   33   34   33
   24800   39   38   39   53   23   28   33   31   29   66
   24820   34   41   42   23   52   49   39   17   38   40
   24840   33   34   37   22   28   46   13   38   16   35
   24860   40   28   29   38   38   34   27   28   31   38
   24880   37   17   21   25   21   23   39   56   14   51
   24900   30   34   27   33   35   41   11   27   39   40
   24920   22   41   18   51   44   37   34   34   38   35
   24940   22   41   47   42   27   51   45   30   30   56
   24960   30   18   43   38   31   44   28   36   26   53
   24980   49   24   52   42   82   29   32   80   77   55
   25000   36   37   37   38   44   39   46   56   53   39
   25020   59   10   54   56   64   49   52   42   37   38
   25040   35   22   37   29   29   43   21   29   47   13
   25060   34   31   21   49   29   38   48   35   48   27
   25080   37   36   35   23   40   38   26   54   41   31
   25100   18   44   39   13   37   17   43   41   17   32
   25120   29   34   41   23   23   50   41   27    8   22
   25140   55   38   41   37   33   57   28   24   48   30
   25160   37   35   41   19   59   41   36   25   25   48
   25180   25   48   22   57   39   29   36   54   56   38
   25200   16   28   26   60   36   44   18   43   31   28
   25220   40   62   37   45   37   64   49   29   38   30
   25240   34   48   33   33   41   23   36   38   20   53
   25260   28   50   49   42   18   43   15   22   40   41
   25280   28   29   21   25   28   44   52   17   28   40
   25300   16   33   36   17   30   45   32   30   40   39
   25320   41   23   36   20   42   24   15   26   30   36
   25340   18   31   26   38   36   16   39   53   35   45
   25360   40   11   41   48   42   30   39   34   39   21
   25380   38   23   33   42   22   23   26   49   21   36
   25400   24   34   38   52   26   41   49   37   31   41
   25420   23   40   30   38   58   36   20   39   32   49
   25440   31   21   54   22   35   33   49   49   39   53
   25460   80   33   46   42   35   58   48   34   32   41
   25480   32   36   24   44   22   33   42   37   30   28
   25500   31   32   42   39   37   45   26   29   24   51
   25520   43   30   34   44   59   24   41   36   52   38
   25540   38   35   30   19   51   24   46   10   55   34
   25560   29   56   44   30   22   33   35   33   30   19
   25580   36   35   33   49   30   39   34   42   27   47
   25600   32   46   38   42   36   31   31   33   33   36
   25620   59   47   33   48   37   29   24   42   23   33
   25640   29   24   31   35   19   33   25   49   32   42
   25660   30   41   13   27   24   29   22   41   33   45
   25680   25   34   48   24   67   25   37   47   26   32
   25700   25   34   33   15   21   26   32   21   25   18
   25720   31   37   31   29   27   27   26   19   32   42
   25740   45   25   25   25   17   41   40   44   36   34
   25760    5   38   46   38   43   41   29   35   42   35
   25780   21   46   33   53   32   38   49   26   63   55
   25800   46   82   34   51   34   40   33   28   19   25
   25820   31   25   21   51   59   50   38   29   42   21
   25840   32   47   17   39   15   27   24   30   27   50
   25860   18   22   31   22   19   36   22   43   56   24
   25880   43   34   27   48   32   34   15   36   15   26
   25900   25   57   28   33   30   33   60   41   29   24
   25920   40   40   43   50   37   19   53   32   51   34
   25940   48   53   61   27   62   20   35   44   33   27
   25960   31   58   35   55   40   48   38   18   16   39
   25980   32   56   26   21   43   40   40   42   38   30
   26000   27   26   38   34   33   20   36   33   23   31
   26020   32   36   32   24   28   25   21   22   35   29
   26040   39   22   27   26   45   23    9   25   44   32
   26060   21   20   47   34   20   32   14   36   44   32
   26080   48   30   37   43   43   46   34   39   18   35
   26100   31   26   27   49   28   37   46   36   35   31
   26120   26   59   26   28   28   33   26   41   59   28
   26140   43   36   29   44   35   52   59   30   38   18
   26160   46   11   25   31   32   45   47   38   25   47
   26180   30   67   29    9   23   51   21   45   41   34
   26200   26   33   28   46   37   34   35   41   23   21
   26220   37   48   30   46   33   58   45   38   26   34
   26240   29   62   29   45   24   37   53   42   32   44
   26260   52   37   56   42   47   35   18   34   52   44
   26280   37   64   42   52   53   44   29   19   48   58
   26300   28   27   32   24   35   34   38   32   56   23
   26320   37   39   38   29   39   44   22   40   19   31
   26340   25   36   38   25   49   54   35   27   53   42
   26360   33   26   22   37   26   44   46   33   47   47
   26380   64   26   43   31   39   42   85   26   32   43
   26400   23   30   34   42   40   53   47   45   41   44
   26420   24   41   67   31   41   66   40   14   45   53
   26440   32   36   45   31   47   33   43   24   48   34
   26460   30   29   33   27   35   29   42   59   50   40
   26480   20   24   18   35   63   41   45   32   31   44
   26500   23   39   34   28   26   41   50   37   31   35
   26520   46   33   46   48   47   54   32   52   37   68
   26540   48   37   65   43   38   43   62   44   50   35
   26560   29   74   26   34   45   46   33   51   31   45
   26580   33   21   19   21   15   42   33   32   42   51
   26600   55   33   40   57   43   42   26   49   57   56
   26620   53   38   32   57   35   22   37   39   38   62
   26640   27   43   41   32   46   29   56   67   39   41
   26660   33   55   53   56   44   27   75   41   37   23
   26680   40   36   56   32   41   41   32   30   29   65
   26700   19   45   33   27   52   48   34   40   47   34
   26720   34   40   44   35   63   23   54   47   38   32
   26740   41   61   39   26   47   29   19   38   64   27
   26760   50   30   57   17   45   53   58   39   28   52
   26780   52   55   47   53   41   30   25   29   42   30
   26800   43   37   46   36   10   45   45   44   63   48
   26820   42   50   33   56   43   41   33   44   45   36
   26840   30   59   44   24   47   21   30   41   32   53
   26860   41   40   23   52   59   36   23   22   25   39
   26880   55   47   41   20   25   38   41   37   38   38
   26900   36   29   58   49   42   39   24   29   35   50
   26920   32   40   43   37   31   28   40   38   24   42
   26940   39   30   28   22   23   31   33   27   32   43
   26960   49   34   29   37   40   57   41   43   40   39
   26980   43   28   51   39   58   24   44   15   28   29
   27000   33   40   32   38   28   25   29   45   31   25
   27020   33   30   38   48   62   46   35   59   54   46
   27040   44   33   54   50   38   43   70   48   40   33
   27060   35   39   48   44   40   58   29   65   56   55
   27080   35   30   72   22   36   35   59   44   44   31
   27100   57   43   56   39   47   47   35   36   52   39
   27120   57   54   77   33   29   48   41   63   36   60
   27140   38   46   56   43   31   39   45   53   34   40
   27160   42   57   54   33   50   24   35   25   36   21
   27180   47   50   51   50   59   35   35   33   38   46
   27200   37   49   27   43   33   20   62   40   48   41
   27220   52   46   48   63   47   45   61   32   42   13
   27240   23   30   32   41   39   64   30   44   17   48
   27260   42   45   51   57   35   37   46   55   41   40
   27280   23   33   64   54   38   30   34   47   24   53
   27300   51   42   44   40   45   28   57   43   42   63
   27320   33   28   34   27   40   54   24   56   45   34
   27340   35   34   40   41   62   55   46   54   47   33
   27360   49   51   46   20   24   36   39   36   55   41
   27380   26   42   33   27   33   23   34   24   34   48
   27400   23   51   31   38   17   69   26   24   30   35
   27420   36   25   20   38   19   35   31   37   20   30
   27440   33   28   37   42   55   31   31   33   54   34
   27460   35   45   42   49   35   61   62   44   20   45
   27480   54   27   38   23   41   51   43   47   34   38
   27500   35   27   40   44   53   39   37   28   44   51
   27520   48   41   47   51   37   40   43   23   58   41
   27540   32   34   47   43   32   39   77   45   39   42
   27560   29   51   30   54   45   26   34   33   31   18
   27580   36   26   53   31   56   58   35   20   37   34
   27600   56   52   30   29   51   43   52   23   44   33
   27620   30   38   49   38   48   28   18   54   53   39
   27640   37   42   38   27   29   22   18   53   29   48
   27660   49   20   41   36   28   31   34   33   31   38
   27680   35   39   32   38   52   36   58   36   44   37
   27700   50   47   38   37   22   30   49   47   32   28
   27720   41   43   31   25   60   31   24   39   49   24
   27740   59   30   66   35   42   56   31   46   32   36
   27760   27   31   55   46   25   45   46   35   27   32
   27780   17   56   49   43   53   51   56   43   64   30
   27800   20   26   56   46   57   50   61   36   26   38
   27820   24   39   58   18   51   67   44   39   24   41
   27840   31   41   28   46   35   37   21   37   31   45
   27860   33   38   47   53   31   43   43   50   26   35
   27880   41   49   26   51   44   60   39   41   41   32
   27900   53   41   51   32   42   43   44   39   60   30
   27920   49   33   59   31   28   21   34   48   69   54
   27940   32   48   47   58   32   49   44   24   21   52
   27960   57   27   85   47   55   36   23   56   28   63
   27980   40   55   29   39   44   33   55   45   36   54
   28000   39   31   36   29   37   34   25   37   47   52
   28020   25   49   24   38   51   48   52   23   40   35
   28040   51   48   41   23   39   23   25   18   24   57
   28060   24   38   31   52   49   22   19   40   52   36
   28080   56   41   39   40   34   45   32   43   56   42
   28100   47   31   24   38   31   76   15   21   36   25
   28120   27   38   28   27   48   35   26   53   53   27
   28140   42   23   48   48   59   44   69   24   30   28
   28160   22   33   27   26   45   46   19   37   25   20
   28180   41   58   26   70   62   41   33   30   69   46
   28200   32   40   28   35   44   45   29   38   40   57
   28220   39   54   46   32   39   56   36   32   47   46
   28240   36   58   34   44   42   30   34   30   41   34
   28260   49   29   68   69   60   27   44   31   34   28
   28280   45   47   38   24   56   33   39   39   72   52
   28300   42   40   34   50   24   68   35   26   62   23
   28320   31   24   29   27   43   49   17   44   69   29
   28340   45   43   41   37   43   68   51   41   47   24
   28360   36   21   29   55   63   35   39   28   42   42
   28380   52   29   19   61   58   21   42   25   49   30
   28400   26   22   21   31   52   47   50   32   51   25
   28420   51   33   22   45   32   47   21   28   30   64
   28440   26   23   26   62   53   29   40   34   53   35
   28460   32   15   52   34   48   42   45   46   55   29
   28480   35   21   33   39   28   46   46   44   27   70
   28500   41   44   45   60   41   36   50   46   27   37
   28520   30   32   25   38   31   42   43   61   43   37
   28540   15   28   31   37   25   29   49   52   33   46
   28560   28   38   48   36   41   43   37   48   41   37
   28580   28   17   20   36   56   33   34   28   19   34
   28600   26   27   39   32   43   17   26   42   27   16
   28620   45   31   52   41   39   43   20   31   39   41
   28640   53   33   33   35   33   47   35   23   36   23
   28660   48   18   48   58   36   35   43   34   29   27
   28680   40   45   48   16   43   29   38   47   49   25
   28700   32   31   49   40   35   47   39   17   34   26
   28720   20   28   36   33   45   43   47   27   35   45
   28740   45   12   27   21   31   34   23   48   33   29
   28760   20   19   33   26   53   17   27   56   23   28
   28780   50   25   25   62   29   18   34   46   25   51
   28800   51   40   34   34   60   37   44   34   34   19
   28820   43   24   54   28   34   42   54   64   26   32
   28840   29   28   48   39   30   46   34   42   43   43
   28860   32   38   22   45   45   45   53   44   54   20
   28880   28   51   37   33   21   45   31   42   46   48
   28900   69   24   15   34   30   38   34   35   42   25
   28920   25   28   29   34   43   42   27   22   29   27
   28940   37   28   32   40   40   27   32   21   27   36
   28960   34   36   32   29   24   47   25   46   33   30
   28980   25   24   17   40   25   34   14   35   19   26
   29000   42   24   62   39   42   32   34   36   36   19
   29020   27   38   28   44   21   49   41   18   50   48
   29040   53   46   27   30   32   30   44   33   35   25
   29060   28   39   38   25   19   58   28   43   31   31
   29080   30   31   33   29   33   47   30   42   34   38
   29100   48   33   58   39   55   58   37   55   49   49
   29120   42   52   52   35   38   33   58   26   28   39
   29140   37   53   42   46   42   39   24   57   26   59
   29160   28   31   47   61   36   51   29   20   31   45
   29180   27   50   38   30   50   40   30   36   33   45
   29200   43   26   45   62   43   51   36   37   43   37
   29220   47   39   50   37   41   39   30   11   25   67
   29240   64   24   45   44   42   48   40   28   40   30
   29260   19   31   33   46   22   32   47   48   33   24
   29280   40   29   60   51   32   51   63   36   55   24
   29300   30   24   35   42   41   65   35   75   28   27
   29320   34   35   56   31   55   47   33   39   47   33
   29340   47   41   44   43   48   29   68   54   19   62
   29360   58   29   63   29   44   30   43   42   26   37
   29380   37   33   26   47   56   38   42   40   47   29
   29400   49   46   76   40   44   36   45   36   28   31
   29420   74   28   58   58   45   37   29   42   50   49
   29440   40   27   28   57   43   41   28   26   44   38
   29460   29   75   66   47   59   33   29   39   34   23
   29480   32   48   52   29   37   50   17   43   28   60
   29500   52   35   40   37   33   23   57   24   26   35
   29520   43   55   57   47   42   17   40   53   29   33
   29540   46   55   28   37   40   34   46   37   49   53
   29560   68   31   36   28   34   61   28   30   25   37
   29580   64   46   35   14   50   44   32   34   67   44
   29600   40   41   51   41   33   21   34   33   60   52
   29620   29   58   46   38   33   24   36   51   31   51
   29640   24   39   16   47   37   42   55   18   43   34
   29660   26   33   65   25   59   33   65   32   29   58
   29680   60   20   22   41   49   42   37   39   39   37
   29700   38   20   40   38   27   39   46   39   27   26
   29720   25   35   45   35   59   67   22   22   18   44
   29740   27   47   45   51   35   30   54   45   36   21
   29760   26   53   32   34   44   57   37   53   28   39
   29780   37   45   34   45   57   22   40   27   37   44
   29800   27   33   37   51   37   32   22   21   32   55
   29820   29   33   48   39   43   47   52   22   46   34
   29840   23   47   31   19   32   43   60   44   66   26
   29860   20   24   27   30   48   34   56   30   25   32
   29880   36   44   25   41   45   36   58   37   26   30
   29900   33   30   65   22   45   60   36   43   41   37
   29920   37   41   26   41   45   27   40   48   35   31
   29940   47   36   40   45   32   29   60   35   36   38
   29960   52   43   40   33   50   29   30   36   46   33
   29980   26   33   32   36   47   42   46   31   43   39
   30000   33   46   34   35   22   31   45   37   40   26
