      20     0.000099275     0.000098799     0.985590000
      40     0.000194915     0.000193303     0.979900000
      60     0.000292223     0.000289051     0.980310000
      80     0.000392715     0.000387501     0.973040000
     100     0.000491131     0.000483727     0.972990000
     120     0.000585347     0.000575663     0.957900000
     140     0.000685021     0.000672719     0.959720000
     160     0.000773323     0.000758677     0.956550000
     180     0.000861576     0.000844610     0.954830000
     200     0.000950701     0.000931422     0.955040000
     220     0.001043935     0.001021821     0.944280000
     240     0.001127160     0.001102932     0.922510000
     260     0.001212432     0.001185574     0.918440000
     280     0.001300712     0.001271132     0.926260000
     300     0.001390579     0.001357845     0.914340000
     320     0.001470512     0.001435507     0.926280000
     340     0.001562107     0.001524020     0.904120000
     360     0.001646421     0.001605513     0.894700000
     380     0.001726537     0.001683284     0.894850000
     400     0.001803958     0.001758111     0.896500000
     420     0.001872907     0.001824535     0.879960000
     440     0.001951364     0.001899780     0.884300000
     460     0.002026140     0.001972166     0.886340000
     480     0.002106052     0.002048715     0.882160000
     500     0.002192360     0.002132619     0.882700000
     520     0.002266206     0.002204031     0.863720000
     540     0.002334477     0.002269802     0.863270000
     560     0.002413011     0.002345689     0.861800000
     580     0.002489145     0.002418235     0.855780000
     600     0.002564447     0.002490617     0.836980000
     620     0.002639004     0.002561967     0.833910000
     640     0.002716492     0.002636284     0.847430000
     660     0.002788225     0.002704097     0.833280000
     680     0.002867663     0.002779878     0.827530000
     700     0.002949328     0.002858029     0.816730000
     720     0.003024562     0.002929922     0.806640000
     740     0.003082197     0.002984907     0.813510000
     760     0.003154570     0.003053695     0.812910000
     780     0.003206743     0.003103891     0.791710000
     800     0.003269769     0.003164058     0.801750000
     820     0.003337535     0.003229235     0.794260000
     840     0.003401060     0.003289404     0.803010000
     860     0.003465467     0.003351238     0.808170000
     880     0.003527157     0.003410803     0.786820000
     900     0.003596224     0.003475880     0.777040000
     920     0.003659379     0.003535757     0.772070000
     940     0.003736403     0.003608371     0.771620000
     960     0.003794362     0.003664307     0.767900000
     980     0.003855731     0.003721926     0.754910000
    1000     0.003912239     0.003775468     0.768250000
    1020     0.003971238     0.003831685     0.769240000
    1040     0.004028836     0.003885557     0.750190000
    1060     0.004074502     0.003928612     0.750950000
    1080     0.004137137     0.003989091     0.744830000
    1100     0.004189751     0.004038791     0.738950000
    1120     0.004252436     0.004097730     0.730630000
    1140     0.004297570     0.004139144     0.728140000
    1160     0.004355224     0.004193033     0.737170000
    1180     0.004412455     0.004247614     0.730160000
    1200     0.004475774     0.004306116     0.729620000
    1220     0.004518197     0.004347336     0.724150000
    1240     0.004569747     0.004396711     0.735610000
    1260     0.004621426     0.004446146     0.726370000
    1280     0.004655674     0.004479189     0.721430000
    1300     0.004695696     0.004516337     0.717470000
    1320     0.004739607     0.004557594     0.723470000
    1340     0.004799156     0.004612794     0.699140000
    1360     0.004861701     0.004671461     0.703130000
    1380     0.004909266     0.004714653     0.689750000
    1400     0.004970661     0.004772738     0.706850000
    1420     0.005018561     0.004817225     0.697460000
    1440     0.005068690     0.004863370     0.681080000
    1460     0.005107244     0.004897972     0.674400000
    1480     0.005170703     0.004958745     0.685060000
    1500     0.005211991     0.004997951     0.693890000
    1520     0.005236156     0.005020547     0.682600000
    1540     0.005287190     0.005068130     0.673680000
    1560     0.005325524     0.005104276     0.681030000
    1580     0.005365449     0.005142663     0.670630000
    1600     0.005408397     0.005182214     0.663560000
    1620     0.005453939     0.005222648     0.663520000
    1640     0.005501380     0.005268066     0.660040000
    1660     0.005548316     0.005311196     0.667630000
    1680     0.005597069     0.005355102     0.646420000
    1700     0.005636285     0.005390599     0.657610000
    1720     0.005683087     0.005434903     0.653090000
    1740     0.005727175     0.005476368     0.659350000
    1760     0.005787532     0.005531471     0.645940000
    1780     0.005831501     0.005572402     0.642750000
    1800     0.005871420     0.005610469     0.640390000
    1820     0.005901152     0.005640152     0.647130000
    1840     0.005952242     0.005687910     0.634850000
    1860     0.005983302     0.005714199     0.616360000
    1880     0.006039318     0.005762424     0.631340000
    1900     0.006088105     0.005807089     0.636010000
    1920     0.006136309     0.005853594     0.631950000
    1940     0.006179018     0.005893285     0.622000000
    1960     0.006200104     0.005914859     0.627330000
    1980     0.006220032     0.005933283     0.630780000
    2000     0.006258453     0.005967824     0.609320000
    2020     0.006320649     0.006024013     0.613440000
    2040     0.006358306     0.006056840     0.600970000
    2060     0.006408703     0.006101636     0.595810000
    2080     0.006469952     0.006156507     0.596890000
    2100     0.006483151     0.006169494     0.595260000
    2120     0.006517822     0.006204433     0.597700000
    2140     0.006540929     0.006226667     0.608240000
    2160     0.006558082     0.006239993     0.590550000
    2180     0.006589144     0.006272036     0.603370000
    2200     0.006611909     0.006292566     0.601050000
    2220     0.006650571     0.006327871     0.587040000
    2240     0.006686898     0.006358972     0.583740000
    2260     0.006723511     0.006394231     0.587920000
    2280     0.006780520     0.006444655     0.589500000
    2300     0.006806324     0.006468701     0.586800000
    2320     0.006824525     0.006484518     0.576460000
    2340     0.006846507     0.006503478     0.579330000
    2360     0.006908692     0.006556703     0.574810000
    2380     0.006955600     0.006597646     0.570040000
    2400     0.006986935     0.006623862     0.563520000
    2420     0.007001311     0.006636016     0.565590000
    2440     0.007040072     0.006671632     0.562530000
    2460     0.007066873     0.006700398     0.568960000
    2480     0.007074454     0.006709462     0.568240000
    2500     0.007106056     0.006734660     0.555170000
    2520     0.007135617     0.006758632     0.567510000
    2540     0.007169728     0.006788779     0.563200000
    2560     0.007196414     0.006814203     0.560900000
    2580     0.007228821     0.006841563     0.553910000
    2600     0.007258214     0.006871125     0.547320000
    2620     0.007274151     0.006885565     0.549780000
    2640     0.007284993     0.006896206     0.557530000
    2660     0.007295514     0.006906773     0.564320000
    2680     0.007307432     0.006920250     0.557340000
    2700     0.007330878     0.006937666     0.540930000
    2720     0.007371721     0.006974965     0.547090000
    2740     0.007402670     0.007001916     0.550560000
    2760     0.007440818     0.007038401     0.539750000
    2780     0.007471264     0.007065460     0.557630000
    2800     0.007477218     0.007071334     0.543860000
    2820     0.007489507     0.007082830     0.539440000
    2840     0.007524457     0.007116277     0.541640000
    2860     0.007551366     0.007139295     0.530790000
    2880     0.007577817     0.007159536     0.532170000
    2900     0.007617541     0.007194907     0.526580000
    2920     0.007657767     0.007230988     0.526780000
    2940     0.007690103     0.007261212     0.532190000
    2960     0.007715286     0.007285367     0.526270000
    2980     0.007707401     0.007276244     0.527310000
    3000     0.007717991     0.007285211     0.520500000
    3020     0.007741577     0.007305374     0.521790000
    3040     0.007779379     0.007337631     0.531780000
    3060     0.007806419     0.007365329     0.543000000
    3080     0.007823681     0.007380626     0.522060000
    3100     0.007843466     0.007395493     0.517730000
    3120     0.007876263     0.007421814     0.519980000
    3140     0.007902880     0.007447575     0.514390000
    3160     0.007932672     0.007472715     0.498720000
    3180     0.007958272     0.007496946     0.511790000
    3200     0.007982943     0.007519630     0.502650000
    3220     0.008002684     0.007536594     0.516310000
    3240     0.008040046     0.007566954     0.497300000
    3260     0.008059712     0.007587803     0.513820000
    3280     0.008089845     0.007616277     0.504430000
    3300     0.008113057     0.007633293     0.507320000
    3320     0.008141553     0.007656334     0.512190000
    3340     0.008179294     0.007694512     0.518500000
    3360     0.008223751     0.007736241     0.502610000
    3380     0.008245807     0.007752186     0.496840000
    3400     0.008261796     0.007766558     0.509390000
    3420     0.008294556     0.007796650     0.509290000
    3440     0.008293200     0.007794275     0.502290000
    3460     0.008343167     0.007836389     0.488110000
    3480     0.008361584     0.007848317     0.476190000
    3500     0.008386415     0.007866597     0.482060000
    3520     0.008395186     0.007874352     0.498870000
    3540     0.008417541     0.007901880     0.491890000
    3560     0.008444807     0.007926716     0.488130000
    3580     0.008473316     0.007955413     0.480920000
    3600     0.008493812     0.007968098     0.483470000
    3620     0.008535320     0.008006999     0.485190000
    3640     0.008564273     0.008028152     0.471100000
    3660     0.008584726     0.008040226     0.463090000
    3680     0.008588509     0.008040357     0.465700000
    3700     0.008609971     0.008056881     0.479480000
    3720     0.008603803     0.008054048     0.478400000
    3740     0.008649679     0.008096753     0.478050000
    3760     0.008649613     0.008101169     0.482200000
    3780     0.008669344     0.008120265     0.475930000
    3800     0.008689625     0.008133945     0.462140000
    3820     0.008672995     0.008114739     0.467010000
    3840     0.008701910     0.008136938     0.463300000
    3860     0.008691231     0.008127194     0.459680000
    3880     0.008685745     0.008116796     0.454700000
    3900     0.008690221     0.008119065     0.468270000
    3920     0.008709320     0.008138056     0.467820000
    3940     0.008750620     0.008178057     0.474540000
    3960     0.008761186     0.008192937     0.462790000
    3980     0.008780348     0.008208517     0.465480000
    4000     0.008818486     0.008242427     0.452180000
    4020     0.008799479     0.008220124     0.461130000
    4040     0.008822649     0.008244207     0.463020000
    4060     0.008821312     0.008246156     0.451930000
    4080     0.008854473     0.008269233     0.447350000
    4100     0.008870965     0.008285738     0.459470000
    4120     0.008895496     0.008304499     0.449400000
    4140     0.008912004     0.008324670     0.461510000
    4160     0.008897762     0.008312598     0.450370000
    4180     0.008919697     0.008330776     0.457870000
    4200     0.008940899     0.008348080     0.454460000
    4220     0.008947365     0.008352427     0.451590000
    4240     0.008952044     0.008353538     0.443450000
    4260     0.008955879     0.008356142     0.455560000
    4280     0.008976839     0.008372531     0.444340000
    4300     0.008985537     0.008380515     0.441610000
    4320     0.009007970     0.008399524     0.444970000
    4340     0.009022784     0.008412772     0.446840000
    4360     0.009002394     0.008397613     0.447740000
    4380     0.009026530     0.008411153     0.445650000
    4400     0.009037960     0.008420508     0.446140000
    4420     0.009061919     0.008440328     0.444210000
    4440     0.009035252     0.008417668     0.451930000
    4460     0.009035342     0.008415136     0.454770000
    4480     0.009062192     0.008440512     0.450940000
    4500     0.009070792     0.008454863     0.446510000
    4520     0.009061097     0.008449310     0.443720000
    4540     0.009100926     0.008478364     0.439760000
    4560     0.009084831     0.008463734     0.445760000
    4580     0.009121779     0.008495090     0.435850000
    4600     0.009114195     0.008486896     0.432600000
    4620     0.009136325     0.008505800     0.430910000
    4640     0.009103270     0.008479447     0.435730000
    4660     0.009110867     0.008490162     0.433680000
    4680     0.009145445     0.008516300     0.432560000
    4700     0.009135182     0.008502572     0.434330000
    4720     0.009118196     0.008487214     0.432210000
    4740     0.009133119     0.008502774     0.434710000
    4760     0.009157179     0.008527676     0.444720000
    4780     0.009168238     0.008543240     0.439650000
    4800     0.009185120     0.008555777     0.437840000
    4820     0.009196693     0.008564817     0.438120000
    4840     0.009223564     0.008584680     0.429720000
    4860     0.009230299     0.008588317     0.439830000
    4880     0.009228994     0.008583443     0.434730000
    4900     0.009239676     0.008592429     0.441670000
    4920     0.009241120     0.008601244     0.436970000
    4940     0.009235165     0.008597409     0.443340000
    4960     0.009238343     0.008600050     0.437010000
    4980     0.009225388     0.008587641     0.446810000
    5000     0.009240236     0.008598833     0.443250000
    5020     0.009182095     0.008549594     0.433430000
    5040     0.009180994     0.008538946     0.428550000
    5060     0.009196160     0.008554754     0.432500000
    5080     0.009213136     0.008572063     0.436060000
    5100     0.009214537     0.008573091     0.436150000
    5120     0.009201806     0.008562879     0.432890000
    5140     0.009239139     0.008593958     0.440080000
    5160     0.009257487     0.008612789     0.422110000
    5180     0.009244255     0.008597688     0.426200000
    5200     0.009236854     0.008588653     0.432550000
    5220     0.009253580     0.008602727     0.430330000
    5240     0.009304876     0.008642783     0.419110000
    5260     0.009321563     0.008662059     0.436640000
    5280     0.009315408     0.008658649     0.431650000
    5300     0.009316828     0.008663417     0.434380000
    5320     0.009336427     0.008682069     0.434320000
    5340     0.009335061     0.008681747     0.434340000
    5360     0.009334942     0.008686844     0.432180000
    5380     0.009357142     0.008706838     0.436430000
    5400     0.009382136     0.008726803     0.438390000
    5420     0.009378880     0.008724009     0.430080000
    5440     0.009361854     0.008711895     0.434450000
    5460     0.009368219     0.008720183     0.435760000
    5480     0.009344243     0.008695961     0.439820000
    5500     0.009334181     0.008682923     0.442690000
    5520     0.009323410     0.008672595     0.427320000
    5540     0.009336057     0.008678094     0.428390000
    5560     0.009346359     0.008679235     0.422880000
    5580     0.009369739     0.008702291     0.428500000
    5600     0.009403019     0.008731692     0.430760000
    5620     0.009394821     0.008722600     0.421130000
    5640     0.009418434     0.008740590     0.420500000
    5660     0.009426314     0.008749164     0.417680000
    5680     0.009386722     0.008716389     0.437740000
    5700     0.009412485     0.008736138     0.417060000
    5720     0.009424293     0.008740630     0.413980000
    5740     0.009457983     0.008769629     0.416320000
    5760     0.009470956     0.008782145     0.416450000
    5780     0.009498719     0.008807950     0.434600000
    5800     0.009495778     0.008807071     0.422890000
    5820     0.009517421     0.008825298     0.415190000
    5840     0.009532336     0.008831819     0.416580000
    5860     0.009546103     0.008842983     0.414750000
    5880     0.009579977     0.008872157     0.421520000
    5900     0.009609451     0.008896281     0.407090000
    5920     0.009617598     0.008897073     0.408460000
    5940     0.009618816     0.008901085     0.417170000
    5960     0.009657933     0.008940878     0.415130000
    5980     0.009639431     0.008922688     0.406110000
    6000     0.009603965     0.008896073     0.409580000
    6020     0.009610440     0.008900347     0.412620000
    6040     0.009606429     0.008897705     0.417240000
    6060     0.009604649     0.008898212     0.403580000
    6080     0.009633458     0.008924796     0.412730000
    6100     0.009632121     0.008918295     0.408610000
    6120     0.009609312     0.008902376     0.418130000
    6140     0.009595762     0.008887543     0.421470000
    6160     0.009594446     0.008885141     0.422290000
    6180     0.009579891     0.008875826     0.428840000
    6200     0.009568142     0.008867465     0.413890000
    6220     0.009594235     0.008889823     0.409060000
    6240     0.009600922     0.008893692     0.427090000
    6260     0.009599921     0.008894111     0.417560000
    6280     0.009579005     0.008875606     0.416180000
    6300     0.009598148     0.008895788     0.421960000
    6320     0.009601961     0.008894668     0.411730000
    6340     0.009631729     0.008921049     0.421350000
    6360     0.009639886     0.008928570     0.420600000
    6380     0.009673777     0.008962208     0.411110000
    6400     0.009677943     0.008961252     0.411200000
    6420     0.009670491     0.008951310     0.398140000
    6440     0.009671540     0.008948686     0.413890000
    6460     0.009709039     0.008981955     0.418840000
    6480     0.009735736     0.009003699     0.409710000
    6500     0.009743906     0.009014712     0.397900000
    6520     0.009753250     0.009008530     0.392700000
    6540     0.009762801     0.009021453     0.407570000
    6560     0.009737419     0.009004455     0.413280000
    6580     0.009739152     0.009008820     0.407360000
    6600     0.009780779     0.009037723     0.393670000
    6620     0.009785255     0.009041070     0.405300000
    6640     0.009796536     0.009057688     0.401250000
    6660     0.009809159     0.009068863     0.394200000
    6680     0.009837544     0.009090538     0.403380000
    6700     0.009810857     0.009066577     0.413830000
    6720     0.009808387     0.009064364     0.397700000
    6740     0.009814315     0.009066007     0.405330000
    6760     0.009847719     0.009095855     0.402460000
    6780     0.009837366     0.009088273     0.404840000
    6800     0.009837609     0.009086632     0.401560000
    6820     0.009801986     0.009055480     0.402590000
    6840     0.009789871     0.009037179     0.391840000
    6860     0.009768502     0.009023140     0.397850000
    6880     0.009758280     0.009015671     0.405550000
    6900     0.009748010     0.009002148     0.406680000
    6920     0.009738625     0.008998882     0.410720000
    6940     0.009736479     0.008999341     0.400860000
    6960     0.009722014     0.008984169     0.392360000
    6980     0.009713681     0.008975159     0.406360000
    7000     0.009737502     0.008995853     0.403370000
    7020     0.009748201     0.009007344     0.407140000
    7040     0.009729817     0.008992574     0.397600000
    7060     0.009734849     0.008991749     0.410160000
    7080     0.009717405     0.008982634     0.412680000
    7100     0.009708136     0.008977987     0.412830000
    7120     0.009701799     0.008972725     0.397200000
    7140     0.009699035     0.008965811     0.403260000
    7160     0.009738753     0.009006412     0.405450000
    7180     0.009728417     0.009000496     0.413180000
    7200     0.009719667     0.008989286     0.405770000
    7220     0.009714359     0.008981501     0.413620000
    7240     0.009703071     0.008971503     0.407150000
    7260     0.009664293     0.008932933     0.404780000
    7280     0.009712180     0.008974644     0.409700000
    7300     0.009735994     0.008996898     0.406130000
    7320     0.009751044     0.009014033     0.411520000
    7340     0.009746027     0.009005901     0.408750000
    7360     0.009790903     0.009049682     0.409750000
    7380     0.009780695     0.009046282     0.408170000
    7400     0.009801614     0.009060327     0.400270000
    7420     0.009812896     0.009071208     0.405320000
    7440     0.009783909     0.009048682     0.405210000
    7460     0.009761971     0.009024522     0.402330000
    7480     0.009743163     0.009010955     0.408220000
    7500     0.009755889     0.009020069     0.399930000
    7520     0.009766528     0.009025246     0.402640000
    7540     0.009758023     0.009019606     0.415590000
    7560     0.009779479     0.009043060     0.404890000
    7580     0.009779440     0.009036518     0.402600000
    7600     0.009784359     0.009037333     0.404000000
    7620     0.009776808     0.009033416     0.399600000
    7640     0.009779229     0.009039388     0.401810000
    7660     0.009771913     0.009032821     0.403410000
    7680     0.009769226     0.009027973     0.407410000
    7700     0.009746435     0.009006891     0.399090000
    7720     0.009785437     0.009034350     0.400180000
    7740     0.009754838     0.009006221     0.397280000
    7760     0.009763217     0.009013273     0.395780000
    7780     0.009772356     0.009018680     0.401930000
    7800     0.009789024     0.009033184     0.401440000
    7820     0.009804878     0.009043161     0.404800000
    7840     0.009777484     0.009020415     0.395460000
    7860     0.009778215     0.009031464     0.408680000
    7880     0.009824664     0.009073430     0.409210000
    7900     0.009856709     0.009104619     0.409640000
    7920     0.009829391     0.009088494     0.400670000
    7940     0.009859153     0.009115311     0.409030000
    7960     0.009891847     0.009140450     0.402110000
    7980     0.009914664     0.009154134     0.400230000
    8000     0.009945152     0.009180909     0.404100000
    8020     0.009941779     0.009172513     0.389910000
    8040     0.009936789     0.009164975     0.386600000
    8060     0.009950510     0.009172368     0.386820000
    8080     0.009962626     0.009178291     0.381480000
    8100     0.009959806     0.009174378     0.389870000
    8120     0.009990628     0.009201828     0.398970000
    8140     0.009995499     0.009212920     0.391910000
    8160     0.010008498     0.009220535     0.398230000
    8180     0.010008737     0.009226969     0.399400000
    8200     0.010020622     0.009241516     0.395940000
    8220     0.010030935     0.009250661     0.395860000
    8240     0.010034960     0.009253991     0.392580000
    8260     0.010024755     0.009238677     0.390990000
    8280     0.010025125     0.009242723     0.396760000
    8300     0.010046584     0.009257147     0.382690000
    8320     0.010047485     0.009252280     0.386680000
    8340     0.010029828     0.009241279     0.382340000
    8360     0.010038833     0.009247879     0.396510000
    8380     0.010052197     0.009259863     0.396170000
    8400     0.010026489     0.009242070     0.396220000
    8420     0.010001004     0.009222655     0.407730000
    8440     0.010022395     0.009239432     0.387570000
    8460     0.010062935     0.009276036     0.383080000
    8480     0.010064705     0.009274570     0.386990000
    8500     0.010061789     0.009273489     0.391750000
    8520     0.010048500     0.009259681     0.385350000
    8540     0.010053226     0.009264487     0.383360000
    8560     0.010050720     0.009263757     0.393220000
    8580     0.010048526     0.009261226     0.382910000
    8600     0.010051392     0.009262858     0.396750000
    8620     0.010020667     0.009237129     0.390560000
    8640     0.010021208     0.009239781     0.398170000
    8660     0.009996826     0.009223588     0.391710000
    8680     0.009993919     0.009214379     0.390290000
    8700     0.009965881     0.009183597     0.382640000
    8720     0.009992338     0.009201309     0.386920000
    8740     0.009973379     0.009184705     0.395460000
    8760     0.009969069     0.009185770     0.403730000
    8780     0.009944252     0.009178046     0.401570000
    8800     0.009959914     0.009189666     0.403060000
    8820     0.009962632     0.009192582     0.396290000
    8840     0.009983296     0.009207210     0.400060000
    8860     0.009960637     0.009190073     0.394110000
    8880     0.009959757     0.009186411     0.396020000
    8900     0.009940904     0.009175441     0.396330000
    8920     0.009917785     0.009148334     0.393030000
    8940     0.009962710     0.009179319     0.387920000
    8960     0.009940768     0.009160663     0.391730000
    8980     0.009940872     0.009158427     0.396980000
    9000     0.009968859     0.009184055     0.392880000
    9020     0.009992868     0.009205078     0.394140000
    9040     0.009980425     0.009192522     0.409240000
    9060     0.009967376     0.009191468     0.403990000
    9080     0.009989292     0.009209685     0.393160000
    9100     0.009998894     0.009218665     0.380650000
    9120     0.010003330     0.009213981     0.391990000
    9140     0.010004623     0.009222236     0.388880000
    9160     0.009976089     0.009198094     0.390940000
    9180     0.009972933     0.009190947     0.396100000
    9200     0.009998720     0.009212634     0.402420000
    9220     0.009980637     0.009202174     0.391030000
    9240     0.010008327     0.009227507     0.397880000
    9260     0.009991209     0.009211162     0.399070000
    9280     0.010009885     0.009228604     0.391020000
    9300     0.010010636     0.009226631     0.393910000
    9320     0.010003493     0.009220096     0.402060000
    9340     0.009942966     0.009167226     0.385340000
    9360     0.009967576     0.009194534     0.394670000
    9380     0.009898185     0.009126459     0.379670000
    9400     0.009931959     0.009153230     0.394780000
    9420     0.009938509     0.009164305     0.391010000
    9440     0.009959808     0.009178004     0.394140000
    9460     0.009957978     0.009179936     0.396010000
    9480     0.009974716     0.009197627     0.411030000
    9500     0.009941887     0.009171816     0.397580000
    9520     0.009948390     0.009171169     0.391890000
    9540     0.009924525     0.009146778     0.387390000
    9560     0.009875917     0.009103735     0.386790000
    9580     0.009866390     0.009093058     0.385650000
    9600     0.009908379     0.009133146     0.389900000
    9620     0.009910226     0.009136043     0.398400000
    9640     0.009931794     0.009151770     0.386930000
    9660     0.009938463     0.009156835     0.392560000
    9680     0.009968024     0.009183738     0.397090000
    9700     0.010010445     0.009223771     0.400250000
    9720     0.009975807     0.009191782     0.388820000
    9740     0.010035977     0.009245196     0.391480000
    9760     0.010052425     0.009259027     0.395880000
    9780     0.010061939     0.009270489     0.378400000
    9800     0.010067261     0.009276961     0.383710000
    9820     0.010072570     0.009278943     0.374320000
    9840     0.010066527     0.009266491     0.384370000
    9860     0.010007581     0.009213960     0.383920000
    9880     0.010014452     0.009224481     0.388640000
    9900     0.010040407     0.009243862     0.388270000
    9920     0.010039567     0.009248836     0.391100000
    9940     0.010037747     0.009240755     0.380340000
    9960     0.010034008     0.009238127     0.399270000
    9980     0.009995822     0.009211849     0.395790000
   10000     0.009973616     0.009191516     0.395060000
   10020     0.009973808     0.009193013     0.394720000
   10040     0.009969358     0.009196647     0.395730000
   10060     0.009985750     0.009201418     0.394850000
   10080     0.009976764     0.009199018     0.399630000
   10100     0.009953161     0.009179963     0.390350000
   10120     0.009931708     0.009158234     0.388570000
   10140     0.009929329     0.009155546     0.387620000
   10160     0.009965362     0.009180535     0.388320000
   10180     0.009951786     0.009176683     0.404120000
   10200     0.009981392     0.009204644     0.389500000
   10220     0.009984901     0.009208599     0.391220000
   10240     0.009955613     0.009175643     0.381690000
   10260     0.009980392     0.009189087     0.374050000
   10280     0.009968296     0.009178016     0.387490000
   10300     0.009949131     0.009161260     0.392100000
   10320     0.009957128     0.009171530     0.394590000
   10340     0.009956131     0.009180702     0.394390000
   10360     0.009972825     0.009188219     0.384060000
   10380     0.009942935     0.009158320     0.391920000
   10400     0.009948426     0.009170025     0.396240000
   10420     0.009961736     0.009178781     0.390730000
   10440     0.009947950     0.009166492     0.382010000
   10460     0.009940992     0.009155616     0.387470000
   10480     0.009904524     0.009122213     0.395540000
   10500     0.009915680     0.009133940     0.395460000
   10520     0.009918181     0.009138795     0.393310000
   10540     0.009957328     0.009166949     0.391260000
   10560     0.009926710     0.009141351     0.386200000
   10580     0.009900228     0.009118023     0.376670000
   10600     0.009904366     0.009117908     0.390860000
   10620     0.009906321     0.009122686     0.403150000
   10640     0.009900906     0.009132051     0.413220000
   10660     0.009882050     0.009120323     0.413000000
   10680     0.009856030     0.009106009     0.409340000
   10700     0.009870742     0.009114844     0.400360000
   10720     0.009857970     0.009099692     0.395720000
   10740     0.009840949     0.009086197     0.395580000
   10760     0.009854967     0.009093730     0.396260000
   10780     0.009855198     0.009093149     0.396160000
   10800     0.009859044     0.009099287     0.407200000
   10820     0.009851725     0.009096274     0.402230000
   10840     0.009824991     0.009069257     0.400430000
   10860     0.009810300     0.009053843     0.405970000
   10880     0.009829628     0.009075947     0.409510000
   10900     0.009851853     0.009090344     0.388890000
   10920     0.009860776     0.009090797     0.390280000
   10940     0.009850499     0.009085375     0.398860000
   10960     0.009809014     0.009048074     0.387060000
   10980     0.009807550     0.009044116     0.400930000
   11000     0.009816391     0.009048316     0.392020000
   11020     0.009833459     0.009063644     0.399450000
   11040     0.009830341     0.009065575     0.407900000
   11060     0.009821632     0.009063076     0.401240000
   11080     0.009848356     0.009081242     0.385310000
   11100     0.009864243     0.009098650     0.396560000
   11120     0.009878138     0.009114045     0.403360000
   11140     0.009865262     0.009103653     0.405590000
   11160     0.009880644     0.009125793     0.413670000
   11180     0.009893523     0.009144216     0.412450000
   11200     0.009908791     0.009153302     0.396560000
   11220     0.009881391     0.009121510     0.390180000
   11240     0.009889255     0.009126598     0.392420000
   11260     0.009904540     0.009136553     0.394840000
   11280     0.009872394     0.009102034     0.392490000
   11300     0.009876958     0.009109281     0.395140000
   11320     0.009892213     0.009120112     0.387860000
   11340     0.009889524     0.009118570     0.400040000
   11360     0.009884745     0.009117903     0.397610000
   11380     0.009870265     0.009111148     0.398030000
   11400     0.009869115     0.009108300     0.397180000
   11420     0.009844268     0.009085134     0.397760000
   11440     0.009837330     0.009073556     0.399020000
   11460     0.009830454     0.009064451     0.401450000
   11480     0.009820844     0.009050920     0.394440000
   11500     0.009828987     0.009060680     0.398780000
   11520     0.009821184     0.009058443     0.395640000
   11540     0.009840680     0.009069243     0.396970000
   11560     0.009816163     0.009056179     0.400330000
   11580     0.009805458     0.009052413     0.399400000
   11600     0.009813980     0.009056672     0.402700000
   11620     0.009832989     0.009068701     0.396830000
   11640     0.009835328     0.009068396     0.391230000
   11660     0.009836202     0.009068976     0.379350000
   11680     0.009848461     0.009073992     0.380300000
   11700     0.009910094     0.009135476     0.406100000
   11720     0.009914293     0.009139358     0.403550000
   11740     0.009927798     0.009156327     0.402920000
   11760     0.009946058     0.009178030     0.403740000
   11780     0.009947141     0.009175260     0.396670000
   11800     0.009942039     0.009175508     0.407150000
   11820     0.009945485     0.009179613     0.394420000
   11840     0.009936928     0.009167733     0.402050000
   11860     0.009965486     0.009192688     0.402940000
   11880     0.009995355     0.009220362     0.397820000
   11900     0.009999204     0.009222038     0.390160000
   11920     0.009967014     0.009189600     0.387400000
   11940     0.009968729     0.009178945     0.385770000
   11960     0.009998086     0.009201393     0.376930000
   11980     0.009998201     0.009207416     0.380270000
   12000     0.009971608     0.009180606     0.388630000
   12020     0.009967905     0.009179344     0.389570000
   12040     0.009975316     0.009184618     0.389410000
   12060     0.009973386     0.009185844     0.382300000
   12080     0.009971641     0.009179023     0.386870000
   12100     0.009968496     0.009177506     0.397400000
   12120     0.009953385     0.009161418     0.392590000
   12140     0.009957268     0.009167826     0.388830000
   12160     0.009990877     0.009197765     0.385880000
   12180     0.009986676     0.009198840     0.394950000
   12200     0.010001242     0.009210221     0.393050000
   12220     0.010013506     0.009220411     0.403670000
   12240     0.010005005     0.009213478     0.392260000
   12260     0.010033734     0.009231677     0.381650000
   12280     0.010062103     0.009259024     0.382220000
   12300     0.010052074     0.009248699     0.378750000
   12320     0.010065174     0.009256525     0.380730000
   12340     0.010132480     0.009313426     0.385530000
   12360     0.010155270     0.009334459     0.383130000
   12380     0.010162961     0.009340059     0.381180000
   12400     0.010172745     0.009349370     0.385080000
   12420     0.010154254     0.009335733     0.377990000
   12440     0.010160376     0.009329660     0.368060000
   12460     0.010141721     0.009308980     0.364620000
   12480     0.010179479     0.009335960     0.376360000
   12500     0.010198772     0.009362501     0.376440000
   12520     0.010193114     0.009356534     0.364980000
   12540     0.010210985     0.009371481     0.368040000
   12560     0.010226172     0.009380159     0.373490000
   12580     0.010209379     0.009363263     0.364940000
   12600     0.010204820     0.009361241     0.376890000
   12620     0.010199535     0.009359156     0.375360000
   12640     0.010211333     0.009367696     0.367810000
   12660     0.010224523     0.009374699     0.369940000
   12680     0.010224380     0.009385321     0.372480000
   12700     0.010207827     0.009378634     0.392810000
   12720     0.010240115     0.009405337     0.378800000
   12740     0.010272020     0.009436103     0.371840000
   12760     0.010251504     0.009415953     0.369580000
   12780     0.010245843     0.009412796     0.377680000
   12800     0.010249534     0.009412973     0.379470000
   12820     0.010216886     0.009386878     0.387830000
   12840     0.010244760     0.009411743     0.375770000
   12860     0.010232091     0.009396658     0.376490000
   12880     0.010255005     0.009416747     0.371680000
   12900     0.010294373     0.009443499     0.376540000
   12920     0.010284878     0.009430726     0.371640000
   12940     0.010230198     0.009389419     0.372180000
   12960     0.010223070     0.009380173     0.374480000
   12980     0.010221056     0.009379095     0.379650000
   13000     0.010242753     0.009402716     0.379280000
   13020     0.010249327     0.009405648     0.374040000
   13040     0.010242361     0.009399883     0.373020000
   13060     0.010248266     0.009406763     0.369840000
   13080     0.010252570     0.009411787     0.385760000
   13100     0.010223798     0.009395454     0.386950000
   13120     0.010238786     0.009412170     0.385000000
   13140     0.010248336     0.009421093     0.395180000
   13160     0.010233204     0.009406552     0.379400000
   13180     0.010231749     0.009403658     0.373550000
   13200     0.010257081     0.009427503     0.381880000
   13220     0.010262850     0.009436237     0.373900000
   13240     0.010303220     0.009468042     0.376510000
   13260     0.010282907     0.009442132     0.366150000
   13280     0.010296544     0.009447830     0.374200000
   13300     0.010324869     0.009474864     0.374990000
   13320     0.010331375     0.009483469     0.375220000
   13340     0.010316669     0.009461593     0.371750000
   13360     0.010363259     0.009499474     0.361770000
   13380     0.010385623     0.009523650     0.368370000
   13400     0.010407948     0.009544569     0.369130000
   13420     0.010419887     0.009553581     0.365300000
   13440     0.010436555     0.009566075     0.361110000
   13460     0.010445375     0.009573304     0.364750000
   13480     0.010445693     0.009574211     0.358270000
   13500     0.010414763     0.009553121     0.364570000
   13520     0.010390113     0.009525389     0.361370000
   13540     0.010387142     0.009519615     0.363730000
   13560     0.010374215     0.009499876     0.362420000
   13580     0.010386051     0.009509610     0.357930000
   13600     0.010408065     0.009527718     0.353120000
   13620     0.010398097     0.009520793     0.372100000
   13640     0.010417510     0.009531435     0.362270000
   13660     0.010419601     0.009543612     0.368440000
   13680     0.010418218     0.009538270     0.364440000
   13700     0.010422657     0.009542757     0.362050000
   13720     0.010449061     0.009560145     0.362320000
   13740     0.010420544     0.009535017     0.355990000
   13760     0.010430925     0.009554752     0.370410000
   13780     0.010422793     0.009553334     0.374220000
   13800     0.010422306     0.009552357     0.368300000
   13820     0.010367695     0.009504771     0.360480000
   13840     0.010368984     0.009506539     0.365880000
   13860     0.010375705     0.009510958     0.368440000
   13880     0.010353199     0.009489379     0.365380000
   13900     0.010348333     0.009482451     0.355340000
   13920     0.010383277     0.009510877     0.356870000
   13940     0.010393282     0.009516729     0.364250000
   13960     0.010371439     0.009497887     0.360730000
   13980     0.010388277     0.009510172     0.361300000
   14000     0.010389257     0.009510530     0.366670000
   14020     0.010377350     0.009504760     0.362370000
   14040     0.010351738     0.009485268     0.361680000
   14060     0.010358856     0.009492705     0.365280000
   14080     0.010346630     0.009482724     0.371260000
   14100     0.010366030     0.009504814     0.378060000
   14120     0.010350341     0.009483005     0.365720000
   14140     0.010328693     0.009464338     0.365950000
   14160     0.010348841     0.009491154     0.368700000
   14180     0.010296363     0.009447265     0.370210000
   14200     0.010287604     0.009437473     0.369880000
   14220     0.010276671     0.009423994     0.372420000
   14240     0.010259820     0.009409219     0.369880000
   14260     0.010268272     0.009416120     0.367820000
   14280     0.010286056     0.009427568     0.375200000
   14300     0.010257568     0.009412326     0.367530000
   14320     0.010263265     0.009415293     0.366780000
   14340     0.010246237     0.009397143     0.381570000
   14360     0.010242050     0.009394183     0.377360000
   14380     0.010210835     0.009372929     0.384060000
   14400     0.010227339     0.009393127     0.374660000
   14420     0.010193416     0.009363198     0.383460000
   14440     0.010185828     0.009354632     0.380700000
   14460     0.010186194     0.009352889     0.365440000
   14480     0.010205112     0.009360065     0.367180000
   14500     0.010206466     0.009357664     0.367950000
   14520     0.010207675     0.009355049     0.377960000
   14540     0.010201307     0.009355428     0.376930000
   14560     0.010199251     0.009360499     0.385860000
   14580     0.010214721     0.009377287     0.367460000
   14600     0.010222743     0.009386837     0.372330000
   14620     0.010210297     0.009381038     0.381330000
   14640     0.010225192     0.009392431     0.374340000
   14660     0.010217504     0.009383993     0.372620000
   14680     0.010204447     0.009370856     0.375690000
   14700     0.010217171     0.009383210     0.385370000
   14720     0.010224148     0.009385860     0.374100000
   14740     0.010205033     0.009367665     0.378080000
   14760     0.010225254     0.009384868     0.379830000
   14780     0.010193927     0.009356866     0.376770000
   14800     0.010191900     0.009355043     0.376700000
   14820     0.010148908     0.009315816     0.369270000
   14840     0.010173728     0.009331734     0.376920000
   14860     0.010186439     0.009347264     0.373670000
   14880     0.010209843     0.009371779     0.372190000
   14900     0.010199997     0.009367656     0.376060000
   14920     0.010199270     0.009363215     0.381040000
   14940     0.010209218     0.009372046     0.381540000
   14960     0.010191378     0.009356591     0.374730000
   14980     0.010145860     0.009319664     0.369180000
   15000     0.010149977     0.009308665     0.364260000
   15020     0.010155696     0.009311972     0.384740000
   15040     0.010165771     0.009323573     0.382430000
   15060     0.010126712     0.009289220     0.375770000
   15080     0.010142644     0.009301106     0.375830000
   15100     0.010159262     0.009321837     0.387260000
   15120     0.010130575     0.009303528     0.380490000
   15140     0.010178855     0.009343742     0.379060000
   15160     0.010202618     0.009367204     0.378340000
   15180     0.010163518     0.009335756     0.387850000
   15200     0.010100700     0.009283147     0.387960000
   15220     0.010114706     0.009298614     0.389510000
   15240     0.010123659     0.009306108     0.386880000
   15260     0.010139814     0.009321961     0.382110000
   15280     0.010104011     0.009288195     0.375760000
   15300     0.010089030     0.009270243     0.380140000
   15320     0.010104262     0.009277066     0.381760000
   15340     0.010118762     0.009291815     0.376630000
   15360     0.010065787     0.009247194     0.377630000
   15380     0.010082642     0.009273095     0.397860000
   15400     0.010096517     0.009289759     0.394050000
   15420     0.010091456     0.009282172     0.387950000
   15440     0.010119262     0.009300892     0.391380000
   15460     0.010097793     0.009282933     0.389070000
   15480     0.010099142     0.009290586     0.391950000
   15500     0.010123325     0.009303927     0.382380000
   15520     0.010129065     0.009311472     0.391900000
   15540     0.010123309     0.009305725     0.389870000
   15560     0.010124646     0.009315515     0.392150000
   15580     0.010120560     0.009299091     0.374860000
   15600     0.010143609     0.009317275     0.382060000
   15620     0.010134006     0.009306915     0.377420000
   15640     0.010138900     0.009307102     0.377840000
   15660     0.010116632     0.009279805     0.372870000
   15680     0.010105941     0.009268971     0.375070000
   15700     0.010131056     0.009292022     0.376210000
   15720     0.010150536     0.009316770     0.384910000
   15740     0.010129753     0.009298146     0.385200000
   15760     0.010123035     0.009297566     0.379670000
   15780     0.010126635     0.009297782     0.382700000
   15800     0.010153467     0.009322894     0.383900000
   15820     0.010147892     0.009319745     0.379600000
   15840     0.010143518     0.009312737     0.383880000
   15860     0.010166528     0.009338312     0.386420000
   15880     0.010150838     0.009324507     0.379890000
   15900     0.010128211     0.009297791     0.370430000
   15920     0.010114442     0.009286284     0.389650000
   15940     0.010117328     0.009293706     0.380400000
   15960     0.010118291     0.009296696     0.387060000
   15980     0.010123723     0.009299647     0.382000000
   16000     0.010079330     0.009257382     0.386220000
   16020     0.010065159     0.009243403     0.379130000
   16040     0.010066608     0.009249881     0.391400000
   16060     0.010087301     0.009272374     0.399600000
   16080     0.010104634     0.009291455     0.382960000
   16100     0.010102189     0.009293624     0.375010000
   16120     0.010094150     0.009283453     0.379230000
   16140     0.010127274     0.009307673     0.381910000
   16160     0.010146041     0.009321946     0.389690000
   16180     0.010133448     0.009312043     0.383900000
   16200     0.010143292     0.009315548     0.373360000
   16220     0.010156992     0.009328231     0.376810000
   16240     0.010129776     0.009301924     0.374170000
   16260     0.010154439     0.009323030     0.373590000
   16280     0.010127139     0.009302000     0.387730000
   16300     0.010098799     0.009282723     0.390460000
   16320     0.010124823     0.009306913     0.384380000
   16340     0.010117816     0.009298704     0.383350000
   16360     0.010133607     0.009313702     0.380700000
   16380     0.010130498     0.009316108     0.393500000
   16400     0.010105844     0.009294168     0.379130000
   16420     0.010084951     0.009271560     0.383260000
   16440     0.010064983     0.009259504     0.381170000
   16460     0.010096312     0.009285509     0.386200000
   16480     0.010145283     0.009323284     0.382910000
   16500     0.010174278     0.009347835     0.393140000
   16520     0.010180580     0.009356173     0.384890000
   16540     0.010199064     0.009369301     0.372760000
   16560     0.010216544     0.009382823     0.379750000
   16580     0.010246034     0.009406228     0.374610000
   16600     0.010269637     0.009426748     0.380410000
   16620     0.010270164     0.009423352     0.373890000
   16640     0.010294149     0.009445208     0.368950000
   16660     0.010285612     0.009439480     0.367150000
   16680     0.010278032     0.009436456     0.367690000
   16700     0.010266649     0.009427683     0.371270000
   16720     0.010260623     0.009425170     0.377720000
   16740     0.010259016     0.009423378     0.383870000
   16760     0.010278116     0.009442849     0.385690000
   16780     0.010262740     0.009423213     0.369920000
   16800     0.010291344     0.009439662     0.362080000
   16820     0.010308592     0.009448451     0.368210000
   16840     0.010301344     0.009450260     0.384910000
   16860     0.010307538     0.009464030     0.383630000
   16880     0.010306023     0.009462320     0.378010000
   16900     0.010311986     0.009469196     0.374610000
   16920     0.010282240     0.009439678     0.370270000
   16940     0.010297594     0.009444046     0.360440000
   16960     0.010311555     0.009452531     0.372230000
   16980     0.010288711     0.009429911     0.367850000
   17000     0.010324646     0.009466784     0.369780000
   17020     0.010321009     0.009465944     0.374990000
   17040     0.010341623     0.009492556     0.383690000
   17060     0.010326068     0.009485179     0.372050000
   17080     0.010311556     0.009466086     0.371710000
   17100     0.010303825     0.009463058     0.363210000
   17120     0.010291298     0.009449463     0.374040000
   17140     0.010308947     0.009460297     0.368920000
   17160     0.010280436     0.009432438     0.371100000
   17180     0.010281259     0.009435261     0.382520000
   17200     0.010281442     0.009441414     0.383440000
   17220     0.010275169     0.009438438     0.378250000
   17240     0.010257833     0.009415415     0.371130000
   17260     0.010249590     0.009404148     0.375890000
   17280     0.010241628     0.009398129     0.375660000
   17300     0.010247647     0.009403200     0.361730000
   17320     0.010223532     0.009373705     0.362790000
   17340     0.010234878     0.009377808     0.368730000
   17360     0.010267423     0.009410337     0.371240000
   17380     0.010267515     0.009408587     0.368900000
   17400     0.010255960     0.009400340     0.367960000
   17420     0.010248424     0.009395276     0.371000000
   17440     0.010195237     0.009356452     0.373420000
   17460     0.010195355     0.009360984     0.379970000
   17480     0.010225876     0.009383465     0.376040000
   17500     0.010243947     0.009398157     0.386500000
   17520     0.010246003     0.009409854     0.382020000
   17540     0.010261807     0.009420564     0.382770000
   17560     0.010284597     0.009441886     0.389470000
   17580     0.010243232     0.009410788     0.390870000
   17600     0.010251913     0.009427339     0.385550000
   17620     0.010248423     0.009425580     0.384960000
   17640     0.010267106     0.009435534     0.373530000
   17660     0.010262979     0.009422007     0.359700000
   17680     0.010256872     0.009410325     0.369620000
   17700     0.010225778     0.009378640     0.364280000
   17720     0.010224944     0.009371831     0.360420000
   17740     0.010245618     0.009383774     0.362790000
   17760     0.010240059     0.009384687     0.373100000
   17780     0.010229886     0.009380506     0.372310000
   17800     0.010207728     0.009349854     0.363010000
   17820     0.010215701     0.009356936     0.364010000
   17840     0.010247755     0.009384770     0.371200000
   17860     0.010224901     0.009370058     0.374150000
   17880     0.010275409     0.009418132     0.376660000
   17900     0.010313679     0.009454479     0.372530000
   17920     0.010320424     0.009463160     0.375490000
   17940     0.010322254     0.009461758     0.383100000
   17960     0.010330952     0.009474749     0.385480000
   17980     0.010312206     0.009457152     0.377240000
   18000     0.010298408     0.009448869     0.388320000
   18020     0.010279691     0.009429699     0.374360000
   18040     0.010275949     0.009427847     0.381810000
   18060     0.010257866     0.009421576     0.385920000
   18080     0.010266501     0.009422888     0.371000000
   18100     0.010288692     0.009444942     0.379100000
   18120     0.010272604     0.009431893     0.382540000
   18140     0.010254240     0.009415690     0.379360000
   18160     0.010244817     0.009409118     0.387110000
   18180     0.010254331     0.009414800     0.373090000
   18200     0.010243052     0.009397813     0.367050000
   18220     0.010230604     0.009391652     0.370980000
   18240     0.010249880     0.009406764     0.371470000
   18260     0.010236261     0.009392437     0.376310000
   18280     0.010259100     0.009416592     0.380390000
   18300     0.010260302     0.009424462     0.388950000
   18320     0.010263826     0.009432782     0.383330000
   18340     0.010312377     0.009468624     0.371690000
   18360     0.010305504     0.009454373     0.366390000
   18380     0.010294348     0.009443518     0.374330000
   18400     0.010316592     0.009465587     0.369630000
   18420     0.010263502     0.009423273     0.362210000
   18440     0.010278558     0.009429713     0.368950000
   18460     0.010273147     0.009424843     0.373570000
   18480     0.010290513     0.009446461     0.373040000
   18500     0.010306634     0.009448670     0.357070000
   18520     0.010311444     0.009444483     0.356760000
   18540     0.010318185     0.009451117     0.356180000
   18560     0.010320460     0.009445896     0.358480000
   18580     0.010336272     0.009462909     0.371230000
   18600     0.010336763     0.009472571     0.377070000
   18620     0.010332544     0.009475519     0.370560000
   18640     0.010346723     0.009489160     0.369540000
   18660     0.010349326     0.009489073     0.369330000
   18680     0.010299707     0.009449530     0.371090000
   18700     0.010319362     0.009470466     0.373900000
   18720     0.010331549     0.009477573     0.364910000
   18740     0.010327668     0.009473115     0.380290000
   18760     0.010303024     0.009466296     0.392470000
   18780     0.010295267     0.009466867     0.387020000
   18800     0.010235540     0.009415461     0.379480000
   18820     0.010235581     0.009399909     0.353640000
   18840     0.010219998     0.009378454     0.370040000
   18860     0.010219013     0.009377277     0.372350000
   18880     0.010178716     0.009350885     0.371950000
   18900     0.010173647     0.009348589     0.381320000
   18920     0.010183377     0.009358275     0.388570000
   18940     0.010192152     0.009368632     0.385750000
   18960     0.010173793     0.009355168     0.377680000
   18980     0.010214575     0.009391803     0.377660000
   19000     0.010202989     0.009379714     0.378120000
   19020     0.010198290     0.009380179     0.379770000
   19040     0.010205929     0.009380618     0.379200000
   19060     0.010213544     0.009386584     0.384020000
   19080     0.010228864     0.009408567     0.395020000
   19100     0.010174535     0.009359663     0.387830000
   19120     0.010199648     0.009384531     0.383200000
   19140     0.010171708     0.009354588     0.387290000
   19160     0.010178369     0.009357323     0.373730000
   19180     0.010167508     0.009349286     0.374940000
   19200     0.010145318     0.009328666     0.383160000
   19220     0.010148977     0.009334555     0.392220000
   19240     0.010148740     0.009340822     0.387490000
   19260     0.010140025     0.009329017     0.377940000
   19280     0.010111696     0.009304933     0.390130000
   19300     0.010102645     0.009297320     0.385560000
   19320     0.010097753     0.009287002     0.376110000
   19340     0.010083715     0.009267895     0.391150000
   19360     0.010136046     0.009317748     0.388990000
   19380     0.010109277     0.009291230     0.382210000
   19400     0.010115935     0.009303344     0.383090000
   19420     0.010103635     0.009286183     0.379720000
   19440     0.010104106     0.009284749     0.376570000
   19460     0.010085549     0.009274386     0.380520000
   19480     0.010103819     0.009289225     0.377220000
   19500     0.010137358     0.009314851     0.388670000
   19520     0.010156404     0.009335899     0.382620000
   19540     0.010183624     0.009360725     0.390980000
   19560     0.010193291     0.009367370     0.375390000
   19580     0.010193059     0.009358822     0.364080000
   19600     0.010170942     0.009336901     0.366690000
   19620     0.010187970     0.009346833     0.356410000
   19640     0.010196410     0.009349985     0.358790000
   19660     0.010221511     0.009370306     0.366190000
   19680     0.010217158     0.009372051     0.366190000
   19700     0.010234396     0.009385409     0.374560000
   19720     0.010245512     0.009395904     0.371720000
   19740     0.010241168     0.009386706     0.371250000
   19760     0.010228213     0.009380481     0.364810000
   19780     0.010255195     0.009401795     0.361650000
   19800     0.010212295     0.009364252     0.362360000
   19820     0.010171379     0.009326739     0.370450000
   19840     0.010166912     0.009332325     0.380350000
   19860     0.010180896     0.009345538     0.375450000
   19880     0.010172901     0.009341719     0.373710000
   19900     0.010161312     0.009332066     0.374970000
   19920     0.010166362     0.009341246     0.385790000
   19940     0.010186671     0.009364266     0.386550000
   19960     0.010173652     0.009356170     0.393040000
   19980     0.010198413     0.009377597     0.372770000
   20000     0.010218949     0.009393569     0.379510000
