      20     0.000094732     0.000094291     0.967580000
      40     0.000181856     0.000180355     0.909240000
      60     0.000255962     0.000253272     0.860390000
      80     0.000324806     0.000320581     0.810570000
     100     0.000384947     0.000379155     0.784080000
     120     0.000443305     0.000435787     0.749950000
     140     0.000496651     0.000487257     0.721260000
     160     0.000545086     0.000534123     0.682030000
     180     0.000582445     0.000569950     0.647560000
     200     0.000626331     0.000611907     0.624930000
     220     0.000657171     0.000641052     0.605980000
     240     0.000691314     0.000673262     0.579100000
     260     0.000715757     0.000696363     0.567390000
     280     0.000741705     0.000720920     0.548390000
     300     0.000774422     0.000751850     0.532380000
     320     0.000788914     0.000765461     0.515020000
     340     0.000818011     0.000792234     0.512640000
     360     0.000834551     0.000807212     0.504320000
     380     0.000856412     0.000827996     0.497970000
     400     0.000867878     0.000839144     0.487040000
     420     0.000877577     0.000847232     0.484290000
     440     0.000893084     0.000861663     0.468960000
     460     0.000905573     0.000872305     0.455150000
     480     0.000913360     0.000878898     0.446840000
     500     0.000928353     0.000892513     0.437810000
     520     0.000930774     0.000895197     0.438200000
     540     0.000930834     0.000895384     0.437610000
     560     0.000943418     0.000907069     0.425570000
     580     0.000950420     0.000912378     0.419990000
     600     0.000958890     0.000919950     0.415040000
     620     0.000958036     0.000919004     0.409450000
     640     0.000961252     0.000921824     0.407870000
     660     0.000970299     0.000928987     0.409580000
     680     0.000965863     0.000925540     0.416390000
     700     0.000960827     0.000920506     0.410900000
     720     0.000973253     0.000932093     0.402180000
     740     0.000977263     0.000936154     0.399420000
     760     0.000971421     0.000930089     0.395260000
     780     0.000985207     0.000942030     0.388430000
     800     0.000994478     0.000950359     0.397880000
     820     0.000991077     0.000948247     0.394010000
     840     0.000981535     0.000938264     0.385690000
     860     0.000991366     0.000947912     0.398570000
     880     0.001000018     0.000955396     0.391640000
     900     0.000985394     0.000942209     0.398550000
     920     0.000988890     0.000945572     0.400620000
     940     0.000982667     0.000939621     0.399900000
     960     0.000989317     0.000946495     0.405910000
     980     0.000984646     0.000942435     0.397120000
    1000     0.000989729     0.000948049     0.402250000
    1020     0.000994470     0.000952035     0.395820000
    1040     0.000992700     0.000950613     0.397070000
    1060     0.000993162     0.000950777     0.406130000
    1080     0.000985531     0.000943303     0.400570000
    1100     0.000983299     0.000940493     0.408400000
    1120     0.000979274     0.000938041     0.416270000
    1140     0.000987599     0.000945856     0.412480000
    1160     0.000991476     0.000949669     0.406880000
    1180     0.000993445     0.000951430     0.407870000
    1200     0.000991314     0.000948874     0.388640000
    1220     0.000992417     0.000948214     0.375760000
    1240     0.000986075     0.000942233     0.393640000
    1260     0.000987119     0.000942902     0.391490000
    1280     0.000998127     0.000953532     0.390160000
    1300     0.001005018     0.000959095     0.385380000
    1320     0.001015693     0.000968965     0.382500000
    1340     0.001015649     0.000969252     0.381160000
    1360     0.001007743     0.000961920     0.386200000
    1380     0.001005164     0.000960276     0.388490000
    1400     0.001006862     0.000961798     0.386390000
    1420     0.001002512     0.000957962     0.386780000
    1440     0.001002956     0.000958783     0.385950000
    1460     0.001004915     0.000960113     0.391930000
    1480     0.001003655     0.000958367     0.388110000
    1500     0.001007717     0.000963084     0.388370000
    1520     0.001009664     0.000964742     0.383040000
    1540     0.001007368     0.000961339     0.385370000
    1560     0.001007395     0.000961748     0.389320000
    1580     0.001007014     0.000961371     0.387040000
    1600     0.001009284     0.000963724     0.383200000
    1620     0.001016176     0.000969627     0.375630000
    1640     0.001034804     0.000985915     0.374860000
    1660     0.001038294     0.000989021     0.373510000
    1680     0.001040123     0.000990972     0.357150000
    1700     0.001028227     0.000979468     0.362890000
    1720     0.001023810     0.000976182     0.369700000
    1740     0.001015469     0.000968837     0.377960000
    1760     0.001023752     0.000975648     0.375890000
    1780     0.001024087     0.000976170     0.375420000
    1800     0.001018862     0.000970897     0.371890000
    1820     0.001014592     0.000967015     0.370010000
    1840     0.001021086     0.000972663     0.375540000
    1860     0.001013946     0.000965881     0.357510000
    1880     0.001020236     0.000970590     0.357390000
    1900     0.001020318     0.000970661     0.359280000
    1920     0.001016116     0.000967748     0.361700000
    1940     0.001022347     0.000974897     0.375740000
    1960     0.001021466     0.000973734     0.381060000
    1980     0.001020867     0.000973431     0.376570000
    2000     0.001011867     0.000965852     0.393110000
    2020     0.001006007     0.000960649     0.390890000
    2040     0.001010780     0.000964647     0.379940000
    2060     0.001011793     0.000965424     0.383890000
    2080     0.001008425     0.000962700     0.389760000
    2100     0.001016524     0.000970527     0.381520000
    2120     0.001011410     0.000964974     0.384090000
    2140     0.001010900     0.000964772     0.387610000
    2160     0.001017701     0.000970883     0.380930000
    2180     0.001013934     0.000967138     0.382210000
    2200     0.001018203     0.000970214     0.380900000
    2220     0.001010452     0.000964173     0.374830000
    2240     0.001006845     0.000959689     0.376740000
    2260     0.001002307     0.000955847     0.377920000
    2280     0.000988273     0.000943107     0.381380000
    2300     0.000987140     0.000942078     0.383690000
    2320     0.000987520     0.000942567     0.382060000
    2340     0.000995756     0.000950548     0.381360000
    2360     0.000994506     0.000950168     0.388730000
    2380     0.001001578     0.000957110     0.381560000
    2400     0.001009951     0.000964235     0.383610000
    2420     0.001013927     0.000967441     0.375300000
    2440     0.001012255     0.000965629     0.376410000
    2460     0.001022563     0.000975347     0.379530000
    2480     0.001034808     0.000985540     0.368550000
    2500     0.001034231     0.000984658     0.363990000
    2520     0.001033232     0.000982526     0.365860000
    2540     0.001033370     0.000983254     0.361820000
    2560     0.001028814     0.000978703     0.372560000
    2580     0.001017893     0.000968710     0.378990000
    2600     0.001021862     0.000973329     0.373280000
    2620     0.001017490     0.000969785     0.377510000
    2640     0.001012457     0.000965370     0.370560000
    2660     0.001016054     0.000968605     0.363380000
    2680     0.001028314     0.000979200     0.365500000
    2700     0.001023715     0.000974988     0.365620000
    2720     0.001031708     0.000982123     0.374870000
    2740     0.001042655     0.000991772     0.375500000
    2760     0.001035314     0.000985341     0.364960000
    2780     0.001046842     0.000995283     0.366530000
    2800     0.001042485     0.000991684     0.364390000
    2820     0.001036615     0.000986234     0.358660000
    2840     0.001030617     0.000981385     0.375240000
    2860     0.001034607     0.000985871     0.375410000
    2880     0.001035133     0.000985268     0.363730000
    2900     0.001030653     0.000981748     0.369760000
    2920     0.001031131     0.000982005     0.356590000
    2940     0.001020557     0.000973092     0.374320000
    2960     0.001012242     0.000965100     0.364770000
    2980     0.001007092     0.000960120     0.374700000
    3000     0.001008917     0.000961903     0.378070000
    3020     0.001008242     0.000961887     0.380200000
    3040     0.001009348     0.000962154     0.372550000
    3060     0.001004961     0.000957265     0.368480000
    3080     0.001003232     0.000955813     0.378470000
    3100     0.001004216     0.000957990     0.383680000
    3120     0.001017137     0.000969776     0.382360000
    3140     0.001017119     0.000969839     0.380510000
    3160     0.001017717     0.000970078     0.383440000
    3180     0.001014481     0.000967628     0.378500000
    3200     0.001018769     0.000970939     0.372950000
    3220     0.001015308     0.000967805     0.365980000
    3240     0.001008394     0.000961322     0.377640000
    3260     0.001001367     0.000955426     0.389990000
    3280     0.000995544     0.000950889     0.395440000
    3300     0.000998228     0.000953512     0.387430000
    3320     0.001009529     0.000964299     0.385740000
    3340     0.001014246     0.000968338     0.390070000
    3360     0.001019077     0.000972272     0.383920000
    3380     0.001021819     0.000974711     0.384210000
    3400     0.001028810     0.000981524     0.383220000
    3420     0.001025653     0.000978052     0.371760000
    3440     0.001029894     0.000982388     0.367950000
    3460     0.001034955     0.000986201     0.362050000
    3480     0.001026914     0.000978759     0.370100000
    3500     0.001035884     0.000986506     0.361730000
    3520     0.001029228     0.000980753     0.374980000
    3540     0.001031217     0.000982995     0.377230000
    3560     0.001021011     0.000973887     0.373960000
    3580     0.001010142     0.000962753     0.371270000
    3600     0.001007610     0.000961139     0.376460000
    3620     0.001012581     0.000966293     0.380120000
    3640     0.001012678     0.000966519     0.378280000
    3660     0.001020037     0.000973654     0.371190000
    3680     0.001014123     0.000967330     0.371300000
    3700     0.001023535     0.000976393     0.377890000
    3720     0.001017963     0.000971531     0.379100000
    3740     0.001011179     0.000964916     0.374680000
    3760     0.001015303     0.000968231     0.388500000
    3780     0.001010066     0.000963200     0.380980000
    3800     0.001026167     0.000977525     0.379500000
    3820     0.001015475     0.000969521     0.391960000
    3840     0.001019608     0.000973373     0.384480000
    3860     0.001016994     0.000970900     0.377960000
    3880     0.001010254     0.000964374     0.382530000
    3900     0.001008872     0.000963645     0.383970000
    3920     0.001012212     0.000966472     0.394310000
    3940     0.001019483     0.000972992     0.387550000
    3960     0.001028941     0.000981974     0.387200000
    3980     0.001032595     0.000985278     0.374800000
    4000     0.001035415     0.000987039     0.371350000
    4020     0.001029145     0.000980623     0.365060000
    4040     0.001036032     0.000986693     0.363700000
    4060     0.001023994     0.000975203     0.365410000
    4080     0.001024449     0.000975046     0.369430000
    4100     0.001021709     0.000972340     0.362240000
    4120     0.001023680     0.000974590     0.373200000
    4140     0.001010656     0.000963890     0.374080000
    4160     0.001013526     0.000966757     0.386270000
    4180     0.001012806     0.000966660     0.388490000
    4200     0.001006646     0.000961945     0.385810000
    4220     0.001010456     0.000964919     0.395390000
    4240     0.000997835     0.000954559     0.396260000
    4260     0.001000909     0.000957152     0.393460000
    4280     0.001012381     0.000967520     0.394090000
    4300     0.001002352     0.000958259     0.392360000
    4320     0.000993184     0.000948929     0.387410000
    4340     0.000997805     0.000953496     0.405130000
    4360     0.000994133     0.000950572     0.399780000
    4380     0.000986966     0.000943083     0.406060000
    4400     0.000995259     0.000951641     0.397060000
    4420     0.001001158     0.000957194     0.390410000
    4440     0.000997174     0.000953237     0.380550000
    4460     0.000986075     0.000943781     0.392490000
    4480     0.000988715     0.000945802     0.400150000
    4500     0.001000097     0.000956335     0.394910000
    4520     0.001007000     0.000962908     0.397860000
    4540     0.001009715     0.000965271     0.383940000
    4560     0.001016155     0.000969682     0.388170000
    4580     0.001011037     0.000965047     0.382250000
    4600     0.001026965     0.000979653     0.382950000
    4620     0.001029456     0.000981129     0.383110000
    4640     0.001026435     0.000977981     0.371640000
    4660     0.001027390     0.000979076     0.370560000
    4680     0.001024398     0.000977388     0.376300000
    4700     0.001025600     0.000976478     0.368560000
    4720     0.001019790     0.000971172     0.367340000
    4740     0.001020502     0.000971574     0.373190000
    4760     0.001015631     0.000968239     0.377280000
    4780     0.001025363     0.000976297     0.376340000
    4800     0.001023358     0.000974973     0.382040000
    4820     0.001021778     0.000974672     0.384830000
    4840     0.001018213     0.000970904     0.372920000
    4860     0.001009836     0.000963622     0.382930000
    4880     0.001015852     0.000968791     0.375750000
    4900     0.001025146     0.000976685     0.370930000
    4920     0.001035000     0.000985475     0.361610000
    4940     0.001036450     0.000986663     0.374980000
    4960     0.001024918     0.000975809     0.363520000
    4980     0.001026685     0.000977198     0.366270000
    5000     0.001025073     0.000975965     0.376460000
    5020     0.001028362     0.000979906     0.368480000
    5040     0.001025941     0.000977535     0.367330000
    5060     0.001025104     0.000978552     0.383980000
    5080     0.001028007     0.000980683     0.370510000
    5100     0.001014647     0.000968433     0.381140000
    5120     0.001013087     0.000967888     0.375820000
    5140     0.001008106     0.000962870     0.376350000
    5160     0.001014097     0.000967493     0.373170000
    5180     0.001007045     0.000960470     0.376470000
    5200     0.001004378     0.000958236     0.375680000
    5220     0.001003326     0.000957272     0.385980000
    5240     0.001011946     0.000964710     0.381250000
    5260     0.001004241     0.000957802     0.377290000
    5280     0.001004177     0.000958326     0.388710000
    5300     0.001001982     0.000955789     0.386290000
    5320     0.001011721     0.000964974     0.384030000
    5340     0.001012513     0.000965588     0.382640000
    5360     0.001008094     0.000962205     0.384430000
    5380     0.001007638     0.000962161     0.385390000
    5400     0.001001320     0.000956117     0.381480000
    5420     0.001003999     0.000958890     0.389910000
    5440     0.001001800     0.000956184     0.389060000
    5460     0.001006878     0.000961329     0.376940000
    5480     0.001011919     0.000965803     0.374310000
    5500     0.001018728     0.000971797     0.375150000
    5520     0.001031258     0.000983212     0.371190000
    5540     0.001009580     0.000962782     0.371450000
    5560     0.001009118     0.000961943     0.374240000
    5580     0.001006827     0.000961040     0.387350000
    5600     0.001001873     0.000956894     0.389270000
    5620     0.001003090     0.000957770     0.386660000
    5640     0.001010331     0.000964490     0.395810000
    5660     0.001012373     0.000966381     0.393050000
    5680     0.001010097     0.000964147     0.402520000
    5700     0.000997887     0.000952944     0.389900000
    5720     0.000990323     0.000946697     0.398820000
    5740     0.000990927     0.000947414     0.391310000
    5760     0.000987587     0.000943913     0.382040000
    5780     0.000987931     0.000943182     0.382800000
    5800     0.000972847     0.000928883     0.387840000
    5820     0.000973429     0.000930279     0.402220000
    5840     0.000976242     0.000933065     0.414470000
    5860     0.000972944     0.000930940     0.409100000
    5880     0.000975788     0.000933835     0.406920000
    5900     0.000974546     0.000932701     0.400250000
    5920     0.000964588     0.000923929     0.407910000
    5940     0.000963095     0.000922856     0.411040000
    5960     0.000966178     0.000925593     0.418750000
    5980     0.000968285     0.000928218     0.417990000
    6000     0.000970735     0.000930637     0.406650000
    6020     0.000974570     0.000933497     0.400470000
    6040     0.000964419     0.000923301     0.400650000
    6060     0.000973376     0.000931981     0.414300000
    6080     0.000980202     0.000937968     0.399680000
    6100     0.000987084     0.000944246     0.399570000
    6120     0.000994638     0.000950770     0.391910000
    6140     0.001000012     0.000955521     0.392900000
    6160     0.001004400     0.000959557     0.399580000
    6180     0.001001144     0.000956687     0.392450000
    6200     0.000993589     0.000949664     0.391890000
    6220     0.000991994     0.000948507     0.390820000
    6240     0.000992260     0.000948166     0.395330000
    6260     0.000998337     0.000953740     0.379600000
    6280     0.001001531     0.000956091     0.386950000
    6300     0.001002504     0.000956744     0.386620000
    6320     0.001006697     0.000960488     0.382730000
    6340     0.001019712     0.000973100     0.382930000
    6360     0.001021510     0.000975155     0.382530000
    6380     0.001017756     0.000971408     0.367320000
    6400     0.001016458     0.000968735     0.374210000
    6420     0.001014070     0.000967162     0.376930000
    6440     0.001005178     0.000960125     0.392040000
    6460     0.001003357     0.000957564     0.386460000
    6480     0.001005767     0.000959949     0.380770000
    6500     0.001004310     0.000958705     0.381100000
    6520     0.000999653     0.000953822     0.387800000
    6540     0.001004469     0.000958541     0.394340000
    6560     0.001016830     0.000970682     0.384210000
    6580     0.001015523     0.000970011     0.384830000
    6600     0.001016495     0.000970544     0.382620000
    6620     0.001015187     0.000968661     0.387010000
    6640     0.001015788     0.000970038     0.386840000
    6660     0.001015346     0.000969466     0.389800000
    6680     0.001008872     0.000963073     0.396640000
    6700     0.001016731     0.000970201     0.393450000
    6720     0.001023470     0.000976364     0.379800000
    6740     0.001019268     0.000973147     0.381120000
    6760     0.001018850     0.000972886     0.388350000
    6780     0.001006865     0.000962170     0.398260000
    6800     0.001000283     0.000955149     0.385270000
    6820     0.001018748     0.000971810     0.380360000
    6840     0.001012318     0.000965203     0.366330000
    6860     0.001006241     0.000959851     0.386060000
    6880     0.001003641     0.000958493     0.389920000
    6900     0.001004400     0.000959112     0.390220000
    6920     0.001007750     0.000962138     0.389500000
    6940     0.001003492     0.000958605     0.375960000
    6960     0.001000819     0.000954085     0.381470000
    6980     0.001005600     0.000958905     0.391990000
    7000     0.001003340     0.000957334     0.400400000
    7020     0.001002184     0.000957248     0.405420000
    7040     0.001011274     0.000965548     0.386630000
    7060     0.001005279     0.000960328     0.390420000
    7080     0.001000553     0.000956765     0.388650000
    7100     0.000994725     0.000951455     0.393060000
    7120     0.000987940     0.000944391     0.388830000
    7140     0.000998558     0.000954258     0.394580000
    7160     0.001000143     0.000955811     0.391190000
    7180     0.001000071     0.000954972     0.391600000
    7200     0.001000287     0.000955727     0.382240000
    7220     0.001004499     0.000959013     0.373530000
    7240     0.001014465     0.000967074     0.375380000
    7260     0.001016601     0.000969787     0.380090000
    7280     0.001014778     0.000967805     0.382290000
    7300     0.001016013     0.000970342     0.396100000
    7320     0.001003917     0.000959248     0.390300000
    7340     0.000996240     0.000951957     0.393280000
    7360     0.000994481     0.000949840     0.386540000
    7380     0.000982718     0.000939113     0.397840000
    7400     0.000985738     0.000942293     0.399020000
    7420     0.000987195     0.000943773     0.400930000
    7440     0.000993746     0.000950417     0.398410000
    7460     0.000992704     0.000949528     0.398980000
    7480     0.000999615     0.000955843     0.398030000
    7500     0.001006721     0.000962798     0.379830000
    7520     0.001006327     0.000961380     0.389240000
    7540     0.001001727     0.000956217     0.393200000
    7560     0.001007664     0.000962208     0.392230000
    7580     0.001014705     0.000968310     0.369720000
    7600     0.001010453     0.000962975     0.382630000
    7620     0.000998706     0.000951667     0.372730000
    7640     0.001004065     0.000957246     0.371690000
    7660     0.001001792     0.000955150     0.378050000
    7680     0.001000208     0.000953886     0.379560000
    7700     0.001005712     0.000959284     0.386790000
    7720     0.000999150     0.000954152     0.386050000
    7740     0.001007129     0.000961140     0.379270000
    7760     0.000995962     0.000950640     0.369690000
    7780     0.001000584     0.000955694     0.398340000
    7800     0.000992618     0.000948961     0.397480000
    7820     0.001001611     0.000957047     0.386540000
    7840     0.000999731     0.000955289     0.391080000
    7860     0.001011423     0.000966968     0.388800000
    7880     0.001011012     0.000966963     0.390480000
    7900     0.001008346     0.000963645     0.393170000
    7920     0.001003823     0.000960282     0.388250000
    7940     0.001005637     0.000961548     0.390460000
    7960     0.001009914     0.000965149     0.383900000
    7980     0.001009719     0.000964118     0.387650000
    8000     0.001003704     0.000959603     0.396060000
    8020     0.000999348     0.000955088     0.387430000
    8040     0.001003767     0.000958625     0.392860000
    8060     0.000996218     0.000951371     0.392690000
    8080     0.000994451     0.000949605     0.368300000
    8100     0.000994952     0.000949633     0.387510000
    8120     0.000993046     0.000947634     0.383470000
    8140     0.000999282     0.000953640     0.392410000
    8160     0.001000488     0.000955191     0.387640000
    8180     0.001009387     0.000964123     0.385430000
    8200     0.001012687     0.000966937     0.372220000
    8220     0.001006331     0.000960826     0.390450000
    8240     0.001011117     0.000965141     0.386730000
    8260     0.000995667     0.000950928     0.382820000
    8280     0.000990532     0.000947229     0.389600000
    8300     0.000990758     0.000947040     0.388920000
    8320     0.000989504     0.000946490     0.383600000
    8340     0.000992759     0.000948141     0.385260000
    8360     0.000996539     0.000952136     0.386010000
    8380     0.000995994     0.000952090     0.398910000
    8400     0.000996495     0.000953146     0.381470000
    8420     0.000994559     0.000949960     0.386320000
    8440     0.000994350     0.000950024     0.387610000
    8460     0.001005234     0.000959999     0.382600000
    8480     0.001004693     0.000960120     0.388240000
    8500     0.001002899     0.000957711     0.387210000
    8520     0.001007303     0.000962083     0.385080000
    8540     0.001001749     0.000956581     0.381990000
    8560     0.001009397     0.000963817     0.372690000
    8580     0.001003282     0.000956640     0.374960000
    8600     0.001011462     0.000964190     0.378620000
    8620     0.001006170     0.000958898     0.370770000
    8640     0.000998996     0.000952845     0.386900000
    8660     0.000998745     0.000953247     0.386500000
    8680     0.001002191     0.000957167     0.386530000
    8700     0.000997366     0.000952901     0.394160000
    8720     0.001011946     0.000966472     0.387780000
    8740     0.001007895     0.000962140     0.376980000
    8760     0.001001448     0.000955803     0.391660000
    8780     0.001004350     0.000959806     0.386300000
    8800     0.001006592     0.000961516     0.393650000
    8820     0.001003449     0.000958814     0.388080000
    8840     0.000995704     0.000951229     0.378410000
    8860     0.001010770     0.000964905     0.382330000
    8880     0.001003288     0.000957107     0.381810000
    8900     0.001011617     0.000965122     0.386760000
    8920     0.001007589     0.000961757     0.379140000
    8940     0.001015100     0.000968324     0.378660000
    8960     0.001013899     0.000967883     0.376330000
    8980     0.001021857     0.000974308     0.382400000
    9000     0.001018966     0.000972351     0.379460000
    9020     0.001024331     0.000977575     0.381910000
    9040     0.001023786     0.000977065     0.378450000
    9060     0.001021197     0.000974060     0.379580000
    9080     0.001031715     0.000983798     0.366620000
    9100     0.001031560     0.000983711     0.369170000
    9120     0.001023015     0.000975669     0.366210000
    9140     0.001031894     0.000982584     0.369840000
    9160     0.001025782     0.000978046     0.382340000
    9180     0.001026268     0.000978346     0.375190000
    9200     0.001026762     0.000978961     0.378580000
    9220     0.001014123     0.000966834     0.379170000
    9240     0.001029111     0.000980026     0.379750000
    9260     0.001024132     0.000975600     0.378560000
    9280     0.001030223     0.000981158     0.383200000
    9300     0.001031629     0.000983269     0.382350000
    9320     0.001023581     0.000975172     0.372580000
    9340     0.001025357     0.000976768     0.390760000
    9360     0.001022064     0.000973844     0.378630000
    9380     0.001032189     0.000983564     0.364870000
    9400     0.001030179     0.000981607     0.365310000
    9420     0.001015983     0.000968822     0.378760000
    9440     0.001013947     0.000968539     0.388530000
    9460     0.001015226     0.000969970     0.381310000
    9480     0.001016223     0.000970192     0.389180000
    9500     0.001026239     0.000978491     0.377600000
    9520     0.001022604     0.000975805     0.373660000
    9540     0.001022050     0.000974402     0.377450000
    9560     0.001020561     0.000973158     0.373910000
    9580     0.001017990     0.000970552     0.376200000
    9600     0.001016476     0.000969845     0.380380000
    9620     0.001011124     0.000963990     0.375860000
    9640     0.001012206     0.000964787     0.391180000
    9660     0.001008896     0.000962490     0.390110000
    9680     0.001011669     0.000965038     0.383910000
    9700     0.001006180     0.000960173     0.385060000
    9720     0.000999940     0.000954748     0.382760000
    9740     0.000997665     0.000952402     0.396030000
    9760     0.000990169     0.000945377     0.391070000
    9780     0.000997727     0.000952897     0.390460000
    9800     0.000986454     0.000942492     0.387100000
    9820     0.000995553     0.000950728     0.386640000
    9840     0.001009965     0.000964563     0.381290000
    9860     0.001013880     0.000968103     0.384020000
    9880     0.000997256     0.000953285     0.381120000
    9900     0.000996769     0.000952353     0.402250000
    9920     0.000985884     0.000942365     0.401880000
    9940     0.000986901     0.000944047     0.385460000
    9960     0.000990679     0.000947204     0.396160000
    9980     0.000992512     0.000949484     0.392580000
   10000     0.000994490     0.000951206     0.392320000
   10020     0.000988366     0.000945293     0.384630000
   10040     0.000981986     0.000938927     0.390600000
   10060     0.001000385     0.000956146     0.387130000
   10080     0.000992375     0.000947726     0.383550000
   10100     0.000980277     0.000935802     0.377250000
   10120     0.000988637     0.000943648     0.383400000
   10140     0.000991658     0.000947479     0.395850000
   10160     0.000992851     0.000949110     0.395800000
   10180     0.000994631     0.000950790     0.395630000
   10200     0.000994116     0.000950477     0.390460000
   10220     0.000994955     0.000951126     0.393980000
   10240     0.000996505     0.000951941     0.396630000
   10260     0.001006933     0.000960680     0.388090000
   10280     0.001008248     0.000961171     0.381630000
   10300     0.001007662     0.000961666     0.381100000
   10320     0.000996246     0.000950949     0.377930000
   10340     0.001003990     0.000958308     0.377590000
   10360     0.001005011     0.000959893     0.391370000
   10380     0.001014303     0.000968239     0.385040000
   10400     0.001013833     0.000968220     0.378230000
   10420     0.001022949     0.000976311     0.387170000
   10440     0.001022870     0.000976569     0.384690000
   10460     0.001010671     0.000965128     0.376600000
   10480     0.001003374     0.000958251     0.380300000
   10500     0.000998441     0.000953984     0.382220000
   10520     0.000997245     0.000953369     0.388780000
   10540     0.000995406     0.000951515     0.400990000
   10560     0.000992256     0.000948773     0.390750000
   10580     0.000995590     0.000952033     0.396510000
   10600     0.000990094     0.000947061     0.397860000
   10620     0.001003553     0.000959379     0.389390000
   10640     0.001003741     0.000959740     0.383030000
   10660     0.000996505     0.000952200     0.398300000
   10680     0.001014025     0.000968221     0.391690000
   10700     0.001022250     0.000975722     0.384600000
   10720     0.001019731     0.000973092     0.375330000
   10740     0.001012541     0.000965435     0.375830000
   10760     0.000998939     0.000952433     0.379690000
   10780     0.000993953     0.000948506     0.390600000
   10800     0.000986855     0.000942982     0.392710000
   10820     0.000994700     0.000950081     0.394090000
   10840     0.001003603     0.000957948     0.393650000
   10860     0.001003581     0.000958256     0.391540000
   10880     0.000998714     0.000953792     0.388000000
   10900     0.001004653     0.000960314     0.395620000
   10920     0.001008806     0.000963788     0.399570000
   10940     0.001017032     0.000971507     0.394810000
   10960     0.001026396     0.000979652     0.379320000
   10980     0.001029229     0.000981288     0.377630000
   11000     0.001024939     0.000976985     0.375180000
   11020     0.001031436     0.000983939     0.379850000
   11040     0.001025294     0.000979227     0.380010000
   11060     0.001018237     0.000971414     0.367690000
   11080     0.001017562     0.000970819     0.374910000
   11100     0.001024689     0.000976526     0.374090000
   11120     0.001029643     0.000980803     0.365690000
   11140     0.001038234     0.000988421     0.366300000
   11160     0.001038193     0.000988443     0.372550000
   11180     0.001033299     0.000983875     0.363980000
   11200     0.001035144     0.000985406     0.367480000
   11220     0.001027466     0.000978470     0.370770000
   11240     0.001020453     0.000972308     0.368820000
   11260     0.001020264     0.000971760     0.358570000
   11280     0.001031206     0.000981302     0.371650000
   11300     0.001022616     0.000974119     0.366980000
   11320     0.001016263     0.000968852     0.380960000
   11340     0.001012269     0.000965752     0.379630000
   11360     0.001011408     0.000964499     0.372960000
   11380     0.001007072     0.000960252     0.373130000
   11400     0.001008710     0.000962498     0.384110000
   11420     0.001014069     0.000967712     0.385220000
   11440     0.001022426     0.000975710     0.374620000
   11460     0.001021920     0.000975368     0.377690000
   11480     0.001012990     0.000966368     0.369650000
   11500     0.001011747     0.000966368     0.382430000
   11520     0.001002666     0.000957491     0.381020000
   11540     0.001008366     0.000962380     0.372490000
   11560     0.001005478     0.000959900     0.383560000
   11580     0.000999496     0.000953849     0.382280000
   11600     0.000992797     0.000947333     0.387000000
   11620     0.000986372     0.000942682     0.396310000
   11640     0.000989419     0.000944438     0.393810000
   11660     0.000993769     0.000949213     0.397030000
   11680     0.000991319     0.000947868     0.393560000
   11700     0.000991294     0.000948329     0.399650000
   11720     0.000988146     0.000945717     0.393630000
   11740     0.000986035     0.000943226     0.400480000
   11760     0.000989090     0.000946245     0.393670000
   11780     0.000991663     0.000947716     0.390320000
   11800     0.000990708     0.000947061     0.390920000
   11820     0.000991313     0.000947943     0.401020000
   11840     0.000998630     0.000954289     0.400280000
   11860     0.001001421     0.000957311     0.393110000
   11880     0.001006747     0.000961596     0.391500000
   11900     0.001007816     0.000962847     0.395070000
   11920     0.001000987     0.000957573     0.400480000
   11940     0.001004406     0.000960443     0.387490000
   11960     0.001002118     0.000957353     0.386800000
   11980     0.000995729     0.000951476     0.384820000
   12000     0.001002794     0.000958122     0.390300000
   12020     0.001006223     0.000961192     0.382970000
   12040     0.001000855     0.000956364     0.391680000
   12060     0.001005335     0.000960093     0.390440000
   12080     0.001005435     0.000960428     0.383400000
   12100     0.001006707     0.000961018     0.378920000
   12120     0.001001086     0.000955153     0.370660000
   12140     0.001001829     0.000956025     0.373600000
   12160     0.001003822     0.000957215     0.383500000
   12180     0.001002884     0.000956868     0.377500000
   12200     0.001013207     0.000966435     0.382160000
   12220     0.001011121     0.000964731     0.380760000
   12240     0.001021491     0.000973882     0.377400000
   12260     0.001023394     0.000975292     0.370910000
   12280     0.001020486     0.000973323     0.378890000
   12300     0.001013172     0.000966471     0.376680000
   12320     0.001010105     0.000963585     0.384640000
   12340     0.001011280     0.000965708     0.389510000
   12360     0.001011154     0.000964942     0.376730000
   12380     0.001009131     0.000963210     0.383870000
   12400     0.001014174     0.000967253     0.369550000
   12420     0.001010878     0.000963750     0.374720000
   12440     0.001004606     0.000957722     0.380690000
   12460     0.001006324     0.000959936     0.382710000
   12480     0.001008959     0.000962748     0.378430000
   12500     0.001011613     0.000964635     0.376410000
   12520     0.001008824     0.000962393     0.378240000
   12540     0.001012662     0.000966383     0.380020000
   12560     0.001009834     0.000963472     0.373940000
   12580     0.001000568     0.000953999     0.373140000
   12600     0.001008110     0.000960172     0.376590000
   12620     0.001015217     0.000968257     0.380820000
   12640     0.001014695     0.000967596     0.375780000
   12660     0.001026841     0.000979260     0.381550000
   12680     0.001010144     0.000963617     0.374420000
   12700     0.001004514     0.000958952     0.379810000
   12720     0.001008781     0.000963500     0.382540000
   12740     0.001005564     0.000961251     0.386100000
   12760     0.001011060     0.000965851     0.379360000
   12780     0.001007902     0.000963325     0.386750000
   12800     0.001011707     0.000966590     0.386040000
   12820     0.001020830     0.000975119     0.380710000
   12840     0.001010924     0.000965685     0.371700000
   12860     0.001016421     0.000969449     0.375300000
   12880     0.001006409     0.000960442     0.381910000
   12900     0.001004564     0.000958985     0.379700000
   12920     0.001003053     0.000957459     0.376190000
   12940     0.001002174     0.000956826     0.390600000
   12960     0.001006465     0.000960874     0.384350000
   12980     0.001005716     0.000959423     0.384160000
   13000     0.001006925     0.000959804     0.385140000
   13020     0.001004011     0.000957896     0.387110000
   13040     0.001010624     0.000964082     0.393050000
   13060     0.001007119     0.000960528     0.377740000
   13080     0.001001448     0.000955488     0.376080000
   13100     0.001000144     0.000954470     0.388910000
   13120     0.001001115     0.000956429     0.395100000
   13140     0.001002999     0.000957705     0.384360000
   13160     0.001005777     0.000959680     0.378940000
   13180     0.001010637     0.000964061     0.390630000
   13200     0.001009022     0.000962772     0.397580000
   13220     0.001014221     0.000968722     0.391520000
   13240     0.001017978     0.000971132     0.378950000
   13260     0.001017116     0.000970628     0.390240000
   13280     0.001011444     0.000966084     0.387630000
   13300     0.001002288     0.000958067     0.390900000
   13320     0.001002107     0.000958028     0.384400000
   13340     0.001012736     0.000966574     0.372410000
   13360     0.001002971     0.000956785     0.374630000
   13380     0.001009060     0.000961611     0.391630000
   13400     0.001017200     0.000969807     0.384120000
   13420     0.001018761     0.000971320     0.379650000
   13440     0.001027966     0.000981572     0.385860000
   13460     0.001017107     0.000971066     0.376500000
   13480     0.001025974     0.000978588     0.377000000
   13500     0.001033362     0.000985610     0.375310000
   13520     0.001027338     0.000979498     0.383140000
   13540     0.001027287     0.000978896     0.367840000
   13560     0.001027874     0.000978725     0.372360000
   13580     0.001026135     0.000977701     0.375420000
   13600     0.001023733     0.000975044     0.376000000
   13620     0.001030177     0.000981208     0.378350000
   13640     0.001023017     0.000974847     0.373400000
   13660     0.001020999     0.000972999     0.372750000
   13680     0.001011819     0.000965413     0.375060000
   13700     0.001008991     0.000962707     0.366540000
   13720     0.001013542     0.000966807     0.374990000
   13740     0.001006590     0.000960554     0.389810000
   13760     0.001002857     0.000956917     0.389330000
   13780     0.000997400     0.000951899     0.389450000
   13800     0.001000684     0.000955677     0.391210000
   13820     0.001002600     0.000958385     0.398720000
   13840     0.000996141     0.000953149     0.397920000
   13860     0.000996482     0.000952928     0.385230000
   13880     0.000998181     0.000954659     0.396210000
   13900     0.001004246     0.000959676     0.397350000
   13920     0.001008209     0.000963016     0.384890000
   13940     0.001016717     0.000970910     0.386190000
   13960     0.001015809     0.000970172     0.380120000
   13980     0.001010186     0.000965722     0.394120000
   14000     0.001009831     0.000965037     0.381000000
   14020     0.001008608     0.000963522     0.384660000
   14040     0.001018471     0.000972427     0.392000000
   14060     0.001026086     0.000979670     0.381880000
   14080     0.001019928     0.000973735     0.382460000
   14100     0.001028372     0.000981536     0.376210000
   14120     0.001020701     0.000973702     0.365450000
   14140     0.001017966     0.000970109     0.377030000
   14160     0.001019866     0.000971891     0.373150000
   14180     0.001013065     0.000966381     0.368220000
   14200     0.001015092     0.000968336     0.373660000
   14220     0.001013991     0.000967250     0.376020000
   14240     0.001018755     0.000971076     0.382120000
   14260     0.001010481     0.000963810     0.379700000
   14280     0.001017826     0.000970624     0.378270000
   14300     0.001017205     0.000969177     0.386750000
   14320     0.001026685     0.000978726     0.381160000
   14340     0.001015564     0.000968714     0.387660000
   14360     0.001017604     0.000970085     0.389690000
   14380     0.001015765     0.000968330     0.386530000
   14400     0.001023577     0.000975505     0.373620000
   14420     0.001030541     0.000982435     0.377970000
   14440     0.001041857     0.000994298     0.378090000
   14460     0.001032532     0.000985081     0.374640000
   14480     0.001026760     0.000979150     0.377460000
   14500     0.001030268     0.000981741     0.375030000
   14520     0.001039982     0.000990311     0.368330000
   14540     0.001034645     0.000984678     0.359690000
   14560     0.001036143     0.000985416     0.361390000
   14580     0.001044380     0.000992671     0.362100000
   14600     0.001034109     0.000983078     0.365970000
   14620     0.001030237     0.000980873     0.372990000
   14640     0.001023603     0.000975378     0.370990000
   14660     0.001031434     0.000982203     0.357220000
   14680     0.001028159     0.000979462     0.361070000
   14700     0.001026701     0.000978617     0.370300000
   14720     0.001036782     0.000988227     0.363470000
   14740     0.001033032     0.000983773     0.373620000
   14760     0.001011905     0.000965012     0.382350000
   14780     0.001012299     0.000965642     0.369750000
   14800     0.001012131     0.000965011     0.382670000
   14820     0.001026067     0.000978307     0.383130000
   14840     0.001020024     0.000973085     0.372000000
   14860     0.001017671     0.000970731     0.374000000
   14880     0.001019692     0.000972475     0.375930000
   14900     0.001012049     0.000965189     0.378850000
   14920     0.001010406     0.000963540     0.375690000
   14940     0.001010566     0.000963185     0.374860000
   14960     0.001016184     0.000967129     0.373870000
   14980     0.001012221     0.000964720     0.381610000
   15000     0.001014656     0.000967092     0.380430000
   15020     0.001016057     0.000969596     0.386340000
   15040     0.001006988     0.000961414     0.380770000
   15060     0.001011140     0.000966132     0.397780000
   15080     0.001014731     0.000969843     0.384230000
   15100     0.001012207     0.000966861     0.377020000
   15120     0.001013805     0.000968107     0.376080000
   15140     0.001004912     0.000960840     0.386630000
   15160     0.001005966     0.000960861     0.382010000
   15180     0.001018305     0.000971701     0.386530000
   15200     0.001016081     0.000970103     0.388200000
   15220     0.001026158     0.000978447     0.375680000
   15240     0.001029899     0.000982075     0.379860000
   15260     0.001019870     0.000973135     0.380080000
   15280     0.001027518     0.000980263     0.376610000
   15300     0.001032870     0.000983510     0.374830000
   15320     0.001030906     0.000982279     0.373580000
   15340     0.001037693     0.000987943     0.381610000
   15360     0.001036122     0.000987544     0.378230000
   15380     0.001034215     0.000986236     0.367230000
   15400     0.001035220     0.000986581     0.373730000
   15420     0.001026351     0.000978394     0.375310000
   15440     0.001038883     0.000988659     0.372200000
   15460     0.001037744     0.000987965     0.363790000
   15480     0.001036746     0.000986651     0.355670000
   15500     0.001041253     0.000990595     0.366930000
   15520     0.001037116     0.000987244     0.369620000
   15540     0.001032974     0.000982900     0.351560000
   15560     0.001037023     0.000986276     0.355060000
   15580     0.001027305     0.000977148     0.356640000
   15600     0.001018013     0.000969150     0.360960000
   15620     0.001023111     0.000973437     0.366900000
   15640     0.001016860     0.000969027     0.381120000
   15660     0.001020496     0.000973156     0.377140000
   15680     0.001027153     0.000979054     0.368480000
   15700     0.001030089     0.000981498     0.362460000
   15720     0.001023843     0.000976704     0.376470000
   15740     0.001024920     0.000977384     0.376500000
   15760     0.001036515     0.000987588     0.372940000
   15780     0.001036175     0.000987633     0.366710000
   15800     0.001034870     0.000986820     0.363290000
   15820     0.001036908     0.000988551     0.379880000
   15840     0.001034021     0.000985758     0.383190000
   15860     0.001023411     0.000976377     0.377300000
   15880     0.001010181     0.000963521     0.373370000
   15900     0.000999827     0.000953873     0.376930000
   15920     0.000997496     0.000952246     0.376540000
   15940     0.001003531     0.000957951     0.383780000
   15960     0.000996887     0.000951459     0.382490000
   15980     0.000998530     0.000953360     0.383000000
   16000     0.000997027     0.000952394     0.388920000
   16020     0.001004956     0.000960409     0.392200000
   16040     0.001000227     0.000956221     0.384930000
   16060     0.001001607     0.000957329     0.392300000
   16080     0.001007480     0.000962333     0.382910000
   16100     0.001016391     0.000969431     0.380790000
   16120     0.001011857     0.000965544     0.376480000
   16140     0.001010631     0.000964679     0.385650000
   16160     0.001008090     0.000962798     0.393440000
   16180     0.001000697     0.000955233     0.381370000
   16200     0.001005925     0.000959466     0.386410000
   16220     0.001007947     0.000961600     0.382200000
   16240     0.001002671     0.000957405     0.389420000
   16260     0.001018159     0.000972586     0.383290000
   16280     0.001021263     0.000975450     0.373100000
   16300     0.001011125     0.000964969     0.381890000
   16320     0.001020057     0.000973482     0.384170000
   16340     0.001018812     0.000972181     0.375050000
   16360     0.001006665     0.000960958     0.381930000
   16380     0.001009676     0.000963343     0.382840000
   16400     0.000994537     0.000949475     0.394450000
   16420     0.001002109     0.000956566     0.405300000
   16440     0.001011482     0.000966049     0.400170000
   16460     0.001007894     0.000962896     0.396450000
   16480     0.001008703     0.000963258     0.389790000
   16500     0.001015270     0.000969061     0.388160000
   16520     0.001014440     0.000968953     0.384290000
   16540     0.001017463     0.000971664     0.383500000
   16560     0.001020914     0.000974477     0.382070000
   16580     0.001020104     0.000973313     0.376470000
   16600     0.001017559     0.000971509     0.374220000
   16620     0.001024834     0.000977259     0.376210000
   16640     0.001023960     0.000976050     0.375960000
   16660     0.001011466     0.000964619     0.384230000
   16680     0.001031233     0.000982439     0.369660000
   16700     0.001030042     0.000980643     0.363460000
   16720     0.001035568     0.000985808     0.359430000
   16740     0.001024247     0.000975445     0.362870000
   16760     0.001027619     0.000978333     0.364710000
   16780     0.001041268     0.000991839     0.370280000
   16800     0.001033614     0.000984609     0.363360000
   16820     0.001036745     0.000987870     0.362470000
   16840     0.001036637     0.000988049     0.372640000
   16860     0.001038171     0.000989383     0.368890000
   16880     0.001037163     0.000988014     0.372730000
   16900     0.001039727     0.000991228     0.369270000
   16920     0.001044811     0.000994996     0.364020000
   16940     0.001027792     0.000979094     0.353940000
   16960     0.001018298     0.000969710     0.366750000
   16980     0.001016499     0.000966925     0.362690000
   17000     0.001005350     0.000957689     0.366410000
   17020     0.001004286     0.000956898     0.371240000
   17040     0.001010569     0.000962519     0.378590000
   17060     0.001014838     0.000966428     0.370720000
   17080     0.001006453     0.000959539     0.377400000
   17100     0.001008080     0.000961325     0.390160000
   17120     0.001005225     0.000959722     0.390550000
   17140     0.001003360     0.000958866     0.379820000
   17160     0.001002391     0.000957288     0.381760000
   17180     0.000996418     0.000951834     0.381040000
   17200     0.000986521     0.000942743     0.379690000
   17220     0.000994850     0.000949712     0.387080000
   17240     0.000995038     0.000951296     0.393440000
   17260     0.000999023     0.000955670     0.388310000
   17280     0.000995739     0.000952371     0.395580000
   17300     0.000999660     0.000955863     0.394700000
   17320     0.000996321     0.000952992     0.395330000
   17340     0.001001673     0.000957302     0.394890000
   17360     0.001009252     0.000963884     0.382210000
   17380     0.001010844     0.000965583     0.385560000
   17400     0.000998091     0.000953184     0.386490000
   17420     0.001004377     0.000959221     0.388210000
   17440     0.001003613     0.000958044     0.390120000
   17460     0.001001818     0.000956585     0.396860000
   17480     0.001004164     0.000958307     0.389180000
   17500     0.001014949     0.000968143     0.385060000
   17520     0.001018732     0.000971584     0.377430000
   17540     0.001003603     0.000956163     0.361630000
   17560     0.000997917     0.000951616     0.374090000
   17580     0.001003070     0.000956189     0.379300000
   17600     0.001008442     0.000962069     0.383400000
   17620     0.001002036     0.000956230     0.392840000
   17640     0.001009828     0.000964412     0.393600000
   17660     0.001012353     0.000967690     0.388680000
   17680     0.001016459     0.000971527     0.380620000
   17700     0.001012285     0.000966540     0.371430000
   17720     0.001017989     0.000971582     0.377110000
   17740     0.001020005     0.000973391     0.390070000
   17760     0.001019347     0.000973035     0.382440000
   17780     0.001031852     0.000984673     0.387420000
   17800     0.001032705     0.000986378     0.389000000
   17820     0.001023894     0.000978274     0.388390000
   17840     0.001016170     0.000971207     0.379090000
   17860     0.001017092     0.000971776     0.388540000
   17880     0.001014749     0.000969413     0.382500000
   17900     0.001004356     0.000959728     0.384560000
   17920     0.000996129     0.000951995     0.381250000
   17940     0.000999350     0.000954471     0.388480000
   17960     0.001001145     0.000956274     0.390380000
   17980     0.001001629     0.000955843     0.387990000
   18000     0.000997613     0.000952425     0.391000000
   18020     0.000998365     0.000953920     0.398560000
   18040     0.000998855     0.000955129     0.388440000
   18060     0.001008347     0.000962919     0.387310000
   18080     0.001012351     0.000966561     0.382390000
   18100     0.001013004     0.000965847     0.378600000
   18120     0.001007510     0.000961948     0.390290000
   18140     0.001004156     0.000958639     0.386610000
   18160     0.001005671     0.000960648     0.384740000
   18180     0.001012444     0.000967327     0.382540000
   18200     0.001016462     0.000971102     0.376980000
   18220     0.001010735     0.000965894     0.375650000
   18240     0.001021498     0.000975867     0.389040000
   18260     0.001020970     0.000975306     0.384910000
   18280     0.001023680     0.000977708     0.391210000
   18300     0.001025192     0.000978872     0.383700000
   18320     0.001023983     0.000976900     0.382660000
   18340     0.001027584     0.000979282     0.377800000
   18360     0.001030799     0.000983363     0.375510000
   18380     0.001023363     0.000976658     0.374060000
   18400     0.001021231     0.000974060     0.371300000
   18420     0.001012803     0.000966200     0.375780000
   18440     0.001014904     0.000968245     0.388840000
   18460     0.001015850     0.000969429     0.378050000
   18480     0.001009051     0.000962790     0.382480000
   18500     0.001005785     0.000959820     0.384800000
   18520     0.001001674     0.000956073     0.379330000
   18540     0.001004831     0.000958787     0.382320000
   18560     0.001012094     0.000965277     0.385770000
   18580     0.001020276     0.000973094     0.381390000
   18600     0.001009205     0.000964229     0.380340000
   18620     0.001000452     0.000956622     0.389940000
   18640     0.000995830     0.000951237     0.380190000
   18660     0.000987980     0.000943144     0.383390000
   18680     0.001001959     0.000956324     0.389020000
   18700     0.001010527     0.000965374     0.394180000
   18720     0.000994700     0.000951040     0.390310000
   18740     0.000990289     0.000947085     0.398270000
   18760     0.000996541     0.000952653     0.391710000
   18780     0.000995126     0.000950121     0.384130000
   18800     0.000985913     0.000941797     0.392740000
   18820     0.000977412     0.000933505     0.388820000
   18840     0.000981981     0.000937979     0.399480000
   18860     0.000974177     0.000930837     0.395880000
   18880     0.000972617     0.000929517     0.392670000
   18900     0.000972021     0.000929882     0.404020000
   18920     0.000965412     0.000924147     0.399300000
   18940     0.000971546     0.000930250     0.410440000
   18960     0.000968206     0.000927116     0.407720000
   18980     0.000973710     0.000931971     0.414130000
   19000     0.000979648     0.000937101     0.411130000
   19020     0.000988850     0.000946187     0.407680000
   19040     0.000996117     0.000952520     0.400040000
   19060     0.000998106     0.000954571     0.401340000
   19080     0.000990404     0.000947529     0.393750000
   19100     0.000995588     0.000951236     0.385080000
   19120     0.001001750     0.000956761     0.391370000
   19140     0.001001467     0.000956949     0.394230000
   19160     0.001002611     0.000958693     0.394590000
   19180     0.000990035     0.000945976     0.381060000
   19200     0.001003333     0.000956770     0.388000000
   19220     0.000993850     0.000949136     0.401450000
   19240     0.000986990     0.000943541     0.389520000
   19260     0.000990676     0.000946799     0.397960000
   19280     0.000991274     0.000947820     0.396830000
   19300     0.000998112     0.000954641     0.391450000
   19320     0.000997367     0.000953774     0.401390000
   19340     0.000996325     0.000952463     0.393570000
   19360     0.000995218     0.000950656     0.377190000
   19380     0.001006194     0.000961051     0.380310000
   19400     0.000998760     0.000954514     0.391620000
   19420     0.001005544     0.000961013     0.385140000
   19440     0.000993840     0.000950790     0.392760000
   19460     0.000996302     0.000952158     0.386770000
   19480     0.000988765     0.000945284     0.392280000
   19500     0.000998265     0.000953780     0.384440000
   19520     0.000998304     0.000953584     0.378690000
   19540     0.001010635     0.000964862     0.391310000
   19560     0.001006647     0.000961976     0.391430000
   19580     0.001008362     0.000963303     0.382290000
   19600     0.001012433     0.000966200     0.383810000
   19620     0.001019779     0.000973460     0.384790000
   19640     0.001018996     0.000972254     0.384010000
   19660     0.001022135     0.000975244     0.382980000
   19680     0.001019585     0.000972664     0.378970000
   19700     0.001015099     0.000967771     0.371210000
   19720     0.001017888     0.000971149     0.390040000
   19740     0.001026846     0.000978912     0.375470000
   19760     0.001028016     0.000979428     0.377110000
   19780     0.001031739     0.000982926     0.381840000
   19800     0.001037531     0.000987819     0.383060000
   19820     0.001036490     0.000987243     0.385980000
   19840     0.001040705     0.000991784     0.376920000
   19860     0.001026177     0.000977870     0.367310000
   19880     0.001018543     0.000971119     0.381990000
   19900     0.001020640     0.000972965     0.373140000
   19920     0.001024724     0.000977172     0.369670000
   19940     0.001029458     0.000981476     0.378110000
   19960     0.001022607     0.000974985     0.381180000
   19980     0.001016646     0.000969766     0.378600000
   20000     0.001014259     0.000968269     0.386010000
