      20 1000  997  986 1011  938  977  932  992  963 1016
      40 1063  965 1007 1101  929  868  908 1114  949  929
      60 1033  975  997  975  972  995 1007 1052  875  980
      80  993 1002  931  950 1020 1005  930  912  859  960
     100  812  861  887  922  769  885  882  830  794  886
     120  914  817  878  779  772  757  882  753  849  930
     140  827  728  804  869  799  810  955  743  802  986
     160  922  823  891  933  810  752  933  749  784  779
     180  777  880  922  793  810  664  824  864  836  834
     200  812  675  741  752  855  729  854  726  752  835
     220  782  638  787  699  719  761  721  692  800  660
     240  671  685  695  727  833  687  677  708  732  706
     260  634  648  696  704  732  864  840  592  808  755
     280  703  618  799  566  788  685  772  726  792  639
     300  704  581  702  684  664  709  702  596  677  782
     320  662  696  953  722  685  759  636  650  711  733
     340  659  705  808  613  730  548  652  672  663  628
     360  659  743  664  646  500  566  659  630  609  695
     380  649  606  745  712  564  556  615  524  651  505
     400  556  629  639  759  602  492  664  625  716  551
     420  478  614  569  794  660  510  502  781  622  628
     440  535  693  654  759  593  535  632  608  758  577
     460  467  658  745  649  629  564  546  646  608  629
     480  561  601  664  572  518  504  697  556  534  646
     500  670  617  514  562  569  489  661  618  598  552
     520  635  660  487  587  541  412  545  672  396  544
     540  466  585  674  691  513  416  545  504  395  613
     560  502  700  583  717  601  320  547  480  422  580
     580  629  595  483  632  620  430  705  618  449  496
     600  527  549  573  612  583  394  558  604  297  474
     620  626  432  570  659  587  442  645  622  308  465
     640  535  488  590  694  589  329  599  490  347  667
     660  547  522  593  653  564  348  607  469  433  558
     680  468  549  569  672  544  199  552  373  298  517
     700  548  438  427  671  610  229  601  530  326  309
     720  628  369  473  681  522  283  580  545  312  308
     740  626  391  571  553  498  253  434  577  353  451
     760  490  475  650  561  439  315  571  555  454  485
     780  415  379  565  575  622  283  469  600  311  435
     800  503  600  388  562  500  253  457  541  417  511
     820  456  476  520  589  410  155  423  421  546  453
     840  554  350  556  668  417  188  445  574  484  555
     860  518  456  530  613  525  101  546  554  409  521
     880  561  466  559  473  539   93  516  496  417  491
     900  560  545  656  435  492   72  473  515  480  505
     920  517  404  677  451  527   59  538  590  442  382
     940  512  307  497  461  530   80  613  580  305  380
     960  537  335  463  502  505  150  413  447  336  360
     980  531  215  388  523  468  206  440  414  413  371
    1000  434  209  436  532  521  220  300  532  513  559
    1020  477  262  356  536  518  172  293  420  607  505
    1040  481  141  459  540  554  137  345  518  517  518
    1060  426   82  512  550  510  176  418  518  394  618
    1080  317  124  473  459  421  189  357  602  516  613
    1100  328  204  382  433  477  153  311  532  449  715
    1120  399  225  440  389  489  143  365  409  365  532
    1140  444  174  479  533  550  131  515  456  452  486
    1160  533  178  429  391  398   80  499  440  462  431
    1180  564  201  443  335  498   22  509  258  471  497
    1200  529  267  475  356  511    2  529  346  478  575
    1220  538  304  516  361  425    0  522  348  288  492
    1240  584  244  436  463  545    4  471  461  329  439
    1260  416  235  503  379  493    0  511  337  461  428
    1280  351  202  424  410  448    0  525  333  320  558
    1300  411  181  507  453  489    0  572  482  398  475
    1320  342  244  468  605  460    0  557  385  392  408
    1340  325  217  399  467  395    1  532  287  498  316
    1360  414  228  492  357  283    0  421  298  606  291
    1380  387  205  424  497  275    0  536  398  417  489
    1400  428  185  400  545  402    1  560  534  337  530
    1420  356  293  440  550  449    0  449  507  355  478
    1440  349  285  449  550  502    4  473  420  513  492
    1460  308  264  397  424  457    0  400  515  538  483
    1480  302  278  434  366  422    0  512  488  444  419
    1500  189  261  542  439  436    0  607  419  342  412
    1520  177  149  529  424  376    0  493  522  433  411
    1540  237  172  396  524  571    0  495  610  518  308
    1560  278  223  345  448  495    1  595  491  410  359
    1580  369  184  486  369  435    1  446  403  338  316
    1600  252  188  469  391  456    2  445  436  420  446
    1620  161  104  439  564  499    0  438  361  448  375
    1640  155  125  475  516  330    0  402  325  307  329
    1660   72  119  588  459  405    2  345  401  410  398
    1680   81   45  412  430  429    7  480  435  444  279
    1700   92   35  444  405  334    2  425  421  433  447
    1720   71    1  320  427  374    0  473  528  307  493
    1740   79    0  475  400  279    0  442  469  311  573
    1760   30    0  399  444  335    4  508  361  418  484
    1780    0    0  358  385  329   25  540  330  474  395
    1800    0    0  342  494  445    0  501  295  354  498
    1820    6    7  407  361  615    0  578  246  350  514
    1840    0   13  431  407  584    0  543  323  241  427
    1860    0   32  415  475  487    0  549  348  167  320
    1880    0   14  365  360  366    0  497  320  212  453
    1900   25    6  327  333  334    0  461  344   91  435
    1920   41    0  379  438  454    0  537  386   98  529
    1940   21    0  417  339  288    0  538  407   95  560
    1960   10    0  426  387  293    0  541  381  118  581
    1980    0   15  332  365  298    0  548  448   47  500
    2000    3   26  273  386  228    0  399  396   35  388
    2020    0   87  196  448  266    0  458  294    9  308
    2040    0  149  227  393  229    0  415  289    3  205
    2060    0  166  282  393  171    2  385  306    0  235
    2080    0  236  466  420  204    0  481  391   29  410
    2100    0  208  418  294  207    0  408  398   40  306
    2120   14  158  429  322  144    2  480  379   30  275
    2140    0   77  533  407  130    0  432  321    8  327
    2160    0   48  412  393  178    0  464  421    0  410
    2180    0   53  337  426  209    0  367  417    0  398
    2200    0   17  497  320  224    0  470  298    0  444
    2220    0   10  472  352  290    0  454  365    0  425
    2240    0    3  485  338  331    0  298  377    0  397
    2260    0    0  300  158  276    0  416  317    0  326
    2280    0    0  324  259  143    0  382  299    0  398
    2300    3    0  209  327  140    0  316  334    0  339
    2320    0    0  386  350  144    0  412  379    0  386
    2340    0    0  437  375  140    2  474  379    0  363
    2360    0    0  388  434  127    3  563  388    0  336
    2380    0    0  431  372  219    0  547  495    0  334
    2400    0    0  395  453  359    8  520  467    0  343
    2420    0    0  486  476  405    0  372  381    0  263
    2440    5   16  462  413  262    0  513  352    5  338
    2460    3   24  584  399  435    0  462  351   24  319
    2480    0   19  412  413  445    0  502  410    9  187
    2500    0   23  470  529  382    0  430  451   30  177
    2520    0   18  418  406  215    0  346  373   18  191
    2540    0   25  566  320  195    4  404  496    0  248
    2560    0   26  529  338  310    0  364  430    2  276
    2580    0    0  422  461  239    2  259  601    0  278
    2600    0    0  513  347  234    0  450  465    0  301
    2620    0    0  543  459  290    0  306  420    0  162
    2640    0    0  439  460  283    0  258  466    0  180
    2660    0    0  568  480  167    0  294  552    0  215
    2680    0    0  567  518  103    0  294  466    0  146
    2700    0    8  497  554   82    0  287  460    0   89
    2720    0    0  394  531   96    0  350  548    0  104
    2740    1    0  496  507  151    0  312  579    1  160
    2760    0    0  536  366  188    0  451  559    0  163
    2780    0    0  535  600  169   21  490  540    0  161
    2800    1    0  581  442   88   31  535  652    1   95
    2820    0   21  535  507   41   78  426  519    0   35
    2840    0    4  574  435   13   50  433  523    0    9
    2860    2   10  592  476    0   45  358  457    0    0
    2880    0   65  513  550    1   46  326  449    0    0
    2900    9   42  414  523    0  162  346  491    0    0
    2920   50   78  546  538    0  122  385  382    0    7
    2940   89   89  462  504    0  144  491  392    0   15
    2960   74  102  545  455    0  113  487  375    0   59
    2980   61   87  620  456    0   74  433  380    0   41
    3000   11   95  553  508    2   38  406  419    0   44
    3020    0  109  543  529    4    7  462  465    0   83
    3040    0   61  349  460    0    0  299  406    0   68
    3060    2   49  382  365    0    0  314  466    0   31
    3080    0   25  497  474    6    3  334  395    0   27
    3100    0    1  459  395    1    2  307  372    0   41
    3120    0    0  456  354    5    0  299  217    0   23
    3140    0    0  298  331    0    3  307  256    1   33
    3160    0    0  383  269    0    0  286  363    1   51
    3180    0    0  321  370    0    0  308  321    0    5
    3200    0    0  321  349    0    0  384  175    1   26
    3220    0    0  317  399    0    0  440  218    0   43
    3240    0    0  300  256    0    0  463   75    0   37
    3260    2    0  312  328    0    0  433   46    9   13
    3280    0    0  268  306    0    0  312   80   43    0
    3300    0    0  148  219    0    0  178   56   22    0
    3320   35    0  102  188    0    0  141   66    0    0
    3340   27    0   58  211    0    0  178   63    0    0
    3360    3    0   44  153    1    1  188   48    0    0
    3380    0    0   40  114    0    0  138   54    0    0
    3400    0    0    4  136    0    5   66   38    0    0
    3420    0    0    0  214    0    0  116   97    0    0
    3440    0    5    0  267    0    2   29   81    0    0
    3460    0    9    0  309    0    4   38   22    0    0
    3480    0   22    0  420    0   35   22    0    0    0
    3500    0   21    0  404    0   32   55    3    0    2
    3520    0    5    4  366    0  170   77    0    0    1
    3540    0    3    0  454    0  174   99    0   10    0
    3560    0    0    1  332    0  163   69    0   19    2
    3580    0    0   25  326    0  137   90    0    1    0
    3600    0    0   44  346    0  142   27    0    0    0
    3620    0    0   79  287    0  137    2    0    0    3
    3640    2    0   88  462    0  118    0    0    6    0
    3660    0    0   87  463    0   80    0    0    0    0
    3680    1    0   63  453    0  108    0    0    4   22
    3700    0   20   24  511    0  139   14    0    0   47
    3720    6    4   43  380    0  180   50    0    0   41
    3740    0   27   22  368    0  165  212    2    0    8
    3760    0    0    0  456    0  140  308    0   12    9
    3780    0    0    0  479    4  175  284    0    3   14
    3800    0    0    0  377   13  169  335    0    0    0
    3820    0    0    0  292   21  221  418    0    0    0
    3840    0    0    0  331    9  244  332    3    0    0
    3860    0    0    0  345    0  280  312   31    0    5
    3880    0   14    0  265    0  324  257   19    0    1
    3900    0    0    0  268    0  236  188   14    1    0
    3920    0    0    2  189    0  286  130    0    0    0
    3940    3    0    2  282    3  338  106    0    6    0
    3960    5    0    1  337    1  242   70    0   10    0
    3980   28    5    0  384    0  209   51    2    0    0
    4000   39    3    0  296    0  327    9    0    0    0
    4020    0    5    2  249    0  272    3    0    0    0
    4040    0    0    2  351    0  150    0    0    0   15
    4060    0    0    8  261    0  287    0    0    3   60
    4080    0    0    3  255    0  378    4    0   11   72
    4100   15    0   14  169    0  389    0    0    2   17
    4120    0    0    0  234    0  236    0    0    0   33
    4140    0    9    0  347    0  192    2    0    0    5
    4160    0   22    0  338    0  209    0    1    0    0
    4180    0   23    0  349    0  358    0    1    1    1
    4200    0    6    0  219    0  248    0    0    0    0
    4220    0   24    0  233    0  219    0    0    0    0
    4240    0   11    0  192    0  260    0    0    0    0
    4260    0    0    0  228    1  206    0    0    0    0
    4280    0    0    0  240    0  256    1    0    0    0
    4300    0    0    0  273    1  328    0    0    0    3
    4320    0    0    0  220    3  314    3    0    0    0
    4340    0    0    0  198    0  278    5    0    0    0
    4360    1    0    0  208    0  329   10    0    0    0
    4380    0    0    0  218    0  477   23    4    0    0
    4400    0    3    0  217    0  337  191   32    0    0
    4420    0    0    0  352    5  321  272  116    0    0
    4440    0    0    0  199    0  270  344  296    0   16
    4460    0    0    0  218    0  290  406  334    0   28
    4480    0    0    0  177    0  399  284  367    0   16
    4500    0    1    0  240    0  290  176  366    0    7
    4520   20    0    0  297    0  353  257  424    0    0
    4540   71    0    0  177    0  248  332  279    0    0
    4560   77    0    0  122    0  301  249  297    0    0
    4580  123    3    0   46    0  395  281  263    0    0
    4600  146    0    0   77    0  265  296  237    0    1
    4620  123    2    0   99    0  340  257  184    0    6
    4640   17    4   22   93    0  270  216  247    0    2
    4660   26    2   16   73    0  225  200  269    0    0
    4680    7    0   10   99    0  236  203  183    0    0
    4700    0    1    0   31    0  419  274  175    0    0
    4720    2    4   15   30    0  486  235   92    0    7
    4740    0    0    0   27    0  508  123   23    3   40
    4760    3    0    1    0    0  386  171    3    0  191
    4780    0    0    0    0    0  357  144    3    0  252
    4800    0    0    0    9    0  265   89    0    0  319
    4820    0    3    0    0    0  354   60    0    0  425
    4840    0    6    0    0    0  201   34    0    0  442
    4860    0    0    0    0    0  263   29    0    0  519
    4880    0    0    0    0    0  310   20    0    0  277
    4900    0   20    0    0    0  263    0    5    0  278
    4920    0   26    0    0    0  333    0    9    0  267
    4940    0   30    0    0    0  352    0    0    0  255
    4960    0   47    0    0    9  397    0    0    0  300
    4980    0   53    3    0    0  396    0    0    0  269
    5000    0   97    0    0    0  414    0    0    0  377
    5020    0   64    0    0    1  413    0    0    0  346
    5040    0   59    0    0    0  350    0    0    0  310
    5060    0   97    1    0    1  339    0    0    1  358
    5080    0   44    7    0   28  323    0    0    0  340
    5100    2   33    0    0   44  316    0    0    0  356
    5120    0   49    7    0   37  242    0    0    0  298
    5140    0   25    0    0  117  280    0    0    0  328
    5160    0   13    0    0  145  312    0    0    0  345
    5180    0   12    0    1   72  305    0    0    0  296
    5200    0    0    0    0  141  274    0    2    0  263
    5220    0    0    2    0  122  227    0    0    0  251
    5240    0    0   10    0  132  275    0    0    0  267
    5260    0    0   51    0   13  278    0    0    0  150
    5280    0    0   98    0    0  252    0    0    0  205
    5300    0    0  239    0    0  266    3    0    0  160
    5320    0    0  312    0    0  206    1    0    7  183
    5340    3    0  341    5    0  249    0    0    8  246
    5360    0    0  368    0    0  309    4    0   36  142
    5380    0    0  303    0    0  243    0    0   11   74
    5400    0    0  309    0    0  288    0    0   12  153
    5420    0    0  406    0    0  242    0    0   46  151
    5440    0    0  468    0    0  124    0    0   11  131
    5460    0    0  342    0    0  155    0    0    2  134
    5480    0    0  378    0    0  132    0    0    0  199
    5500    0    0  247    4    0  136    6    0    0  153
    5520    0    0  295    0    0  131    0    0    0   43
    5540    4    0  248    0    0  165    0    0    0    5
    5560    8    0  190    0    0  202    0    0    0    0
    5580    7    0  200    0    0  245    0    0    0    4
    5600   32    0  134    0    0  214    0    0    0    0
    5620    2    0  122    0    0  175    0    0    0    0
    5640    0    0  116    0    0  132    0    0    0   23
    5660    0    0   94    0    0  129    0    0    0   18
    5680    0    0   69    0    0   96    0    0    0   43
    5700    0    0   69    0    0   51    0    0    0   39
    5720    0    0   37    0    0   30   26    0    1   53
    5740    0    0   32    0    0   57   55    0    0   59
    5760    0    0   14    0    0   55   17    0    0   18
    5780    0    0    3    0    0   25    0    0    1    0
    5800    0    0    0    0    0    8    0    0    0    0
    5820    0    0    0    0    0    0    0    0    0    0
    5840    0    0    0    0    0    0    0    0    0    0
    5860    0    0    0    0    0    0    0    0    0    0
    5880    0    0    0    0    0    0    0    0    0    0
    5900    0    0    0    0   10    0    0    0    0    0
    5920    0    0    1    0    0    0    0    0    0    0
    5940    0    0    0    0    0    0    0    0    0    0
    5960    0    0    0    0    0    0    0    0    0    0
    5980    0    0    0    0    0    0    0    0    0    0
    6000    0    0    0    0    2    0    0    3    0    0
    6020    0    0    0    0    0    0    0    0    0    3
    6040    0    0    0    0    0    0    0    0    0    0
    6060    0    0    0    0    0    0    0    0    0    0
    6080    0    0    0    0    0    0    0    0    1    4
    6100    0    0    0    0    0    0    0    0    0    0
    6120    0    0    0    0    0    0    0    0    0    0
    6140    0    0    0    0    0    0    0    0    0    0
    6160    0    0    0    0    0    0    0    0    0    0
    6180    0    0    0    0    0    0    0    0    0    0
    6200    0    0    0    0    0    0    0    0    0    0
    6220    0    0    0    0    0    0    0    0    0    0
    6240    0    0    0    0    0    6    0    5    0   19
    6260    0    0    0    0    0    0    0    0    0    8
    6280    0    0    0    0    0    0    0    0    0   47
    6300    0    0    0    0    0    0    0    0    0  131
    6320    0    0   13    3    0    0    0    0    0  272
    6340    0    0    0    0    0    0    0    0    0  229
    6360    0    0    0    0    0    0    0    0    0  264
    6380    0    0    0    2    0    0    0    0    0  227
    6400    3    0    0    1    0    0    0    0    0  224
    6420    0    0   10    0    0    0    0    2    0  176
    6440    0    0   72    0    0    0    0    0    0  134
    6460    0    0  168    0    0    0    0    0    0  213
    6480    0    0  193    0    0    0    0    0    0  205
    6500    0    0  274    0    0    0    0    0    0  153
    6520    0    0  258    0    0    0    0    0    0  313
    6540    0    0  299    0    0    0    0    0    0  316
    6560    0    0  232    0    0    0    5    0    0  396
    6580    0    0  105    0    0    0    0    0   14  319
    6600    0    3   46    0    0    0    0    0   30  253
    6620    0    0   55    0    0    0    0    2    1  305
    6640    0    0   14    0    0    0    0    0    0  348
    6660    0    0    1    0    0    0    0    0    0  246
    6680    0    0    0    0    0    0    0    0    0  247
    6700    0    0    0    0    0    0    0    0    0  265
    6720    0    0    0    0    0    0    0    0    0  197
    6740    0    0    0    0    0    0    0    0    0  236
    6760    0    0    0    0    0    0    0    0    0  166
    6780    0    0    0    0    0    0    0    0    0  191
    6800    0    0    0    0    0    0    0    0    0  243
    6820    0    0    0    0    0    0    0    0    0  317
    6840    0    0    0    0    1    0    0    0    0  278
    6860    0    0    0    0    0    0    0    0    0  218
    6880    0    0    0    0    0    0    0    0    0  135
    6900    0    0    0    0    0    0    0    0    0  126
    6920    0    0    0    0    0    0    0    0    0  146
    6940    0    0    0    0    0    0    0    0    0  139
    6960    0    0    0    0    0    0    0    0    0  143
    6980    0    0    0    0    0    0    0    0    0  129
    7000    0    0    0    0    0    0    0    0    0   66
    7020    0    0    0    0    0    0    0    0    0   36
    7040    0    0    0    0    0    0    0    0    0   10
    7060    0    0    0    0    0    0    0    0    0    7
    7080    0    0    5    0    0    0    0    0    0   26
    7100    0    0   14    0    0    0    0    0    0    7
    7120    0    0    0    0    0    0    0    0    0    0
    7140    0    0    0    0    0    0    0    0    0    0
    7160    0    0    0    0    0    0    0    0    0    0
    7180    0    0    0    0    0    0    0    0    0    0
    7200    0    0    0    0    0    0    0    0    0    0
    7220    0    0    0    0    0    0    0    0    0    0
    7240    0    0    0    0    0    0    0    0    0    0
    7260    0    0    0    0    0    0    0    0    0    0
    7280    0    0    0    0    0    0    0    0    0    0
    7300    0    0    0    0    0    0    0    0    0    0
    7320    0    0    5    0    0    0    0    0    0    0
    7340    0    0   18    0    0    0    0    0    0    0
    7360    0    0    6    0    0    0    0    0    0    0
    7380    0    0    0    0    0    0    0    2    0    0
    7400    0    0    0    0    0    0    0    0    0    0
    7420    0    1    0    0    0    0    0    0    0    0
    7440    0    0    0    0    0    0    0    0    0    0
    7460    0    0    0    0    0    0    0    0    0    0
    7480    0    0    0    0    0    0    0    0    0    0
    7500    0    0    0    0    0    0    0    0    0    0
    7520    0    0    0    0    0    0    0    5    0    0
    7540    0    0    0    0    0    0    0   23    0    0
    7560    0    0    0    0    0    0    0    5    0    0
    7580    0    0    0    0    0    0    0    1    0    0
    7600    0    0    0    0    0    0    0    0    0    0
    7620    0    0    0    0    0    0    0    0    0    0
    7640    0    0    0    0    0    0    2    0    0    0
    7660    0    0    0    0    0    0    0    0    0    0
    7680    0    0    0    1    0    0    0    0    0    0
    7700    0    0    0    0    0    0    0    0    0    5
    7720    0    0    0    0    0    0    0    0    0    0
    7740    0    0    0    0    0    0    0    0    0    0
    7760    0    0    0    0    0    0    0    0    0    0
    7780    0    0    0    0    0    0    0    0    0    0
    7800    0    0    0    0    0    0    0    0    0    0
    7820    0    0    0    0    0    1    0    0    0    0
    7840    0    0    0    0    0    0    0    0    0    0
    7860    1    0    0    0    0    0    0    0    0    0
    7880    0    0    0    0    0    0    0    0    0    0
    7900    0    0    0    0    4    0    0    0    0    0
    7920    0    0    0    0    5    0    0    0    0    0
    7940    0    0    0    0    0    0    0    0    0    0
    7960    0    0    0    0    0    0    0    0    0    0
    7980    0    0    0    0    0    0    0    0    0    0
    8000    0    0    0    0    0    2   15    0    0    0
    8020    0    3    0    0    0    0   20    0    0    0
    8040    0    0    0    0    0    0    9    0    0    0
    8060    0    0    0    0    0    0    0    0    0    0
    8080    0    0    0    0    0    0    0    0    0    0
    8100    0    0    0    0    0    0    0    0    0    0
    8120    0    0    0    0    0    0    0    0    0    0
    8140    0    0    0    0    0    0    0    0    0    0
    8160    0    0    0    0    0    0    0    0    0    0
    8180    0    0    0    0    0    0    0    0    0    0
    8200    0    0    0    0    0    0    0    0    0    0
    8220    0    0    0    0    0    0    0    0    0    0
    8240    0    0    0    0    0    0    0    0    0    0
    8260    0    0    0    0    0    0    0    0    0    0
    8280    0    0    0    0    0    0    0    0    0    0
    8300    0    0    0    0    0    0    0    0    0    0
    8320    0    0    0    0    0    0    0    0    0    0
    8340    0    0    0    0    0    0    0    0    0    0
    8360    0    0    0    0    0    0    0    0    0    0
    8380    0    0    0    0    0    0    0    0    0    0
    8400    0    0    0    0    0    0    0    0    0    0
    8420    0    0    0    0    0    0    0    0    0    0
    8440    0    0    0    0    0    0    0    0    0    0
    8460    0    0    0    0    0    0    0    0    0    0
    8480    0    0    0    0    0    0    0    0    0    0
    8500    0    0    0    0    0    0    0    0    0    0
    8520    0    0    0    0    0    0    0    0    0    0
    8540    0    0    0    0    0    0   12    0    0    0
    8560    0    0    0    0    0    0    0    0    0    0
    8580    0    0    0    0    0    0    0    0    0    0
    8600    0    0    0    0    0    0    0    0    0    0
    8620    0    0    0    0    3    0    0    0    0    0
    8640    0    0    0    0    0    0    0    0    0    0
    8660    0    0    0    0    0    0    0    0    0    0
    8680    0    0    0    0    0    0    0    0    0    0
    8700    0    0    0    0    0    0    0    0    0    0
    8720    0    0    0    0    0    0    0    0    0    0
    8740    0    0    0    0    0    0    0    0    0    0
    8760    0    0    2    0    0    0    0    0    0    0
    8780    0    0    0    0    0    0    0    0    0    0
    8800    0    0    0    0    0    0    0    0    0    0
    8820    0    0    0    0    0    0    0    0    0    0
    8840    0    0    0    0    0    0    0    0    0    0
    8860    0    0    0    0    0    0    0    0    0    0
    8880    0    0    0    0    0    0    0    0    0    0
    8900    0    0    0    0    0    0    0    0    0    0
    8920    0    0    0    0    0    0    0    0    0    0
    8940    0    0    0    0    0    0    0    0    0    0
    8960    0    0    0    0    0    0    0    0    0    0
    8980    0    0    0    0    0    0    0    0    0    0
    9000    0    0    0    0    0    0    0    0    0    0
    9020    0    0    0    0    0    0    0    0    0    0
    9040    0    0    0    0    0    0    0    0    0    0
    9060    0    0    0    0    0    0    0    0    0    0
    9080    0    0    0    0    0    0    0    0    0    0
    9100    0    0    0    0    0    0    0    0    0    0
    9120    0    0    0    0    0    0    0    0    0    0
    9140    0    0    0    0    0    0    0    0    0    0
    9160    0    0    0    0    0    0    0    0    0    0
    9180    0    0    0    0    0    0    0    0    0    0
    9200    5    0    0    0    0    0    0    0    0    0
    9220    7    0    0    0    0    0    0    0    0    0
    9240    5    0    0    0    0    0    0    0    0    0
    9260    0    0    0    0    0    0    0    0    0    0
    9280    0    0    0    0    0    0    0    0    0    0
    9300    0    0    0    0    0    0    0    0    0    0
    9320    0    0    0    0    0    0    0    8    0    0
    9340   27    0    0    0    0    0    0    2    0    0
    9360   52    0    0    0    0    0    0    0    0    0
    9380   95    0    0    0    0    0    0    0    0    0
    9400  115    0    0    0    1    0    0    0    0    0
    9420   87    0    0    0    0    0    0    0    0    0
    9440  144    0    0    0    0    0    0    0    0    0
    9460   88    1    0    0    0    0    0    0    0    0
    9480  160    0    0    0    0    0    0    0    0    0
    9500  188    0    0    0    0    0    0    0    0    0
    9520  154    0    0    0    0    0    0    0    0    0
    9540  169    0    0    0   11    0    0    0    0    0
    9560  167    0    0    0   81    0    0    0    0    0
    9580   99    0    0    0  120    0    0    4    0    0
    9600  104    0    0    0   95    0    0    0    0    0
    9620  196    0    0    0  158    0    0    0    0    0
    9640  219    0    0    0  209    0    0    0    3    0
    9660  178    0    0    0  161    0    0    0    0    0
    9680  195    0    0    0   87    0    0    0    0    0
    9700  226    5    0    0   58    0    0    0    0    0
    9720  169    0    0    0   49    0    0    1    0    0
    9740  125    0    0    0   39    0    0    0    0    0
    9760   81    0    0    0   84    0    0    0    0    0
    9780   32    0    0    0  101    0    0    0    0    0
    9800    6    0    0    0   77    6    0    0    0    0
    9820    0    0    0    0  105    0    0    0    0    0
    9840    0    0    0    0   79    0    0    0    0    0
    9860    0    0    0    0   59    0    0    0    0    0
    9880    0    0    0    0   71    0    0    0    0    0
    9900    0    0    3    0  117    0    0    0    0    0
    9920    0    0    0    0   37    0    0    0    0    0
    9940    0    0    0    0   10    0    0    0    0    0
    9960    0    0    0    0    0    0    0    0    0    0
    9980    0    0    0    0    0    0    0    0    0    0
   10000    0    0    0    0    0    0    0    0    0    0
   10020    0    0    0    0    0    0    0    0    0    0
   10040    0    0    0    0    0    0    0    0    0    0
   10060    0    0    0    0    0    0    0    0    0    0
   10080    0    0    0    0    0    0    0    0    0    0
   10100    0    0    0    0    0    0    0    0    0    0
   10120    0    0    0    0    0    0    0    0    0    0
   10140    0    0    0    0    0    0    0    0    0    0
   10160    0    0    0    0    0    0    0    0    0    0
   10180    0    0    0    0    0    0    0    0    0    0
   10200    0    0    0    0    0    0    0    0    0    0
   10220    0    0    0    0    0    0    0    0    0    0
   10240    0    0    0    0    0    0    0    0    0    0
   10260    0    0    0    0    0    0    0    0    0    0
   10280    0    0    0    0    0    0    0    0    0    0
   10300    0    0    0    0    0    0    0    0    0    0
   10320    0    0    0    0    0    0    0    0    0    0
   10340    0    0    0    0    0    0    0    0    0    0
   10360    0    0    0    0    0    0    0    0    0    0
   10380    0    0    0    0    0    0    0    0    0    0
   10400    0    0    0    0    0    0    0    0    0    0
   10420    0    0    0    0    0    0    0    0    0    0
   10440    0    0    0    0    0    0    0    0    0    0
   10460    0    0    0    0    0    0    0    0    0    0
   10480    0    0    0    0    0    0    0    0    0    0
   10500    0    0    0    0    0    0    0    0    0    0
   10520    0    0    0    0    0    0    0    0    0    0
   10540    0    0    0    0    0    0    0    0    0    0
   10560    0    0    0    0    0    0    0    0    0    0
   10580    0    0    0    0    0    0    0    0    0    0
   10600    0    0    0    0    0    0    0    0    0    0
   10620    0    0    0    0    0    0    0    0    0    0
   10640    0    0    0    0    0    0    0    0    0    0
   10660    0    0    0    0    0    0    0    0    0    0
   10680    0    0    0    0    0    0    0    0    0    0
   10700    0    0    0    0    0    0    0    0    0    0
   10720    0    0    0    0    0    0    0    0    0    0
   10740    0    0    0    0    0    0    0    0    0    0
   10760    0    0    0    0    0    0    0    0    0    0
   10780    0    0    0    0    0    0    0    0    0    0
   10800    0    0    0    0    0    0    0    0    0    0
   10820    0    0    0    0    0    0    0    0    0    0
   10840    0    0    0    0    0    0    0    0    0    0
   10860    0    0    0    0    0    0    0    0    0    0
   10880    0    0    0    0    0    0    0    0    0    0
   10900    0    0    0    0    0    0    0    0    0    0
   10920    0    0    0    0    0    0    0    0    0    0
   10940    0    0    0    0    0    0    0    0    0    0
   10960    0    0    0    0    0    0    0    0    0    0
   10980    0    0    0    0    0    0    0    0    0    0
   11000    0    0    0    0    0    0    0    0    0    0
   11020    0    0    0    0    0    0    0    0    0    0
   11040    0    0    0    0    0    0    0    0    0    0
   11060    0    2    0    0    0    0    0    0    0    0
   11080    0    0    0    0    0    0    0    0    0    0
   11100    0    0    0    0    0    0    0    0    0    0
   11120    0    0    0    0    0    0    0    0    0    0
   11140    0    0    0    0    0    0    0    0    0    0
   11160    0    0    0    0    0    0    0    0    0    0
   11180    0    0    0    0    0    0    5    0    0    0
   11200    0    0    0    0    0    0    2    0    0    0
   11220    0    0    0    0    0    0    0    0    0    0
   11240    0    0    0    0    0    0    0    0    0    0
   11260    0    0    0    0    0    0    0    0    0    0
   11280    0    0    0    0    0    0    0    0    0    0
   11300    0    0    0    0    0    0    0    0    0    0
   11320    0    0    0    0    0    0    0    0    0    0
   11340    0    0    0    0    0    0    0    0    0    0
   11360    0    0    0    0    0    0    0    0    0    0
   11380    0    0    0    0    0    0    0    0    0    0
   11400    0    0    0    0    0    0    0    0    0    0
   11420    0    0    0    0    0    0    0    0    0    0
   11440    0    0    0    0    0    0    0    0    0    0
   11460    0    0    0    0    0    0    0    0    0    0
   11480    0    0    0    0    0    0    0    0    0    0
   11500    0    0    0    0    0    0    0    0    0    0
   11520    0    0    0    0    0    0    0    0    0    0
   11540    0    0    0    0    0    0    0    0    0    0
   11560    0    0    0    0    0    0    0    0    0    0
   11580    0    0    0    0    0    0    0    0    0    0
   11600    0    0    0    0    0    0    0    0    0    0
   11620    0    0    0    0    0    0    0    0    0    0
   11640    0    0    0    0    0    0    0    0    0    0
   11660    0    0    0    0    0    0    0    0    0    0
   11680    0    0    0    0    0    0    0    0    0    0
   11700    0    0    0    0    0    0    0    0    0    0
   11720    0    0    0    0    0    0    0    0    0    0
   11740    0    0    0    0    0    0    0    0    0    0
   11760    0    0    0    0    0    0    0    0    0    0
   11780    0    0    0    0    0    0    0    0    0    0
   11800    0    0    0    0    0    0    0    0    0    0
   11820    0    0    0    0    0    0    0    0    0    0
   11840    0    0    0    0    0    0    0    0    0    0
   11860    0    0    0    0    0    0    0    0    0    0
   11880    0    0    0    0    0    0    0    0    0    0
   11900    0    0    0    0    0    0    0    0    0    0
   11920    0    0    0    0    0    0    0    0    0    0
   11940    0    0    0    0    0    0    0    0    0    0
   11960    0    0    0    0    0    0    0    0    0    0
   11980    0    0    0    0    0    0    0    0    0    0
   12000    0    0    0    0    0    0    0    0    0    0
   12020    0    0    0    0    0    0    0    0    0    0
   12040    0    0    0    0    0    0    0    0    0    0
   12060    0    0    0    0    0    0    0    0    0    0
   12080    0    0    0    0    0    0    0    0    0    0
   12100    0    0    0    0    0    0    0    0    0    0
   12120    0    0    0    0    0    0    0    0    0    0
   12140    0    0    0    0    0    0    0    0    0    0
   12160    0    0    0    0    0    0    0    0    0    0
   12180    0    0    0    0    0    0    0    0    0    0
   12200    0    0    0    0    0    0    0    0    0    0
   12220    0    0    0    0    0    0    0    0    0    0
   12240    0    0    0    0    0    0    0    0    0    0
   12260    0    0    0    0    0    0    0    0    0    0
   12280    0    0    0    0    0    0    0    0    0    0
   12300    0    0    0    0    0    0    0    0    0    0
   12320    0    0    0    0    0    0    0    0    0    0
   12340    0    0    0    0    0    0    0    0    0    0
   12360    0    0    0    0    0    0    0    0    0    0
   12380    0    0    0    0    0    0    0    0    0    0
   12400    0    0    0    0    0    0    0    0    0    0
   12420    0    0    0    0    0    0    0    0    0    0
   12440    0    0    0    0    0    0    0    0    0    0
   12460    0    0    0    0    0    0    0    0    0    0
   12480    0    0    0    0    0    0    0    0    0    0
   12500    0    0    0    0    0    0    0    0    0    0
   12520    0    0    0    0    0    0    0    0    0    0
   12540    0    0    0    0    0    0    0    0    0    0
   12560    0    0    0    0    0    0    0    0    0    0
   12580    0    0    0    0    0    0    0    0    0    0
   12600    0    0    0    0    0    0    0    0    0    0
   12620    0    0    0    0    0    0    0    0    0    0
   12640    0    0    0    0    0    0    0    0    0    0
   12660    0    0    0    0    0    0    0    0    0    0
   12680    0    0    0    0    0    0    0    0    0    0
   12700    0    0    0    0    0    0    0    0    0    0
   12720    0    0    0    0    0    0    0    0    0    0
   12740    0    0    0    0    0    0    0    0    0    0
   12760    0    0    0    0    0    0    0    0    0    0
   12780    0    0    0    0    0    0    0    0    0    0
   12800    0    0    0    0    0    0    0    0    0    0
   12820    0    0    0    0    0    0    0    0    0    0
   12840    0    0    0    0    0    0    0    0    0    0
   12860    0    0    0    0    0    0    0    0    0    0
   12880    0    0    0    0    0    0    0    0    0    0
   12900    0    0    0    0    0    0    0    0    0    0
   12920    0    0    0    0    0    0    0    0    0    0
   12940    0    0    0    0    0    0    0    0    0    0
   12960    0    0    0    0    0    0    0    0    0    0
   12980    0    0    0    0    0    0    0    0    0    0
   13000    0    0    0    0    0    0    0    0    0    0
   13020    0    0    0    0    0    0    0    0    0    0
   13040    0    0    0    0    0    0    0    0    0    0
   13060    0    0    0    0    0    0    0    0    0    0
   13080    0    0    0    0    0    0    0    0    0    0
   13100    0    0    0    0    0    0    0    0    0    0
   13120    0    0    0    0    0    0    0    0    0    0
   13140    0    0    0    0    0    0    0    0    0    0
   13160    0    0    0    0    0    0    0    0    0    0
   13180    0    0    0    0    0    0    0    0    0    0
   13200    0    0    0    0    0    0    0    0    0    0
   13220    0    0    0    0    0    0    0    0    0    0
   13240    0    0    0    0    0    0    0    0    0    0
   13260    0    0    0    0    0    0    0    0    0    0
   13280    0    0    0    0    0    0    0    0    0    0
   13300    0    0    0    0    0    0    0    0    0    0
   13320    0    0    0    0    0    0    0    0    0    0
   13340    0    0    0    0    0    0    0    0    0    0
   13360    0    0    0    0    0    0    0    0    0    0
   13380    0    0    0    0    0    0    0    0    0    0
   13400    0    0    0    0    0    0    0    0    0    0
   13420    0    0    0    0    0    0    0    0    0    0
   13440    0    0    0    0    0    0    0    0    0    0
   13460    0    0    0    0    0    0    0    0    0    0
   13480    0    0    0    0    0    0    0    0    0    0
   13500    0    0    0    0    0    0    0    0    0    0
   13520    0    0    0    0    0    0    0    0    0    0
   13540    0    0    0    0    0    0    0    0    0    0
   13560    0    0    0    0    0    0    0    0    0    0
   13580    0    0    0    0    0    0    0    0    0    0
   13600    0    0    0    0    0    0    0    0    0    0
   13620    0    0    0    0    0    0    0    0    0    0
   13640    0    0    0    0    0    0    0    0    0    0
   13660    0    0    0    0    0    0    0    0    0    0
   13680    0    0    0    0    0    0    0    0    0    0
   13700    0    0    0    0    0    0    0    0    0    0
   13720    0    0    0    0    0    0    0    0    0    0
   13740    0    0    0    0    0    0    0    0    0    0
   13760    0    0    0    0    0    0    0    0    0    0
   13780    0    0    0    0    0    0    0    0    0    0
   13800    0    0    0    0    0    0    0    0    0    0
   13820    0    0    0    0    0    0    0    0    0    0
   13840    0    0    0    0    0    0    0    0    0    0
   13860    0    0    0    0    0    0    0    0    0    0
   13880    0    0    0    0    0    0    0    0    0    0
   13900    0    0    0    0    0    0    0    0    0    0
   13920    0    0    0    0    0    0    0    0    0    0
   13940    0    0    0    0    0    0    0    0    0    0
   13960    0    0    0    0    0    0    0    0    0    0
   13980    0    0    0    0    0    0    0    0    0    0
   14000    0    0    0    0    0    0    0    0    0    0
   14020    0    0    0    0    0    0    0    0    0    0
   14040    0    0    0    0    0    0    0    0    0    0
   14060    0    0    0    0    0    0    0    0    0    0
   14080    0    0    0    0    0    0    0    0    0    0
   14100    0    0    0    0    0    0    0    0    0    0
   14120    0    0    0    0    0    0    0    0    0    0
   14140    0    0    0    0    0    0    0    0    0    0
   14160    0    0    0    0    0    0    0    0    0    0
   14180    0    0    0    0    0    0    0    0    0    0
   14200    0    0    0    0    0    0    0    0    0    0
   14220    0    0    0    0    0    0    0    0    0    0
   14240    0    0    0    0    0    0    0    0    0    0
   14260    0    0    0    0    0    0    0    0    0    0
   14280    0    0    0    0    0    0    0    0    0    0
   14300    0    0    0    0    0    0    0    0    0    0
   14320    0    0    0    0    0    0    0    0    0    0
   14340    0    0    0    0    0    0    0    0    0    0
   14360    0    0    0    0    0    0    0    0    0    0
   14380    0    0    0    0    0    0    0    0    0    0
   14400    0    0    0    0    0    0    0    0    0    0
   14420    0    0    0    0    0    0    0    0    0    0
   14440    0    0    0    0    0    0    0    0    0    0
   14460    0    0    0    0    0    0    0    0    0    0
   14480    0    0    0    0    0    0    0    0    0    0
   14500    0    0    0    0    0    0    0    0    0    0
   14520    0    0    0    0    0    0    0    0    0    0
   14540    0    0    0    0    0    0    0    0    0    0
   14560    0    0    0    0    0    0    0    0    0    0
   14580    0    0    0    0    0    0    0    0    0    0
   14600    0    0    0    0    0    0    0    0    0    0
   14620    0    0    0    0    0    0    0    0    0    0
   14640    0    0    0    0    0    0    0    0    0    0
   14660    0    0    0    0    0    0    0    0    0    0
   14680    0    0    0    0    0    0    0    0    0    0
   14700    0    0    0    0    0    0    0    0    0    0
   14720    0    0    0    0    0    0    0    0    0    0
   14740    0    0    0    0    0    0    0    0    0    0
   14760    0    0    0    0    0    0    0    0    0    0
   14780    0    0    0    0    0    0    0    0    0    0
   14800    0    0    0    0    0    0    0    0    0    0
   14820    0    0    0    0    0    0    0    0    0    0
   14840    0    0    0    0    0    0    0    0    0    0
   14860    0    0    0    0    0    0    0    0    0    0
   14880    0    0    0    0    0    0    0    0    0    0
   14900    0    0    0    0    0    0    0    0    0    0
   14920    0    0    0    0    0    0    0    0    0    0
   14940    0    0    0    0    0    0    0    0    0    0
   14960    0    0    0    0    0    0    0    0    0    0
   14980    0    0    0    0    0    0    0    0    0    0
   15000    0    0    0    0    0    0    0    0    0    0
   15020    0    0    0    0    0    0    0    0    0    0
   15040    0    0    0    0    0    0    0    0    0    0
   15060    0    0    0    0    0    0    0    0    0    0
   15080    0    0    0    0    0    0    0    0    0    0
   15100    0    0    0    0    0    0    0    0    0    0
   15120    0    0    0    0    0    0    0    0    0    0
   15140    0    0    0    0    0    0    0    0    0    0
   15160    0    0    0    0    0    0    0    0    0    0
   15180    0    0    0    0    0    0    0    0    0    0
   15200    0    0    0    0    0    0    0    0    0    0
   15220    0    0    0    0    0    0    0    0    0    0
   15240    0    0    0    0    0    0    0    0    0    0
   15260    0    0    0    0    0    0    0    0    0    0
   15280    0    0    0    0    0    0    0    0    0    0
   15300    0    0    0    0    0    0    0    0    0    0
   15320    0    0    0    0    0    0    0    0    0    0
   15340    0    0    0    0    0    0    0    0    0    0
   15360    0    0    0    0    0    0    0    0    0    0
   15380    0    0    0    0    0    0    0    0    0    0
   15400    0    0    0    0    0    0    0    0    0    0
   15420    0    0    0    0    0    0    0    0    0    0
   15440    0    0    0    0    0    0    0    0    0    0
   15460    0    0    0    0    0    0    0    0    0    0
   15480    0    0    0    0    0    0    0    0    0    0
   15500    0    0    0    0    0    0    0    0    0    0
   15520    0    0    0    0    0    0    0    0    0    0
   15540    0    0    0    0    0    0    0    0    0    0
   15560    0    0    0    0    0    0    0    0    0    0
   15580    0    0    0    0    0    0    0    0    0    0
   15600    0    0    0    0    0    0    0    0    0    0
   15620    0    0    0    0    0    0    0    0    0    0
   15640    0    0    0    0    0    0    0    0    0    0
   15660    0    0    0    0    0    0    0    0    0    0
   15680    0    0    0    0    0    0    0    0    0    0
   15700    0    0    0    0    0    0    0    0    0    0
   15720    0    0    0    0    0    0    0    0    0    0
   15740    0    0    0    0    0    0    0    0    0    0
   15760    0    0    0    0    0    0    0    0    0    0
   15780    0    0    0    0    0    0    0    0    0    0
   15800    0    0    0    0    0    0    0    0    0    0
   15820    0    0    0    0    0    0    0    0    0    0
   15840    0    0    0    0    0    0    0    0    0    0
   15860    0    0    0    0    0    0    0    0    0    0
   15880    0    0    0    0    0    0    0    0    0    0
   15900    0    0    0    0    0    0    0    0    0    0
   15920    0    0    0    0    0    0    0    0    0    0
   15940    0    0    0    0    0    0    0    0    0    0
   15960    0    0    0    0    0    0    0    0    0    0
   15980    0    0    0    0    0    0    0    0    0    0
   16000    0    0    0    0    0    0    0    0    0    0
   16020    0    0    0    0    0    0    0    0    0    0
   16040    0    0    0    0    0    0    0    0    0    0
   16060    0    0    0    0    0    0    0    0    0    0
   16080    0    0    0    0    0    0    0    0    0    0
   16100    0    0    0    0    0    0    0    0    0    0
   16120    0    0    0    0    0    0    0    0    0    0
   16140    0    0    0    0    0    0    0    0    0    0
   16160    0    0    0    0    0    0    0    0    0    0
   16180    0    0    0    0    0    0    0    0    0    0
   16200    0    0    0    0    0    0    0    0    0    0
   16220    0    0    0    0    0    0    0    0    0    0
   16240    0    0    0    0    0    0    0    0    0    0
   16260    0    0    0    0    0    0    0    0    0    0
   16280    0    0    0    0    0    0    0    0    0    0
   16300    0    0    0    0    0    0    0    0    0    0
   16320    0    0    0    0    0    0    0    0    0    0
   16340    0    0    0    0    0    0    0    0    0    0
   16360    0    0    0    0    0    0    0    0    0    0
   16380    0    0    0    0    0    0    0    0    0    0
   16400    0    0    0    0    0    0    0    0    0    0
   16420    0    0    0    0    0    0    0    0    0    0
   16440    0    0    0    0    0    0    0    0    0    0
   16460    0    0    0    0    0    0    0    0    0    0
   16480    0    0    0    0    0    0    0    0    0    0
   16500    0    0    0    0    0    0    0    0    0    0
   16520    0    0    0    0    0    0    0    0    0    0
   16540    0    0    0    0    0    0    0    0    0    0
   16560    0    0    0    0    0    0    0    0    0    0
   16580    0    0    0    0    0    0    0    0    0    0
   16600    0    0    0    0    0    0    0    0    0    0
   16620    0    0    0    0    0    0    0    0    0    0
   16640    0    0    0    0    0    0    0    0    0    0
   16660    0    0    0    0    0    0    0    0    0    0
   16680    0    0    0    0    0    0    0    0    0    0
   16700    0    0    0    0    0    0    0    0    0    0
   16720    0    0    0    0    0    0    0    0    0    0
   16740    0    0    0    0    0    0    0    0    0    0
   16760    0    0    0    0    0    0    0    0    0    0
   16780    0    0    0    0    0    0    0    0    0    0
   16800    0    0    0    0    0    0    0    0    0    0
   16820    0    0    0    0    0    0    0    0    0    0
   16840    0    0    0    0    0    0    0    0    0    0
   16860    0    0    0    0    0    0    0    0    0    0
   16880    0    0    0    0    0    0    0    0    0    0
   16900    0    0    0    0    0    0    0    0    0    0
   16920    0    0    0    0    0    0    0    0    0    0
   16940    0    0    0    0    0    0    0    0    0    0
   16960    0    0    0    0    0    0    0    0    0    0
   16980    0    0    0    0    0    0    0    0    0    0
   17000    0    0    0    0    0    0    0    0    0    0
   17020    0    0    0    0    0    0    0    0    0    0
   17040    0    0    0    0    0    0    0    0    0    0
   17060    0    0    0    0    0    0    0    0    0    0
   17080    0    0    0    0    0    0    0    0    0    0
   17100    0    0    0    0    0    0    0    0    0    0
   17120    0    0    0    0    0    0    0    0    0    0
   17140    0    0    0    0    0    0    0    0    0    0
   17160    0    0    0    0    0    0    0    0    0    0
   17180    0    0    0    0    0    0    0    0    0    0
   17200    0    0    0    0    0    0    0    0    0    0
   17220    0    0    0    0    0    0    0    0    0    0
   17240    0    0    0    0    0    0    0    0    0    0
   17260    0    0    0    0    0    0    0    0    0    0
   17280    0    0    0    0    0    0    0    0    0    0
   17300    0    0    0    0    0    0    0    0    0    0
   17320    0    0    0    0    0    0    0    0    0    0
   17340    0    0    0    0    0    0    0    0    0    0
   17360    0    0    0    0    0    0    0    0    0    0
   17380    0    0    0    0    0    0    0    0    0    0
   17400    0    0    0    0    0    0    0    0    0    0
   17420    0    0    0    0    0    0    0    0    0    0
   17440    0    0    0    0    0    0    0    0    0    0
   17460    0    0    0    0    0    0    0    0    0    0
   17480    0    0    0    0    0    0    0    0    0    0
   17500    0    0    0    0    0    0    0    0    0    0
   17520    0    0    0    0    0    0    0    0    0    0
   17540    0    0    0    0    0    0    0    0    0    0
   17560    0    0    0    0    0    0    0    0    0    0
   17580    0    0    0    0    0    0    0    0    0    0
   17600    0    0    0    0    0    0    0    0    0    0
   17620    0    0    0    0    0    0    0    0    0    0
   17640    0    0    0    0    0    0    0    0    0    0
   17660    0    0    0    0    0    0    0    0    0    0
   17680    0    0    0    0    0    0    0    0    0    0
   17700    0    0    0    0    0    0    0    0    0    0
   17720    0    0    0    0    0    0    0    0    0    0
   17740    0    0    0    0    0    0    0    0    0    0
   17760    0    0    0    0    0    0    0    0    0    0
   17780    0    0    0    0    0    0    0    0    0    0
   17800    0    0    0    0    0    0    0    0    0    0
   17820    0    0    0    0    0    0    0    0    0    0
   17840    0    0    0    0    0    0    0    0    0    0
   17860    0    0    0    0    0    0    0    0    0    0
   17880    0    0    0    0    0    0    0    0    0    0
   17900    0    0    0    0    0    0    0    0    0    0
   17920    0    0    0    0    0    0    0    0    0    0
   17940    0    0    0    0    0    0    0    0    0    0
   17960    0    0    0    0    0    0    0    0    0    0
   17980    0    0    0    0    0    0    0    0    0    0
   18000    0    0    0    0    0    0    0    0    0    0
   18020    0    0    0    0    0    0    0    0    0    0
   18040    0    0    0    0    0    0    0    0    0    0
   18060    0    0    0    0    0    0    0    0    0    0
   18080    0    0    0    0    0    0    0    0    0    0
   18100    0    0    0    0    0    0    0    0    0    0
   18120    0    0    0    0    0    0    0    0    0    0
   18140    0    0    0    0    0    0    0    0    0    0
   18160    0    0    0    0    0    0    0    0    0    0
   18180    0    0    0    0    0    0    0    0    0    0
   18200    0    0    0    0    0    0    0    0    0    0
   18220    0    0    0    0    0    0    0    0    0    0
   18240    0    0    0    0    0    0    0    0    0    0
   18260    0    0    0    0    0    0    0    0    0    0
   18280    0    0    0    0    0    0    0    0    0    0
   18300    0    0    0    0    0    0    0    0    0    0
   18320    0    0    0    0    0    0    0    0    0    0
   18340    0    0    0    0    0    0    0    0    0    0
   18360    0    0    0    0    0    0    0    0    0    0
   18380    0    0    0    0    0    0    0    0    0    0
   18400    0    0    0    0    0    0    0    0    0    0
   18420    0    0    0    0    0    0    0    0    0    0
   18440    0    0    0    0    0    0    0    0    0    0
   18460    0    0    0    0    0    0    0    0    0    0
   18480    0    0    0    0    0    0    0    0    0    0
   18500    0    0    0    0    0    0    0    0    0    0
   18520    0    0    0    0    0    0    0    0    0    0
   18540    0    0    0    0    0    0    0    0    0    0
   18560    0    0    0    0    0    0    0    0    0    0
   18580    0    0    0    0    0    0    0    0    0    0
   18600    0    0    0    0    0    0    0    0    0    0
   18620    0    0    0    0    0    0    0    0    0    0
   18640    0    0    0    0    0    0    0    0    0    0
   18660    0    0    0    0    0    0    0    0    0    0
   18680    0    0    0    0    0    0    0    0    0    0
   18700    0    0    0    0    0    0    0    0    0    0
   18720    0    0    0    0    0    0    0    0    0    0
   18740    0    0    0    0    0    0    0    0    0    0
   18760    0    0    0    0    0    0    0    0    0    0
   18780    0    0    0    0    0    0    0    0    0    0
   18800    0    0    0    0    0    0    0    0    0    0
   18820    0    0    0    0    0    0    0    0    0    0
   18840    0    0    0    0    0    0    0    0    0    0
   18860    0    0    0    0    0    0    0    0    0    0
   18880    0    0    0    0    0    0    0    0    0    0
   18900    0    0    0    0    0    0    0    0    0    0
   18920    0    0    0    0    0    0    0    0    0    0
   18940    0    0    0    0    0    0    0    0    0    0
   18960    0    0    0    0    0    0    0    0    0    0
   18980    0    0    0    0    0    0    0    0    0    0
   19000    0    0    0    0    0    0    0    0    0    0
   19020    0    0    0    0    0    0    0    0    0    0
   19040    0    0    0    0    0    0    0    0    0    0
   19060    0    0    0    0    0    0    0    0    0    0
   19080    0    0    0    0    0    0    0    0    0    0
   19100    0    0    0    0    0    0    0    0    0    0
   19120    0    0    0    0    0    0    0    0    0    0
   19140    0    0    0    0    0    0    0    0    0    0
   19160    0    0    0    0    0    0    0    0    0    0
   19180    0    0    0    0    0    0    0    0    0    0
   19200    0    0    0    0    0    0    0    0    0    0
   19220    0    0    0    0    0    0    0    0    0    0
   19240    0    0    0    0    0    0    0    0    0    0
   19260    0    0    0    0    0    0    0    0    0    0
   19280    0    0    0    0    0    0    0    0    0    0
   19300    0    0    0    0    0    0    0    0    0    0
   19320    0    0    0    0    0    0    0    0    0    0
   19340    0    0    0    0    0    0    0    0    0    0
   19360    0    0    0    0    0    0    0    0    0    0
   19380    0    0    0    0    0    0    0    0    0    0
   19400    0    0    0    0    0    0    0    0    0    0
   19420    0    0    0    0    0    0    0    0    0    0
   19440    0    0    0    0    0    0    0    0    0    0
   19460    0    0    0    0    0    0    0    0    0    0
   19480    0    0    0    0    0    0    0    0    0    0
   19500    0    0    0    0    0    0    0    0    0    0
   19520    0    0    0    0    0    0    0    0    0    0
   19540    0    0    0    0    0    0    0    0    0    0
   19560    0    0    0    0    0    0    0    0    0    0
   19580    0    0    0    0    0    0    0    0    0    0
   19600    0    0    0    0    0    0    0    0    0    0
   19620    0    0    0    0    0    0    0    0    0    0
   19640    0    0    0    0    0    0    0    0    0    0
   19660    0    0    0    0    0    0    0    0    0    0
   19680    0    0    0    0    0    0    0    0    0    0
   19700    0    0    0    0    0    0    0    0    0    0
   19720    0    0    0    0    0    0    0    0    0    0
   19740    0    0    0    0    0    0    0    0    0    0
   19760    0    0    0    0    0    0    0    0    0    0
   19780    0    0    0    0    0    0    0    0    0    0
   19800    0    0    0    0    0    0    0    0    0    0
   19820    0    0    0    0    0    0    0    0    0    0
   19840    0    0    0    0    0    0    0    0    0    0
   19860    0    0    0    0    0    0    0    0    0    0
   19880    0    0    0    0    0    0    0    0    0    0
   19900    0    0    0    0    0    0    0    0    0    0
   19920    0    0    0    0    0    0    0    0    0    0
   19940    0    0    0    0    0    0    0    0    0    0
   19960    0    0    0    0    0    0    0    0    0    0
   19980    0    0    0    0    0    0    0    0    0    0
   20000    0    0    0    0    0    0    0    0    0    0
   20020    0    0    0    0    0    0    0    0    0    0
   20040    0    0    0    0    0    0    0    0    0    0
   20060    0    0    0    0    0    0    0    0    0    0
   20080    0    0    0    0    0    0    0    0    0    0
   20100    0    0    0    0    0    0    0    0    0    0
   20120    0    0    0    0    0    0    0    0    0    0
   20140    0    0    0    0    0    0    0    0    0    0
   20160    0    0    0    0    0    0    0    0    0    0
   20180    0    0    0    0    0    0    0    0    0    0
   20200    0    0    0    0    0    0    0    0    0    0
   20220    0    0    0    0    0    0    0    0    0    0
   20240    0    0    0    0    0    0    0    0    0    0
   20260    0    0    0    0    0    0    0    0    0    0
   20280    0    0    0    0    0    0    0    0    0    0
   20300    0    0    0    0    0    0    0    0    0    0
   20320    0    0    0    0    0    0    0    0    0    0
   20340    0    0    0    0    0    0    0    0    0    0
   20360    0    0    0    0    0    0    0    0    0    0
   20380    0    0    0    0    0    0    0    0    0    0
   20400    0    0    0    0    0    0    0    0    0    0
   20420    0    0    0    0    0    0    0    0    0    0
   20440    0    0    0    0    0    0    0    0    0    0
   20460    0    0    0    0    0    0    0    0    0    0
   20480    0    0    0    0    0    0    0    0    0    0
   20500    0    0    0    0    0    0    0    0    0    0
   20520    0    0    0    0    0    0    0    0    0    0
   20540    0    0    0    0    0    0    0    0    0    0
   20560    0    0    0    0    0    0    0    0    0    0
   20580    0    0    0    0    0    0    0    0    0    0
   20600    0    0    0    0    0    0    0    0    0    0
   20620    0    0    0    0    0    0    0    0    0    0
   20640    0    0    0    0    0    0    0    0    0    0
   20660    0    0    0    0    0    0    0    0    0    0
   20680    0    0    0    0    0    0    0    0    0    0
   20700    0    0    0    0    0    0    0    0    0    0
   20720    0    0    0    0    0    0    0    0    0    0
   20740    0    0    0    0    0    0    0    0    0    0
   20760    0    0    0    0    0    0    0    0    0    0
   20780    0    0    0    0    0    0    0    0    0    0
   20800    0    0    0    0    0    0    0    0    0    0
   20820    0    0    0    0    0    0    0    0    0    0
   20840    0    0    0    0    0    0    0    0    0    0
   20860    0    0    0    0    0    0    0    0    0    0
   20880    0    0    0    0    0    0    0    0    0    0
   20900    0    0    0    0    0    0    0    0    0    0
   20920    0    0    0    0    0    0    0    0    0    0
   20940    0    0    0    0    0    0    0    0    0    0
   20960    0    0    0    0    0    0    0    0    0    0
   20980    0    0    0    0    0    0    0    0    0    0
   21000    0    0    0    0    0    0    0    0    0    0
   21020    0    0    0    0    0    0    0    0    0    0
   21040    0    0    0    0    0    0    0    0    0    0
   21060    0    0    0    0    0    0    0    0    0    0
   21080    0    0    0    0    0    0    0    0    0    0
   21100    0    0    0    0    0    0    0    0    0    0
   21120    0    0    0    0    0    0    0    0    0    0
   21140    0    0    0    0    0    0    0    0    0    0
   21160    0    0    0    0    0    0    0    0    0    0
   21180    0    0    0    0    0    0    0    0    0    0
   21200    0    0    0    0    0    0    0    0    0    0
   21220    0    0    0    0    0    0    0    0    0    0
   21240    0    0    0    0    0    0    0    0    0    0
   21260    0    0    0    0    0    0    0    0    0    0
   21280    0    0    0    0    0    0    0    0    0    0
   21300    0    0    0    0    0    0    0    0    0    0
   21320    0    0    0    0    0    0    0    0    0    0
   21340    0    0    0    0    0    0    0    0    0    0
   21360    0    0    0    0    0    0    0    0    0    0
   21380    0    0    0    0    0    0    0    0    0    0
   21400    0    0    0    0    0    0    0    0    0    0
   21420    0    0    0    0    0    0    0    0    0    0
   21440    0    0    0    0    0    0    0    0    0    0
   21460    0    0    0    0    0    0    0    0    0    0
   21480    0    0    0    0    0    0    0    0    0    0
   21500    0    0    0    0    0    0    0    0    0    0
   21520    0    0    0    0    0    0    0    0    0    0
   21540    0    0    0    0    0    0    0    0    0    0
   21560    0    0    0    0    0    0    0    0    0    0
   21580    0    0    0    0    0    0    0    0    0    0
   21600    0    0    0    0    0    0    0    0    0    0
   21620    0    0    0    0    0    0    0    0    0    0
   21640    0    0    0    0    0    0    0    0    0    0
   21660    0    0    0    0    0    0    0    0    0    0
   21680    0    0    0    0    0    0    0    0    0    0
   21700    0    0    0    0    0    0    0    0    0    0
   21720    0    0    0    0    0    0    0    0    0    0
   21740    0    0    0    0    0    0    0    0    0    0
   21760    0    0    0    0    0    0    0    0    0    0
   21780    0    0    0    0    0    0    0    0    0    0
   21800    0    0    0    0    0    0    0    0    0    0
   21820    0    0    0    0    0    0    0    0    0    0
   21840    0    0    0    0    0    0    0    0    0    0
   21860    0    0    0    0    0    0    0    0    0    0
   21880    0    0    0    0    0    0    0    0    0    0
   21900    0    0    0    0    0    0    0    0    0    0
   21920    0    0    0    0    0    0    0    0    0    0
   21940    0    0    0    0    0    0    0    0    0    0
   21960    0    0    0    0    0    0    0    0    0    0
   21980    0    0    0    0    0    0    0    0    0    0
   22000    0    0    0    0    0    0    0    0    0    0
   22020    0    0    0    0    0    0    0    0    0    0
   22040    0    0    0    0    0    0    0    0    0    0
   22060    0    0    0    0    0    0    0    0    0    0
   22080    0    0    0    0    0    0    0    0    0    0
   22100    0    0    0    0    0    0    0    0    0    0
   22120    0    0    0    0    0    0    0    0    0    0
   22140    0    0    0    0    0    0    0    0    0    0
   22160    0    0    0    0    0    0    0    0    0    0
   22180    0    0    0    0    0    0    0    0    0    0
   22200    0    0    0    0    0    0    0    0    0    0
   22220    0    0    0    0    0    0    0    0    0    0
   22240    0    0    0    0    0    0    0    0    0    0
   22260    0    0    0    0    0    0    0    0    0    0
   22280    0    0    0    0    0    0    0    0    0    0
   22300    0    0    0    0    0    0    0    0    0    0
   22320    0    0    0    0    0    0    0    0    0    0
   22340    0    0    0    0    0    0    0    0    0    0
   22360    0    0    0    0    0    0    0    0    0    0
   22380    0    0    0    0    0    0    0    0    0    0
   22400    0    0    0    0    0    0    0    0    0    0
   22420    0    0    0    0    0    0    0    0    0    0
   22440    0    0    0    0    0    0    0    0    0    0
   22460    0    0    0    0    0    0    0    0    0    0
   22480    0    0    0    0    0    0    0    0    0    0
   22500    0    0    0    0    0    0    0    0    0    0
   22520    0    0    0    0    0    0    0    0    0    0
   22540    0    0    0    0    0    0    0    0    0    0
   22560    0    0    0    0    0    0    0    0    0    0
   22580    0    0    0    0    0    0    0    0    0    0
   22600    0    0    0    0    0    0    0    0    0    0
   22620    0    0    0    0    0    0    0    0    0    0
   22640    0    0    0    0    0    0    0    0    0    0
   22660    0    0    0    0    0    0    0    0    0    0
   22680    0    0    0    0    0    0    0    0    0    0
   22700    0    0    0    0    0    0    0    0    0    0
   22720    0    0    0    0    0    0    0    0    0    0
   22740    0    0    0    0    0    0    0    0    0    0
   22760    0    0    0    0    0    0    0    0    0    0
   22780    0    0    0    0    0    0    0    0    0    0
   22800    0    0    0    0    0    0    0    0    0    0
   22820    0    0    0    0    0    0    0    0    0    0
   22840    0    0    0    0    0    0    0    0    0    0
   22860    0    0    0    0    0    0    0    0    0    0
   22880    0    0    0    0    0    0    0    0    0    0
   22900    0    0    0    0    0    0    0    0    0    0
   22920    0    0    0    0    0    0    0    0    0    0
   22940    0    0    0    0    0    0    0    0    0    0
   22960    0    0    0    0    0    0    0    0    0    0
   22980    0    0    0    0    0    0    0    0    0    0
   23000    0    0    0    0    0    0    0    0    0    0
   23020    0    0    0    0    0    0    0    0    0    0
   23040    0    0    0    0    0    0    0    0    0    0
   23060    0    0    0    0    0    0    0    0    0    0
   23080    0    0    0    0    0    0    0    0    0    0
   23100    0    0    0    0    0    0    0    0    0    0
   23120    0    0    0    0    0    0    0    0    0    0
   23140    0    0    0    0    0    0    0    0    0    0
   23160    0    0    0    0    0    0    0    0    0    0
   23180    0    0    0    0    0    0    0    0    0    0
   23200    0    0    0    0    0    0    0    0    0    0
   23220    0    0    0    0    0    0    0    0    0    0
   23240    0    0    0    0    0    0    0    0    0    0
   23260    0    0    0    0    0    0    0    0    0    0
   23280    0    0    0    0    0    0    0    0    0    0
   23300    0    0    0    0    0    0    0    0    0    0
   23320    0    0    0    0    0    0    0    0    0    0
   23340    0    0    0    0    0    0    0    0    0    0
   23360    0    0    0    0    0    0    0    0    0    0
   23380    0    0    0    0    0    0    0    0    0    0
   23400    0    0    0    0    0    0    0    0    0    0
   23420    0    0    0    0    0    0    0    0    0    0
   23440    0    0    0    0    0    0    0    0    0    0
   23460    0    0    0    0    0    0    0    0    0    0
   23480    0    0    0    0    0    0    0    0    0    0
   23500    0    0    0    0    0    0    0    0    0    0
   23520    0    0    0    0    0    0    0    0    0    0
   23540    0    0    0    0    0    0    0    0    0    0
   23560    0    0    0    0    0    0    0    0    0    0
   23580    0    0    0    0    0    0    0    0    0    0
   23600    0    0    0    0    0    0    0    0    0    0
   23620    0    0    0    0    0    0    0    0    0    0
   23640    0    0    0    0    0    0    0    0    0    0
   23660    0    0    0    0    0    0    0    0    0    0
   23680    0    0    0    0    0    0    0    0    0    0
   23700    0    0    0    0    0    0    0    0    0    0
   23720    0    0    0    0    0    0    0    0    0    0
   23740    0    0    0    0    0    0    0    0    0    0
   23760    0    0    0    0    0    0    0    0    0    0
   23780    0    0    0    0    0    0    0    0    0    0
   23800    0    0    0    0    0    0    0    0    0    0
   23820    0    0    0    0    0    0    0    0    0    0
   23840    0    0    0    0    0    0    0    0    0    0
   23860    0    0    0    0    0    0    0    0    0    0
   23880    0    0    0    0    0    0    0    0    0    0
   23900    0    0    0    0    0    0    0    0    0    0
   23920    0    0    0    0    0    0    0    0    0    0
   23940    0    0    0    0    0    0    0    0    0    0
   23960    0    0    0    0    0    0    0    0    0    0
   23980    0    0    0    0    0    0    0    0    0    0
   24000    0    0    0    0    0    0    0    0    0    0
   24020    0    0    0    0    0    0    0    0    0    0
   24040    0    0    0    0    0    0    0    0    0    0
   24060    0    0    0    0    0    0    0    0    0    0
   24080    0    0    0    0    0    0    0    0    0    0
   24100    0    0    0    0    0    0    0    0    0    0
   24120    0    0    0    0    0    0    0    0    0    0
   24140    0    0    0    0    0    0    0    0    0    0
   24160    0    0    0    0    0    0    0    0    0    0
   24180    0    0    0    0    0    0    0    0    0    0
   24200    0    0    0    0    0    0    0    0    0    0
   24220    0    0    0    0    0    0    0    0    0    0
   24240    0    0    0    0    0    0    0    0    0    0
   24260    0    0    0    0    0    0    0    0    0    0
   24280    0    0    0    0    0    0    0    0    0    0
   24300    0    0    0    0    0    0    0    0    0    0
   24320    0    0    0    0    0    0    0    0    0    0
   24340    0    0    0    0    0    0    0    0    0    0
   24360    0    0    0    0    0    0    0    0    0    0
   24380    0    0    0    0    0    0    0    0    0    0
   24400    0    0    0    0    0    0    0    0    0    0
   24420    0    0    0    0    0    0    0    0    0    0
   24440    0    0    0    0    0    0    0    0    0    0
   24460    0    0    0    0    0    0    0    0    0    0
   24480    0    0    0    0    0    0    0    0    0    0
   24500    0    0    0    0    0    0    0    0    0    0
   24520    0    0    0    0    0    0    0    0    0    0
   24540    0    0    0    0    0    0    0    0    0    0
   24560    0    0    0    0    0    0    0    0    0    0
   24580    0    0    0    0    0    0    0    0    0    0
   24600    0    0    0    0    0    0    0    0    0    0
   24620    0    0    0    0    0    0    0    0    0    0
   24640    0    0    0    0    0    0    0    0    0    0
   24660    0    0    0    0    0    0    0    0    0    0
   24680    0    0    0    0    0    0    0    0    0    0
   24700    0    0    0    0    0    0    0    0    0    0
   24720    0    0    0    0    0    0    0    0    0    0
   24740    0    0    0    0    0    0    0    0    0    0
   24760    0    0    0    0    0    0    0    0    0    0
   24780    0    0    0    0    0    0    0    0    0    0
   24800    0    0    0    0    0    0    0    0    0    0
   24820    0    0    0    0    0    0    0    0    0    0
   24840    0    0    0    0    0    0    0    0    0    0
   24860    0    0    0    0    0    0    0    0    0    0
   24880    0    0    0    0    0    0    0    0    0    0
   24900    0    0    0    0    0    0    0    0    0    0
   24920    0    0    0    0    0    0    0    0    0    0
   24940    0    0    0    0    0    0    0    0    0    0
   24960    0    0    0    0    0    0    0    0    0    0
   24980    0    0    0    0    0    0    0    0    0    0
   25000    0    0    0    0    0    0    0    0    0    0
   25020    0    0    0    0    0    0    0    0    0    0
   25040    0    0    0    0    0    0    0    0    0    0
   25060    0    0    0    0    0    0    0    0    0    0
   25080    0    0    0    0    0    0    0    0    0    0
   25100    0    0    0    0    0    0    0    0    0    0
   25120    0    0    0    0    0    0    0    0    0    0
   25140    0    0    0    0    0    0    0    0    0    0
   25160    0    0    0    0    0    0    0    0    0    0
   25180    0    0    0    0    0    0    0    0    0    0
   25200    0    0    0    0    0    0    0    0    0    0
   25220    0    0    0    0    0    0    0    0    0    0
   25240    0    0    0    0    0    0    0    0    0    0
   25260    0    0    0    0    0    0    0    0    0    0
   25280    0    0    0    0    0    0    0    0    0    0
   25300    0    0    0    0    0    0    0    0    0    0
   25320    0    0    0    0    0    0    0    0    0    0
   25340    0    0    0    0    0    0    0    0    0    0
   25360    0    0    0    0    0    0    0    0    0    0
   25380    0    0    0    0    0    0    0    0    0    0
   25400    0    0    0    0    0    0    0    0    0    0
   25420    0    0    0    0    0    0    0    0    0    0
   25440    0    0    0    0    0    0    0    0    0    0
   25460    0    0    0    0    0    0    0    0    0    0
   25480    0    0    0    0    0    0    0    0    0    0
   25500    0    0    0    0    0    0    0    0    0    0
   25520    0    0    0    0    0    0    0    0    0    0
   25540    0    0    0    0    0    0    0    0    0    0
   25560    0    0    0    0    0    0    0    0    0    0
   25580    0    0    0    0    0    0    0    0    0    0
   25600    0    0    0    0    0    0    0    0    0    0
   25620    0    0    0    0    0    0    0    0    0    0
   25640    0    0    0    0    0    0    0    0    0    0
   25660    0    0    0    0    0    0    0    0    0    0
   25680    0    0    0    0    0    0    0    0    0    0
   25700    0    0    0    0    0    0    0    0    0    0
   25720    0    0    0    0    0    0    0    0    0    0
   25740    0    0    0    0    0    0    0    0    0    0
   25760    0    0    0    0    0    0    0    0    0    0
   25780    0    0    0    0    0    0    0    0    0    0
   25800    0    0    0    0    0    0    0    0    0    0
   25820    0    0    0    0    0    0    0    0    0    0
   25840    0    0    0    0    0    0    0    0    0    0
   25860    0    0    0    0    0    0    0    0    0    0
   25880    0    0    0    0    0    0    0    0    0    0
   25900    0    0    0    0    0    0    0    0    0    0
   25920    0    0    0    0    0    0    0    0    0    0
   25940    0    0    0    0    0    0    0    0    0    0
   25960    0    0    0    0    0    0    0    0    0    0
   25980    0    0    0    0    0    0    0    0    0    0
   26000    0    0    0    0    0    0    0    0    0    0
   26020    0    0    0    0    0    0    0    0    0    0
   26040    0    0    0    0    0    0    0    0    0    0
   26060    0    0    0    0    0    0    0    0    0    0
   26080    0    0    0    0    0    0    0    0    0    0
   26100    0    0    0    0    0    0    0    0    0    0
   26120    0    0    0    0    0    0    0    0    0    0
   26140    0    0    0    0    0    0    0    0    0    0
   26160    0    0    0    0    0    0    0    0    0    0
   26180    0    0    0    0    0    0    0    0    0    0
   26200    0    0    0    0    0    0    0    0    0    0
   26220    0    0    0    0    0    0    0    0    0    0
   26240    0    0    0    0    0    0    0    0    0    0
   26260    0    0    0    0    0    0    0    0    0    0
   26280    0    0    0    0    0    0    0    0    0    0
   26300    0    0    0    0    0    0    0    0    0    0
   26320    0    0    0    0    0    0    0    0    0    0
   26340    0    0    0    0    0    0    0    0    0    0
   26360    0    0    0    0    0    0    0    0    0    0
   26380    0    0    0    0    0    0    0    0    0    0
   26400    0    0    0    0    0    0    0    0    0    0
   26420    0    0    0    0    0    0    0    0    0    0
   26440    0    0    0    0    0    0    0    0    0    0
   26460    0    0    0    0    0    0    0    0    0    0
   26480    0    0    0    0    0    0    0    0    0    0
   26500    0    0    0    0    0    0    0    0    0    0
   26520    0    0    0    0    0    0    0    0    0    0
   26540    0    0    0    0    0    0    0    0    0    0
   26560    0    0    0    0    0    0    0    0    0    0
   26580    0    0    0    0    0    0    0    0    0    0
   26600    0    0    0    0    0    0    0    0    0    0
   26620    0    0    0    0    0    0    0    0    0    0
   26640    0    0    0    0    0    0    0    0    0    0
   26660    0    0    0    0    0    0    0    0    0    0
   26680    0    0    0    0    0    0    0    0    0    0
   26700    0    0    0    0    0    0    0    0    0    0
   26720    0    0    0    0    0    0    0    0    0    0
   26740    0    0    0    0    0    0    0    0    0    0
   26760    0    0    0    0    0    0    0    0    0    0
   26780    0    0    0    0    0    0    0    0    0    0
   26800    0    0    0    0    0    0    0    0    0    0
   26820    0    0    0    0    0    0    0    0    0    0
   26840    0    0    0    0    0    0    0    0    0    0
   26860    0    0    0    0    0    0    0    0    0    0
   26880    0    0    0    0    0    0    0    0    0    0
   26900    0    0    0    0    0    0    0    0    0    0
   26920    0    0    0    0    0    0    0    0    0    0
   26940    0    0    0    0    0    0    0    0    0    0
   26960    0    0    0    0    0    0    0    0    0    0
   26980    0    0    0    0    0    0    0    0    0    0
   27000    0    0    0    0    0    0    0    0    0    0
   27020    0    0    0    0    0    0    0    0    0    0
   27040    0    0    0    0    0    0    0    0    0    0
   27060    0    0    0    0    0    0    0    0    0    0
   27080    0    0    0    0    0    0    0    0    0    0
   27100    0    0    0    0    0    0    0    0    0    0
   27120    0    0    0    0    0    0    0    0    0    0
   27140    0    0    0    0    0    0    0    0    0    0
   27160    0    0    0    0    0    0    0    0    0    0
   27180    0    0    0    0    0    0    0    0    0    0
   27200    0    0    0    0    0    0    0    0    0    0
   27220    0    0    0    0    0    0    0    0    0    0
   27240    0    0    0    0    0    0    0    0    0    0
   27260    0    0    0    0    0    0    0    0    0    0
   27280    0    0    0    0    0    0    0    0    0    0
   27300    0    0    0    0    0    0    0    0    0    0
   27320    0    0    0    0    0    0    0    0    0    0
   27340    0    0    0    0    0    0    0    0    0    0
   27360    0    0    0    0    0    0    0    0    0    0
   27380    0    0    0    0    0    0    0    0    0    0
   27400    0    0    0    0    0    0    0    0    0    0
   27420    0    0    0    0    0    0    0    0    0    0
   27440    0    0    0    0    0    0    0    0    0    0
   27460    0    0    0    0    0    0    0    0    0    0
   27480    0    0    0    0    0    0    0    0    0    0
   27500    0    0    0    0    0    0    0    0    0    0
   27520    0    0    0    0    0    0    0    0    0    0
   27540    0    0    0    0    0    0    0    0    0    0
   27560    0    0    0    0    0    0    0    0    0    0
   27580    0    0    0    0    0    0    0    0    0    0
   27600    0    0    0    0    0    0    0    0    0    0
   27620    0    0    0    0    0    0    0    0    0    0
   27640    0    0    0    0    0    0    0    0    0    0
   27660    0    0    0    0    0    0    0    0    0    0
   27680    0    0    0    0    0    0    0    0    0    0
   27700    0    0    0    0    0    0    0    0    0    0
   27720    0    0    0    0    0    0    0    0    0    0
   27740    0    0    0    0    0    0    0    0    0    0
   27760    0    0    0    0    0    0    0    0    0    0
   27780    0    0    0    0    0    0    0    0    0    0
   27800    0    0    0    0    0    0    0    0    0    0
   27820    0    0    0    0    0    0    0    0    0    0
   27840    0    0    0    0    0    0    0    0    0    0
   27860    0    0    0    0    0    0    0    0    0    0
   27880    0    0    0    0    0    0    0    0    0    0
   27900    0    0    0    0    0    0    0    0    0    0
   27920    0    0    0    0    0    0    0    0    0    0
   27940    0    0    0    0    0    0    0    0    0    0
   27960    0    0    0    0    0    0    0    0    0    0
   27980    0    0    0    0    0    0    0    0    0    0
   28000    0    0    0    0    0    0    0    0    0    0
   28020    0    0    0    0    0    0    0    0    0    0
   28040    0    0    0    0    0    0    0    0    0    0
   28060    0    0    0    0    0    0    0    0    0    0
   28080    0    0    0    0    0    0    0    0    0    0
   28100    0    0    0    0    0    0    0    0    0    0
   28120    0    0    0    0    0    0    0    0    0    0
   28140    0    0    0    0    0    0    0    0    0    0
   28160    0    0    0    0    0    0    0    0    0    0
   28180    0    0    0    0    0    0    0    0    0    0
   28200    0    0    0    0    0    0    0    0    0    0
   28220    0    0    0    0    0    0    0    0    0    0
   28240    0    0    0    0    0    0    0    0    0    0
   28260    0    0    0    0    0    0    0    0    0    0
   28280    0    0    0    0    0    0    0    0    0    0
   28300    0    0    0    0    0    0    0    0    0    0
   28320    0    0    0    0    0    0    0    0    0    0
   28340    0    0    0    0    0    0    0    0    0    0
   28360    0    0    0    0    0    0    0    0    0    0
   28380    0    0    0    0    0    0    0    0    0    0
   28400    0    0    0    0    0    0    0    0    0    0
   28420    0    0    0    0    0    0    0    0    0    0
   28440    0    0    0    0    0    0    0    0    0    0
   28460    0    0    0    0    0    0    0    0    0    0
   28480    0    0    0    0    0    0    0    0    0    0
   28500    0    0    0    0    0    0    0    0    0    0
   28520    0    0    0    0    0    0    0    0    0    0
   28540    0    0    0    0    0    0    0    0    0    0
   28560    0    0    0    0    0    0    0    0    0    0
   28580    0    0    0    0    0    0    0    0    0    0
   28600    0    0    0    0    0    0    0    0    0    0
   28620    0    0    0    0    0    0    0    0    0    0
   28640    0    0    0    0    0    0    0    0    0    0
   28660    0    0    0    0    0    0    0    0    0    0
   28680    0    0    0    0    0    0    0    0    0    0
   28700    0    0    0    0    0    0    0    0    0    0
   28720    0    0    0    0    0    0    0    0    0    0
   28740    0    0    0    0    0    0    0    0    0    0
   28760    0    0    0    0    0    0    0    0    0    0
   28780    0    0    0    0    0    0    0    0    0    0
   28800    0    0    0    0    0    0    0    0    0    0
   28820    0    0    0    0    0    0    0    0    0    0
   28840    0    0    0    0    0    0    0    0    0    0
   28860    0    0    0    0    0    0    0    0    0    0
   28880    0    0    0    0    0    0    0    0    0    0
   28900    0    0    0    0    0    0    0    0    0    0
   28920    0    0    0    0    0    0    0    0    0    0
   28940    0    0    0    0    0    0    0    0    0    0
   28960    0    0    0    0    0    0    0    0    0    0
   28980    0    0    0    0    0    0    0    0    0    0
   29000    0    0    0    0    0    0    0    0    0    0
   29020    0    0    0    0    0    0    0    0    0    0
   29040    0    0    0    0    0    0    0    0    0    0
   29060    0    0    0    0    0    0    0    0    0    0
   29080    0    0    0    0    0    0    0    0    0    0
   29100    0    0    0    0    0    0    0    0    0    0
   29120    0    0    0    0    0    0    0    0    0    0
   29140    0    0    0    0    0    0    0    0    0    0
   29160    0    0    0    0    0    0    0    0    0    0
   29180    0    0    0    0    0    0    0    0    0    0
   29200    0    0    0    0    0    0    0    0    0    0
   29220    0    0    0    0    0    0    0    0    0    0
   29240    0    0    0    0    0    0    0    0    0    0
   29260    0    0    0    0    0    0    0    0    0    0
   29280    0    0    0    0    0    0    0    0    0    0
   29300    0    0    0    0    0    0    0    0    0    0
   29320    0    0    0    0    0    0    0    0    0    0
   29340    0    0    0    0    0    0    0    0    0    0
   29360    0    0    0    0    0    0    0    0    0    0
   29380    0    0    0    0    0    0    0    0    0    0
   29400    0    0    0    0    0    0    0    0    0    0
   29420    0    0    0    0    0    0    0    0    0    0
   29440    0    0    0    0    0    0    0    0    0    0
   29460    0    0    0    0    0    0    0    0    0    0
   29480    0    0    0    0    0    0    0    0    0    0
   29500    0    0    0    0    0    0    0    0    0    0
   29520    0    0    0    0    0    0    0    0    0    0
   29540    0    0    0    0    0    0    0    0    0    0
   29560    0    0    0    0    0    0    0    0    0    0
   29580    0    0    0    0    0    0    0    0    0    0
   29600    0    0    0    0    0    0    0    0    0    0
   29620    0    0    0    0    0    0    0    0    0    0
   29640    0    0    0    0    0    0    0    0    0    0
   29660    0    0    0    0    0    0    0    0    0    0
   29680    0    0    0    0    0    0    0    0    0    0
   29700    0    0    0    0    0    0    0    0    0    0
   29720    0    0    0    0    0    0    0    0    0    0
   29740    0    0    0    0    0    0    0    0    0    0
   29760    0    0    0    0    0    0    0    0    0    0
   29780    0    0    0    0    0    0    0    0    0    0
   29800    0    0    0    0    0    0    0    0    0    0
   29820    0    0    0    0    0    0    0    0    0    0
   29840    0    0    0    0    0    0    0    0    0    0
   29860    0    0    0    0    0    0    0    0    0    0
   29880    0    0    0    0    0    0    0    0    0    0
   29900    0    0    0    0    0    0    0    0    0    0
   29920    0    0    0    0    0    0    0    0    0    0
   29940    0    0    0    0    0    0    0    0    0    0
   29960    0    0    0    0    0    0    0    0    0    0
   29980    0    0    0    0    0    0    0    0    0    0
   30000    0    0    0    0    0    0    0    0    0    0
