      20  985 1018  900  971  917  964  879 1039  932  984
      40  922  946  986  807  854 1033  867  892  899  970
      60 1000 1086  945 1008  907 1016  947  984  950 1069
      80 1013 1123  891  946  849  941  989 1022  972  942
     100 1049 1173  922 1082  901 1027 1011  952 1115 1004
     120  886  951  938  851  969  912  922  928  940 1003
     140 1023  938  903  977 1030  969  964  933  998 1023
     160  965 1049  916  888  865  899  900  871  933  975
     180 1074  930  984  950  830  864  883  840  893 1103
     200  803  896 1133  956  889 1017 1049 1005  937  930
     220  922  932  970  911  972  922  881 1009  903 1032
     240  900  952  938  859  950 1037  861  852 1103  935
     260  879  898  946  876  919  846  846  866  962  902
     280  912  987  974  989  925  856  835  858  902  968
     300  896  872  828  825  887 1111  934  780  989 1006
     320  930  955  930  809  798  924 1008  983 1064  838
     340  932  910  913  947  814  874  832  858  918  850
     360  979  888  846  928  877  869  869  951  794 1022
     380  824  876 1018  907  830  833 1002  859  959  818
     400  957  955  854  874  891  953  803  902  885  976
     420  868  929  871  877  809  933  808  818  838  779
     440 1045  904  800  907  806  876  931  842  925  953
     460  823  909  860  975  879  871  868  975  855  881
     480  885  861  807 1012  843  921  892  993  962  874
     500  790  832  849  940  809  822  879  894  980  888
     520  768  857  759  904  933  866  832  921  850  920
     540  873  905  978  830  727  966  816  992  833  967
     560  841  864  795  804  791  863  762  961  873  937
     580  924  940  828  777  865  815  856  777  795  838
     600  770  855  809  811  728  940  876  758  852  865
     620  918  663  870  748  781  942  822  720  753  917
     640  885  839  810  777  752  837  837  866  837  906
     660  839  926  788  815  789  942  936  791  799  880
     680  768  851  866  806  813  854  828  791  925  746
     700  925  802  809  769  791  859  861  781  770  805
     720  801  783  867  890  910  851  774  847  845  796
     740  905  870  862  919  776  968  810  722  912  793
     760  805  755  819  836  811  947  767  925  858  774
     780  829  802  642  831  803  789  789  821  892  669
     800  850  731  862  841  857  778  817  793  887  829
     820  835  807  680  681  845  759  768  755  850  707
     840  869  724  910  804  943  825  758  740  838  850
     860  758  836  791  881  878  772  762  754  738  772
     880  817  799  865  858  772  790  692  648  866  919
     900  779  819  757  859  794  784  800  582  824  806
     920  764  741  811  797  745  777  839  660  834  767
     940  899  725  808  691  860  821  726  721  785  700
     960  906  809  828  738  807  753  814  850  795  681
     980  835  810  688  720  926  861  787  776  769  938
    1000  796  802  762  699  851  747  818  873  845  876
    1020  846  723  662  677  840  810  891  872  802  777
    1040  664  830  731  781  752  696  851  748  641  800
    1060  619  689  592  788  824  744  789  819  667  959
    1080  711  855  727  703  702  758  806  646  727  782
    1100  793  777  773  693  859  710  704  640  626  734
    1120  605  733  761  889  781  725  667  737  699  658
    1140  709  710  762  794  688  767  689  740  661  665
    1160  692  627  771  818  732  777  641  762  789  703
    1180  662  731  693  828  676  755  643  732  775  757
    1200  664  682  801  665  755  720  763  681  779  708
    1220  749  683  792  708  723  672  742  718  715  637
    1240  669  710  703  702  744  757  706  829  839  719
    1260  715  767  751  739  720  525  759  695  791  723
    1280  626  749  706  726  692  671  779  621  639  776
    1300  721  492  677  723  748  614  668  685  743  645
    1320  746  731  762  674  793  787  764  739  722  823
    1340  755  684  673  697  727  844  786  689  660  832
    1360  880  717  750  618  716  766  724  715  652  672
    1380  804  692  614  653  688  682  625  642  807  586
    1400  776  723  729  684  651  636  685  797  652  743
    1420  675  696  625  745  753  728  753  630  620  693
    1440  645  749  763  755  679  675  662  603  618  594
    1460  711  685  685  657  725  679  575  558  774  741
    1480  656  709  840  697  711  778  588  659  685  763
    1500  719  661  871  625  700  719  581  698  655  612
    1520  652  714  714  619  846  688  612  757  709  630
    1540  547  758  686  584  616  660  658  725  742  553
    1560  648  734  749  669  755  766  749  676  631  595
    1580  718  671  730  692  609  773  746  719  681  580
    1600  687  719  644  649  639  742  592  709  696  632
    1620  689  681  625  706  684  674  739  576  703  673
    1640  679  616  691  689  679  426  645  700  651  717
    1660  698  710  690  659  670  727  692  619  695  727
    1680  677  651  583  623  700  625  567  611  825  660
    1700  662  661  650  647  719  641  551  710  744  727
    1720  747  645  608  556  588  735  651  644  658  626
    1740  612  589  578  643  677  618  590  639  662  740
    1760  659  689  652  612  631  638  737  597  565  673
    1780  702  601  533  710  665  672  632  726  620  580
    1800  650  685  570  665  637  660  647  635  493  576
    1820  740  596  640  605  570  695  738  763  631  681
    1840  658  606  634  603  595  532  542  561  671  625
    1860  636  741  601  578  655  516  652  518  596  568
    1880  619  726  774  539  755  582  680  652  665  692
    1900  644  795  577  684  735  633  634  606  591  711
    1920  584  607  636  655  679  543  704  497  611  609
    1940  595  626  647  646  573  618  683  547  655  664
    1960  686  571  572  627  642  677  591  584  725  615
    1980  612  597  549  650  684  641  695  619  588  656
    2000  556  606  555  563  649  571  506  538  483  697
    2020  564  497  549  711  603  477  612  562  654  670
    2040  727  554  623  749  544  588  512  474  475  623
    2060  671  578  526  694  584  583  519  455  557  552
    2080  539  646  536  470  688  555  516  631  556  519
    2100  649  769  629  545  653  623  625  755  571  633
    2120  663  571  583  597  665  614  603  698  617  621
    2140  644  536  562  642  612  551  579  624  604  569
    2160  496  669  525  663  558  519  737  633  655  662
    2180  616  628  741  653  545  481  706  521  483  655
    2200  638  667  579  611  538  549  670  543  676  606
    2220  520  632  580  484  501  614  599  688  661  553
    2240  490  581  502  510  646  612  538  690  616  672
    2260  507  694  591  614  712  587  582  583  643  611
    2280  550  752  586  555  578  619  690  669  547  603
    2300  559  590  676  629  559  551  548  550  563  607
    2320  515  595  522  554  641  567  736  589  555  568
    2340  585  489  559  596  643  545  483  507  562  541
    2360  522  656  568  604  624  526  603  607  496  404
    2380  642  666  676  462  726  582  699  756  660  491
    2400  553  599  575  523  661  570  618  557  517  550
    2420  486  571  577  606  682  558  557  648  654  521
    2440  531  654  566  572  644  559  588  641  581  571
    2460  608  564  616  516  616  438  500  655  598  678
    2480  493  605  647  578  615  514  482  474  520  616
    2500  531  560  633  560  630  500  589  512  576  664
    2520  620  528  559  559  619  611  557  586  580  695
    2540  596  580  466  477  537  551  530  694  518  619
    2560  469  575  577  577  654  662  630  642  612  669
    2580  676  551  498  628  581  651  678  440  529  547
    2600  647  584  555  625  526  670  523  536  497  527
    2620  561  669  536  771  507  577  642  577  383  527
    2640  468  544  527  684  441  592  548  601  494  567
    2660  562  469  435  617  546  596  602  580  524  663
    2680  471  517  607  591  536  567  571  518  546  505
    2700  687  569  477  569  560  597  664  460  586  589
    2720  556  421  549  570  493  568  619  544  490  636
    2740  624  341  546  635  550  570  643  612  475  526
    2760  441  390  488  496  552  556  511  523  503  543
    2780  559  446  581  524  539  677  492  661  494  519
    2800  508  521  500  536  461  585  561  573  550  570
    2820  434  454  505  581  524  481  413  598  528  571
    2840  546  493  537  593  475  546  546  552  461  524
    2860  443  508  506  527  470  456  558  367  464  588
    2880  681  574  436  605  495  485  594  497  377  554
    2900  667  686  448  488  577  537  510  504  421  561
    2920  509  655  537  624  580  577  568  462  475  502
    2940  414  627  606  503  480  489  548  693  552  586
    2960  482  511  592  628  468  585  578  512  701  599
    2980  455  506  613  494  531  575  446  575  506  561
    3000  381  460  562  496  493  498  480  456  567  553
    3020  444  456  565  526  583  488  563  478  478  573
    3040  528  517  542  580  535  563  525  456  521  554
    3060  553  438  443  563  504  605  536  517  592  505
    3080  470  510  407  479  560  569  577  619  515  485
    3100  565  530  441  417  514  575  647  455  524  446
    3120  563  403  419  517  455  495  662  517  650  354
    3140  460  542  427  507  496  543  560  465  646  430
    3160  410  556  370  458  397  574  619  453  620  510
    3180  526  502  466  372  508  496  454  445  484  517
    3200  559  435  518  639  482  518  395  440  508  359
    3220  543  532  465  687  461  628  376  461  629  373
    3240  414  452  452  573  484  456  449  453  488  582
    3260  541  569  292  485  439  503  530  479  364  566
    3280  570  404  482  417  588  466  445  501  464  545
    3300  727  510  529  495  491  462  399  429  403  529
    3320  635  645  532  545  453  479  440  495  534  523
    3340  538  504  565  532  452  451  551  488  359  634
    3360  540  531  656  465  380  483  339  559  575  522
    3380  588  356  617  456  471  505  504  614  432  604
    3400  535  451  590  429  604  520  454  500  403  540
    3420  411  512  507  528  604  442  486  597  478  551
    3440  444  453  519  443  525  470  526  589  521  519
    3460  497  475  579  439  562  429  481  592  377  383
    3480  478  508  471  394  506  612  536  495  382  417
    3500  520  457  504  450  411  626  492  491  505  426
    3520  549  588  578  484  430  556  516  474  463  501
    3540  460  521  558  505  419  452  471  518  526  559
    3560  463  445  526  453  424  468  575  458  530  588
    3580  367  601  596  408  529  419  499  436  425  457
    3600  412  441  475  518  445  421  606  534  517  535
    3620  545  352  429  493  439  429  530  448  594  440
    3640  520  471  419  486  486  416  530  518  568  541
    3660  429  411  419  416  461  452  416  496  457  494
    3680  574  458  444  420  322  411  637  334  357  480
    3700  475  482  434  524  369  382  468  373  310  445
    3720  417  474  521  477  447  527  504  477  363  465
    3740  456  505  452  362  428  473  392  452  410  513
    3760  454  439  527  481  475  569  482  502  568  461
    3780  482  346  469  467  459  500  562  472  489  459
    3800  424  378  357  542  540  495  549  446  460  521
    3820  254  425  495  531  560  547  518  554  386  439
    3840  388  453  599  499  472  426  466  479  362  542
    3860  546  573  446  500  430  376  467  404  344  491
    3880  389  513  368  606  413  387  404  430  347  449
    3900  525  488  426  451  428  354  472  454  424  348
    3920  402  549  376  410  495  392  602  343  383  339
    3940  451  456  584  485  408  451  482  512  553  433
    3960  428  369  457  381  486  407  401  366  437  400
    3980  538  362  379  515  530  350  498  355  359  513
    4000  459  370  399  431  491  329  431  396  338  547
    4020  550  363  446  436  534  476  455  495  464  489
    4040  532  456  578  461  453  456  392  428  644  476
    4060  613  447  570  486  446  343  437  486  446  473
    4080  472  499  457  422  446  369  410  398  509  447
    4100  494  447  495  424  507  350  454  411  457  369
    4120  364  397  372  440  515  503  435  445  531  469
    4140  446  436  436  565  468  431  449  536  471  497
    4160  410  420  471  500  465  448  446  443  396  462
    4180  440  466  374  433  445  429  461  409  479  417
    4200  545  437  497  404  463  535  529  419  520  343
    4220  468  501  410  477  410  419  484  363  482  334
    4240  448  495  387  475  407  387  469  507  389  474
    4260  363  546  338  466  436  504  429  569  321  469
    4280  400  508  417  353  406  461  539  499  395  433
    4300  499  421  459  413  412  468  414  456  447  528
    4320  449  365  398  436  458  496  559  555  389  441
    4340  535  314  450  299  492  482  461  478  369  475
    4360  439  494  517  421  448  492  444  381  480  425
    4380  401  404  538  361  389  430  437  449  561  520
    4400  468  474  507  358  452  323  344  417  554  441
    4420  539  453  466  388  473  384  278  417  557  440
    4440  336  472  532  304  567  484  346  386  577  494
    4460  288  400  417  349  515  559  341  411  572  541
    4480  398  445  444  372  421  601  447  561  412  563
    4500  368  476  417  374  371  418  432  505  455  443
    4520  446  396  401  421  440  497  344  451  443  528
    4540  485  315  370  385  415  468  431  490  396  383
    4560  476  351  527  470  486  364  430  467  436  330
    4580  434  363  515  347  439  397  430  564  359  480
    4600  422  443  624  370  426  372  386  510  376  557
    4620  455  446  441  401  379  474  470  424  521  539
    4640  410  469  450  395  352  393  413  387  507  534
    4660  487  558  505  427  437  451  358  410  509  352
    4680  362  481  400  386  379  410  385  438  493  408
    4700  408  268  353  376  385  452  406  480  401  411
    4720  417  394  461  382  436  411  343  402  381  507
    4740  538  355  441  406  322  410  405  487  307  562
    4760  470  398  439  556  332  450  388  415  537  466
    4780  475  368  532  485  375  350  411  470  321  426
    4800  258  420  445  461  464  406  449  460  421  478
    4820  332  484  450  455  412  391  410  383  388  397
    4840  405  378  473  417  479  447  390  449  464  455
    4860  468  506  499  384  552  375  440  419  417  381
    4880  382  483  509  416  379  372  416  471  446  458
    4900  509  472  442  413  315  508  469  326  460  438
    4920  492  385  400  429  492  496  403  404  523  383
    4940  432  403  341  445  553  479  506  391  445  385
    4960  483  437  384  386  596  415  489  381  379  540
    4980  519  422  325  431  521  425  456  459  520  614
    5000  448  322  380  378  522  330  449  430  417  436
    5020  450  447  411  333  450  426  430  450  411  532
    5040  386  487  444  337  439  429  383  460  445  472
    5060  395  452  575  469  474  373  348  456  485  397
    5080  351  399  561  527  552  503  455  353  428  396
    5100  431  506  544  323  462  361  467  445  426  560
    5120  357  451  459  381  432  344  496  388  345  424
    5140  495  456  435  401  409  379  413  436  381  473
    5160  457  354  414  462  341  382  448  452  274  472
    5180  378  445  528  409  384  356  385  441  236  424
    5200  360  446  442  530  425  454  426  384  343  401
    5220  472  471  421  426  468  505  372  310  390  401
    5240  505  429  369  399  428  498  310  364  409  394
    5260  468  446  418  517  366  495  371  300  547  444
    5280  476  440  521  394  263  345  419  397  520  427
    5300  463  413  509  383  369  451  414  320  391  476
    5320  323  451  431  375  393  455  320  342  396  448
    5340  440  364  443  341  307  527  354  373  400  497
    5360  437  497  420  425  460  506  387  368  375  411
    5380  431  499  420  390  547  405  464  363  347  499
    5400  399  372  483  422  425  351  538  441  371  528
    5420  504  342  468  381  428  418  492  414  384  587
    5440  432  364  388  463  504  374  517  369  399  428
    5460  534  393  350  446  423  351  404  329  318  357
    5480  466  356  519  422  457  502  391  441  355  342
    5500  457  412  392  361  571  488  387  539  368  457
    5520  487  353  570  422  478  297  488  525  386  439
    5540  452  401  431  394  440  326  472  553  500  438
    5560  419  382  343  419  293  331  550  495  478  402
    5580  435  541  355  375  286  469  499  460  345  439
    5600  378  561  327  444  324  482  368  343  357  426
    5620  366  465  458  501  374  386  310  441  464  521
    5640  331  534  448  472  418  306  308  356  480  468
    5660  342  463  531  501  368  467  361  356  384  524
    5680  450  437  457  434  348  503  380  364  417  360
    5700  274  524  531  417  333  503  292  441  390  346
    5720  309  521  523  403  379  348  383  345  421  387
    5740  333  465  511  335  428  370  462  482  470  478
    5760  375  453  469  373  425  300  458  402  554  488
    5780  468  520  477  428  374  421  395  400  544  464
    5800  397  532  465  362  408  427  393  458  498  360
    5820  338  451  437  401  473  412  472  433  400  371
    5840  426  467  433  318  432  408  351  567  423  458
    5860  403  488  451  322  502  456  350  487  436  440
    5880  417  409  351  385  533  358  442  523  593  427
    5900  393  364  334  576  469  407  473  551  418  357
    5920  320  531  285  473  477  501  462  479  536  446
    5940  416  335  394  446  420  461  474  441  497  517
    5960  416  327  541  391  340  387  541  431  507  395
    5980  414  249  552  419  420  413  531  494  362  393
    6000  314  232  532  420  438  395  549  448  481  493
    6020  291  331  459  416  452  444  498  571  463  408
    6040  207  401  345  454  311  417  470  471  390  392
    6060  268  312  370  482  340  387  397  367  267  469
    6080  333  291  437  385  364  448  436  248  291  491
    6100  329  329  465  428  384  290  331  272  326  405
    6120  382  425  338  387  463  390  365  416  428  395
    6140  416  465  441  378  353  387  408  434  478  444
    6160  341  417  317  316  388  450  326  466  481  490
    6180  399  389  319  507  424  444  492  460  357  403
    6200  319  464  379  424  416  505  457  475  340  320
    6220  376  444  362  371  390  427  315  396  353  377
    6240  459  307  401  402  390  455  482  489  317  385
    6260  440  398  484  365  431  482  427  409  327  468
    6280  327  349  336  310  489  448  333  399  347  476
    6300  389  504  388  350  484  417  382  425  332  474
    6320  469  422  430  375  402  453  445  389  389  390
    6340  533  407  422  450  444  425  558  515  410  334
    6360  427  316  387  366  486  529  411  398  471  444
    6380  396  236  374  523  374  541  455  345  376  451
    6400  438  314  294  419  483  486  440  452  403  452
    6420  430  296  395  338  351  343  472  328  452  418
    6440  249  342  436  417  401  395  522  477  339  405
    6460  329  432  399  457  400  370  409  458  367  378
    6480  264  428  393  376  323  430  427  305  451  555
    6500  438  479  423  306  319  362  470  247  324  463
    6520  492  453  394  391  276  327  343  303  338  451
    6540  434  482  457  339  352  430  439  409  338  418
    6560  385  427  395  459  514  458  442  429  287  438
    6580  361  390  447  449  400  534  489  459  255  444
    6600  420  376  439  392  449  424  347  412  410  480
    6620  476  276  452  349  417  306  485  358  487  459
    6640  348  375  450  315  332  357  414  292  345  340
    6660  433  319  427  424  393  289  423  404  405  359
    6680  337  375  382  426  285  391  355  524  398  467
    6700  448  366  385  469  492  378  370  503  390  473
    6720  458  394  332  420  438  436  388  372  372  430
    6740  401  447  423  454  402  365  205  416  355  470
    6760  336  345  365  646  285  357  377  401  370  378
    6780  286  292  377  411  402  424  241  437  415  331
    6800  346  311  330  487  276  384  230  422  301  349
    6820  423  375  369  510  316  338  244  515  247  394
    6840  349  476  313  611  376  472  337  449  410  489
    6860  382  374  367  442  330  394  390  378  267  424
    6880  411  388  403  341  344  374  353  363  384  435
    6900  400  282  321  441  399  366  372  369  331  374
    6920  379  380  343  393  389  341  468  353  403  425
    6940  447  391  403  342  349  380  419  448  512  511
    6960  394  347  306  337  470  364  414  389  463  442
    6980  487  389  297  327  382  396  534  392  401  501
    7000  359  447  371  379  417  412  428  376  326  368
    7020  454  431  438  472  421  357  445  311  430  273
    7040  373  388  444  354  463  427  349  413  506  336
    7060  393  347  466  439  460  499  348  410  406  255
    7080  414  423  440  645  382  442  344  397  494  365
    7100  472  578  391  565  325  462  357  401  554  440
    7120  387  477  319  467  338  377  489  448  501  498
    7140  349  428  401  451  291  468  511  373  456  374
    7160  364  511  223  429  471  426  447  352  482  525
    7180  337  462  245  264  561  351  497  341  423  394
    7200  423  443  354  353  419  423  338  464  421  464
    7220  330  461  361  403  479  425  347  391  467  493
    7240  303  482  560  466  370  431  435  340  478  451
    7260  304  373  582  452  472  493  443  500  410  406
    7280  294  278  487  512  422  421  404  413  419  390
    7300  355  393  496  348  401  424  455  519  411  373
    7320  450  412  443  395  363  472  407  462  403  419
    7340  429  452  412  422  357  425  350  449  459  418
    7360  403  506  511  293  381  440  314  474  508  416
    7380  418  471  344  382  386  363  322  534  380  409
    7400  283  374  333  243  355  337  386  491  355  532
    7420  413  419  358  451  450  433  329  452  394  500
    7440  351  397  374  433  451  385  436  422  410  359
    7460  406  391  377  397  406  408  391  449  346  352
    7480  370  383  443  452  354  466  448  423  419  357
    7500  431  415  471  296  388  518  448  458  404  409
    7520  339  375  519  289  515  403  478  471  355  362
    7540  406  512  404  229  492  551  433  439  424  417
    7560  407  493  367  189  384  530  351  597  353  296
    7580  361  520  405  225  435  352  322  601  416  298
    7600  389  452  468  238  401  361  316  441  418  395
    7620  337  431  533  278  369  410  317  541  346  424
    7640  455  375  416  421  378  275  318  371  453  339
    7660  509  448  306  432  351  314  430  361  517  347
    7680  492  538  351  370  374  414  537  377  479  344
    7700  445  453  355  454  363  340  423  403  449  412
    7720  386  476  424  363  451  482  462  495  536  373
    7740  332  334  373  398  421  383  419  345  479  460
    7760  384  290  410  476  327  368  409  308  498  397
    7780  448  291  441  443  316  360  395  343  434  374
    7800  274  323  471  426  434  318  412  474  367  442
    7820  285  382  371  464  467  483  256  496  368  472
    7840  438  475  407  456  353  417  436  471  390  507
    7860  435  445  290  441  381  397  385  498  387  408
    7880  357  468  335  588  347  400  415  461  400  365
    7900  483  481  446  399  308  425  363  497  322  494
    7920  488  465  419  432  415  321  455  487  373  427
    7940  502  273  473  415  414  439  390  465  400  467
    7960  414  371  390  531  341  504  371  413  281  406
    7980  458  383  453  540  386  397  354  470  383  456
    8000  489  414  522  398  389  376  345  469  396  344
    8020  438  344  400  351  460  427  487  343  458  457
    8040  453  308  388  367  536  368  438  305  362  392
    8060  416  336  457  370  425  425  417  506  370  334
    8080  446  379  388  396  581  345  355  413  485  346
    8100  395  482  444  402  472  344  438  314  500  379
    8120  465  330  361  423  452  455  361  359  511  409
    8140  385  292  274  438  444  344  358  423  444  335
    8160  320  358  370  471  445  413  319  399  447  432
    8180  371  331  353  539  520  384  318  384  517  360
    8200  375  330  442  456  556  355  350  479  357  273
    8220  492  430  511  404  418  427  407  402  399  261
    8240  402  366  429  459  316  434  300  330  352  358
    8260  340  493  316  424  394  389  340  372  272  376
    8280  405  526  413  445  425  358  343  343  413  420
    8300  410  401  382  412  473  263  326  300  377  471
    8320  646  288  315  396  363  231  428  303  343  397
    8340  548  342  408  413  439  309  352  412  417  329
    8360  472  337  478  394  536  445  284  389  396  314
    8380  451  369  358  366  583  440  425  389  424  301
    8400  372  250  463  446  429  387  378  416  475  320
    8420  504  402  386  420  487  422  361  451  429  434
    8440  400  314  330  394  496  416  273  401  393  346
    8460  350  331  395  269  452  441  221  354  437  371
    8480  502  321  416  337  425  346  373  425  387  325
    8500  423  415  404  413  491  350  400  416  394  370
    8520  313  503  412  405  435  438  469  504  476  393
    8540  210  488  308  476  439  454  402  484  345  419
    8560  415  511  442  555  594  435  408  325  344  393
    8580  296  397  402  479  481  507  455  255  333  352
    8600  299  457  340  413  517  546  423  403  411  385
    8620  313  473  350  368  581  356  446  376  432  425
    8640  277  526  327  404  424  322  398  397  375  480
    8660  339  438  434  446  336  333  330  441  395  564
    8680  324  359  393  316  415  336  386  460  401  420
    8700  207  303  351  358  391  359  373  403  394  347
    8720  260  490  376  319  443  328  385  304  569  416
    8740  371  333  482  472  439  343  501  297  455  379
    8760  361  299  354  362  454  387  403  399  482  440
    8780  395  316  320  435  459  376  409  492  492  377
    8800  414  347  387  482  380  345  358  429  380  421
    8820  370  283  396  521  501  321  432  509  499  261
    8840  347  332  304  494  474  322  357  413  420  371
    8860  292  419  377  374  510  394  468  416  395  325
    8880  371  321  446  430  472  372  407  427  387  341
    8900  351  409  525  351  421  300  455  427  469  355
    8920  302  424  445  431  363  404  412  435  444  359
    8940  284  340  331  389  458  326  370  541  483  390
    8960  316  370  371  413  391  358  380  554  438  350
    8980  466  397  376  331  435  379  374  420  475  406
    9000  394  444  334  291  355  453  303  370  271  367
    9020  391  399  281  308  346  391  468  540  273  458
    9040  429  362  378  338  346  458  490  542  346  442
    9060  395  307  353  344  387  278  385  438  342  343
    9080  338  358  382  425  385  349  387  459  367  375
    9100  352  350  347  415  437  445  459  331  402  358
    9120  378  405  367  367  388  507  471  396  338  463
    9140  268  407  277  358  368  387  419  303  409  386
    9160  402  411  283  358  297  347  472  301  332  297
    9180  353  485  310  381  418  287  382  345  415  331
    9200  442  332  395  526  418  352  470  474  452  383
    9220  387  336  434  392  364  485  309  373  509  322
    9240  282  323  413  415  288  434  367  402  588  339
    9260  347  322  289  315  359  468  429  381  398  424
    9280  291  320  413  372  364  494  405  384  426  395
    9300  376  332  323  396  432  451  455  465  348  346
    9320  401  362  351  310  478  384  425  412  414  402
    9340  347  404  444  312  431  480  315  343  470  308
    9360  453  395  409  442  401  376  371  389  468  304
    9380  331  427  436  405  355  383  380  355  442  244
    9400  253  401  479  312  409  341  460  302  475  333
    9420  205  428  435  233  316  296  535  363  478  275
    9440  274  480  336  371  449  186  521  349  456  328
    9460  305  431  299  363  417  258  418  446  512  378
    9480  353  549  368  396  369  315  325  438  590  375
    9500  412  457  292  457  383  432  503  487  604  350
    9520  435  377  383  452  513  342  403  450  447  368
    9540  476  363  326  478  517  350  367  423  362  265
    9560  368  406  480  352  563  327  428  390  504  340
    9580  300  394  574  381  366  280  499  360  441  378
    9600  344  400  436  482  307  253  374  460  393  435
    9620  223  438  460  387  255  375  351  371  396  380
    9640  213  394  490  443  341  360  417  386  437  458
    9660  341  393  417  441  344  376  399  337  383  474
    9680  318  380  464  547  293  422  370  377  249  419
    9700  445  447  362  589  362  431  396  459  194  428
    9720  432  451  411  341  380  415  341  417  356  357
    9740  494  384  396  342  350  369  384  414  279  292
    9760  461  419  357  413  347  271  348  474  286  178
    9780  344  368  346  375  373  430  344  375  280  361
    9800  370  459  496  322  405  319  286  450  308  317
    9820  308  434  339  466  369  406  260  343  397  436
    9840  244  455  357  416  429  399  323  539  413  289
    9860  382  376  450  421  328  360  334  378  300  399
    9880  373  295  384  432  467  514  303  393  284  490
    9900  353  265  447  379  380  422  390  366  318  394
    9920  383  367  391  422  420  365  460  433  355  308
    9940  315  364  296  492  360  315  439  453  355  335
    9960  391  562  347  503  331  348  334  426  406  361
    9980  419  464  331  452  290  413  323  362  398  347
   10000  419  402  379  486  444  366  323  276  399  366
   10020  426  430  465  442  473  368  381  372  343  367
   10040  413  348  294  358  287  450  354  436  301  454
   10060  381  333  351  417  311  420  323  432  465  380
   10080  422  408  461  470  334  454  421  336  390  416
   10100  448  416  540  387  351  399  370  280  416  378
   10120  349  393  481  482  329  309  265  359  373  238
   10140  370  444  319  376  345  342  312  363  520  402
   10160  282  389  375  412  443  373  519  414  497  398
   10180  486  552  397  455  364  383  552  419  394  263
   10200  361  437  409  364  177  345  497  388  520  219
   10220  332  366  392  379  375  362  474  442  388  273
   10240  416  399  378  455  341  246  356  430  444  327
   10260  366  410  394  480  257  311  414  349  489  309
   10280  423  391  377  299  404  317  450  482  422  328
   10300  438  414  283  386  472  332  410  452  420  387
   10320  414  356  304  440  431  345  397  516  397  380
   10340  322  368  272  437  442  328  444  403  423  419
   10360  295  354  345  406  432  240  420  457  358  401
   10380  259  416  469  432  359  208  379  468  310  461
   10400  425  379  508  541  418  303  319  362  351  558
   10420  378  370  335  414  477  277  436  378  325  389
   10440  353  358  333  360  440  361  254  453  425  356
   10460  321  378  342  485  416  439  281  411  304  305
   10480  322  373  301  336  467  350  360  404  246  310
   10500  415  282  306  408  404  437  467  436  330  379
   10520  441  313  340  283  532  440  424  445  324  420
   10540  417  447  440  224  406  393  413  338  387  393
   10560  368  390  323  224  434  363  261  336  417  513
   10580  395  287  377  361  386  511  282  382  303  334
   10600  323  331  386  356  357  454  337  365  419  427
   10620  424  391  442  406  467  376  274  434  427  487
   10640  421  557  261  498  424  339  310  431  367  397
   10660  376  428  347  387  323  330  412  372  398  393
   10680  375  421  391  440  441  348  359  322  343  437
   10700  430  408  354  469  359  362  367  427  346  345
   10720  358  501  431  375  445  301  437  459  399  333
   10740  342  490  413  410  494  239  332  417  310  546
   10760  358  360  340  433  380  263  372  470  371  461
   10780  246  496  347  417  373  286  403  454  445  488
   10800  305  423  470  436  447  450  554  459  444  515
   10820  371  405  373  294  511  392  452  406  401  524
   10840  498  335  394  353  456  310  498  389  353  506
   10860  346  311  411  482  456  359  510  364  401  415
   10880  250  358  504  483  434  507  520  330  335  388
   10900  324  308  409  485  464  433  419  474  422  363
   10920  348  272  447  429  416  438  375  459  369  396
   10940  453  361  368  368  368  413  381  369  344  443
   10960  426  381  472  325  417  340  435  382  423  408
   10980  489  399  495  426  447  377  411  321  324  426
   11000  516  511  506  408  359  280  444  273  414  336
   11020  408  413  494  534  478  362  414  313  395  353
   11040  506  458  429  414  412  386  323  307  486  332
   11060  458  520  236  467  404  387  475  511  299  309
   11080  421  575  344  461  403  388  344  399  256  369
   11100  365  457  543  587  512  420  359  403  375  286
   11120  305  407  410  567  481  400  294  397  306  238
   11140  342  468  423  398  424  448  285  406  375  351
   11160  350  438  437  360  355  416  307  427  341  340
   11180  312  413  303  420  348  407  449  375  340  325
   11200  301  388  345  356  336  443  382  410  330  293
   11220  295  352  286  356  360  328  480  487  480  247
   11240  336  416  363  378  384  408  459  381  496  393
   11260  359  424  311  408  365  402  394  464  514  363
   11280  316  356  412  442  410  352  506  369  451  355
   11300  404  467  443  438  353  410  455  376  445  418
   11320  396  426  433  341  494  324  415  459  432  386
   11340  429  469  389  359  532  274  461  388  398  420
   11360  395  456  449  406  440  416  356  488  366  459
   11380  336  365  484  327  310  356  428  454  381  397
   11400  338  429  469  507  332  447  382  318  397  418
   11420  478  491  348  461  434  431  459  380  343  499
   11440  488  452  351  427  422  377  374  527  379  336
   11460  474  510  244  293  505  271  255  413  374  430
   11480  430  418  302  424  401  340  247  400  370  442
   11500  311  404  474  330  348  364  249  417  375  418
   11520  318  375  392  306  428  405  367  369  455  523
   11540  249  262  404  401  441  446  440  348  321  469
   11560  338  334  290  435  460  364  446  325  421  390
   11580  267  298  366  417  464  466  435  401  430  439
   11600  356  341  370  353  413  361  523  458  429  461
   11620  400  392  304  355  440  426  357  439  431  476
   11640  322  285  283  418  457  445  371  532  365  471
   11660  345  430  327  358  453  424  418  501  290  324
   11680  325  501  312  335  368  439  323  405  318  275
   11700  384  489  435  395  459  469  326  365  393  322
   11720  377  449  485  410  423  454  367  471  447  377
   11740  468  388  409  325  351  444  452  375  348  402
   11760  446  402  476  510  357  437  405  366  276  459
   11780  540  425  521  428  418  435  391  291  286  418
   11800  518  495  447  456  431  473  458  408  247  421
   11820  451  471  461  405  368  372  291  477  344  360
   11840  441  354  479  370  282  363  333  322  389  501
   11860  339  389  509  394  323  495  285  333  441  552
   11880  347  393  462  388  378  497  240  403  447  400
   11900  370  367  435  409  424  435  341  335  423  474
   11920  445  270  378  487  290  437  385  318  392  341
   11940  355  297  359  417  298  358  451  350  368  394
   11960  400  301  396  393  225  410  381  378  302  354
   11980  348  420  351  530  268  477  407  328  354  261
   12000  455  394  342  443  420  486  358  410  377  372
   12020  227  412  334  373  412  368  353  447  335  427
   12040  287  417  342  327  339  410  428  404  363  500
   12060  302  477  237  387  320  422  433  444  316  458
   12080  322  362  447  263  307  398  412  386  397  408
   12100  349  332  382  352  317  397  391  325  433  424
   12120  366  401  339  393  353  408  322  342  406  374
   12140  378  354  348  449  395  399  439  362  482  302
   12160  321  312  417  386  323  542  359  387  379  343
   12180  397  330  462  424  431  551  401  426  437  373
   12200  445  407  426  423  371  410  431  416  355  365
   12220  473  401  335  524  316  508  442  464  421  396
   12240  504  322  337  441  297  419  424  435  412  367
   12260  480  355  450  340  459  391  358  506  376  270
   12280  413  279  430  346  360  363  437  536  329  403
   12300  421  179  419  463  389  353  525  414  369  432
   12320  366  298  366  297  515  380  493  395  333  409
   12340  306  316  399  446  360  444  358  302  330  469
   12360  293  338  356  352  336  448  383  399  419  428
   12380  420  352  296  405  360  467  379  317  360  372
   12400  369  319  310  477  378  485  344  354  423  477
   12420  392  420  420  372  333  538  388  241  369  310
   12440  359  411  392  475  375  495  446  447  306  363
   12460  389  401  387  501  263  429  266  361  439  477
   12480  392  397  422  443  474  430  250  390  390  429
   12500  382  401  334  413  410  379  278  358  386  431
   12520  289  521  389  408  315  291  371  324  406  463
   12540  294  407  257  443  252  336  316  295  323  376
   12560  342  368  260  331  231  361  385  371  192  457
   12580  329  328  277  355  425  370  343  301  335  367
   12600  477  394  274  398  417  347  401  401  340  351
   12620  311  418  347  344  523  399  447  578  401  475
   12640  329  361  303  327  506  424  405  383  424  445
   12660  426  346  441  334  413  336  458  371  454  381
   12680  374  333  511  434  347  395  417  393  315  365
   12700  349  478  357  378  314  406  500  370  398  428
   12720  404  370  359  295  510  428  432  346  377  324
   12740  377  304  361  356  515  347  393  247  367  360
   12760  391  383  279  310  575  338  464  261  300  381
   12780  357  345  409  390  460  357  402  300  348  377
   12800  346  304  446  338  288  347  399  371  355  419
   12820  401  290  373  376  307  272  273  293  400  432
   12840  348  280  397  556  389  357  400  220  308  365
   12860  316  392  440  427  438  353  334  299  331  465
   12880  298  379  310  437  375  382  309  367  415  391
   12900  301  442  390  407  427  365  277  358  443  332
   12920  296  386  452  307  346  398  303  424  376  284
   12940  358  461  455  341  450  379  302  385  323  281
   12960  309  546  417  428  367  282  368  379  376  250
   12980  303  336  419  540  456  349  360  531  381  238
   13000  259  339  428  453  458  350  354  297  284  251
   13020  281  372  370  447  333  399  356  303  489  294
   13040  318  447  388  436  265  513  283  424  359  383
   13060  364  481  404  410  209  495  276  404  300  338
   13080  311  424  414  485  276  540  327  352  493  299
   13100  471  402  379  465  385  488  306  330  471  373
   13120  369  345  342  500  366  402  375  419  560  408
   13140  512  292  351  486  395  355  428  304  436  336
   13160  549  284  338  369  364  416  476  344  292  317
   13180  453  362  343  293  614  397  479  332  351  250
   13200  393  419  312  410  364  510  369  426  320  418
   13220  446  444  450  328  361  399  402  390  552  302
   13240  400  353  367  313  312  384  417  373  417  325
   13260  391  346  437  437  329  333  293  478  292  313
   13280  458  400  321  391  312  375  404  315  281  486
   13300  334  458  395  428  408  307  374  342  378  371
   13320  311  433  474  432  413  443  370  305  496  406
   13340  417  371  407  490  451  416  367  299  454  425
   13360  340  399  333  505  352  391  392  340  513  370
   13380  393  308  303  437  483  512  304  345  348  449
   13400  398  287  359  273  405  405  327  339  407  316
   13420  347  327  264  347  381  477  440  287  292  336
   13440  293  299  286  462  278  358  404  311  363  294
   13460  212  454  358  401  298  318  443  340  434  308
   13480  282  368  330  343  273  285  505  382  325  386
   13500  344  257  294  274  425  289  444  366  251  281
   13520  345  165  310  456  363  341  430  255  281  339
   13540  315  266  400  456  346  364  330  352  368  293
   13560  278  329  333  420  302  442  294  386  398  485
   13580  326  309  365  401  325  349  289  475  333  464
   13600  285  367  354  399  329  392  244  341  214  379
   13620  481  414  360  452  385  319  289  317  321  408
   13640  291  340  366  335  297  360  305  251  410  401
   13660  297  319  333  417  367  412  305  375  389  443
   13680  350  384  390  455  283  351  412  372  338  311
   13700  429  322  448  441  336  354  297  395  340  411
   13720  408  348  325  523  334  367  383  362  330  381
   13740  490  272  327  352  430  293  347  389  361  401
   13760  441  428  395  349  356  376  442  342  324  462
   13780  420  321  339  299  319  332  433  397  330  398
   13800  322  450  329  373  354  361  533  352  387  302
   13820  461  553  283  389  331  254  442  414  335  359
   13840  467  306  401  428  373  337  546  382  323  439
   13860  412  318  394  399  327  351  390  425  285  314
   13880  391  339  348  355  433  426  400  278  406  256
   13900  438  245  315  279  446  387  380  414  313  334
   13920  423  359  278  370  330  390  362  446  342  354
   13940  446  315  335  307  333  339  363  462  398  385
   13960  435  290  404  273  350  431  457  318  394  469
   13980  376  329  405  321  404  365  542  286  403  427
   14000  312  332  373  244  446  451  471  333  186  337
   14020  257  346  332  298  418  366  374  213  278  362
   14040  344  286  341  363  332  413  363  372  356  343
   14060  426  319  318  272  442  385  424  362  311  327
   14080  298  429  442  258  302  320  287  416  296  272
   14100  366  393  532  317  333  283  355  426  417  377
   14120  472  379  463  375  202  333  381  476  378  265
   14140  459  407  341  417  316  360  315  324  357  356
   14160  369  334  325  437  369  358  419  378  382  293
   14180  290  477  295  256  386  270  294  439  417  306
   14200  340  415  420  290  284  259  410  319  383  274
   14220  335  340  395  470  337  339  437  485  306  333
   14240  251  324  432  365  365  326  361  446  243  326
   14260  207  411  326  318  469  262  321  424  282  324
   14280  335  375  399  365  416  303  213  385  281  354
   14300  392  309  325  450  462  330  294  298  241  354
   14320  382  418  350  479  494  392  277  257  279  363
   14340  368  427  295  472  421  228  425  321  362  379
   14360  341  331  266  310  387  264  425  273  426  340
   14380  403  315  294  284  505  335  338  292  453  513
   14400  369  341  426  277  398  414  324  348  454  397
   14420  348  411  410  363  432  432  300  351  432  483
   14440  516  354  381  388  429  332  287  332  367  374
   14460  283  368  346  343  369  245  346  375  341  281
   14480  242  424  372  323  268  220  408  478  378  445
   14500  366  349  347  360  263  251  478  309  372  550
   14520  400  406  348  406  278  291  376  410  340  481
   14540  465  362  420  422  260  279  259  432  319  410
   14560  376  479  406  350  306  406  348  400  417  440
   14580  331  465  409  426  254  421  382  320  414  403
   14600  464  453  434  439  257  410  412  406  306  349
   14620  345  389  508  390  253  519  422  364  285  408
   14640  327  368  379  408  329  367  290  392  307  366
   14660  348  316  357  430  444  380  408  380  403  437
   14680  281  411  303  316  444  458  388  400  422  455
   14700  416  506  292  315  458  390  392  459  494  412
   14720  415  453  422  330  544  459  393  439  450  373
   14740  443  409  449  471  460  350  316  313  334  426
   14760  542  342  325  453  359  358  388  433  432  396
   14780  304  310  365  395  374  372  427  466  349  403
   14800  281  345  428  431  307  334  341  421  378  430
   14820  302  320  342  350  391  393  330  391  467  462
   14840  303  392  410  321  419  415  337  379  445  322
   14860  333  358  368  345  488  328  323  409  408  203
   14880  372  358  474  363  363  354  303  400  445  265
   14900  326  439  512  339  421  391  316  396  428  228
   14920  325  374  386  427  386  407  357  446  283  468
   14940  361  334  342  453  428  449  311  378  341  367
   14960  287  262  328  388  399  332  321  330  344  399
   14980  340  428  343  269  486  315  347  432  401  357
   15000  507  388  327  349  435  444  414  500  257  259
   15020  477  426  516  430  475  560  405  486  273  286
   15040  407  438  460  421  474  412  413  371  310  280
   15060  392  398  443  394  465  406  345  387  290  347
   15080  314  383  426  419  361  320  325  412  326  342
   15100  315  413  274  412  432  349  395  473  302  356
   15120  321  299  238  417  375  439  396  411  569  407
   15140  325  459  361  377  337  289  315  397  517  386
   15160  394  385  390  357  287  287  346  376  354  438
   15180  313  416  443  454  364  305  415  484  433  491
   15200  407  445  520  382  431  323  380  483  510  481
   15220  427  464  372  396  429  353  391  573  366  453
   15240  359  280  253  387  433  391  435  456  340  480
   15260  300  378  268  469  443  377  396  389  542  397
   15280  244  362  317  347  354  344  404  372  448  386
   15300  246  371  355  286  339  372  340  294  324  437
   15320  226  371  361  415  455  466  286  192  316  420
   15340  203  632  427  310  466  534  251  190  301  460
   15360  297  382  327  340  346  402  394  240  270  364
   15380  414  462  394  348  397  422  393  277  452  316
   15400  400  376  434  339  450  379  268  350  306  225
   15420  512  414  447  379  457  407  297  442  290  416
   15440  479  281  348  260  527  391  331  408  413  385
   15460  481  409  415  354  412  381  358  466  420  474
   15480  367  365  419  403  365  318  362  373  396  403
   15500  407  398  418  253  327  286  406  416  288  430
   15520  380  299  346  356  441  295  401  374  329  427
   15540  493  355  390  404  462  292  491  325  344  401
   15560  391  273  327  385  471  374  381  338  330  432
   15580  433  397  400  349  437  318  447  340  449  408
   15600  382  423  426  274  420  423  477  444  364  330
   15620  449  278  301  289  472  386  367  509  260  425
   15640  438  405  400  334  497  306  428  543  351  387
   15660  511  311  320  310  372  224  427  441  321  552
   15680  451  358  314  318  450  358  330  474  379  380
   15700  437  341  308  375  368  373  257  385  335  348
   15720  385  347  294  375  342  426  387  395  378  421
   15740  315  461  364  372  393  321  410  375  366  404
   15760  373  436  435  387  330  239  354  288  356  543
   15780  447  453  367  359  391  238  368  399  502  406
   15800  231  437  476  589  376  249  324  324  472  451
   15820  420  416  414  467  275  217  348  387  391  483
   15840  482  370  419  376  362  232  367  398  327  506
   15860  327  436  511  292  393  308  290  293  361  566
   15880  401  467  437  393  422  480  359  308  494  419
   15900  341  344  397  461  412  464  371  323  472  317
   15920  524  434  418  428  400  355  355  439  414  274
   15940  415  460  345  403  350  379  382  420  387  388
   15960  369  512  420  333  281  331  355  496  440  431
   15980  442  428  333  389  253  408  332  482  400  410
   16000  483  417  284  357  271  504  283  409  507  323
   16020  479  495  328  457  324  442  328  441  481  351
   16040  420  373  413  449  394  399  322  546  363  391
   16060  302  314  325  513  377  455  393  507  429  346
   16080  281  373  385  403  331  406  393  470  444  305
   16100  307  287  450  321  360  465  397  352  392  239
   16120  321  276  403  360  398  463  407  383  411  400
   16140  421  271  485  377  404  410  291  395  396  367
   16160  331  352  499  373  375  397  386  358  422  359
   16180  372  544  394  308  275  418  361  317  324  311
   16200  467  516  313  216  293  424  340  366  403  404
   16220  410  479  203  274  220  349  328  366  373  275
   16240  418  380  317  438  288  417  416  338  318  290
   16260  415  438  436  348  353  269  317  392  439  394
   16280  338  330  334  313  388  358  342  454  406  382
   16300  320  388  365  365  337  482  294  419  338  334
   16320  453  405  377  322  323  542  371  370  381  355
   16340  396  478  495  358  301  590  289  460  412  438
   16360  481  317  467  378  289  486  412  463  277  404
   16380  365  305  436  458  306  496  363  398  483  408
   16400  339  325  392  429  303  394  423  298  425  338
   16420  398  438  389  399  400  427  404  318  408  292
   16440  433  470  243  372  456  497  371  390  503  346
   16460  421  385  408  468  397  397  372  398  417  398
   16480  413  460  296  440  350  501  398  397  471  453
   16500  324  364  363  437  424  466  421  388  310  413
   16520  332  243  321  368  401  475  291  380  397  437
   16540  429  286  371  384  345  458  390  351  351  405
   16560  335  354  494  372  468  329  302  363  430  492
   16580  366  377  472  348  413  449  352  225  329  476
   16600  317  370  428  325  434  472  397  355  364  368
   16620  309  317  321  390  426  289  271  304  324  312
   16640  292  366  327  290  496  290  320  210  355  362
   16660  299  353  362  287  401  386  410  232  290  370
   16680  289  264  340  443  383  334  436  349  314  336
   16700  317  296  391  502  442  381  402  365  401  395
   16720  413  370  401  394  426  357  377  407  387  337
   16740  424  421  371  350  437  395  387  404  399  401
   16760  385  447  421  379  359  320  416  414  479  418
   16780  388  439  445  302  307  309  374  329  455  393
   16800  462  562  408  319  382  295  466  298  266  403
   16820  483  392  320  422  292  391  361  307  352  278
   16840  416  513  584  428  330  385  367  326  441  399
   16860  315  432  410  364  324  472  407  407  475  361
   16880  390  328  441  374  352  373  414  337  456  260
   16900  330  418  404  428  364  532  361  331  504  307
   16920  365  412  342  504  387  371  382  297  420  276
   16940  398  363  341  417  411  306  334  339  425  267
   16960  339  370  343  359  426  336  290  390  548  301
   16980  452  398  361  466  315  293  421  288  572  277
   17000  350  385  380  494  253  326  453  323  420  298
   17020  343  367  300  364  375  365  287  420  415  359
   17040  335  339  297  319  346  451  400  455  347  363
   17060  282  330  415  404  326  557  414  473  349  356
   17080  306  217  380  423  372  376  300  378  327  422
   17100  350  370  455  307  461  300  275  245  352  340
   17120  321  349  311  399  401  452  317  167  484  249
   17140  515  405  287  343  308  457  304  210  427  354
   17160  548  401  356  269  385  438  298  304  350  375
   17180  429  370  404  396  449  411  502  352  467  406
   17200  473  416  515  289  508  426  347  425  369  342
   17220  398  463  552  314  311  434  380  406  355  376
   17240  398  359  435  382  395  415  314  413  372  347
   17260  543  435  493  368  448  432  332  422  291  409
   17280  402  426  319  387  481  480  305  432  386  338
   17300  355  309  398  423  397  444  386  361  345  326
   17320  294  361  390  386  519  457  431  286  519  413
   17340  308  422  433  352  462  444  398  288  359  440
   17360  281  402  388  416  350  458  356  278  264  463
   17380  444  494  362  367  375  456  278  297  321  375
   17400  441  431  418  430  339  417  278  443  356  332
   17420  421  364  444  487  303  486  249  513  366  396
   17440  329  420  428  407  296  375  388  494  305  325
   17460  358  379  271  340  413  479  265  455  391  289
   17480  420  413  279  378  467  456  321  447  443  317
   17500  441  398  387  391  446  618  348  425  370  384
   17520  411  399  391  431  320  400  407  466  371  382
   17540  352  397  472  351  315  364  472  421  346  330
   17560  315  399  501  329  366  377  456  460  309  378
   17580  345  376  408  451  417  289  406  380  456  266
   17600  309  406  397  425  337  419  409  455  415  432
   17620  296  411  458  426  407  353  433  531  382  336
   17640  296  507  442  427  334  364  454  437  305  353
   17660  276  431  403  415  280  346  396  273  434  266
   17680  357  348  372  369  280  327  435  346  355  302
   17700  254  461  472  380  367  331  450  477  247  304
   17720  220  480  298  364  340  382  373  363  303  349
   17740  299  500  365  289  248  400  393  333  268  295
   17760  441  437  502  300  295  407  399  298  302  338
   17780  540  453  287  386  377  317  388  333  395  460
   17800  463  331  372  410  255  264  319  355  341  375
   17820  441  357  360  354  371  290  306  457  306  400
   17840  323  431  369  373  371  358  354  287  359  408
   17860  240  391  389  309  468  351  330  285  363  345
   17880  392  366  379  329  450  333  358  211  373  340
   17900  461  443  366  269  404  347  419  303  445  301
   17920  303  411  438  371  430  313  335  286  400  363
   17940  431  434  416  474  324  409  387  255  468  317
   17960  433  412  342  336  434  455  319  388  380  364
   17980  364  426  380  414  320  351  384  421  366  401
   18000  358  419  407  468  268  346  432  461  418  366
   18020  399  416  458  450  356  249  326  380  403  396
   18040  370  484  369  456  360  321  283  423  393  386
   18060  413  437  290  349  331  390  358  415  338  335
   18080  388  362  425  372  229  472  346  423  336  362
   18100  282  301  367  368  274  359  332  443  308  412
   18120  340  241  317  343  394  340  524  339  314  426
   18140  285  316  328  303  435  414  373  318  412  330
   18160  371  374  353  500  388  385  411  416  414  337
   18180  446  447  291  406  420  476  379  477  379  245
   18200  476  432  333  380  398  432  383  401  407  182
   18220  375  259  395  358  404  301  296  397  364  242
   18240  228  343  401  424  466  374  374  396  459  321
   18260  424  445  347  286  397  299  255  398  323  354
   18280  483  295  338  345  403  381  433  541  364  405
   18300  556  268  304  286  383  346  367  464  487  370
   18320  443  422  388  335  369  440  470  451  485  478
   18340  326  381  514  350  330  370  450  333  317  310
   18360  410  285  387  475  283  334  290  419  340  237
   18380  381  316  402  343  498  371  387  564  448  333
   18400  338  457  412  371  373  462  335  460  303  356
   18420  253  365  377  341  276  353  337  372  354  420
   18440  315  291  343  327  309  391  416  485  277  434
   18460  342  289  415  334  369  352  335  470  290  368
   18480  420  344  428  356  292  366  482  521  306  322
   18500  494  317  299  303  280  350  522  387  365  466
   18520  445  345  310  339  271  450  468  396  349  403
   18540  402  326  393  463  298  423  471  408  340  403
   18560  332  386  309  327  322  443  445  389  419  367
   18580  457  328  457  329  345  464  333  285  352  336
   18600  391  174  433  429  352  456  385  411  380  410
   18620  339  317  418  370  352  341  348  410  375  307
   18640  334  295  406  407  345  320  456  465  381  310
   18660  338  381  326  387  351  394  420  365  327  383
   18680  214  365  384  446  331  378  308  307  288  437
   18700  296  445  345  420  347  329  302  325  269  427
   18720  356  418  370  487  380  336  391  312  397  443
   18740  366  415  473  427  446  314  357  334  333  391
   18760  362  455  497  435  342  368  270  349  364  320
   18780  287  399  552  444  366  549  412  266  304  424
   18800  315  358  397  490  406  433  312  322  296  386
   18820  312  296  331  461  470  446  443  366  303  329
   18840  283  236  487  419  404  459  415  316  418  377
   18860  391  179  444  431  372  372  358  262  302  376
   18880  421  208  415  327  356  408  475  308  322  508
   18900  447  298  379  326  321  481  487  423  315  453
   18920  494  313  369  312  485  420  407  434  268  294
   18940  419  382  448  305  368  317  349  443  328  327
   18960  498  396  437  345  405  411  401  357  271  320
   18980  528  408  440  376  316  449  346  397  451  367
   19000  445  325  449  329  422  395  334  434  343  372
   19020  358  317  422  251  398  357  512  365  353  308
   19040  355  491  325  345  430  327  392  426  322  280
   19060  369  398  508  382  326  336  407  499  349  403
   19080  323  424  444  381  361  422  475  441  465  482
   19100  431  468  427  303  424  355  474  360  405  418
   19120  456  504  472  424  414  385  533  299  414  376
   19140  493  489  462  416  328  453  421  317  465  453
   19160  344  437  411  382  495  316  382  280  362  458
   19180  333  403  342  357  336  240  395  351  378  347
   19200  281  387  312  364  345  332  393  361  340  437
   19220  313  452  455  319  525  367  329  414  350  390
   19240  389  419  439  372  395  420  395  387  316  383
   19260  336  364  440  358  367  340  403  506  361  326
   19280  468  278  439  427  409  348  418  381  360  401
   19300  440  311  342  388  284  362  287  396  399  405
   19320  341  397  314  320  287  362  336  377  394  384
   19340  361  373  410  487  377  327  325  421  458  370
   19360  367  432  395  541  362  366  302  515  393  317
   19380  350  465  418  538  497  421  284  433  336  391
   19400  323  348  297  478  412  425  397  399  383  405
   19420  450  388  349  360  362  293  359  392  383  306
   19440  444  432  243  369  415  411  440  364  361  389
   19460  369  421  335  470  420  461  323  416  356  369
   19480  455  377  319  433  352  577  304  423  316  489
   19500  435  412  449  349  299  579  288  429  271  426
   19520  403  397  450  348  241  401  345  278  290  396
   19540  349  436  341  350  315  366  409  325  365  397
   19560  351  361  327  328  251  394  509  439  397  413
   19580  368  301  288  445  251  393  353  421  433  462
   19600  389  305  389  326  369  456  322  435  295  393
   19620  316  364  352  348  400  436  381  395  342  403
   19640  172  227  390  380  386  459  384  350  332  377
   19660  324  246  361  417  371  400  402  384  395  474
   19680  310  358  529  326  376  314  393  397  282  424
   19700  393  343  369  318  439  394  449  400  361  393
   19720  445  480  373  278  344  450  410  483  358  477
   19740  442  440  334  309  425  493  323  501  359  382
   19760  512  390  350  325  323  363  351  385  295  205
   19780  373  382  367  220  297  349  359  454  339  286
   19800  436  317  401  236  319  377  385  409  365  284
   19820  421  380  342  221  240  398  471  380  307  411
   19840  321  442  336  259  403  406  440  417  344  414
   19860  359  467  382  253  213  325  443  392  358  399
   19880  399  296  281  248  268  496  466  336  283  452
   19900  429  313  428  332  388  357  425  327  349  463
   19920  402  408  440  419  358  337  436  443  327  374
   19940  448  424  379  407  274  431  436  490  309  414
   19960  392  392  418  343  212  448  373  399  399  443
   19980  238  299  478  343  255  365  456  408  334  406
   20000  361  316  388  446  313  366  409  447  368  447
