      20     0.000097053     0.000096575     0.986190000
      40     0.000191833     0.000190101     0.952260000
      60     0.000282736     0.000279157     0.946370000
      80     0.000370108     0.000364140     0.916200000
     100     0.000453204     0.000444497     0.886640000
     120     0.000534298     0.000522733     0.874500000
     140     0.000612973     0.000598282     0.854700000
     160     0.000679564     0.000662260     0.835480000
     180     0.000753669     0.000732721     0.818380000
     200     0.000826096     0.000801220     0.797430000
     220     0.000892208     0.000863672     0.785240000
     240     0.000950555     0.000918728     0.773780000
     260     0.001006611     0.000971619     0.747940000
     280     0.001061593     0.001023200     0.736300000
     300     0.001117637     0.001075547     0.702770000
     320     0.001164517     0.001119624     0.726460000
     340     0.001199863     0.001152178     0.703320000
     360     0.001242710     0.001191861     0.687560000
     380     0.001282973     0.001229145     0.680490000
     400     0.001322358     0.001264841     0.664180000
     420     0.001362769     0.001301970     0.658940000
     440     0.001403773     0.001339453     0.640200000
     460     0.001444351     0.001377154     0.641690000
     480     0.001486019     0.001414414     0.626110000
     500     0.001529023     0.001454341     0.618750000
     520     0.001561789     0.001484368     0.607550000
     540     0.001594220     0.001512714     0.582430000
     560     0.001626218     0.001541099     0.581610000
     580     0.001658990     0.001570705     0.571670000
     600     0.001677374     0.001586604     0.567530000
     620     0.001695820     0.001602285     0.548310000
     640     0.001710947     0.001615781     0.550800000
     660     0.001733141     0.001635908     0.551440000
     680     0.001763479     0.001662910     0.544750000
     700     0.001779822     0.001676518     0.524900000
     720     0.001792961     0.001688107     0.525510000
     740     0.001815055     0.001706957     0.523910000
     760     0.001839729     0.001729114     0.524120000
     780     0.001854629     0.001741929     0.521740000
     800     0.001864195     0.001750129     0.511610000
     820     0.001866038     0.001750811     0.515110000
     840     0.001868898     0.001752939     0.496540000
     860     0.001873655     0.001756483     0.502310000
     880     0.001897822     0.001775630     0.499870000
     900     0.001920861     0.001797293     0.489320000
     920     0.001923992     0.001799747     0.491820000
     940     0.001931466     0.001806052     0.490680000
     960     0.001947661     0.001817816     0.485340000
     980     0.001959791     0.001828057     0.469640000
    1000     0.001967998     0.001835105     0.472890000
    1020     0.001975828     0.001839870     0.473020000
    1040     0.001989974     0.001852408     0.468460000
    1060     0.002003296     0.001865487     0.466510000
    1080     0.002021211     0.001880843     0.453810000
    1100     0.002028469     0.001885584     0.445970000
    1120     0.002032768     0.001888036     0.461100000
    1140     0.002055354     0.001908948     0.461660000
    1160     0.002056062     0.001910362     0.446830000
    1180     0.002044710     0.001898219     0.448240000
    1200     0.002065527     0.001914494     0.443600000
    1220     0.002055019     0.001903607     0.430260000
    1240     0.002066486     0.001911870     0.432630000
    1260     0.002072579     0.001916229     0.441440000
    1280     0.002065966     0.001911482     0.444650000
    1300     0.002072184     0.001916185     0.444020000
    1320     0.002070999     0.001915791     0.444100000
    1340     0.002081491     0.001924628     0.439790000
    1360     0.002087381     0.001930401     0.431440000
    1380     0.002068879     0.001916133     0.436710000
    1400     0.002075335     0.001922036     0.434800000
    1420     0.002072446     0.001918394     0.434940000
    1440     0.002077420     0.001921907     0.433770000
    1460     0.002079036     0.001921229     0.440710000
    1480     0.002097698     0.001936829     0.424080000
    1500     0.002103249     0.001941286     0.426680000
    1520     0.002110708     0.001944984     0.421680000
    1540     0.002122800     0.001954892     0.424870000
    1560     0.002136080     0.001966547     0.423470000
    1580     0.002121201     0.001955627     0.436550000
    1600     0.002118844     0.001953654     0.430060000
    1620     0.002128460     0.001961765     0.428720000
    1640     0.002108743     0.001944863     0.413930000
    1660     0.002108964     0.001943782     0.425700000
    1680     0.002107730     0.001943686     0.432950000
    1700     0.002111669     0.001948288     0.431330000
    1720     0.002123744     0.001959121     0.430740000
    1740     0.002118671     0.001955326     0.427640000
    1760     0.002120732     0.001957470     0.433970000
    1780     0.002121104     0.001958315     0.420060000
    1800     0.002129148     0.001963392     0.410970000
    1820     0.002138802     0.001970947     0.412750000
    1840     0.002133785     0.001967164     0.413130000
    1860     0.002136091     0.001969811     0.427720000
    1880     0.002128560     0.001962329     0.418590000
    1900     0.002140048     0.001972288     0.414130000
    1920     0.002128476     0.001960476     0.415710000
    1940     0.002123817     0.001957135     0.416320000
    1960     0.002129962     0.001961493     0.417570000
    1980     0.002129689     0.001960080     0.417100000
    2000     0.002137781     0.001967662     0.421660000
    2020     0.002148561     0.001978233     0.410660000
    2040     0.002152884     0.001980786     0.419320000
    2060     0.002157886     0.001986648     0.419830000
    2080     0.002138578     0.001971749     0.423910000
    2100     0.002131023     0.001965636     0.418640000
    2120     0.002116917     0.001954133     0.418950000
    2140     0.002109800     0.001950154     0.427590000
    2160     0.002111075     0.001950114     0.423780000
    2180     0.002097051     0.001939496     0.429220000
    2200     0.002121111     0.001959147     0.432450000
    2220     0.002118443     0.001957275     0.429780000
    2240     0.002107210     0.001946800     0.422490000
    2260     0.002113025     0.001952634     0.427260000
    2280     0.002113603     0.001953635     0.424100000
    2300     0.002110638     0.001947634     0.423490000
    2320     0.002099113     0.001936538     0.424000000
    2340     0.002100312     0.001935514     0.418230000
    2360     0.002094460     0.001929549     0.422900000
    2380     0.002100499     0.001934492     0.435780000
    2400     0.002099600     0.001934781     0.427200000
    2420     0.002109799     0.001942850     0.415850000
    2440     0.002107390     0.001941464     0.418160000
    2460     0.002106858     0.001941509     0.429770000
    2480     0.002109250     0.001944734     0.428350000
    2500     0.002127035     0.001961566     0.426970000
    2520     0.002121499     0.001956164     0.419640000
    2540     0.002127056     0.001961275     0.422500000
    2560     0.002118793     0.001953521     0.416050000
    2580     0.002116844     0.001949015     0.412700000
    2600     0.002114914     0.001946910     0.413360000
    2620     0.002098884     0.001933697     0.409670000
    2640     0.002084706     0.001922512     0.416120000
    2660     0.002073509     0.001913580     0.433660000
    2680     0.002067731     0.001909303     0.431230000
    2700     0.002085377     0.001926164     0.432960000
    2720     0.002103717     0.001943507     0.447760000
    2740     0.002097989     0.001940256     0.438540000
    2760     0.002116562     0.001956589     0.435520000
    2780     0.002116187     0.001954562     0.423500000
    2800     0.002121390     0.001958558     0.427680000
    2820     0.002109780     0.001948043     0.436640000
    2840     0.002103953     0.001942242     0.440610000
    2860     0.002109777     0.001947038     0.436970000
    2880     0.002119212     0.001955302     0.433770000
    2900     0.002135209     0.001969514     0.430240000
    2920     0.002130240     0.001965281     0.425660000
    2940     0.002105561     0.001943310     0.420600000
    2960     0.002106264     0.001943475     0.420200000
    2980     0.002114247     0.001951176     0.431930000
    3000     0.002122561     0.001958467     0.422730000
    3020     0.002115928     0.001954706     0.423600000
    3040     0.002105409     0.001945029     0.418090000
    3060     0.002102798     0.001942380     0.436340000
    3080     0.002093612     0.001934709     0.440170000
    3100     0.002098716     0.001939729     0.436920000
    3120     0.002098827     0.001939419     0.428920000
    3140     0.002098945     0.001938763     0.429530000
    3160     0.002100007     0.001938952     0.430660000
    3180     0.002108744     0.001945044     0.425120000
    3200     0.002110009     0.001946343     0.423820000
    3220     0.002107357     0.001945287     0.424080000
    3240     0.002102295     0.001940016     0.419530000
    3260     0.002100691     0.001938519     0.429900000
    3280     0.002104715     0.001943162     0.427050000
    3300     0.002107801     0.001943621     0.420610000
    3320     0.002104037     0.001942060     0.424570000
    3340     0.002104181     0.001943095     0.422560000
    3360     0.002124678     0.001960487     0.418160000
    3380     0.002128826     0.001962270     0.415010000
    3400     0.002118164     0.001951982     0.414160000
    3420     0.002125379     0.001958602     0.421400000
    3440     0.002132371     0.001964305     0.420970000
    3460     0.002134823     0.001966157     0.418740000
    3480     0.002126230     0.001957450     0.427330000
    3500     0.002115182     0.001949019     0.415730000
    3520     0.002111339     0.001946007     0.419660000
    3540     0.002119934     0.001954761     0.438270000
    3560     0.002126815     0.001963642     0.438460000
    3580     0.002116209     0.001952962     0.411770000
    3600     0.002116159     0.001950508     0.422550000
    3620     0.002098080     0.001933664     0.420490000
    3640     0.002101638     0.001936287     0.426880000
    3660     0.002113448     0.001949394     0.416820000
    3680     0.002117824     0.001952646     0.428010000
    3700     0.002124083     0.001957448     0.420080000
    3720     0.002119926     0.001952959     0.421760000
    3740     0.002125211     0.001957758     0.425960000
    3760     0.002116984     0.001950812     0.412620000
    3780     0.002118950     0.001950085     0.414270000
    3800     0.002117026     0.001948745     0.417340000
    3820     0.002108817     0.001941723     0.419210000
    3840     0.002106697     0.001942148     0.427100000
    3860     0.002093717     0.001931451     0.434500000
    3880     0.002091584     0.001930858     0.428360000
    3900     0.002086843     0.001926898     0.430770000
    3920     0.002088332     0.001930337     0.435680000
    3940     0.002092067     0.001931695     0.427520000
    3960     0.002093736     0.001933176     0.423860000
    3980     0.002079330     0.001920871     0.428800000
    4000     0.002080571     0.001922167     0.432670000
    4020     0.002084403     0.001924289     0.427710000
    4040     0.002081611     0.001921050     0.432170000
    4060     0.002085480     0.001923977     0.421310000
    4080     0.002082911     0.001922156     0.420300000
    4100     0.002087140     0.001926349     0.418570000
    4120     0.002083474     0.001921850     0.429960000
    4140     0.002086195     0.001924607     0.432500000
    4160     0.002096612     0.001936357     0.441400000
    4180     0.002098265     0.001936045     0.424840000
    4200     0.002096943     0.001933365     0.413390000
    4220     0.002095242     0.001932541     0.430980000
    4240     0.002101953     0.001939963     0.430530000
    4260     0.002105324     0.001943130     0.426730000
    4280     0.002099270     0.001936337     0.434920000
    4300     0.002101774     0.001939847     0.424290000
    4320     0.002101342     0.001938716     0.432800000
    4340     0.002097132     0.001937338     0.434540000
    4360     0.002096531     0.001935216     0.421790000
    4380     0.002101048     0.001938916     0.430230000
    4400     0.002090485     0.001932623     0.425010000
    4420     0.002105831     0.001945334     0.429870000
    4440     0.002102877     0.001942077     0.436040000
    4460     0.002100052     0.001939336     0.428470000
    4480     0.002120805     0.001955899     0.416250000
    4500     0.002117056     0.001953853     0.428430000
    4520     0.002113279     0.001949103     0.422390000
    4540     0.002112399     0.001948019     0.432750000
    4560     0.002125554     0.001961448     0.426630000
    4580     0.002148555     0.001980774     0.424670000
    4600     0.002145585     0.001980327     0.419010000
    4620     0.002158046     0.001989831     0.416820000
    4640     0.002157783     0.001988738     0.406000000
    4660     0.002143988     0.001974318     0.415010000
    4680     0.002153824     0.001981227     0.425180000
    4700     0.002159074     0.001984784     0.403350000
    4720     0.002159876     0.001985696     0.409850000
    4740     0.002143333     0.001972472     0.411080000
    4760     0.002143613     0.001972609     0.419280000
    4780     0.002144815     0.001972783     0.409300000
    4800     0.002155443     0.001982361     0.411410000
    4820     0.002146518     0.001973750     0.412760000
    4840     0.002148731     0.001977295     0.427210000
    4860     0.002152233     0.001981310     0.416520000
    4880     0.002135025     0.001963425     0.411900000
    4900     0.002127804     0.001958866     0.413700000
    4920     0.002118308     0.001950206     0.411110000
    4940     0.002118442     0.001949253     0.414640000
    4960     0.002107827     0.001940316     0.417640000
    4980     0.002117140     0.001949100     0.423130000
    5000     0.002106336     0.001940357     0.419760000
    5020     0.002100825     0.001937412     0.425960000
    5040     0.002109602     0.001943538     0.424330000
    5060     0.002106015     0.001941874     0.426610000
    5080     0.002113958     0.001946414     0.421590000
    5100     0.002118188     0.001951077     0.424800000
    5120     0.002120156     0.001953596     0.414820000
    5140     0.002136239     0.001964232     0.396410000
    5160     0.002122451     0.001948096     0.404910000
    5180     0.002120867     0.001945348     0.411940000
    5200     0.002123644     0.001950925     0.416160000
    5220     0.002117593     0.001945887     0.418410000
    5240     0.002124542     0.001954816     0.413850000
    5260     0.002110571     0.001943205     0.415300000
    5280     0.002116923     0.001946780     0.401750000
    5300     0.002103353     0.001933609     0.412930000
    5320     0.002088383     0.001920615     0.416250000
    5340     0.002080802     0.001916409     0.430290000
    5360     0.002089980     0.001926592     0.436360000
    5380     0.002098827     0.001936654     0.437940000
    5400     0.002102820     0.001940923     0.422270000
    5420     0.002113587     0.001951322     0.431070000
    5440     0.002116760     0.001953887     0.427360000
    5460     0.002108876     0.001947925     0.428070000
    5480     0.002116296     0.001956068     0.435920000
    5500     0.002113118     0.001952247     0.426940000
    5520     0.002116966     0.001955546     0.419980000
    5540     0.002114720     0.001952974     0.419600000
    5560     0.002106383     0.001943936     0.409640000
    5580     0.002107735     0.001944964     0.414800000
    5600     0.002101044     0.001938432     0.412870000
    5620     0.002104197     0.001940104     0.421040000
    5640     0.002109290     0.001944147     0.431190000
    5660     0.002115645     0.001951341     0.425790000
    5680     0.002109293     0.001946498     0.414890000
    5700     0.002108367     0.001943704     0.423770000
    5720     0.002105014     0.001938525     0.430580000
    5740     0.002101674     0.001935895     0.419350000
    5760     0.002103405     0.001937794     0.423980000
    5780     0.002107137     0.001941787     0.426190000
    5800     0.002105513     0.001940438     0.427430000
    5820     0.002125483     0.001960175     0.431660000
    5840     0.002120025     0.001958749     0.433020000
    5860     0.002117452     0.001954016     0.426970000
    5880     0.002121316     0.001956394     0.432830000
    5900     0.002131278     0.001963221     0.422970000
    5920     0.002127723     0.001962360     0.431440000
    5940     0.002123033     0.001960624     0.436340000
    5960     0.002139842     0.001974741     0.425110000
    5980     0.002137313     0.001975342     0.433340000
    6000     0.002139878     0.001976724     0.427920000
    6020     0.002140100     0.001975205     0.412220000
    6040     0.002138624     0.001969921     0.417200000
    6060     0.002140427     0.001968632     0.414680000
    6080     0.002143257     0.001970835     0.414380000
    6100     0.002147487     0.001973168     0.408640000
    6120     0.002155682     0.001978101     0.411980000
    6140     0.002169664     0.001990024     0.410600000
    6160     0.002154344     0.001977921     0.406070000
    6180     0.002155192     0.001978153     0.407640000
    6200     0.002172031     0.001992801     0.404870000
    6220     0.002172155     0.001995252     0.421210000
    6240     0.002178784     0.002001720     0.403250000
    6260     0.002172597     0.001996276     0.406600000
    6280     0.002181205     0.002004790     0.406290000
    6300     0.002174230     0.001997562     0.417760000
    6320     0.002165724     0.001992337     0.418040000
    6340     0.002174052     0.001997783     0.411780000
    6360     0.002176011     0.001997443     0.396850000
    6380     0.002185005     0.002005486     0.392240000
    6400     0.002189036     0.002011576     0.402510000
    6420     0.002211508     0.002028425     0.402350000
    6440     0.002218408     0.002036522     0.399770000
    6460     0.002215633     0.002030968     0.394400000
    6480     0.002213655     0.002028769     0.388470000
    6500     0.002203051     0.002019632     0.395140000
    6520     0.002193132     0.002009724     0.393820000
    6540     0.002205210     0.002020007     0.388360000
    6560     0.002200352     0.002017583     0.395620000
    6580     0.002198473     0.002014836     0.392550000
    6600     0.002202681     0.002019038     0.391220000
    6620     0.002191907     0.002010236     0.391420000
    6640     0.002187875     0.002004696     0.407520000
    6660     0.002186634     0.002005203     0.397410000
    6680     0.002185099     0.002004506     0.400340000
    6700     0.002204332     0.002021352     0.410860000
    6720     0.002192558     0.002013434     0.408680000
    6740     0.002169290     0.001995604     0.411050000
    6760     0.002166523     0.001994233     0.409710000
    6780     0.002164723     0.001992384     0.415880000
    6800     0.002162776     0.001989969     0.410340000
    6820     0.002143363     0.001975519     0.425120000
    6840     0.002146089     0.001976984     0.421820000
    6860     0.002143593     0.001976353     0.414550000
    6880     0.002152412     0.001983110     0.411330000
    6900     0.002149849     0.001980029     0.414930000
    6920     0.002148159     0.001979413     0.415800000
    6940     0.002151487     0.001980312     0.412620000
    6960     0.002141799     0.001971349     0.414510000
    6980     0.002149602     0.001976055     0.412350000
    7000     0.002147985     0.001974350     0.411490000
    7020     0.002159021     0.001983292     0.413950000
    7040     0.002153048     0.001978210     0.407460000
    7060     0.002156892     0.001980953     0.418850000
    7080     0.002146259     0.001973551     0.403370000
    7100     0.002146632     0.001974597     0.405480000
    7120     0.002140550     0.001969563     0.402850000
    7140     0.002154708     0.001980744     0.409250000
    7160     0.002168761     0.001993310     0.405970000
    7180     0.002160383     0.001984712     0.401540000
    7200     0.002152459     0.001978683     0.403450000
    7220     0.002151097     0.001976421     0.424280000
    7240     0.002154130     0.001980874     0.418730000
    7260     0.002152264     0.001979118     0.411820000
    7280     0.002163837     0.001986657     0.410430000
    7300     0.002176014     0.001997622     0.404730000
    7320     0.002165965     0.001987364     0.397580000
    7340     0.002157736     0.001979281     0.399990000
    7360     0.002169496     0.001990671     0.404230000
    7380     0.002180428     0.002001393     0.401490000
    7400     0.002179297     0.001997821     0.404340000
    7420     0.002184162     0.002002204     0.405840000
    7440     0.002170787     0.001991990     0.407730000
    7460     0.002161704     0.001983933     0.414390000
    7480     0.002166904     0.001992127     0.422570000
    7500     0.002156599     0.001982937     0.412460000
    7520     0.002151213     0.001977912     0.407970000
    7540     0.002167348     0.001990413     0.399330000
    7560     0.002163717     0.001987134     0.408100000
    7580     0.002166431     0.001989958     0.398260000
    7600     0.002168267     0.001989483     0.404300000
    7620     0.002187562     0.002006075     0.407690000
    7640     0.002189287     0.002008727     0.401800000
    7660     0.002183623     0.002003379     0.399150000
    7680     0.002190454     0.002008646     0.397370000
    7700     0.002202360     0.002018890     0.405240000
    7720     0.002201871     0.002017231     0.396900000
    7740     0.002198979     0.002014325     0.392980000
    7760     0.002177182     0.001996002     0.398090000
    7780     0.002178449     0.001999422     0.396580000
    7800     0.002185826     0.002006519     0.395940000
    7820     0.002199876     0.002018825     0.387840000
    7840     0.002177243     0.001999527     0.398700000
    7860     0.002177341     0.001995756     0.396360000
    7880     0.002171798     0.001990586     0.396470000
    7900     0.002175514     0.001995027     0.394360000
    7920     0.002174444     0.001995255     0.399090000
    7940     0.002186861     0.002003122     0.392350000
    7960     0.002182989     0.002003268     0.410430000
    7980     0.002176648     0.001996968     0.390180000
    8000     0.002170394     0.001992146     0.397990000
    8020     0.002179282     0.002000144     0.397950000
    8040     0.002172578     0.001994155     0.395440000
    8060     0.002165706     0.001987931     0.408250000
    8080     0.002168733     0.001989735     0.398610000
    8100     0.002169306     0.001989639     0.405020000
    8120     0.002162773     0.001985110     0.396530000
    8140     0.002163559     0.001986815     0.412310000
    8160     0.002151386     0.001975237     0.414980000
    8180     0.002163345     0.001987159     0.404180000
    8200     0.002167240     0.001989537     0.398310000
    8220     0.002178451     0.001999866     0.416730000
    8240     0.002185284     0.002006716     0.408820000
    8260     0.002176861     0.001999676     0.393680000
    8280     0.002176703     0.001996986     0.396980000
    8300     0.002164724     0.001986988     0.404650000
    8320     0.002170515     0.001992929     0.415180000
    8340     0.002176458     0.001998781     0.406650000
    8360     0.002183089     0.002004026     0.394070000
    8380     0.002175659     0.001993468     0.400280000
    8400     0.002174703     0.001991988     0.388850000
    8420     0.002153671     0.001974031     0.393180000
    8440     0.002166063     0.001986831     0.400740000
    8460     0.002147450     0.001971641     0.409400000
    8480     0.002150437     0.001974667     0.398960000
    8500     0.002149146     0.001971713     0.403530000
    8520     0.002155709     0.001980716     0.404270000
    8540     0.002149107     0.001973955     0.400520000
    8560     0.002154401     0.001978700     0.406550000
    8580     0.002153038     0.001977172     0.411450000
    8600     0.002154770     0.001979556     0.404590000
    8620     0.002137375     0.001965605     0.411860000
    8640     0.002137674     0.001965786     0.411830000
    8660     0.002149618     0.001975169     0.416150000
    8680     0.002140444     0.001968871     0.418580000
    8700     0.002135909     0.001968188     0.416250000
    8720     0.002119048     0.001955726     0.423190000
    8740     0.002112481     0.001947769     0.416470000
    8760     0.002112350     0.001948898     0.414230000
    8780     0.002103325     0.001939704     0.419440000
    8800     0.002107133     0.001944339     0.425900000
    8820     0.002112850     0.001948077     0.417820000
    8840     0.002125535     0.001956768     0.428030000
    8860     0.002141219     0.001972279     0.428350000
    8880     0.002134289     0.001965391     0.418200000
    8900     0.002133936     0.001965249     0.417520000
    8920     0.002134570     0.001966311     0.424730000
    8940     0.002134716     0.001969048     0.420880000
    8960     0.002139034     0.001973272     0.410180000
    8980     0.002146096     0.001978075     0.417940000
    9000     0.002135870     0.001967266     0.415870000
    9020     0.002122298     0.001956708     0.434620000
    9040     0.002121561     0.001956064     0.424960000
    9060     0.002131715     0.001961576     0.420300000
    9080     0.002133825     0.001963510     0.424440000
    9100     0.002135598     0.001964878     0.419330000
    9120     0.002137237     0.001965714     0.416790000
    9140     0.002136440     0.001964049     0.427080000
    9160     0.002142713     0.001969447     0.412130000
    9180     0.002144724     0.001973046     0.404990000
    9200     0.002147207     0.001975588     0.400860000
    9220     0.002145313     0.001973128     0.412170000
    9240     0.002126542     0.001954114     0.404860000
    9260     0.002129938     0.001958327     0.410960000
    9280     0.002129386     0.001958369     0.411520000
    9300     0.002126620     0.001960008     0.408830000
    9320     0.002119308     0.001951060     0.413800000
    9340     0.002122580     0.001952184     0.420830000
    9360     0.002128080     0.001957416     0.425470000
    9380     0.002139988     0.001968662     0.424340000
    9400     0.002135951     0.001968517     0.418480000
    9420     0.002130826     0.001964727     0.413770000
    9440     0.002135881     0.001968720     0.416510000
    9460     0.002146181     0.001978164     0.412280000
    9480     0.002139900     0.001970958     0.401490000
    9500     0.002153717     0.001980624     0.417280000
    9520     0.002145071     0.001974270     0.418680000
    9540     0.002140268     0.001970639     0.419500000
    9560     0.002143146     0.001971677     0.419500000
    9580     0.002143347     0.001971037     0.412740000
    9600     0.002147252     0.001974265     0.417300000
    9620     0.002149274     0.001976581     0.405000000
    9640     0.002150707     0.001976544     0.415140000
    9660     0.002147335     0.001975233     0.404450000
    9680     0.002151273     0.001979234     0.416020000
    9700     0.002148130     0.001977090     0.426180000
    9720     0.002151246     0.001980850     0.418410000
    9740     0.002139993     0.001972563     0.417970000
    9760     0.002146761     0.001976671     0.412400000
    9780     0.002143613     0.001972913     0.420540000
    9800     0.002147710     0.001976401     0.416490000
    9820     0.002154061     0.001981497     0.413780000
    9840     0.002162831     0.001990732     0.411800000
    9860     0.002158841     0.001987030     0.413310000
    9880     0.002174081     0.001997986     0.417770000
    9900     0.002194205     0.002015254     0.397640000
    9920     0.002186922     0.002007325     0.394880000
    9940     0.002189924     0.002009294     0.400690000
    9960     0.002189438     0.002010299     0.406750000
    9980     0.002194307     0.002012063     0.401530000
   10000     0.002176331     0.001998917     0.402390000
   10020     0.002178114     0.001999628     0.399700000
   10040     0.002183635     0.002003902     0.403410000
   10060     0.002175846     0.001996720     0.406540000
   10080     0.002170688     0.001992938     0.411930000
   10100     0.002163205     0.001987675     0.401550000
   10120     0.002159208     0.001982437     0.406220000
   10140     0.002161754     0.001982789     0.411050000
   10160     0.002156737     0.001978624     0.400740000
   10180     0.002158344     0.001980028     0.404340000
   10200     0.002161121     0.001984227     0.409450000
   10220     0.002160993     0.001985270     0.414320000
   10240     0.002178097     0.002000928     0.412930000
   10260     0.002165274     0.001991366     0.415370000
   10280     0.002158281     0.001986092     0.415180000
   10300     0.002175254     0.002000631     0.412460000
   10320     0.002175934     0.002002609     0.405790000
   10340     0.002179593     0.002004100     0.406030000
   10360     0.002165518     0.001991073     0.406190000
   10380     0.002153435     0.001981866     0.413070000
   10400     0.002143080     0.001974494     0.420880000
   10420     0.002156589     0.001986697     0.419350000
   10440     0.002160506     0.001991025     0.405610000
   10460     0.002154378     0.001982328     0.408390000
   10480     0.002148633     0.001977920     0.414930000
   10500     0.002146899     0.001975279     0.411310000
   10520     0.002149835     0.001976157     0.402060000
   10540     0.002144229     0.001970030     0.411690000
   10560     0.002130182     0.001960634     0.415400000
   10580     0.002132437     0.001961577     0.412430000
   10600     0.002131207     0.001960317     0.411390000
   10620     0.002128960     0.001957660     0.410170000
   10640     0.002125694     0.001954279     0.412530000
   10660     0.002128850     0.001957017     0.420720000
   10680     0.002134546     0.001960429     0.420240000
   10700     0.002132660     0.001959674     0.421350000
   10720     0.002134179     0.001960884     0.404990000
   10740     0.002121934     0.001950197     0.419980000
   10760     0.002122742     0.001954063     0.420140000
   10780     0.002134816     0.001963695     0.419230000
   10800     0.002145357     0.001972236     0.415080000
   10820     0.002131423     0.001963305     0.416920000
   10840     0.002144538     0.001974879     0.409990000
   10860     0.002153263     0.001980199     0.409010000
   10880     0.002145317     0.001974761     0.412300000
   10900     0.002130613     0.001960554     0.415520000
   10920     0.002127750     0.001960022     0.419270000
   10940     0.002129543     0.001961538     0.411340000
   10960     0.002131250     0.001962599     0.406460000
   10980     0.002122093     0.001954726     0.415840000
   11000     0.002121589     0.001954090     0.414160000
   11020     0.002115770     0.001949476     0.424170000
   11040     0.002136181     0.001967193     0.412500000
   11060     0.002140747     0.001970863     0.417250000
   11080     0.002127903     0.001959344     0.411240000
   11100     0.002120751     0.001952574     0.418990000
   11120     0.002125945     0.001956836     0.408090000
   11140     0.002123443     0.001954983     0.412840000
   11160     0.002126612     0.001956814     0.413000000
   11180     0.002130000     0.001960683     0.411210000
   11200     0.002125635     0.001957803     0.426890000
   11220     0.002126204     0.001961144     0.427160000
   11240     0.002124780     0.001958838     0.432580000
   11260     0.002141316     0.001969895     0.428710000
   11280     0.002143253     0.001972690     0.420150000
   11300     0.002154147     0.001982380     0.413200000
   11320     0.002145027     0.001974172     0.408480000
   11340     0.002138302     0.001966644     0.418880000
   11360     0.002144933     0.001973772     0.407110000
   11380     0.002153233     0.001979501     0.409360000
   11400     0.002154713     0.001981390     0.414780000
   11420     0.002158463     0.001985001     0.401180000
   11440     0.002162077     0.001986046     0.402560000
   11460     0.002154726     0.001980278     0.399740000
   11480     0.002161539     0.001984563     0.405630000
   11500     0.002159797     0.001984487     0.410530000
   11520     0.002165118     0.001992555     0.405180000
   11540     0.002148264     0.001979429     0.408210000
   11560     0.002139721     0.001970681     0.409870000
   11580     0.002135759     0.001967965     0.417600000
   11600     0.002138131     0.001970379     0.410390000
   11620     0.002145032     0.001974266     0.411410000
   11640     0.002145001     0.001973632     0.415260000
   11660     0.002149171     0.001976763     0.419130000
   11680     0.002146320     0.001976375     0.429410000
   11700     0.002144019     0.001975575     0.418680000
   11720     0.002152705     0.001981319     0.404070000
   11740     0.002120402     0.001951936     0.415870000
   11760     0.002122016     0.001954365     0.413720000
   11780     0.002120285     0.001952011     0.419070000
   11800     0.002125773     0.001956891     0.416520000
   11820     0.002131022     0.001964196     0.424070000
   11840     0.002133483     0.001968032     0.423880000
   11860     0.002135844     0.001967061     0.416320000
   11880     0.002125472     0.001957689     0.422530000
   11900     0.002143156     0.001973934     0.416140000
   11920     0.002149410     0.001980566     0.414540000
   11940     0.002153544     0.001981647     0.408210000
   11960     0.002145693     0.001974753     0.411860000
   11980     0.002157920     0.001985604     0.415590000
   12000     0.002162430     0.001989338     0.416220000
   12020     0.002152525     0.001983158     0.433480000
   12040     0.002138812     0.001970473     0.420310000
   12060     0.002158936     0.001988241     0.427190000
   12080     0.002151186     0.001980014     0.417330000
   12100     0.002165446     0.001994078     0.414750000
   12120     0.002156402     0.001985395     0.416000000
   12140     0.002169289     0.001996573     0.410310000
   12160     0.002163070     0.001989705     0.398050000
   12180     0.002159863     0.001985474     0.405700000
   12200     0.002168385     0.001991108     0.410110000
   12220     0.002170948     0.001994857     0.416700000
   12240     0.002154057     0.001980260     0.403750000
   12260     0.002149601     0.001974869     0.395150000
   12280     0.002146170     0.001972328     0.409320000
   12300     0.002144543     0.001972403     0.404670000
   12320     0.002135395     0.001964248     0.407800000
   12340     0.002138514     0.001967477     0.419590000
   12360     0.002148095     0.001972791     0.408200000
   12380     0.002164233     0.001991096     0.410840000
   12400     0.002160142     0.001987583     0.406360000
   12420     0.002148035     0.001975234     0.404920000
   12440     0.002153728     0.001980302     0.410570000
   12460     0.002160570     0.001985667     0.415350000
   12480     0.002160933     0.001987109     0.408530000
   12500     0.002180599     0.002003706     0.404800000
   12520     0.002193971     0.002012428     0.402310000
   12540     0.002195877     0.002014512     0.399500000
   12560     0.002179580     0.002002532     0.404730000
   12580     0.002177437     0.001999224     0.401620000
   12600     0.002189221     0.002009542     0.403620000
   12620     0.002178532     0.001999606     0.396580000
   12640     0.002177578     0.001997482     0.398300000
   12660     0.002163282     0.001985046     0.401530000
   12680     0.002165975     0.001987129     0.404750000
   12700     0.002153611     0.001974734     0.403770000
   12720     0.002167664     0.001988560     0.404560000
   12740     0.002159331     0.001982128     0.403070000
   12760     0.002143531     0.001969699     0.419790000
   12780     0.002145156     0.001971998     0.408230000
   12800     0.002147478     0.001973083     0.412810000
   12820     0.002129400     0.001956419     0.402810000
   12840     0.002117641     0.001943543     0.404830000
   12860     0.002119385     0.001947550     0.401000000
   12880     0.002123042     0.001951005     0.411930000
   12900     0.002131177     0.001957281     0.406120000
   12920     0.002139119     0.001964157     0.403900000
   12940     0.002128824     0.001956618     0.409340000
   12960     0.002128991     0.001956702     0.414370000
   12980     0.002130187     0.001956895     0.418810000
   13000     0.002133098     0.001961856     0.420010000
   13020     0.002130336     0.001960902     0.413970000
   13040     0.002132254     0.001962110     0.412710000
   13060     0.002136065     0.001966585     0.416330000
   13080     0.002130889     0.001961387     0.408150000
   13100     0.002119813     0.001950445     0.412800000
   13120     0.002108782     0.001940695     0.414120000
   13140     0.002115831     0.001947299     0.420580000
   13160     0.002110006     0.001941244     0.421160000
   13180     0.002107637     0.001937666     0.409560000
   13200     0.002121213     0.001951903     0.425400000
   13220     0.002112425     0.001945090     0.423380000
   13240     0.002119056     0.001951500     0.415350000
   13260     0.002128064     0.001959586     0.420380000
   13280     0.002131045     0.001962073     0.423320000
   13300     0.002127229     0.001957284     0.419250000
   13320     0.002139957     0.001969624     0.416010000
   13340     0.002159155     0.001985194     0.408630000
   13360     0.002154831     0.001979231     0.401640000
   13380     0.002169739     0.001993665     0.401260000
   13400     0.002171973     0.001992201     0.393460000
   13420     0.002166701     0.001986396     0.408760000
   13440     0.002171462     0.001991171     0.414390000
   13460     0.002175012     0.001996002     0.409860000
   13480     0.002170302     0.001994200     0.395300000
   13500     0.002170952     0.001991228     0.387470000
   13520     0.002147759     0.001968333     0.393920000
   13540     0.002128832     0.001951448     0.401380000
   13560     0.002114199     0.001938993     0.403410000
   13580     0.002116898     0.001943584     0.421720000
   13600     0.002117049     0.001945324     0.425850000
   13620     0.002131253     0.001959480     0.421980000
   13640     0.002146196     0.001970471     0.406880000
   13660     0.002140908     0.001965918     0.402850000
   13680     0.002155273     0.001976272     0.395730000
   13700     0.002147682     0.001967189     0.395070000
   13720     0.002143950     0.001966051     0.397020000
   13740     0.002142900     0.001964941     0.410500000
   13760     0.002154915     0.001978103     0.418680000
   13780     0.002148539     0.001977308     0.420270000
   13800     0.002141382     0.001971865     0.420190000
   13820     0.002150345     0.001980102     0.416890000
   13840     0.002147588     0.001978548     0.419390000
   13860     0.002146372     0.001977578     0.415150000
   13880     0.002141662     0.001972213     0.410580000
   13900     0.002141895     0.001972144     0.414730000
   13920     0.002149572     0.001977827     0.422750000
   13940     0.002137826     0.001968487     0.412320000
   13960     0.002137962     0.001968436     0.414420000
   13980     0.002144516     0.001972725     0.405680000
   14000     0.002143451     0.001973977     0.421000000
   14020     0.002143020     0.001973026     0.423190000
   14040     0.002146208     0.001976580     0.427930000
   14060     0.002160736     0.001986822     0.413800000
   14080     0.002155588     0.001981326     0.403620000
   14100     0.002157402     0.001983436     0.410200000
   14120     0.002156935     0.001981841     0.413790000
   14140     0.002161698     0.001985996     0.403330000
   14160     0.002140783     0.001968504     0.401180000
   14180     0.002146576     0.001972287     0.409350000
   14200     0.002150900     0.001974541     0.406030000
   14220     0.002154813     0.001977499     0.406500000
   14240     0.002157274     0.001979488     0.407600000
   14260     0.002159184     0.001981244     0.410900000
   14280     0.002162542     0.001986695     0.411120000
   14300     0.002168437     0.001991914     0.406540000
   14320     0.002168164     0.001992253     0.409300000
   14340     0.002174337     0.001997417     0.405460000
   14360     0.002182153     0.002004166     0.406230000
   14380     0.002179001     0.001998610     0.393440000
   14400     0.002173382     0.001993628     0.397280000
   14420     0.002178653     0.001995754     0.397400000
   14440     0.002169347     0.001988696     0.395190000
   14460     0.002179805     0.001998296     0.403120000
   14480     0.002165600     0.001988201     0.404260000
   14500     0.002147538     0.001972845     0.414780000
   14520     0.002150969     0.001977649     0.407380000
   14540     0.002148063     0.001974993     0.421980000
   14560     0.002150373     0.001977450     0.422590000
   14580     0.002152804     0.001979457     0.408680000
   14600     0.002160289     0.001984599     0.407820000
   14620     0.002155154     0.001980689     0.410680000
   14640     0.002149641     0.001976053     0.403730000
   14660     0.002151763     0.001976669     0.405120000
   14680     0.002149536     0.001974332     0.397120000
   14700     0.002174806     0.001995734     0.404010000
   14720     0.002161750     0.001985754     0.403900000
   14740     0.002165812     0.001988493     0.408880000
   14760     0.002179895     0.001999381     0.406600000
   14780     0.002168727     0.001991599     0.403520000
   14800     0.002174884     0.001996839     0.407800000
   14820     0.002170291     0.001995378     0.402680000
   14840     0.002182287     0.002003567     0.413820000
   14860     0.002172322     0.001995875     0.413160000
   14880     0.002170052     0.001994187     0.406000000
   14900     0.002168818     0.001993777     0.409210000
   14920     0.002166525     0.001992087     0.403350000
   14940     0.002164042     0.001989653     0.406530000
   14960     0.002147887     0.001976557     0.411560000
   14980     0.002127067     0.001959392     0.403070000
   15000     0.002141224     0.001969144     0.399440000
   15020     0.002147152     0.001972618     0.412110000
   15040     0.002160124     0.001985321     0.411110000
   15060     0.002150074     0.001977604     0.411090000
   15080     0.002138925     0.001966767     0.412880000
   15100     0.002150771     0.001975698     0.407900000
   15120     0.002147910     0.001972313     0.396630000
   15140     0.002154099     0.001978050     0.406680000
   15160     0.002151669     0.001976746     0.419590000
   15180     0.002151136     0.001980033     0.424740000
   15200     0.002144102     0.001974254     0.417520000
   15220     0.002141817     0.001972501     0.420780000
   15240     0.002133204     0.001964030     0.410000000
   15260     0.002146377     0.001974363     0.415920000
   15280     0.002147063     0.001974836     0.407200000
   15300     0.002138645     0.001966827     0.410660000
   15320     0.002143739     0.001969038     0.410500000
   15340     0.002137388     0.001962589     0.408310000
   15360     0.002130017     0.001957559     0.417820000
   15380     0.002131500     0.001959977     0.418870000
   15400     0.002135078     0.001965629     0.413700000
   15420     0.002132679     0.001963149     0.416320000
   15440     0.002133981     0.001965850     0.422670000
   15460     0.002132063     0.001963930     0.408040000
   15480     0.002131693     0.001962540     0.413510000
   15500     0.002133992     0.001966998     0.420400000
   15520     0.002133387     0.001966202     0.421660000
   15540     0.002127987     0.001960283     0.428950000
   15560     0.002119692     0.001951362     0.434800000
   15580     0.002117728     0.001953061     0.434310000
   15600     0.002135474     0.001968727     0.428430000
   15620     0.002130525     0.001963141     0.422760000
   15640     0.002134712     0.001966756     0.414330000
   15660     0.002142283     0.001974476     0.427490000
   15680     0.002142678     0.001974261     0.427260000
   15700     0.002137286     0.001968327     0.413990000
   15720     0.002126479     0.001960653     0.414830000
   15740     0.002125962     0.001958495     0.415880000
   15760     0.002117086     0.001950687     0.413710000
   15780     0.002127250     0.001960317     0.410840000
   15800     0.002114890     0.001948558     0.423330000
   15820     0.002129488     0.001962899     0.417450000
   15840     0.002132977     0.001963541     0.411600000
   15860     0.002120009     0.001952520     0.426910000
   15880     0.002120665     0.001954255     0.419080000
   15900     0.002111841     0.001949283     0.425030000
   15920     0.002122310     0.001956944     0.419570000
   15940     0.002140351     0.001971623     0.420190000
   15960     0.002139247     0.001970582     0.418270000
   15980     0.002120903     0.001954203     0.415180000
   16000     0.002136319     0.001967583     0.413340000
   16020     0.002151498     0.001978072     0.417470000
   16040     0.002146916     0.001971675     0.408860000
   16060     0.002131988     0.001960877     0.412190000
   16080     0.002134549     0.001963667     0.414990000
   16100     0.002144082     0.001971227     0.410750000
   16120     0.002145972     0.001973554     0.403860000
   16140     0.002152973     0.001978913     0.404120000
   16160     0.002155935     0.001978642     0.406650000
   16180     0.002138289     0.001962416     0.401510000
   16200     0.002132473     0.001959195     0.413650000
   16220     0.002139574     0.001967617     0.424080000
   16240     0.002137852     0.001965167     0.421420000
   16260     0.002136500     0.001963574     0.419620000
   16280     0.002127897     0.001957530     0.422170000
   16300     0.002118940     0.001950692     0.420430000
   16320     0.002134323     0.001962443     0.426830000
   16340     0.002136238     0.001968240     0.415670000
   16360     0.002134628     0.001966571     0.411560000
   16380     0.002150174     0.001977715     0.412450000
   16400     0.002145630     0.001974394     0.417030000
   16420     0.002164179     0.001989772     0.409960000
   16440     0.002178771     0.002001494     0.403030000
   16460     0.002198682     0.002019516     0.400620000
   16480     0.002204838     0.002022501     0.397830000
   16500     0.002200136     0.002018243     0.386650000
   16520     0.002197997     0.002017795     0.392880000
   16540     0.002194744     0.002012820     0.387230000
   16560     0.002196640     0.002013561     0.390610000
   16580     0.002191719     0.002008004     0.395690000
   16600     0.002192388     0.002009877     0.401370000
   16620     0.002195188     0.002010328     0.387440000
   16640     0.002190441     0.002003112     0.387900000
   16660     0.002204947     0.002014176     0.389910000
   16680     0.002182538     0.001993711     0.390460000
   16700     0.002183883     0.001996623     0.394170000
   16720     0.002159307     0.001977904     0.409870000
   16740     0.002153935     0.001974679     0.407480000
   16760     0.002158079     0.001978347     0.405030000
   16780     0.002172180     0.001990679     0.406110000
   16800     0.002173407     0.001992646     0.402600000
   16820     0.002174735     0.001991634     0.403400000
   16840     0.002151718     0.001974889     0.410390000
   16860     0.002163411     0.001985467     0.418730000
   16880     0.002151199     0.001976512     0.414470000
   16900     0.002127075     0.001957415     0.411190000
   16920     0.002128544     0.001960539     0.414320000
   16940     0.002126814     0.001958216     0.412790000
   16960     0.002128757     0.001959380     0.412290000
   16980     0.002127403     0.001956915     0.416580000
   17000     0.002134228     0.001965387     0.400990000
   17020     0.002138989     0.001968210     0.409510000
   17040     0.002135984     0.001965866     0.412550000
   17060     0.002125543     0.001959135     0.416490000
   17080     0.002132747     0.001964677     0.418140000
   17100     0.002133487     0.001965854     0.417440000
   17120     0.002134850     0.001965175     0.410860000
   17140     0.002134588     0.001967136     0.420140000
   17160     0.002132974     0.001965721     0.412000000
   17180     0.002117968     0.001951523     0.423040000
   17200     0.002133138     0.001964350     0.424520000
   17220     0.002129365     0.001962322     0.422580000
   17240     0.002129316     0.001961474     0.425250000
   17260     0.002145429     0.001974291     0.419480000
   17280     0.002145688     0.001974658     0.417090000
   17300     0.002154078     0.001982905     0.412540000
   17320     0.002146271     0.001975425     0.412840000
   17340     0.002138443     0.001968843     0.424490000
   17360     0.002135353     0.001968980     0.420670000
   17380     0.002149238     0.001979570     0.422000000
   17400     0.002160307     0.001988706     0.416900000
   17420     0.002159214     0.001988781     0.411740000
   17440     0.002163559     0.001989649     0.412180000
   17460     0.002173617     0.001998238     0.398530000
   17480     0.002191349     0.002009824     0.401730000
   17500     0.002196877     0.002010087     0.373790000
   17520     0.002169753     0.001984611     0.391250000
   17540     0.002170054     0.001985614     0.401800000
   17560     0.002158868     0.001978385     0.403370000
   17580     0.002162898     0.001984004     0.414520000
   17600     0.002158138     0.001982877     0.411830000
   17620     0.002166897     0.001992054     0.405420000
   17640     0.002147495     0.001976456     0.394280000
   17660     0.002145635     0.001973481     0.400690000
   17680     0.002125432     0.001954687     0.411700000
   17700     0.002123318     0.001953743     0.425630000
   17720     0.002127584     0.001957893     0.422190000
   17740     0.002134147     0.001964422     0.421620000
   17760     0.002141241     0.001972593     0.431140000
   17780     0.002130436     0.001964990     0.426190000
   17800     0.002141527     0.001974070     0.426440000
   17820     0.002143876     0.001976335     0.427680000
   17840     0.002140186     0.001971445     0.423940000
   17860     0.002147944     0.001977428     0.408640000
   17880     0.002151904     0.001979407     0.415840000
   17900     0.002140892     0.001968948     0.404320000
   17920     0.002142218     0.001970039     0.408370000
   17940     0.002131102     0.001960352     0.412540000
   17960     0.002144986     0.001970371     0.410730000
   17980     0.002146882     0.001970560     0.408390000
   18000     0.002155137     0.001980426     0.407480000
   18020     0.002143213     0.001972342     0.422510000
   18040     0.002146564     0.001974344     0.410780000
   18060     0.002143086     0.001970580     0.407670000
   18080     0.002151523     0.001977643     0.410960000
   18100     0.002138100     0.001965185     0.408820000
   18120     0.002141318     0.001969426     0.419190000
   18140     0.002123606     0.001956072     0.415450000
   18160     0.002120733     0.001952422     0.420050000
   18180     0.002132689     0.001963139     0.413130000
   18200     0.002123021     0.001954808     0.410860000
   18220     0.002120478     0.001954036     0.413070000
   18240     0.002130177     0.001963084     0.421910000
   18260     0.002138747     0.001967479     0.411350000
   18280     0.002143917     0.001972513     0.411740000
   18300     0.002143310     0.001971245     0.412490000
   18320     0.002142849     0.001970106     0.414650000
   18340     0.002146535     0.001973215     0.416030000
   18360     0.002152292     0.001978644     0.421920000
   18380     0.002147498     0.001972790     0.412140000
   18400     0.002145814     0.001971850     0.401670000
   18420     0.002153799     0.001978307     0.411780000
   18440     0.002146295     0.001973117     0.411070000
   18460     0.002145373     0.001973340     0.424470000
   18480     0.002143800     0.001974189     0.416960000
   18500     0.002130039     0.001962395     0.428240000
   18520     0.002106128     0.001941091     0.415450000
   18540     0.002102801     0.001938887     0.420030000
   18560     0.002108138     0.001943455     0.431290000
   18580     0.002108625     0.001942249     0.421590000
   18600     0.002117243     0.001950432     0.411730000
   18620     0.002134699     0.001964740     0.413480000
   18640     0.002120395     0.001950810     0.424210000
   18660     0.002096669     0.001931962     0.432730000
   18680     0.002088560     0.001925485     0.425880000
   18700     0.002105386     0.001940292     0.420570000
   18720     0.002121906     0.001954644     0.416110000
   18740     0.002129735     0.001960425     0.424780000
   18760     0.002128246     0.001960708     0.432800000
   18780     0.002114407     0.001949943     0.432100000
   18800     0.002117547     0.001953624     0.422150000
   18820     0.002126229     0.001959939     0.426880000
   18840     0.002125258     0.001958696     0.427780000
   18860     0.002109945     0.001945557     0.416340000
   18880     0.002110818     0.001947235     0.420560000
   18900     0.002110620     0.001949535     0.426950000
   18920     0.002102546     0.001941719     0.430980000
   18940     0.002096079     0.001936227     0.433040000
   18960     0.002112391     0.001949949     0.425560000
   18980     0.002130035     0.001965714     0.425220000
   19000     0.002146154     0.001981484     0.435690000
   19020     0.002150665     0.001985693     0.434340000
   19040     0.002155431     0.001987088     0.420030000
   19060     0.002137647     0.001971926     0.420210000
   19080     0.002152904     0.001983952     0.414690000
   19100     0.002150498     0.001980938     0.417020000
   19120     0.002146387     0.001974728     0.413210000
   19140     0.002135465     0.001965390     0.412930000
   19160     0.002137318     0.001965291     0.414480000
   19180     0.002129188     0.001959278     0.416920000
   19200     0.002122393     0.001954134     0.424280000
   19220     0.002113826     0.001947958     0.418150000
   19240     0.002113359     0.001948608     0.414770000
   19260     0.002130258     0.001960353     0.420350000
   19280     0.002139043     0.001966497     0.415450000
   19300     0.002160544     0.001986835     0.414320000
   19320     0.002157356     0.001984563     0.408440000
   19340     0.002148893     0.001973495     0.408490000
   19360     0.002143535     0.001967726     0.396890000
   19380     0.002152851     0.001974347     0.401680000
   19400     0.002131118     0.001955880     0.414210000
   19420     0.002134897     0.001962080     0.410410000
   19440     0.002133623     0.001961957     0.412440000
   19460     0.002125758     0.001956954     0.419910000
   19480     0.002128716     0.001957533     0.414400000
   19500     0.002134405     0.001962158     0.421480000
   19520     0.002113191     0.001947112     0.427710000
   19540     0.002110673     0.001945911     0.430200000
   19560     0.002107397     0.001942203     0.427070000
   19580     0.002095262     0.001933844     0.428370000
   19600     0.002094585     0.001933277     0.426430000
   19620     0.002094164     0.001933270     0.433340000
   19640     0.002089917     0.001929553     0.430510000
   19660     0.002087621     0.001927549     0.433160000
   19680     0.002103992     0.001942609     0.433900000
   19700     0.002090389     0.001931179     0.428860000
   19720     0.002093702     0.001934935     0.443330000
   19740     0.002112995     0.001953375     0.434730000
   19760     0.002109579     0.001952617     0.414290000
   19780     0.002101238     0.001943050     0.420600000
   19800     0.002106249     0.001946561     0.428790000
   19820     0.002109092     0.001949500     0.424570000
   19840     0.002103663     0.001944506     0.432990000
   19860     0.002112516     0.001952524     0.436360000
   19880     0.002130333     0.001965862     0.435870000
   19900     0.002146033     0.001978184     0.430350000
   19920     0.002145998     0.001977792     0.428300000
   19940     0.002145002     0.001978418     0.424890000
   19960     0.002145592     0.001976880     0.412420000
   19980     0.002157424     0.001986409     0.417470000
   20000     0.002156983     0.001983445     0.414360000
