      20 1061 1025  959 1010 1075  873  904  909 1057  958
      40  970  950  936 1037 1023  857 1019  961  926 1094
      60  973  978 1074 1088 1005 1083  968  901  854  957
      80  970 1065  934 1015  928 1032 1001  954  983  951
     100  868  959 1014  869  901  919  954  983  956  961
     120 1057  977 1130 1036  881  999 1037  897 1032  856
     140  885 1022 1007  991  913  831  894  884  895  860
     160  866  919  965  840 1012  912 1068  932  868  935
     180  937 1042 1039  908  934  966  997  808  912  853
     200  967  904 1067  959  905 1026  959  788  900  893
     220 1073  966  912  908  950  945  952  862  870  953
     240 1041  926  979  810  988  988  898  922  881  970
     260 1041  930 1017  853  804  908  873 1094  918  928
     280  852  855  928  870  846  901  968 1025  864  989
     300  876  908  711  882  892  881  871  934  870  800
     320 1031  852  702 1005  929 1047  958  861  879  926
     340  915  831  900  999  877  889 1129  911  826  832
     360  988 1006  877  861  821  851  996  874  926  868
     380  966  926  847  883  711  800  776  840  906  866
     400  880 1055  929  878  722  985  895  952  714  968
     420  853 1055  849  807 1020  910  892  795  844  890
     440  878  792  918  855  900  938  936  813  976  831
     460  886  894  898  893  941  912  909  848 1030  877
     480  897  778  762  960  952  844  902  846  883  981
     500  931  873  788  791 1053  803  818  893  745  918
     520  871  934  885  752  896  802  985  878  789  958
     540  795  838  951  921  914  842  931  874  852  863
     560  894  859  978  752  913  781  884  731  738  699
     580 1003  897  852  877  876  863  864  841  875  737
     600  917  899 1040  932  962  924  779  736  866  654
     620  921  875  785  901  874  745  933  750  808  803
     640  856  881  858  838  836  856  652  720  856  682
     660  862  743  770  795  756  867  751  698  897  783
     680  964  910  757  849  908  730  769  680  858  749
     700  880  806  779  812  911  758  955  869  890  813
     720  799  789  770  816  735  897  804  677  834  775
     740  715  801  782  784  737  870  819  865  833  905
     760  887  783  816  728  778  729  778  802  847  816
     780  841  846  786  829  893  785  835  830  839  716
     800  669  862  742  733  880  936  860  778  823  841
     820  702  782  868  775  722  716  817  696  695  905
     840  670  706  809  729  755  826  730  694  755  809
     860  668  697  864  646  778  678  735  767  760  897
     880  758  823  780  725  782  772  715  666  732  718
     900  902  773  938  774  652  865  716  717  864  679
     920  762  763  832  662  585  715  880  724  768  744
     940  677  766  829  691  751  679  716  737  778  673
     960  884  838  816  715  764  694  762  908  659  760
     980  839  907  802  839  718  770  738  728  727  751
    1000  861  864  607  781  665  753  788  607  732  725
    1020  735  734  772  780  717  751  717  718  781  601
    1040  786  675  794  699  891  670  835  719  895  719
    1060  685  701  621  820  638  765  833  751  567  710
    1080  668  621  730  771  813  791  812  713  542  667
    1100  630  736  803  797  767  791  828  824  699  696
    1120  661  778  762  699  889  798  903  677  743  667
    1140  752  621  682  770  760  772  803  655  801  686
    1160  736  777  793  849  940  641  921  755  738  614
    1180  598  762  711  719  653  706  712  747  749  757
    1200  617  795  697  676  631  703  795  709  679  758
    1220  743  625  755  714  860  801  794  616  706  724
    1240  740  783  719  625  661  841  740  678  660  616
    1260  612  623  769  613  726  552  719  716  644  684
    1280  685  649  779  533  654  646  877  724  685  630
    1300  769  571  719  608  629  579  630  729  721  557
    1320  709  690  698  616  639  566  740  746  868  712
    1340  670  704  711  671  652  643  786  727  875  688
    1360  655  682  668  747  622  712  712  681  760  741
    1380  682  757  785  649  634  674  742  581  737  668
    1400  715  711  703  741  684  645  772  544  595  695
    1420  734  761  742  536  674  714  754  634  599  658
    1440  657  559  649  619  774  677  611  595  616  742
    1460  733  643  665  624  727  582  576  669  651  623
    1480  863  735  688  653  522  549  691  735  638  609
    1500  779  789  584  560  706  585  668  822  726  626
    1520  749  724  701  701  604  653  656  569  690  611
    1540  762  608  692  703  565  640  730  562  670  639
    1560  692  837  511  669  688  648  696  716  656  709
    1580  625  769  576  601  590  661  819  667  649  718
    1600  721  605  735  601  638  674  661  557  590  596
    1620  667  693  645  669  695  787  570  669  653  673
    1640  692  648  637  562  690  667  749  697  674  670
    1660  711  602  712  661  587  703  628  610  660  627
    1680  719  580  661  677  548  577  582  650  650  720
    1700  677  714  671  658  559  690  524  689  674  676
    1720  588  618  669  737  725  674  630  688  662  696
    1740  732  560  731  605  624  590  601  686  657  783
    1760  570  636  612  498  635  509  645  655  648  533
    1780  559  752  716  600  612  572  783  596  672  711
    1800  598  576  669  498  595  557  734  700  698  533
    1820  573  674  588  702  668  621  609  682  777  742
    1840  572  712  661  659  591  603  651  481  643  491
    1860  646  585  550  592  609  550  607  630  677  546
    1880  584  523  522  611  598  462  596  639  649  660
    1900  659  513  723  657  572  558  605  544  544  622
    1920  651  539  592  533  586  759  589  627  608  643
    1940  667  567  618  536  574  665  708  690  611  660
    1960  692  668  631  581  565  637  622  608  611  668
    1980  579  557  736  763  648  587  605  706  653  712
    2000  649  572  651  574  666  698  621  670  603  536
    2020  602  652  723  677  615  659  575  563  627  562
    2040  574  795  590  650  544  655  494  642  686  555
    2060  724  736  482  581  682  585  595  603  635  536
    2080  574  601  661  605  570  663  395  685  540  615
    2100  482  715  693  536  490  517  455  502  440  587
    2120  554  636  626  709  582  560  548  608  699  627
    2140  556  593  642  535  616  589  404  754  716  544
    2160  507  648  653  604  713  567  541  606  625  543
    2180  569  618  685  514  693  549  542  509  506  597
    2200  606  568  532  428  516  541  528  648  509  661
    2220  626  486  546  512  434  633  562  621  532  732
    2240  631  677  466  538  536  603  614  608  614  562
    2260  565  585  643  528  573  629  578  735  624  537
    2280  623  524  625  430  687  546  558  697  532  581
    2300  722  562  613  409  612  643  672  708  533  552
    2320  599  642  595  427  562  483  696  650  500  612
    2340  525  527  573  420  577  556  577  673  582  595
    2360  493  588  553  569  440  514  583  636  626  555
    2380  483  565  507  647  418  565  670  566  521  502
    2400  581  490  534  490  597  580  500  593  641  593
    2420  710  485  660  565  433  621  501  536  575  519
    2440  541  527  693  625  399  605  560  544  559  577
    2460  551  523  556  623  437  621  593  593  501  564
    2480  615  538  477  626  465  569  621  567  496  526
    2500  637  611  484  522  528  517  706  540  643  569
    2520  551  611  448  511  463  618  592  491  651  554
    2540  474  412  562  435  431  616  566  553  686  559
    2560  517  469  616  542  459  538  646  498  581  630
    2580  518  541  529  531  511  535  499  541  594  500
    2600  566  536  561  602  531  522  509  465  426  500
    2620  502  612  678  498  471  537  492  424  578  460
    2640  506  566  563  466  513  582  652  601  616  549
    2660  592  536  472  511  519  554  602  610  625  428
    2680  529  621  519  471  466  505  649  479  638  497
    2700  579  644  561  488  596  494  594  552  582  522
    2720  617  752  526  527  541  544  337  584  580  614
    2740  520  636  700  528  618  574  490  515  487  371
    2760  472  590  503  572  501  668  572  621  465  507
    2780  582  627  365  710  505  645  588  573  550  500
    2800  529  627  505  529  623  601  553  549  424  411
    2820  612  546  431  555  574  494  617  552  530  406
    2840  592  559  507  531  451  528  555  613  462  448
    2860  583  556  566  371  489  497  588  585  489  469
    2880  426  461  554  495  483  494  532  554  628  604
    2900  440  429  448  516  557  467  548  462  669  587
    2920  523  458  425  568  553  574  589  439  527  449
    2940  585  411  366  710  655  584  633  401  600  499
    2960  610  477  441  601  542  565  506  579  536  521
    2980  523  430  471  542  537  653  578  577  536  588
    3000  543  440  446  476  423  543  586  510  506  526
    3020  551  291  518  503  356  611  549  525  523  510
    3040  528  385  440  495  458  635  555  620  521  570
    3060  454  407  504  451  530  558  503  488  606  564
    3080  582  467  513  414  657  584  463  493  577  603
    3100  541  569  466  559  599  484  687  608  529  567
    3120  486  513  526  572  513  609  639  509  575  509
    3140  539  448  497  562  428  504  622  651  506  490
    3160  588  454  467  448  535  622  543  614  557  424
    3180  582  416  563  482  532  594  495  470  484  358
    3200  584  564  440  382  498  474  617  430  455  299
    3220  563  722  368  448  499  557  580  555  552  445
    3240  653  478  366  599  454  531  548  538  538  476
    3260  483  470  450  415  429  459  402  491  475  464
    3280  594  471  526  439  430  399  506  528  442  462
    3300  411  454  311  380  352  411  441  449  588  552
    3320  339  511  317  460  336  417  505  362  548  504
    3340  439  474  414  541  365  398  395  417  630  577
    3360  476  441  515  484  343  473  443  686  521  521
    3380  477  350  442  549  414  468  499  482  528  446
    3400  623  431  495  614  379  520  412  436  575  531
    3420  483  378  495  415  448  411  398  557  455  356
    3440  368  343  355  439  339  462  432  489  550  388
    3460  460  276  440  482  403  492  459  465  567  441
    3480  416  430  406  423  231  565  469  530  605  532
    3500  451  487  532  458  456  586  414  479  549  407
    3520  504  406  571  529  475  487  424  500  516  545
    3540  383  555  678  588  579  420  402  478  485  535
    3560  475  635  576  508  475  458  521  523  533  585
    3580  434  547  548  418  356  534  646  462  513  571
    3600  569  571  454  557  394  508  512  412  476  543
    3620  620  519  413  630  492  419  453  414  476  509
    3640  516  354  444  467  517  503  453  404  595  417
    3660  438  373  513  455  422  519  476  411  436  402
    3680  430  438  395  493  361  481  510  321  350  385
    3700  486  447  438  557  364  432  564  367  344  369
    3720  533  404  446  380  432  525  484  435  324  367
    3740  405  350  389  400  525  495  523  435  353  563
    3760  424  419  344  482  522  558  573  501  415  477
    3780  529  433  218  364  598  444  444  497  440  508
    3800  611  486  396  359  478  552  517  364  633  428
    3820  502  460  373  301  507  468  400  431  564  507
    3840  640  453  381  285  535  487  337  525  557  548
    3860  502  484  491  401  451  575  525  469  553  566
    3880  453  440  531  399  517  502  433  512  493  374
    3900  470  272  495  476  412  584  366  468  429  322
    3920  378  285  549  581  413  420  400  390  446  478
    3940  346  211  528  571  436  407  429  546  500  468
    3960  355  263  413  413  501  417  428  548  550  490
    3980  384  362  461  597  498  458  379  399  522  380
    4000  405  347  337  517  402  417  506  507  572  510
    4020  377  449  524  517  358  361  411  571  528  337
    4040  400  486  478  439  478  488  423  457  518  325
    4060  419  426  459  354  506  516  378  387  423  337
    4080  432  291  481  337  489  453  404  261  527  564
    4100  402  386  468  462  337  420  478  325  472  562
    4120  444  345  413  395  436  532  384  391  447  572
    4140  479  368  400  494  410  513  494  384  379  498
    4160  483  368  503  469  484  534  502  329  527  510
    4180  412  537  386  466  545  436  432  314  382  472
    4200  455  533  464  477  538  294  378  373  436  439
    4220  428  506  348  381  523  389  455  350  414  449
    4240  508  497  238  360  413  471  451  400  440  433
    4260  616  409  299  398  413  435  390  311  426  424
    4280  400  545  419  365  573  534  452  372  412  479
    4300  508  449  373  374  340  452  419  424  399  484
    4320  333  474  345  472  384  408  373  410  341  445
    4340  486  410  450  419  409  505  423  456  243  374
    4360  600  402  481  551  359  527  439  445  152  438
    4380  608  394  391  484  337  553  521  397  276  463
    4400  548  300  551  430  400  628  409  430  208  416
    4420  434  418  424  466  447  486  359  423  288  439
    4440  292  357  497  444  453  506  304  400  282  307
    4460  337  472  602  426  433  452  460  404  327  353
    4480  405  446  532  481  455  460  522  423  311  278
    4500  353  433  390  292  362  419  456  435  514  375
    4520  333  497  384  336  413  489  458  403  737  388
    4540  358  343  416  397  288  429  433  413  470  428
    4560  395  399  579  369  337  379  425  389  389  371
    4580  426  480  479  426  386  411  514  333  510  510
    4600  503  400  501  446  455  518  443  361  460  543
    4620  463  453  539  397  498  462  428  406  433  414
    4640  275  399  480  413  480  457  539  519  428  368
    4660  401  332  350  401  436  327  499  517  467  368
    4680  407  319  435  365  525  260  453  397  372  469
    4700  429  425  374  275  625  254  333  565  371  481
    4720  425  425  345  303  514  354  386  482  567  438
    4740  437  465  393  297  496  330  313  446  575  486
    4760  406  426  418  390  441  363  316  516  411  421
    4780  330  356  400  382  456  427  297  517  396  434
    4800  403  370  364  324  447  396  320  530  299  473
    4820  371  326  381  508  402  391  438  424  349  468
    4840  455  365  422  390  386  483  305  358  387  483
    4860  512  464  434  342  395  377  418  364  420  499
    4880  318  389  313  371  520  452  371  417  494  330
    4900  350  365  408  387  398  495  558  464  392  311
    4920  376  395  360  415  483  460  422  428  436  417
    4940  322  380  279  290  482  447  308  377  417  390
    4960  411  491  351  388  493  524  338  452  394  465
    4980  362  516  446  421  395  401  245  519  409  385
    5000  452  464  463  375  498  462  326  407  398  500
    5020  459  476  311  337  410  411  360  456  383  464
    5040  434  436  396  292  376  368  267  472  474  501
    5060  452  387  349  367  360  553  336  493  388  521
    5080  373  384  491  413  402  444  380  414  409  477
    5100  276  455  459  515  371  497  480  541  452  506
    5120  337  434  472  521  479  510  436  456  443  467
    5140  385  454  494  385  443  435  369  528  567  572
    5160  421  551  472  445  330  374  275  555  548  466
    5180  533  476  464  360  289  425  319  452  466  441
    5200  427  490  485  347  386  460  285  359  425  349
    5220  540  470  466  317  314  354  415  401  547  538
    5240  455  447  486  423  314  538  472  404  322  554
    5260  361  314  469  421  424  475  443  438  298  502
    5280  395  444  356  418  478  407  445  498  266  505
    5300  419  506  376  600  310  327  421  428  379  439
    5320  375  415  478  390  340  312  377  471  586  390
    5340  416  481  396  405  367  338  395  440  579  303
    5360  403  448  486  445  432  277  507  311  500  420
    5380  379  441  483  401  465  412  434  248  428  457
    5400  355  444  586  461  473  439  432  257  462  498
    5420  468  371  449  430  486  456  486  389  570  441
    5440  418  475  435  370  512  369  346  453  541  504
    5460  377  387  370  397  333  284  320  329  436  453
    5480  511  506  373  309  377  410  473  343  420  412
    5500  487  409  430  444  401  293  347  423  474  440
    5520  541  405  480  538  412  400  417  386  453  528
    5540  433  424  496  425  486  374  363  405  403  506
    5560  485  490  398  434  368  375  371  447  495  512
    5580  399  453  477  397  441  452  458  364  514  426
    5600  430  282  529  446  413  500  350  274  482  537
    5620  334  361  461  512  381  414  447  407  593  387
    5640  441  318  372  409  410  466  442  395  398  304
    5660  333  296  293  445  365  481  362  462  382  265
    5680  380  198  253  451  339  405  415  491  274  342
    5700  362  240  323  327  410  323  385  369  377  410
    5720  385  366  270  396  355  336  440  378  474  476
    5740  338  456  318  436  374  347  313  363  458  587
    5760  312  433  317  368  388  347  355  399  467  446
    5780  426  313  343  388  424  316  384  522  338  390
    5800  469  406  348  479  431  313  454  443  482  369
    5820  497  509  472  495  393  417  525  403  468  552
    5840  521  389  492  389  470  376  425  286  424  644
    5860  514  492  471  401  447  422  511  343  489  553
    5880  433  402  450  346  490  477  360  398  367  503
    5900  502  292  227  439  367  540  485  319  506  377
    5920  391  359  243  394  384  409  348  307  456  486
    5940  482  397  361  401  317  434  363  341  458  433
    5960  411  409  443  405  270  389  300  403  516  355
    5980  256  521  354  332  377  386  255  375  500  400
    6000  435  334  378  376  489  295  257  314  405  518
    6020  316  511  280  400  420  456  262  345  525  629
    6040  363  369  433  273  279  350  359  359  455  442
    6060  381  289  460  266  354  415  414  367  405  343
    6080  491  336  415  363  337  494  503  390  507  411
    6100  491  353  316  352  398  494  401  415  447  374
    6120  442  384  286  421  328  395  372  337  338  360
    6140  473  435  397  275  337  333  328  322  469  403
    6160  318  417  464  277  410  429  338  286  313  338
    6180  214  436  615  260  401  274  386  365  415  389
    6200  292  366  368  375  336  381  316  363  552  341
    6220  330  416  320  336  411  332  363  298  548  411
    6240  301  438  472  419  257  347  454  252  493  270
    6260  459  654  382  394  445  364  390  297  454  372
    6280  463  471  499  251  380  370  201  288  516  448
    6300  477  419  354  280  377  357  258  257  482  346
    6320  367  400  344  232  406  323  262  274  448  306
    6340  396  512  425  260  427  333  347  382  382  303
    6360  371  407  419  343  421  395  324  485  386  397
    6380  405  414  396  320  401  266  324  365  427  336
    6400  480  480  315  483  498  393  267  280  436  282
    6420  400  490  454  448  396  397  305  248  473  268
    6440  410  457  412  340  378  301  335  300  445  231
    6460  391  497  404  311  286  406  343  356  401  337
    6480  347  388  402  302  360  416  369  350  422  361
    6500  319  471  389  377  346  317  384  390  483  298
    6520  396  365  474  313  384  304  356  432  483  341
    6540  353  345  428  312  379  275  400  446  445  372
    6560  392  329  383  411  384  428  469  408  459  338
    6580  407  374  328  426  365  430  459  324  372  348
    6600  407  269  422  383  399  402  551  411  450  322
    6620  393  498  523  420  403  510  492  296  539  295
    6640  464  422  431  497  305  442  384  430  396  273
    6660  304  369  438  386  339  355  467  362  342  165
    6680  352  498  422  361  406  456  436  337  425  242
    6700  401  477  307  330  452  424  480  453  543  289
    6720  411  450  408  335  427  465  525  488  387  326
    6740  446  437  364  333  386  391  414  370  377  331
    6760  292  359  290  452  435  304  427  403  292  327
    6780  452  287  330  259  393  229  367  378  367  361
    6800  412  135  368  272  284  353  379  381  289  422
    6820  388  170  371  156  316  376  380  331  371  324
    6840  316  257  360  337  253  305  463  348  323  302
    6860  260  365  379  360  168  372  458  382  303  376
    6880  283  243  341  384  230  307  347  310  386  321
    6900  247  327  351  399  341  412  356  338  416  440
    6920  310  272  323  383  321  301  491  493  521  433
    6940  360  297  342  340  412  401  381  420  492  407
    6960  323  327  422  299  376  472  383  323  312  420
    6980  376  413  415  274  329  457  371  442  276  396
    7000  358  455  297  412  380  457  402  459  352  327
    7020  392  363  333  340  289  460  331  457  391  317
    7040  390  344  497  334  328  482  426  419  381  330
    7060  381  432  364  398  323  434  348  427  346  418
    7080  444  391  327  457  349  420  382  309  235  350
    7100  376  337  233  379  434  425  335  345  289  378
    7120  430  391  378  315  347  434  307  391  341  337
    7140  366  403  390  351  491  429  260  363  337  329
    7160  315  378  380  394  305  395  417  401  264  275
    7180  293  332  340  290  374  403  346  489  329  282
    7200  395  286  283  309  269  301  380  459  312  411
    7220  349  383  308  363  378  331  368  358  356  428
    7240  293  355  379  296  314  305  452  317  268  425
    7260  413  369  464  265  447  346  391  234  374  302
    7280  400  322  458  364  384  405  370  294  341  428
    7300  320  312  380  278  410  483  427  294  477  442
    7320  308  348  406  365  367  458  395  312  410  351
    7340  330  338  441  325  365  395  359  359  344  469
    7360  368  397  430  412  415  340  295  347  335  438
    7380  324  411  313  510  436  257  333  244  361  339
    7400  367  427  271  468  461  398  385  229  457  328
    7420  342  411  318  409  403  395  409  242  489  343
    7440  271  420  406  482  344  479  460  283  482  361
    7460  288  347  405  358  238  402  339  307  403  374
    7480  261  381  352  325  331  327  277  226  303  364
    7500  388  361  236  319  262  255  289  268  331  285
    7520  488  280  191  339  291  334  343  273  348  348
    7540  420  358  166  317  284  390  287  176  336  317
    7560  529  421  305  347  383  379  356  251  419  382
    7580  396  344  452  401  435  462  280  382  464  390
    7600  390  361  399  361  481  419  365  412  369  434
    7620  357  296  324  385  376  337  361  345  329  380
    7640  325  360  326  271  298  424  496  326  459  439
    7660  411  327  353  328  382  511  309  329  461  400
    7680  375  279  434  290  381  387  356  351  348  405
    7700  361  400  350  327  338  383  417  349  336  326
    7720  350  334  401  350  278  507  352  286  392  297
    7740  349  295  412  274  191  345  303  351  383  355
    7760  360  268  292  309  153  332  305  386  428  289
    7780  485  269  287  320  224  363  312  347  336  235
    7800  454  291  395  413  273  415  352  338  380  230
    7820  386  308  416  440  411  416  275  310  343  245
    7840  378  460  334  420  431  356  273  325  381  297
    7860  315  375  340  394  429  329  333  286  454  351
    7880  409  388  472  378  346  324  278  495  419  301
    7900  363  504  383  303  327  389  291  532  409  290
    7920  345  382  387  337  331  272  327  383  334  312
    7940  283  392  449  414  365  330  307  397  311  338
    7960  365  276  507  448  336  322  298  460  374  433
    7980  287  248  317  375  390  325  297  385  456  351
    8000  298  313  406  343  324  334  329  371  384  409
    8020  384  442  283  347  386  388  352  345  407  500
    8040  441  290  334  391  327  300  422  440  333  418
    8060  409  286  411  365  358  327  415  452  268  426
    8080  380  302  416  298  382  228  382  408  347  316
    8100  404  315  440  293  421  278  346  403  274  395
    8120  552  337  357  285  429  260  390  286  222  442
    8140  454  337  507  316  312  373  417  449  309  451
    8160  446  432  479  298  385  400  397  287  360  323
    8180  404  344  319  314  338  344  333  261  299  429
    8200  410  286  314  338  379  428  194  193  413  379
    8220  357  419  403  421  337  340  223  264  406  365
    8240  355  433  312  382  370  284  361  340  415  392
    8260  376  423  423  355  512  251  337  325  431  370
    8280  458  409  310  374  481  231  430  261  511  372
    8300  303  360  378  390  386  191  458  409  401  330
    8320  361  359  383  446  340  259  362  360  274  316
    8340  410  446  349  388  340  308  363  372  194  363
    8360  363  339  406  425  357  312  343  510  215  397
    8380  284  386  390  362  274  387  408  384  252  348
    8400  443  355  284  360  334  360  407  289  404  333
    8420  425  337  291  387  323  339  367  367  353  308
    8440  340  289  356  255  333  317  433  472  378  372
    8460  270  371  441  218  345  397  352  342  333  432
    8480  335  309  290  263  403  354  261  367  295  410
    8500  266  410  279  292  349  260  353  344  198  417
    8520  334  388  447  352  377  263  380  428  219  373
    8540  366  273  404  350  263  362  433  435  365  331
    8560  346  332  357  285  332  319  262  400  265  399
    8580  366  498  398  257  269  423  315  395  363  410
    8600  355  305  343  316  266  405  311  465  319  482
    8620  384  332  326  189  428  376  346  510  281  302
    8640  331  482  334  274  293  370  386  541  290  303
    8660  371  458  404  448  304  323  364  426  330  465
    8680  450  389  392  352  296  317  276  409  340  385
    8700  370  359  394  441  274  261  273  332  297  403
    8720  323  318  348  385  282  335  177  364  310  313
    8740  375  307  281  394  291  309  162  327  295  302
    8760  318  210  285  427  182  232  200  354  260  327
    8780  320  261  241  432  177  334  223  325  337  321
    8800  257  302  245  399  242  343  198  423  402  376
    8820  335  244  257  448  207  323  300  484  364  466
    8840  209  242  289  471  225  422  310  429  385  418
    8860  207  320  372  393  214  299  315  382  335  378
    8880  317  298  352  315  405  306  334  452  269  480
    8900  281  311  293  306  353  348  358  383  284  411
    8920  335  266  294  330  414  265  342  316  250  447
    8940  376  193  438  337  372  330  357  388  307  337
    8960  423  297  315  345  380  310  314  443  383  401
    8980  294  382  319  229  415  195  321  367  301  401
    9000  418  304  200  278  452  208  236  454  237  439
    9020  295  335  273  373  349  366  258  462  186  359
    9040  265  435  344  329  374  297  257  420  332  319
    9060  172  376  282  466  259  197  257  262  282  340
    9080  268  259  179  401  366  286  219  242  384  458
    9100  252  365  276  328  252  377  179  267  366  421
    9120  316  401  298  427  334  268  229  448  397  359
    9140  347  356  243  355  351  369  356  376  296  262
    9160  371  263  194  286  384  250  471  377  487  318
    9180  285  336  206  274  337  395  430  363  391  267
    9200  281  307  212  307  364  261  363  338  449  242
    9220  363  300  252  254  354  337  334  230  442  304
    9240  489  381  341  288  404  340  379  308  304  265
    9260  407  327  389  356  276  283  441  404  263  332
    9280  368  270  425  389  275  338  374  363  266  313
    9300  335  228  365  418  284  320  432  366  315  398
    9320  347  286  231  428  290  471  553  368  322  334
    9340  238  264  207  465  241  394  406  362  440  372
    9360  274  235  170  396  257  434  340  309  326  406
    9380  331  237  297  408  390  308  350  354  345  324
    9400  302  381  319  381  375  365  463  357  505  319
    9420  291  373  427  352  422  428  481  263  304  282
    9440  304  233  384  400  395  340  389  322  297  311
    9460  339  348  478  304  304  286  316  343  394  229
    9480  311  450  403  307  412  348  375  351  348  340
    9500  291  486  217  341  337  438  405  316  336  384
    9520  356  434  206  400  442  391  346  295  296  336
    9540  286  330  287  411  389  365  360  406  286  273
    9560  384  397  281  387  355  370  487  310  201  344
    9580  378  270  356  382  259  312  463  296  308  316
    9600  339  307  290  370  352  333  445  326  234  404
    9620  407  220  191  317  504  370  367  265  302  304
    9640  379  238  222  302  511  322  311  209  254  278
    9660  492  233  283  328  431  384  303  201  325  286
    9680  359  276  213  386  350  295  352  316  302  248
    9700  231  365  258  344  271  325  355  369  383  370
    9720  217  406  355  321  301  264  332  348  459  231
    9740  256  247  281  298  326  385  348  335  424  342
    9760  211  316  308  413  435  383  351  471  287  334
    9780  305  281  333  371  457  334  424  398  410  359
    9800  350  346  393  366  458  373  428  218  373  306
    9820  356  263  530  377  358  423  508  226  263  265
    9840  305  351  353  429  350  343  473  253  190  310
    9860  414  211  415  413  410  344  524  387  286  332
    9880  330  379  503  289  327  498  428  354  297  310
    9900  406  305  299  361  237  442  478  319  190  357
    9920  375  366  378  392  263  455  365  448  267  434
    9940  361  378  369  384  278  456  399  376  320  442
    9960  404  407  328  446  281  560  378  431  252  422
    9980  473  359  247  453  344  494  383  466  401  330
   10000  354  283  371  479  372  448  334  411  419  407
   10020  370  321  333  325  387  385  405  473  404  399
   10040  304  300  354  493  372  212  325  384  417  426
   10060  413  407  353  519  407  364  418  448  341  349
   10080  416  433  328  404  363  376  409  379  426  349
   10100  515  435  316  413  358  367  363  312  481  401
   10120  356  338  300  365  441  276  319  357  460  545
   10140  401  248  291  349  333  149  416  348  454  455
   10160  331  237  328  375  379  194  392  368  442  307
   10180  362  203  313  354  340  251  502  340  328  309
   10200  475  195  419  395  347  366  465  323  401  377
   10220  448  215  456  350  426  344  492  353  401  384
   10240  353  379  335  224  310  309  420  342  436  385
   10260  364  401  339  245  376  262  398  394  370  366
   10280  307  385  332  310  312  274  397  341  320  333
   10300  260  341  228  332  271  362  292  345  361  338
   10320  402  407  300  332  511  386  348  384  415  308
   10340  501  401  375  327  437  352  337  374  426  325
   10360  456  407  398  313  353  412  329  289  406  314
   10380  394  353  370  318  317  294  278  434  369  384
   10400  353  338  488  294  349  379  430  252  305  394
   10420  236  409  329  249  495  326  398  316  379  345
   10440  277  376  318  248  337  321  291  345  463  363
   10460  278  381  377  259  352  251  260  405  386  326
   10480  234  364  343  244  375  259  349  448  387  276
   10500  228  359  299  273  371  253  285  450  340  265
   10520  321  367  306  215  322  329  440  363  339  279
   10540  278  406  303  307  392  365  342  416  440  284
   10560  299  446  219  368  357  357  466  355  369  243
   10580  239  399  347  371  280  316  385  351  459  250
   10600  236  238  348  418  258  297  435  378  436  325
   10620  267  295  295  358  301  367  364  310  373  407
   10640  295  340  303  415  336  336  408  271  270  445
   10660  281  380  265  372  377  342  412  405  276  340
   10680  276  370  310  349  319  421  350  338  306  389
   10700  237  371  348  270  227  302  438  376  478  358
   10720  311  360  356  259  255  412  341  433  400  317
   10740  339  384  386  279  262  340  332  400  420  397
   10760  223  419  400  345  372  394  295  275  385  437
   10780  201  379  412  296  405  340  301  268  271  363
   10800  170  248  350  207  430  397  374  332  263  311
   10820  270  280  285  327  328  297  294  375  232  370
   10840  368  261  223  323  339  221  341  282  324  379
   10860  344  233  248  363  228  423  401  278  359  389
   10880  293  329  306  314  207  390  294  211  398  392
   10900  350  414  254  233  192  391  318  284  442  315
   10920  315  309  326  240  261  243  295  299  425  235
   10940  408  334  321  182  305  269  300  225  460  371
   10960  349  399  343  216  263  422  312  177  335  311
   10980  342  310  357  280  526  394  291  215  367  381
   11000  421  360  373  201  413  363  335  336  419  376
   11020  409  379  332  178  277  352  306  326  290  435
   11040  417  399  239  184  296  300  342  229  261  422
   11060  355  364  195  191  270  319  302  361  319  271
   11080  323  379  258  150  281  340  295  364  373  407
   11100  300  376  234  182  352  311  280  340  433  389
   11120  376  352  223  340  292  247  302  437  287  425
   11140  481  456  247  387  270  361  211  393  489  405
   11160  375  428  284  375  313  304  325  468  410  427
   11180  591  373  258  423  305  323  479  294  337  447
   11200  457  312  289  372  320  246  372  358  324  378
   11220  314  322  320  305  355  223  316  431  264  389
   11240  330  225  324  247  342  360  287  360  356  380
   11260  258  181  383  225  350  296  282  320  369  325
   11280  199  224  339  289  391  400  334  323  362  318
   11300  280  316  341  271  408  447  325  277  477  294
   11320  269  356  305  284  341  342  379  286  369  311
   11340  434  333  292  297  372  350  360  302  331  356
   11360  427  186  400  376  348  259  359  317  205  271
   11380  513  282  463  304  445  222  365  372  217  303
   11400  507  317  424  227  375  299  432  325  314  317
   11420  400  266  307  247  389  358  351  329  329  299
   11440  321  331  341  341  378  463  288  310  373  364
   11460  354  261  374  396  326  418  330  390  453  434
   11480  284  259  331  456  370  351  380  239  395  372
   11500  299  304  407  359  449  303  333  340  411  239
   11520  279  374  470  330  464  241  213  422  435  363
   11540  304  393  434  281  511  274  295  359  324  348
   11560  239  346  287  270  332  315  271  312  384  357
   11580  269  336  224  237  419  340  385  430  368  288
   11600  343  329  203  260  414  299  328  359  313  327
   11620  291  335  217  313  347  257  263  317  227  293
   11640  313  413  335  267  392  369  245  407  381  338
   11660  298  379  350  208  451  440  337  370  410  299
   11680  244  305  238  270  288  427  292  364  371  343
   11700  320  343  237  269  420  399  355  481  368  373
   11720  323  348  310  274  391  367  463  373  350  367
   11740  357  352  316  245  273  356  485  386  415  431
   11760  398  398  369  203  281  484  340  507  433  510
   11780  399  400  442  324  288  272  252  423  439  465
   11800  373  479  307  336  314  313  304  375  416  390
   11820  406  488  304  436  326  315  333  442  323  465
   11840  409  505  379  416  332  333  280  380  461  450
   11860  274  407  419  425  410  408  238  379  386  459
   11880  278  419  393  417  335  430  307  364  226  461
   11900  260  445  369  362  312  239  339  327  390  463
   11920  145  226  380  384  387  337  381  278  329  356
   11940  111  265  279  446  290  366  424  309  430  377
   11960  256  354  319  324  253  343  380  308  455  291
   11980  343  446  304  313  338  436  298  466  437  404
   12000  288  411  372  249  253  400  228  500  316  324
   12020  317  320  424  241  227  387  139  491  380  307
   12040  277  394  308  263  257  329  251  445  572  268
   12060  270  283  337  279  178  319  365  470  405  332
   12080  302  403  329  295  309  318  277  386  479  394
   12100  314  442  430  311  224  346  280  345  331  279
   12120  310  368  417  393  259  440  310  357  389  308
   12140  333  292  444  288  388  487  368  282  361  256
   12160  354  348  393  414  471  311  280  446  300  343
   12180  331  356  389  370  444  466  441  523  307  393
   12200  350  251  352  329  390  510  321  344  212  330
   12220  385  331  441  362  299  369  368  424  362  411
   12240  277  298  376  292  283  249  344  473  260  376
   12260  333  411  493  280  334  437  502  378  292  327
   12280  262  400  502  364  359  326  327  412  263  332
   12300  317  337  365  254  335  342  367  343  316  323
   12320  285  371  372  283  320  306  455  297  386  319
   12340  358  371  480  357  247  351  443  209  368  341
   12360  416  284  486  293  343  272  346  255  486  421
   12380  444  235  396  356  406  240  408  291  467  339
   12400  494  312  393  372  449  406  373  302  491  300
   12420  320  318  398  389  355  300  477  306  299  529
   12440  322  266  327  471  239  292  278  325  222  445
   12460  407  367  377  447  229  287  389  254  377  441
   12480  395  408  340  404  369  402  366  346  383  449
   12500  298  440  315  344  409  436  297  366  424  462
   12520  367  199  296  298  402  382  378  321  370  358
   12540  323  298  412  267  462  362  417  320  428  334
   12560  398  335  355  384  448  326  417  356  360  287
   12580  340  332  463  405  411  323  294  276  304  291
   12600  414  383  506  383  367  372  310  320  276  222
   12620  400  396  398  409  399  358  304  429  250  337
   12640  352  425  413  244  410  357  236  388  321  335
   12660  387  357  283  269  307  311  267  448  337  358
   12680  266  322  311  335  391  332  364  439  358  367
   12700  200  364  335  317  434  386  298  394  367  367
   12720  237  318  328  331  298  315  311  374  414  368
   12740  219  254  318  253  296  393  308  375  390  376
   12760  244  295  360  198  444  421  303  334  376  269
   12780  242  259  441  305  445  326  335  362  316  316
   12800  234  403  427  370  508  238  354  397  253  389
   12820  274  298  321  398  472  368  369  260  299  333
   12840  242  364  373  302  371  456  408  301  343  205
   12860  260  365  249  343  349  357  518  420  265  319
   12880  404  301  362  347  367  299  392  432  325  301
   12900  320  269  310  448  389  369  462  430  322  259
   12920  414  346  343  389  425  327  443  259  401  377
   12940  324  380  327  360  371  366  397  250  379  400
   12960  264  391  317  334  237  326  325  295  349  385
   12980  296  220  433  361  288  276  298  404  355  354
   13000  347  224  374  546  387  299  322  369  398  448
   13020  298  312  384  425  324  325  359  380  414  343
   13040  430  358  449  402  406  392  432  295  309  349
   13060  457  323  406  430  280  394  377  379  338  421
   13080  371  362  438  355  371  331  310  416  278  344
   13100  368  351  471  320  253  305  441  346  341  347
   13120  287  363  477  371  195  300  296  358  259  307
   13140  446  376  344  394  250  306  276  357  325  404
   13160  416  370  444  364  264  295  329  316  293  416
   13180  381  374  367  229  241  310  404  274  352  376
   13200  380  336  441  303  244  347  283  311  307  415
   13220  342  349  424  413  430  282  300  349  378  282
   13240  300  288  420  393  236  330  251  410  371  299
   13260  291  286  560  326  333  265  301  352  320  283
   13280  282  240  320  393  246  345  315  350  206  272
   13300  225  262  323  304  263  340  319  332  173  234
   13320  327  477  319  359  214  238  245  291  254  290
   13340  123  361  373  340  329  305  296  235  187  304
   13360  276  354  343  265  358  249  379  401  220  353
   13380  327  281  277  302  431  264  311  402  271  219
   13400  359  348  268  396  433  295  361  437  385  251
   13420  393  337  375  411  419  368  447  400  314  312
   13440  299  349  336  391  498  403  445  441  300  319
   13460  349  460  258  302  536  347  373  346  313  305
   13480  488  400  359  343  403  257  434  330  302  243
   13500  282  388  472  402  289  251  478  392  317  352
   13520  310  389  311  466  400  236  315  283  306  308
   13540  363  438  346  398  375  353  184  401  271  413
   13560  517  418  363  350  396  434  289  375  250  258
   13580  341  415  326  314  483  385  302  480  301  312
   13600  312  331  306  252  417  447  272  356  396  337
   13620  323  357  349  209  386  372  349  286  415  306
   13640  324  248  264  268  301  309  304  209  348  334
   13660  408  263  247  305  403  317  251  256  336  366
   13680  420  269  234  299  345  446  285  254  305  441
   13700  393  285  327  350  473  476  248  365  210  324
   13720  424  310  392  273  411  419  300  278  176  403
   13740  382  237  325  209  242  357  397  437  316  354
   13760  338  213  363  268  278  320  385  293  412  385
   13780  322  235  429  211  477  385  358  428  509  389
   13800  355  244  339  319  456  369  261  497  339  254
   13820  300  406  270  464  534  411  279  462  222  224
   13840  195  388  326  268  324  348  259  425  352  213
   13860  243  382  367  297  383  354  245  396  286  197
   13880  289  322  406  240  417  349  311  419  302  289
   13900  381  259  332  242  346  315  253  326  325  324
   13920  416  245  353  307  447  287  272  489  334  304
   13940  312  333  338  489  439  417  231  358  284  383
   13960  347  227  278  434  390  421  208  389  425  221
   13980  373  279  271  400  321  522  320  363  383  357
   14000  372  278  308  252  364  350  277  295  384  369
   14020  428  218  312  166  396  341  317  385  584  295
   14040  386  328  401  219  386  258  365  343  402  314
   14060  440  371  286  329  317  262  397  402  391  314
   14080  397  325  249  260  477  305  452  462  354  334
   14100  260  332  355  300  385  304  351  407  330  275
   14120  233  343  422  231  349  291  409  337  340  367
   14140  173  310  304  284  340  310  400  273  364  321
   14160  220  293  258  281  310  545  428  235  280  411
   14180  256  222  218  309  294  468  613  305  314  457
   14200  255  294  226  316  307  369  498  201  362  399
   14220  289  366  256  359  354  409  506  360  330  399
   14240  376  217  392  333  238  335  326  261  296  226
   14260  402  291  337  334  317  336  386  335  313  232
   14280  324  188  323  326  318  221  375  366  316  202
   14300  327  340  344  343  319  197  434  272  282  150
   14320  234  301  380  405  337  213  347  275  366  240
   14340  271  310  400  330  285  403  398  269  381  177
   14360  388  337  306  403  245  285  428  320  337  269
   14380  351  365  390  397  307  295  321  332  264  249
   14400  350  316  380  211  203  262  399  284  250  235
   14420  359  285  338  212  194  306  419  345  304  259
   14440  376  236  310  211  212  164  470  435  382  409
   14460  368  278  387  359  265  168  417  487  407  335
   14480  357  289  304  430  305  196  428  407  279  342
   14500  458  432  434  439  360  243  493  495  327  184
   14520  421  349  423  366  353  109  348  429  391  231
   14540  429  395  312  407  365  253  375  278  326  238
   14560  327  254  272  438  359  279  418  302  329  327
   14580  375  206  305  406  389  272  383  313  439  283
   14600  316  135  325  295  423  195  402  305  327  204
   14620  295  122  292  298  345  282  411  298  382  290
   14640  338  140  203  226  363  341  463  340  433  244
   14660  360  260  191  317  200  371  391  175  378  259
   14680  385  301  189  391  281  357  367  316  314  366
   14700  323  312  339  369  326  406  273  389  323  373
   14720  388  362  302  264  374  278  375  313  378  402
   14740  500  255  309  315  337  298  314  282  371  357
   14760  406  260  299  406  265  274  226  143  426  313
   14780  427  343  319  320  237  312  229  248  329  317
   14800  386  303  333  412  158  300  313  229  387  278
   14820  479  393  395  330  280  363  201  319  271  238
   14840  271  346  423  232  272  377  197  347  279  342
   14860  357  382  338  366  347  290  296  356  305  331
   14880  394  343  342  440  343  274  363  411  342  282
   14900  419  350  450  312  225  223  251  373  337  262
   14920  388  471  495  333  300  257  313  392  276  237
   14940  497  371  447  282  361  275  303  469  284  262
   14960  427  356  459  336  266  282  415  347  247  350
   14980  362  206  475  347  298  304  388  354  331  283
   15000  368  212  496  401  311  327  358  347  344  364
   15020  455  182  466  506  378  298  347  331  380  355
   15040  324  260  323  404  312  332  265  465  406  355
   15060  391  250  322  308  321  418  271  328  268  350
   15080  354  293  355  319  323  342  365  359  273  361
   15100  346  382  355  274  378  332  482  395  360  359
   15120  333  243  311  281  293  396  534  319  367  345
   15140  492  206  355  304  365  344  348  419  220  389
   15160  373  364  257  338  346  299  454  344  263  322
   15180  349  341  280  234  393  225  230  352  179  325
   15200  379  316  253  301  354  287  402  388  269  308
   15220  266  284  321  271  439  283  269  368  258  263
   15240  210  334  313  383  332  241  215  276  392  231
   15260  195  389  251  474  340  274  250  224  438  292
   15280  211  263  209  436  274  247  278  334  369  287
   15300  305  418  253  300  329  366  385  350  480  376
   15320  290  308  282  277  310  308  323  226  419  362
   15340  234  269  309  382  318  260  317  282  470  329
   15360  354  381  290  440  348  234  304  256  304  300
   15380  207  309  361  248  228  286  297  386  455  329
   15400  361  245  332  220  275  197  376  433  392  407
   15420  318  292  232  316  216  253  360  319  410  430
   15440  307  410  335  253  316  307  280  409  495  362
   15460  245  407  323  266  251  292  324  353  316  295
   15480  322  331  385  248  262  325  343  347  315  332
   15500  346  427  327  340  318  353  398  324  419  346
   15520  389  398  494  228  351  342  326  194  457  401
   15540  541  389  439  292  397  376  311  241  385  429
   15560  359  307  439  294  373  401  379  324  382  439
   15580  381  417  428  380  265  363  370  285  331  468
   15600  303  302  381  402  407  414  368  242  372  469
   15620  295  251  364  245  436  394  280  217  342  352
   15640  234  232  238  236  401  303  255  310  441  299
   15660  132  326  359  263  392  214  300  430  251  400
   15680  242  269  228  323  342  189  235  321  417  339
   15700  403  348  231  228  253  166  249  354  404  283
   15720  417  274  223  334  281  234  393  302  286  346
   15740  385  335  251  282  336  433  415  418  262  340
   15760  474  379  308  286  256  419  451  450  265  406
   15780  480  323  351  366  259  420  449  319  257  408
   15800  294  426  387  388  292  471  427  346  248  381
   15820  206  338  251  402  350  471  351  383  347  306
   15840  189  307  256  379  314  382  394  351  314  312
   15860  183  214  333  356  272  395  380  332  276  260
   15880  221  255  460  361  454  390  452  232  306  347
   15900  253  367  399  314  387  437  397  437  275  373
   15920  277  370  357  374  382  372  347  380  524  517
   15940  227  387  398  348  388  413  321  415  494  367
   15960  209  259  356  413  344  449  320  420  378  313
   15980  252  288  378  407  228  307  413  379  305  261
   16000  161  298  367  371  400  334  397  415  374  340
   16020  149  336  342  351  395  405  470  287  257  293
   16040  257  266  349  423  437  344  482  311  327  406
   16060  222  317  323  322  290  443  368  372  265  362
   16080  161  223  364  415  353  307  414  313  286  373
   16100  235  293  301  451  323  275  520  368  258  291
   16120  281  371  350  341  336  335  483  401  186  313
   16140  335  362  355  415  320  436  319  356  239  241
   16160  371  251  314  341  513  320  310  417  385  242
   16180  343  294  374  414  433  390  300  334  331  251
   16200  355  311  337  338  418  389  327  233  313  201
   16220  328  439  406  358  315  280  289  245  320  165
   16240  413  450  386  374  295  392  362  273  261  188
   16260  351  413  244  374  349  217  457  285  425  162
   16280  370  449  217  274  309  345  443  276  363  118
   16300  409  442  351  449  291  397  445  358  394  248
   16320  458  443  420  438  424  397  445  374  444  395
   16340  335  397  387  446  303  364  417  418  373  326
   16360  325  368  273  363  356  312  450  334  383  344
   16380  320  350  303  453  350  287  482  306  434  423
   16400  257  248  222  364  286  411  369  356  400  433
   16420  271  325  191  420  258  370  421  385  452  370
   16440  306  319  186  353  314  208  332  493  476  267
   16460  286  324  162  425  301  206  354  361  573  293
   16480  238  288  135  371  415  333  294  246  359  332
   16500  348  325  225  339  347  352  328  229  371  293
   16520  332  332  227  332  336  353  337  203  386  467
   16540  225  315  326  509  344  269  568  316  362  388
   16560  203  282  256  433  297  327  343  401  448  454
   16580  345  247  197  511  490  299  336  371  463  337
   16600  358  272  280  400  439  324  375  429  436  386
   16620  324  416  322  419  394  332  311  450  485  300
   16640  345  317  313  414  419  312  274  383  348  274
   16660  337  319  336  570  346  359  306  384  417  272
   16680  360  341  345  413  331  332  243  342  299  304
   16700  270  361  391  294  310  377  218  266  314  342
   16720  364  422  381  364  304  304  254  256  382  358
   16740  241  368  306  244  434  394  241  320  376  291
   16760  382  358  395  334  350  408  354  376  397  328
   16780  383  500  504  333  319  462  329  361  376  343
   16800  371  465  453  277  297  421  243  426  348  301
   16820  345  457  334  402  305  389  177  355  302  227
   16840  335  471  351  385  324  381  231  365  313  288
   16860  377  534  277  355  335  386  307  319  370  409
   16880  400  416  336  457  348  302  428  383  283  338
   16900  382  386  323  353  394  269  348  347  308  442
   16920  371  464  414  236  342  324  367  501  369  358
   16940  453  283  423  271  292  538  395  417  312  338
   16960  311  382  409  237  399  450  400  404  486  439
   16980  377  377  373  237  307  309  441  296  399  338
   17000  337  371  335  356  395  308  479  318  422  319
   17020  320  447  265  433  372  429  351  468  422  365
   17040  337  382  227  441  280  432  362  382  306  435
   17060  189  410  264  378  291  454  470  378  398  347
   17080  255  374  451  241  289  369  499  338  419  387
   17100  418  491  370  210  372  357  432  300  496  329
   17120  260  434  323  226  442  270  497  469  501  351
   17140  434  340  339  207  387  257  383  322  310  328
   17160  413  384  387  299  348  270  258  358  447  388
   17180  329  428  371  377  326  303  302  275  489  459
   17200  307  454  403  254  270  363  287  277  480  306
   17220  349  397  351  336  316  275  316  286  365  301
   17240  367  304  323  341  270  335  272  385  366  268
   17260  313  505  345  305  325  324  294  391  387  315
   17280  311  483  308  286  321  363  365  338  258  227
   17300  307  431  303  306  326  396  334  346  324  281
   17320  401  329  361  389  419  393  252  394  324  358
   17340  326  296  310  396  327  326  229  399  324  279
   17360  369  205  431  377  305  294  308  415  447  299
   17380  222  221  469  321  386  235  277  431  341  271
   17400  257  356  541  422  381  367  249  368  364  358
   17420  252  382  478  277  440  295  222  406  212  371
   17440  272  424  419  384  437  361  297  420  340  339
   17460  306  310  307  387  446  313  393  394  398  418
   17480  260  398  369  266  442  388  439  401  244  339
   17500  195  325  328  324  353  421  399  326  381  396
   17520  194  292  322  313  348  297  359  374  362  504
   17540  238  333  332  328  369  371  387  481  433  434
   17560  379  435  346  314  313  213  299  358  373  386
   17580  346  341  231  357  289  149  197  264  328  351
   17600  301  281  268  444  208  298  204  278  373  373
   17620  222  421  313  402  400  282  329  315  472  319
   17640  288  358  311  334  365  242  415  352  562  316
   17660  283  361  291  296  362  292  451  431  435  304
   17680  431  333  341  218  302  303  289  450  401  298
   17700  402  263  251  272  306  301  288  329  362  320
   17720  303  384  266  267  249  321  327  265  341  363
   17740  328  223  384  428  418  333  365  312  388  322
   17760  271  230  301  479  405  335  416  424  356  352
   17780  247  252  382  319  361  263  255  388  365  253
   17800  332  193  374  331  365  320  282  375  299  296
   17820  447  286  380  273  321  377  217  401  312  356
   17840  368  337  386  329  279  323  295  400  300  397
   17860  399  150  398  304  279  373  355  482  375  430
   17880  280  308  396  344  306  323  373  458  385  447
   17900  175  431  454  394  364  283  528  455  331  538
   17920  277  388  397  414  288  277  257  497  303  464
   17940  284  256  382  376  409  365  179  392  342  468
   17960  311  147  401  312  414  470  208  330  362  555
   17980  385  165  261  380  505  330   79  371  267  351
   18000  523  286  252  329  491  262  160  390  418  307
   18020  576  302  293  265  310  351  202  402  505  303
   18040  344  245  291  371  314  332  227  327  448  355
   18060  322  297  291  430  296  300  289  228  345  303
   18080  272  265  319  343  417  232  372  319  301  297
   18100  285  251  312  407  438  338  283  229  343  242
   18120  462  412  358  351  342  355  429  352  202  327
   18140  405  350  306  315  379  388  351  289  309  240
   18160  319  330  390  324  348  394  408  386  331  269
   18180  359  342  243  280  351  336  315  406  273  286
   18200  251  294  359  369  251  361  293  310  328  279
   18220  362  242  375  342  405  291  262  262  420  211
   18240  338  229  384  264  238  380  375  248  417  302
   18260  394  288  281  256  259  332  364  349  243  251
   18280  274  324  297  325  359  337  301  335  219  217
   18300  285  298  303  336  405  299  246  509  245  268
   18320  196  211  299  303  399  315  312  387  325  250
   18340  321  308  335  248  403  398  304  417  362  304
   18360  321  416  345  262  280  477  318  402  446  236
   18380  257  411  254  405  222  396  408  402  265  229
   18400  314  390  290  308  342  423  277  340  277  369
   18420  259  378  353  302  319  487  233  322  326  423
   18440  277  506  370  360  382  348  217  295  296  447
   18460  282  379  295  275  362  293  262  283  295  351
   18480  198  341  279  201  430  255  254  338  281  292
   18500  221  346  339  344  410  196  293  310  341  296
   18520  263  322  354  285  371  238  297  265  442  344
   18540  298  309  426  312  381  264  294  243  437  438
   18560  236  309  367  326  363  175  360  308  393  321
   18580  349  276  348  263  330  230  463  307  394  250
   18600  402  419  359  230  297  229  396  339  360  294
   18620  346  294  348  245  380  260  402  402  368  443
   18640  270  326  312  334  339  329  315  444  275  399
   18660  362  303  238  347  407  337  305  419  188  444
   18680  360  246  287  300  298  385  292  318  360  358
   18700  379  382  259  381  316  312  365  389  405  312
   18720  382  339  364  422  437  455  280  378  334  275
   18740  280  287  341  349  426  504  423  308  376  222
   18760  394  336  285  326  318  468  301  385  215  335
   18780  289  306  395  448  324  353  372  362  272  269
   18800  277  347  343  355  369  341  429  259  295  295
   18820  245  317  340  375  305  334  470  345  348  324
   18840  246  316  413  424  264  345  304  233  286  317
   18860  308  365  325  402  350  358  266  302  204  289
   18880  357  403  374  527  337  350  355  330  387  308
   18900  296  279  443  381  226  331  325  369  345  340
   18920  350  394  415  317  306  429  480  383  370  313
   18940  257  426  492  349  300  304  472  372  287  344
   18960  314  396  383  357  344  320  434  387  324  378
   18980  359  315  385  338  269  394  464  282  291  354
   19000  289  339  260  369  251  373  360  293  354  408
   19020  343  331  322  297  280  433  333  294  433  344
   19040  295  231  216  374  313  371  331  286  390  393
   19060  357  223  342  290  328  421  224  319  365  333
   19080  353  251  430  453  238  372  263  310  300  367
   19100  359  272  302  312  265  395  219  156  368  398
   19120  291  359  324  399  252  325  327  212  215  394
   19140  325  436  320  432  230  361  402  241  179  302
   19160  296  425  453  305  290  401  391  333  249  356
   19180  451  266  325  437  300  290  359  424  255  471
   19200  376  293  381  345  398  297  340  382  300  396
   19220  256  271  318  483  290  504  237  476  360  286
   19240  272  369  200  328  358  314  219  387  332  364
   19260  314  326  309  418  343  373  207  387  412  385
   19280  459  345  172  380  399  366  234  386  358  376
   19300  370  318  238  435  255  298  338  372  373  319
   19320  384  341  291  360  380  327  322  287  435  313
   19340  240  377  303  283  309  282  433  369  426  389
   19360  277  350  378  247  264  340  371  270  371  332
   19380  312  305  330  285  248  301  397  361  316  375
   19400  346  337  390  333  235  306  372  316  448  330
   19420  312  196  367  387  439  280  370  229  427  352
   19440  229  216  331  427  441  422  373  265  405  394
   19460  326  197  367  418  383  363  480  311  397  427
   19480  384  242  313  306  370  369  492  343  312  389
   19500  334  253  345  266  428  326  362  259  338  390
   19520  401  259  374  374  527  378  320  307  372  364
   19540  352  201  366  450  414  296  389  338  459  335
   19560  398  260  325  496  350  279  341  443  266  428
   19580  363  392  385  391  371  333  327  422  313  355
   19600  409  359  364  373  352  265  428  349  243  325
   19620  407  293  390  299  373  270  388  316  300  282
   19640  447  301  288  308  356  193  395  371  272  278
   19660  440  266  263  324  339  240  450  327  177  320
   19680  436  305  262  396  303  301  276  353  334  321
   19700  302  541  311  331  364  369  318  364  344  227
   19720  290  548  352  328  369  406  386  264  357  456
   19740  379  431  402  369  305  388  369  301  319  359
   19760  270  325  375  323  282  461  332  423  362  446
   19780  372  383  311  346  222  416  279  344  335  424
   19800  353  303  372  319  265  461  364  403  400  336
   19820  391  327  459  364  330  457  344  431  400  281
   19840  323  351  440  387  436  333  307  311  432  211
   19860  314  299  371  294  435  395  322  271  399  315
   19880  311  304  314  303  369  281  306  403  330  400
   19900  381  221  309  372  386  317  445  309  421  507
   19920  361  280  255  344  337  343  367  174  453  298
   19940  425  325  349  258  358  321  516  254  335  264
   19960  435  335  266  326  261  277  348  282  344  263
   19980  468  357  256  261  323  274  397  255  468  259
   20000  432  298  252  141  302  242  276  338  555  266
