      20  918  975 1018 1093 1004  981  893  984  980 1088
      40  933 1222 1018  953  980  993 1085 1001  932  902
      60  989 1124  973  878 1067 1002 1015 1035 1070 1073
      80 1003 1052  828  892 1115 1039  968 1062 1032  898
     100  955 1001  939 1040  935 1012 1060 1065  929 1048
     120  970 1054  855  895  933  988 1034  944  960 1114
     140  930 1005 1016  943 1017 1069  969  986  938  929
     160  966 1093  948  832  957  889 1059  963 1054  963
     180  919  934  951  917  895 1031  886 1027  936  968
     200 1019  951  935 1050 1025  781  850  897  967  861
     220  939  932  937  878  837  930 1047 1032  890  948
     240  896  975  871  893  894  886 1007 1198  869  998
     260  856  869  951  891  913  975  987  962  873  891
     280  883  846  954  866  923  977  821  838  987  934
     300  950  745  885 1064  817  893  934  931  937  949
     320  936  858  990  899  776  916  892  903  868  881
     340  951  902  788  822  873  821  753  853  861  861
     360  864  840  863  971  944  849  983  958  834  899
     380  855  853  731 1011  881  876  998  901  931  943
     400  779  884  719  966  760  978  809  872  931  883
     420  857  719  903  801  875  888  835  934  910  890
     440  829  716  788  862  769  860  853  893  836  938
     460  929  784  790  889  856  817  726  737  964  933
     480  875  861  820  868  869  854  890  717  951  807
     500  897  648  822  867  906  875  822  834  879  797
     520  876  673  846  822  785  735  836  816  825  922
     540  921  746  762  859  820  761  779  829  856  873
     560  792  654  882  750  840  900  787  786  797  832
     580  760  862  862  815  784  813  746  888  849  826
     600  825  863  768  793  802  766  795  895  875  907
     620  757  795  718  822  710  723  718  848  777  864
     640  626  818  786  981  789  821  798  709  807  789
     660  807  916  734  742  804  796  759  739  785  857
     680  774  797  635  766  776  732  767  816  756  757
     700  714  822  727  853  818  639  839  835  781  880
     720  706  867  725  857  732  845  794  945  792  745
     740  703  743  553  774  604  679  758  880  774  821
     760  665  759  887  771  656  688  923  796  726  871
     780  645  842  807  824  605  761  746  759  762  851
     800  788  726  706  715  683  575  783  777  807  858
     820  801  762  589  683  706  669  713  732  689  786
     840  673  944  962  729  620  752  754  848  617  849
     860  747  849  768  925  644  819  813  699  753  928
     880  766  693  759  939  501  872  744  806  651  783
     900  634  742  601  874  603  745  716  793  731  745
     920  669  728  668  835  689  728  640  840  645  763
     940  579  675  781  768  682  887  660  803  554  692
     960  675  725  672  920  595  959  738  688  524  788
     980  701  648  756  764  592  844  673  774  628  722
    1000  696  672  593  744  655  775  729  681  653  625
    1020  657  527  661  751  721  682  822  693  605  733
    1040  597  701  644  885  611  754  760  703  760  617
    1060  614  690  603  769  564  781  567  724  704  699
    1080  576  770  579  654  738  656  771  717  718  652
    1100  448  682  690  636  810  617  708  766  629  656
    1120  655  747  663  751  721  693  739  539  627  555
    1140  595  747  514  714  651  722  837  544  600  686
    1160  556  595  561  714  486  769  768  630  510  582
    1180  597  778  510  601  538  519  626  641  530  602
    1200  791  688  519  753  571  557  835  638  594  605
    1220  638  767  497  702  640  637  692  557  571  678
    1240  545  622  448  671  585  664  708  639  537  517
    1260  550  666  458  668  458  641  595  618  522  579
    1280  561  589  577  717  432  622  655  572  499  606
    1300  586  617  530  765  543  687  604  617  676  645
    1320  576  654  540  710  520  751  586  609  672  525
    1340  688  699  472  747  456  687  617  591  719  496
    1360  578  580  478  839  491  543  582  533  704  564
    1380  576  650  646  745  584  739  541  589  714  702
    1400  680  717  658  778  647  564  471  593  570  693
    1420  648  633  558  716  682  696  558  521  437  535
    1440  457  642  472  642  685  689  596  577  701  516
    1460  461  761  528  648  517  690  540  648  607  482
    1480  552  684  686  763  576  723  551  554  633  497
    1500  546  708  601  749  594  594  622  576  763  513
    1520  522  589  590  735  656  698  761  611  738  433
    1540  511  505  595  700  565  631  564  574  839  524
    1560  649  590  505  602  587  758  620  537  672  490
    1580  514  649  627  666  693  518  620  620  683  504
    1600  623  588  620  626  579  634  657  673  555  507
    1620  483  569  653  670  545  640  604  633  697  461
    1640  457  651  559  639  555  567  583  499  669  504
    1660  550  558  483  611  702  683  589  557  680  512
    1680  521  624  525  673  699  769  560  512  680  509
    1700  574  655  619  588  604  717  541  652  594  571
    1720  660  565  573  643  624  621  560  517  707  507
    1740  485  551  622  727  611  693  507  579  617  625
    1760  485  501  649  624  529  831  484  683  671  525
    1780  468  543  598  750  592  694  442  523  617  500
    1800  437  528  749  739  640  707  472  590  478  551
    1820  397  429  608  680  597  584  536  598  549  561
    1840  426  496  568  559  482  620  498  521  559  658
    1860  524  467  628  621  508  641  539  525  632  648
    1880  681  481  606  668  488  694  499  500  586  627
    1900  525  606  481  651  562  572  485  528  682  624
    1920  497  575  499  593  625  679  488  411  552  597
    1940  496  495  477  510  652  725  500  495  668  597
    1960  524  582  598  591  517  789  514  518  722  494
    1980  554  691  648  664  611  752  472  437  591  433
    2000  440  492  605  615  668  720  488  623  619  437
    2020  431  651  621  610  502  679  405  566  591  462
    2040  553  441  696  502  318  758  414  496  545  555
    2060  465  434  641  647  327  770  314  642  749  409
    2080  550  447  598  589  422  674  420  613  772  325
    2100  580  489  525  708  512  633  431  473  723  482
    2120  519  593  530  658  500  743  459  438  621  451
    2140  561  563  546  671  463  645  447  521  644  507
    2160  475  656  602  510  487  623  539  487  613  415
    2180  584  600  571  692  403  865  534  577  655  538
    2200  635  626  471  650  538  542  498  590  703  461
    2220  621  571  401  596  497  634  585  536  675  484
    2240  455  582  496  694  405  550  452  519  660  504
    2260  397  512  502  662  517  736  428  505  544  495
    2280  376  317  461  535  465  706  416  491  534  486
    2300  468  436  498  608  550  678  393  572  423  445
    2320  427  450  391  529  612  538  428  495  520  552
    2340  306  563  436  479  532  649  363  616  415  470
    2360  354  566  386  568  633  644  281  649  362  511
    2380  280  602  451  621  545  630  290  626  394  475
    2400  336  510  439  680  592  506  442  526  570  536
    2420  486  330  518  740  643  626  596  706  603  492
    2440  504  466  353  678  562  587  487  511  553  460
    2460  445  463  333  568  538  575  472  551  583  495
    2480  420  527  410  687  614  675  408  546  635  479
    2500  411  557  602  648  606  599  466  526  431  490
    2520  416  518  548  497  624  657  485  519  512  532
    2540  301  603  399  505  644  605  618  479  411  611
    2560  338  596  509  606  717  629  621  505  456  686
    2580  384  398  350  594  652  586  607  568  500  595
    2600  418  483  413  653  650  671  505  486  527  478
    2620  374  485  500  724  586  527  612  369  498  499
    2640  479  385  407  581  536  602  583  376  688  504
    2660  357  358  451  628  556  672  670  444  491  477
    2680  448  471  486  690  642  541  653  455  364  414
    2700  507  540  458  704  690  396  653  399  441  413
    2720  541  501  411  654  562  499  627  385  350  454
    2740  569  550  408  591  624  523  615  620  436  485
    2760  460  437  331  652  606  426  734  682  381  603
    2780  450  466  413  658  559  397  546  483  329  605
    2800  567  706  455  611  447  375  548  504  380  554
    2820  546  570  466  695  597  425  512  562  377  411
    2840  437  479  454  666  543  446  605  529  369  507
    2860  475  424  476  720  565  330  560  565  237  717
    2880  524  588  477  544  527  424  600  565  241  515
    2900  402  525  536  557  520  329  678  668  241  480
    2920  331  456  662  763  484  250  557  613  256  619
    2940  588  556  458  528  592  436  477  678  228  661
    2960  600  504  512  565  569  568  507  555  142  752
    2980  582  611  388  534  472  574  492  639  146  633
    3000  625  587  559  633  410  553  500  573  125  819
    3020  563  600  474  521  531  666  564  554   88  865
    3040  634  577  529  502  542  529  447  520   90  731
    3060  588  559  557  485  625  605  547  501  164  671
    3080  869  623  597  541  596  747  511  637  115  722
    3100  712  568  460  678  529  665  528  746  161  728
    3120  617  560  453  641  559  695  536  650  231  723
    3140  709  607  646  673  658  596  503  680  197  629
    3160  571  543  505  628  605  745  444  580  177  620
    3180  577  471  590  636  587  651  478  591  137  527
    3200  582  581  491  607  495  690  417  509  264  682
    3220  632  443  352  532  451  687  435  549  358  813
    3240  647  500  506  637  568  639  422  405  348  811
    3260  728  509  477  603  447  638  428  412  259  747
    3280  640  560  602  707  378  382  414  587  280  689
    3300  689  635  620  595  411  556  357  553  362  665
    3320  604  646  635  551  385  604  494  501  312  675
    3340  527  548  544  588  499  676  539  599  424  755
    3360  685  527  545  520  538  571  418  770  422  561
    3380  509  588  524  599  576  653  430  477  520  682
    3400  565  617  494  601  575  547  525  556  426  684
    3420  553  594  553  682  470  675  478  549  405  695
    3440  533  532  546  628  566  775  357  593  465  701
    3460  431  454  519  704  601  625  484  599  443  793
    3480  398  515  522  685  535  602  446  543  420  794
    3500  296  542  729  446  454  586  498  693  438  773
    3520  391  502  602  590  512  656  485  606  473  716
    3540  382  470  540  547  433  621  403  649  480  614
    3560  582  427  584  547  523  549  522  562  463  584
    3580  524  571  573  284  503  637  485  623  406  598
    3600  532  693  601  419  552  582  528  447  421  568
    3620  489  514  654  359  537  457  374  548  549  561
    3640  528  462  481  445  542  495  498  469  526  667
    3660  339  530  491  581  619  540  502  571  486  597
    3680  367  542  440  607  510  672  563  403  479  573
    3700  361  760  418  606  575  405  583  385  476  599
    3720  419  522  436  515  540  501  437  435  455  499
    3740  545  658  505  552  531  464  548  486  517  612
    3760  404  630  484  607  560  499  558  503  622  506
    3780  305  668  343  712  535  472  550  353  610  614
    3800  299  602  407  633  638  470  681  252  546  590
    3820  273  598  346  711  651  582  586  270  486  640
    3840  282  575  465  657  741  554  671  299  537  435
    3860  304  568  485  604  649  451  765  375  666  627
    3880  311  487  471  644  473  480  615  611  518  555
    3900  290  675  411  535  579  498  556  503  486  539
    3920  424  438  519  526  660  503  638  534  606  579
    3940  326  411  395  487  564  538  587  542  749  628
    3960  227  526  400  667  617  599  542  670  681  648
    3980  377  558  330  575  508  530  731  598  629  630
    4000  344  527  374  573  520  440  629  571  647  592
    4020  288  540  408  567  434  453  584  584  794  670
    4040  333  521  456  599  461  396  582  548  627  598
    4060  501  476  440  514  503  600  727  493  638  611
    4080  430  393  566  496  611  493  767  561  671  605
    4100  505  486  568  557  661  645  697  642  570  533
    4120  508  480  538  408  665  648  561  568  484  464
    4140  547  528  570  535  557  564  615  607  664  646
    4160  485  674  567  596  457  534  547  506  501  728
    4180  440  685  575  658  560  655  594  509  516  687
    4200  589  487  432  556  523  643  585  599  430  622
    4220  557  523  412  429  582  544  597  684  543  566
    4240  573  453  380  569  668  652  517  630  419  548
    4260  514  470  328  517  757  639  643  647  352  475
    4280  499  517  395  558  560  556  655  677  524  593
    4300  442  437  352  514  512  487  609  672  387  637
    4320  480  587  431  590  709  520  662  648  469  623
    4340  496  628  401  533  714  599  678  850  409  521
    4360  495  561  439  519  709  632  639  749  383  568
    4380  527  601  441  377  586  561  711  731  453  411
    4400  534  561  656  419  606  472  674  621  407  536
    4420  478  717  611  535  729  631  637  744  503  530
    4440  566  590  659  486  519  601  727  615  663  588
    4460  687  623  538  574  525  591  691  831  567  539
    4480  610  530  599  495  602  643  683  678  663  418
    4500  576  459  496  659  628  635  722  732  533  404
    4520  477  659  481  623  632  560  574  571  546  466
    4540  637  587  676  623  568  503  695  689  396  570
    4560  751  636  637  648  690  459  683  698  372  649
    4580  505  525  579  509  607  559  659  642  400  458
    4600  555  621  568  787  582  526  667  517  501  506
    4620  546  589  553  740  764  530  648  670  515  485
    4640  602  637  471  693  596  553  680  527  483  522
    4660  575  443  423  689  552  372  547  541  540  754
    4680  661  452  553  628  623  414  733  508  634  674
    4700  724  475  611  617  801  427  630  575  643  734
    4720  644  434  631  590  694  433  732  592  561  593
    4740  628  475  630  640  682  592  690  534  598  495
    4760  645  509  735  509  606  678  635  460  588  485
    4780  714  579  625  641  537  476  547  696  532  478
    4800  611  589  663  575  481  499  528  575  504  493
    4820  734  609  453  584  392  534  597  648  649  546
    4840  697  690  547  628  471  516  595  552  492  451
    4860  618  543  575  630  511  462  617  670  575  509
    4880  549  655  585  604  380  544  868  627  603  568
    4900  618  411  624  692  470  514  553  589  568  627
    4920  713  402  528  535  347  539  577  631  628  553
    4940  811  390  512  633  346  420  544  416  666  620
    4960  689  466  573  634  397  580  526  526  529  587
    4980  680  459  462  656  572  616  629  420  541  625
    5000  721  602  582  657  540  556  677  568  541  633
    5020  706  517  445  528  376  596  508  682  664  584
    5040  690  566  540  617  404  511  580  664  550  517
    5060  651  527  499  760  541  377  654  704  578  673
    5080  646  539  486  734  588  491  558  641  551  500
    5100  682  499  320  742  591  599  524  731  472  693
    5120  665  536  453  756  690  638  559  687  598  617
    5140  605  513  509  833  612  581  625  573  623  693
    5160  687  516  707  766  644  414  559  628  593  760
    5180  737  417  583  752  451  551  552  587  526  635
    5200  588  426  628  712  510  442  494  571  511  727
    5220  720  520  677  665  428  450  519  480  481  539
    5240  682  583  541  675  405  451  539  592  434  477
    5260  431  731  491  741  413  426  634  544  542  423
    5280  538  804  689  594  415  526  578  526  577  691
    5300  533  629  660  626  371  460  516  565  613  537
    5320  491  646  656  541  424  505  467  508  590  499
    5340  538  708  692  659  484  512  503  593  666  646
    5360  517  698  577  664  472  525  470  680  631  470
    5380  470  582  649  624  433  549  441  502  475  566
    5400  508  586  559  675  430  647  561  447  411  647
    5420  499  623  536  710  470  637  460  566  449  720
    5440  577  586  440  736  454  676  429  439  527  640
    5460  620  477  504  634  447  792  355  501  485  534
    5480  511  594  678  546  575  657  321  616  673  612
    5500  581  425  640  542  437  742  505  687  678  657
    5520  633  526  575  711  490  580  462  513  597  581
    5540  609  573  666  518  532  618  340  596  563  506
    5560  590  511  597  524  516  530  492  637  493  620
    5580  480  617  637  480  535  595  398  583  574  593
    5600  541  558  659  587  506  642  377  697  548  544
    5620  408  578  652  545  439  434  479  748  442  591
    5640  510  714  662  549  392  438  444  614  538  435
    5660  574  647  653  565  428  565  437  618  611  570
    5680  695  486  518  614  495  574  512  640  573  517
    5700  619  569  566  670  446  574  377  552  638  609
    5720  632  602  618  594  561  539  459  542  637  564
    5740  645  552  662  742  402  531  666  465  580  587
    5760  591  494  597  674  437  571  617  635  615  598
    5780  450  724  583  672  479  612  448  705  631  630
    5800  491  675  563  594  442  603  495  686  523  606
    5820  498  600  480  619  424  657  564  620  566  544
    5840  533  568  499  496  423  546  439  642  640  608
    5860  455  655  474  389  387  580  600  574  525  657
    5880  400  575  407  549  350  577  447  638  586  555
    5900  486  501  472  580  360  549  515  700  693  629
    5920  505  521  515  565  437  529  565  719  615  572
    5940  545  573  576  463  453  589  584  777  721  585
    5960  585  533  466  521  588  616  531  675  612  533
    5980  542  507  435  662  529  511  586  737  613  520
    6000  451  455  368  590  500  470  469  777  609  558
    6020  563  527  403  606  637  422  569  745  690  526
    6040  537  586  517  601  554  389  503  815  664  493
    6060  549  613  537  576  580  456  428  631  737  533
    6080  702  593  464  534  457  542  457  605  665  544
    6100  603  508  540  591  363  362  535  628  697  592
    6120  583  455  585  524  348  411  658  635  789  502
    6140  527  644  610  629  490  476  732  576  720  692
    6160  555  532  602  681  598  364  667  643  586  699
    6180  462  742  563  660  493  370  638  717  549  607
    6200  517  529  624  397  536  343  643  696  664  734
    6220  497  504  576  411  704  435  755  689  657  556
    6240  503  502  620  507  731  427  580  583  598  656
    6260  516  702  543  561  741  492  487  583  694  670
    6280  477  597  543  488  496  519  635  547  746  596
    6300  554  608  636  454  541  450  601  668  626  698
    6320  556  645  640  653  750  522  613  659  662  675
    6340  537  681  533  619  783  468  681  763  736  562
    6360  520  658  642  700  741  643  776  733  550  566
    6380  618  608  737  655  621  509  643  717  553  601
    6400  613  575  772  730  676  634  680  833  609  459
    6420  564  554  633  734  728  722  620  633  692  528
    6440  541  551  618  697  600  611  679  694  698  586
    6460  591  503  676  683  549  581  834  658  575  575
    6480  605  446  633  657  590  526  634  699  541  636
    6500  447  425  559  549  726  670  650  616  729  650
    6520  648  363  604  541  554  679  662  726  704  466
    6540  670  476  588  569  603  596  685  650  722  531
    6560  568  506  783  467  548  625  710  716  645  625
    6580  505  451  697  581  512  570  657  693  769  378
    6600  621  539  598  644  556  638  614  669  660  421
    6620  609  533  619  628  653  510  654  616  548  540
    6640  605  627  681  631  561  538  751  684  683  613
    6660  589  475  668  650  486  580  683  635  547  613
    6680  467  560  655  470  455  563  660  694  455  508
    6700  469  669  587  623  489  710  678  589  611  531
    6720  370  722  623  566  385  536  525  508  512  540
    6740  464  568  564  640  373  578  626  654  545  468
    6760  541  537  595  675  444  592  617  606  544  528
    6780  485  611  489  794  502  598  758  590  566  511
    6800  439  598  483  747  436  607  684  586  655  473
    6820  571  559  546  533  502  594  566  489  674  483
    6840  623  682  675  529  488  739  661  605  676  558
    6860  617  508  768  568  465  616  593  636  863  468
    6880  711  638  645  493  517  668  701  478  757  503
    6900  642  488  714  630  516  748  755  457  741  543
    6920  513  517  659  694  473  638  571  610  614  614
    6940  508  533  592  638  434  552  684  681  683  592
    6960  523  629  578  595  516  606  576  611  778  605
    6980  646  612  509  565  434  557  767  718  627  693
    7000  675  591  506  576  479  648  640  688  661  508
    7020  670  756  597  551  560  643  572  676  697  527
    7040  460  775  650  454  673  625  538  571  719  627
    7060  480  746  562  540  361  565  591  576  740  594
    7080  539  762  579  639  377  561  529  644  632  596
    7100  715  740  609  541  406  626  450  485  631  498
    7120  622  680  556  639  337  405  452  487  572  478
    7140  600  643  630  703  361  628  565  573  513  532
    7160  618  736  627  550  351  546  502  575  677  454
    7180  632  617  616  697  463  624  503  685  632  471
    7200  640  539  587  512  463  567  472  676  609  459
    7220  571  659  657  508  553  569  485  642  609  619
    7240  516  606  633  617  419  487  558  578  548  571
    7260  562  610  589  703  447  627  590  596  648  492
    7280  613  688  734  668  450  673  646  639  673  467
    7300  656  550  586  587  479  662  605  643  683  449
    7320  606  591  537  601  501  634  531  773  535  383
    7340  587  621  631  682  591  831  454  692  614  439
    7360  569  816  524  487  622  598  411  613  523  459
    7380  467  784  487  536  605  697  554  582  620  549
    7400  457  825  529  501  587  576  421  623  586  662
    7420  396  769  468  511  648  671  534  665  659  709
    7440  303  706  499  583  472  604  584  658  694  549
    7460  395  598  522  667  468  563  646  678  553  561
    7480  363  604  530  710  613  578  647  626  550  556
    7500  369  703  472  629  614  567  629  520  574  639
    7520  449  732  519  517  573  490  584  562  442  573
    7540  577  653  527  521  559  572  547  543  589  608
    7560  507  636  544  423  659  508  702  550  538  617
    7580  525  684  443  449  475  484  574  504  749  373
    7600  658  648  364  515  635  583  616  492  638  571
    7620  560  667  397  653  630  506  615  612  616  534
    7640  620  537  533  486  569  483  629  701  659  529
    7660  518  741  468  555  555  549  537  570  707  459
    7680  549  745  547  465  623  495  458  595  585  468
    7700  538  708  569  552  669  476  546  483  540  529
    7720  561  667  613  633  543  636  533  534  448  585
    7740  588  697  364  546  585  606  569  409  446  586
    7760  538  697  443  566  526  526  585  535  519  466
    7780  445  780  408  635  588  531  712  511  534  508
    7800  506  750  295  597  616  720  636  473  552  589
    7820  520  506  336  606  534  563  608  631  419  555
    7840  536  540  565  657  595  396  609  613  432  502
    7860  530  729  619  602  618  435  674  428  455  558
    7880  589  514  521  545  607  492  649  650  476  614
    7900  569  665  450  682  495  449  510  571  514  653
    7920  368  502  593  565  708  416  772  502  636  478
    7940  382  512  557  603  671  529  746  513  559  397
    7960  445  515  376  692  592  399  700  639  669  537
    7980  481  485  474  625  632  486  740  585  506  491
    8000  516  466  494  538  599  388  716  566  601  565
    8020  424  654  534  494  689  431  652  722  618  584
    8040  394  565  518  613  611  376  499  618  535  623
    8060  337  617  443  558  558  443  633  641  562  616
    8080  573  652  447  601  644  542  544  592  571  581
    8100  522  634  421  683  627  550  633  654  604  607
    8120  603  537  465  661  667  649  622  665  435  590
    8140  601  682  541  591  703  563  548  428  574  497
    8160  539  627  573  568  767  539  665  551  577  607
    8180  614  553  476  618  665  471  633  458  630  658
    8200  704  529  518  586  595  556  670  431  479  524
    8220  626  684  412  581  603  635  537  433  587  612
    8240  559  687  502  514  774  592  623  504  661  717
    8260  557  570  587  511  606  481  617  464  795  626
    8280  636  588  471  560  719  601  480  505  679  557
    8300  541  591  377  490  711  552  618  456  711  511
    8320  711  577  457  442  623  457  480  473  650  632
    8340  689  505  431  407  662  566  488  441  656  550
    8360  770  439  401  628  665  485  523  603  629  451
    8380  629  541  461  587  756  456  523  511  459  521
    8400  728  484  469  558  633  511  502  438  577  520
    8420  669  456  440  590  633  366  592  610  652  635
    8440  508  475  453  359  645  486  462  618  608  567
    8460  649  410  352  450  624  577  561  508  597  655
    8480  515  420  345  568  629  590  558  565  665  585
    8500  618  489  280  566  762  630  586  524  571  487
    8520  609  504  282  548  572  583  683  544  583  506
    8540  707  674  236  615  404  671  639  631  517  544
    8560  612  585  248  542  507  506  676  625  558  496
    8580  735  526  230  679  573  473  759  643  563  643
    8600  708  621  182  594  663  684  608  487  428  638
    8620  639  707  352  549  575  466  632  557  473  498
    8640  623  685  447  464  597  540  506  677  433  519
    8660  720  605  345  527  703  603  484  632  428  531
    8680  560  536  474  527  635  657  475  655  499  462
    8700  668  634  493  583  636  496  602  510  508  537
    8720  611  574  450  515  640  522  606  533  474  414
    8740  784  619  438  559  641  523  564  456  540  478
    8760  578  530  442  540  585  546  661  586  639  526
    8780  627  625  481  534  580  682  659  712  516  537
    8800  570  693  458  589  529  584  664  631  616  552
    8820  626  611  387  660  632  541  551  641  628  487
    8840  758  626  367  628  615  585  597  579  600  623
    8860  701  582  380  664  683  476  614  486  599  684
    8880  717  635  572  556  496  451  583  418  633  523
    8900  746  632  441  563  501  505  528  498  649  512
    8920  711  602  516  639  513  443  656  480  601  560
    8940  772  652  564  475  654  545  485  520  682  537
    8960  693  494  442  468  599  466  572  398  651  444
    8980  848  647  446  506  627  527  610  514  535  495
    9000  724  555  587  445  549  548  552  385  575  517
    9020  678  476  563  361  562  484  578  274  691  403
    9040  624  755  533  349  558  584  575  448  639  472
    9060  586  690  578  502  642  533  469  542  551  348
    9080  573  571  484  580  768  461  418  477  510  323
    9100  608  639  462  543  718  580  408  450  466  361
    9120  767  536  616  381  785  535  503  628  481  319
    9140  551  574  554  455  698  499  537  618  469  442
    9160  546  695  484  485  544  605  597  631  553  423
    9180  571  606  518  493  559  662  612  524  498  348
    9200  557  669  530  566  684  534  556  500  532  343
    9220  544  614  598  609  717  575  535  457  539  428
    9240  604  694  502  569  702  498  553  382  622  315
    9260  598  638  573  524  483  612  405  628  542  329
    9280  646  770  545  524  606  545  515  553  578  431
    9300  647  664  676  568  468  497  504  603  622  354
    9320  531  693  466  575  461  477  563  537  596  289
    9340  504  751  452  461  504  402  604  466  638  236
    9360  632  660  438  403  638  568  644  468  681  185
    9380  521  644  477  555  580  539  595  547  553  200
    9400  522  660  500  495  537  475  515  516  560  116
    9420  602  620  426  643  486  509  527  463  470   86
    9440  757  626  386  603  555  526  513  431  509   81
    9460  577  653  472  761  521  507  655  477  452  113
    9480  593  735  580  631  572  471  582  473  591  188
    9500  589  569  461  730  534  551  493  460  478  295
    9520  558  619  566  781  506  511  418  491  469  255
    9540  608  590  495  678  515  559  528  382  413  240
    9560  625  766  452  681  541  502  520  436  519  261
    9580  595  719  417  776  570  531  516  357  574  276
    9600  480  592  358  686  616  640  412  382  631  286
    9620  523  489  487  769  566  563  495  411  561  373
    9640  590  516  528  841  473  569  454  497  525  396
    9660  608  709  494  680  525  564  508  412  472  494
    9680  532  747  576  655  602  434  480  407  536  551
    9700  696  623  534  635  504  389  519  429  707  480
    9720  513  632  532  629  596  495  460  462  573  513
    9740  465  697  681  649  623  481  521  381  549  395
    9760  487  662  536  611  526  579  466  313  495  361
    9780  441  524  672  473  625  429  512  252  636  448
    9800  358  535  649  540  673  449  482  308  405  463
    9820  547  589  606  597  626  401  531  447  454  489
    9840  498  581  683  598  661  489  453  316  553  501
    9860  409  585  651  612  596  519  507  334  423  432
    9880  327  493  614  528  622  483  545  341  382  421
    9900  447  511  609  505  620  389  517  246  330  407
    9920  338  667  518  550  627  497  492  410  541  478
    9940  400  595  548  440  616  541  580  526  577  292
    9960  294  496  530  485  599  492  571  548  532  350
    9980  299  522  584  476  674  544  466  593  405  357
   10000  238  508  686  619  528  545  517  618  506  343
   10020  250  565  691  504  445  469  738  696  577  492
   10040  421  519  442  373  626  383  682  638  640  437
   10060  371  572  484  507  636  454  698  596  690  468
   10080  278  573  524  601  518  450  657  757  444  438
   10100  268  448  528  648  528  381  709  708  291  375
   10120  280  518  545  487  321  330  585  641  370  434
   10140  153  445  471  476  481  420  569  702  430  439
   10160  200  478  439  466  379  462  602  560  456  507
   10180  230  352  446  551  436  438  577  640  493  562
   10200  204  551  567  543  444  535  598  666  505  504
   10220  256  526  554  618  517  432  636  612  605  581
   10240  270  582  563  506  551  447  637  686  640  506
   10260  224  566  711  598  391  542  610  654  538  523
   10280  223  618  672  642  447  483  572  630  599  416
   10300  185  475  658  623  443  571  503  569  478  446
   10320  136  439  674  666  501  568  579  614  549  540
   10340  102  446  560  693  614  468  510  721  580  532
   10360   79  510  501  652  511  541  560  589  508  536
   10380  136  566  530  561  543  536  675  520  538  768
   10400  205  472  595  588  572  530  527  567  528  795
   10420  225  460  447  601  540  523  657  705  507  658
   10440  260  630  455  620  537  654  664  604  548  646
   10460  221  587  554  650  476  634  638  648  486  526
   10480  197  605  433  653  436  567  503  632  461  592
   10500  368  581  499  617  538  527  490  682  479  589
   10520  298  481  484  609  493  519  562  613  549  638
   10540  341  582  544  590  707  549  496  790  564  601
   10560  299  464  556  484  527  537  584  731  490  636
   10580  300  508  631  614  606  519  525  748  498  697
   10600  267  565  554  641  446  591  580  692  526  721
   10620  183  640  574  625  540  737  622  684  530  631
   10640  224  604  590  572  579  620  726  688  487  771
   10660  202  603  625  618  527  626  540  685  455  626
   10680  182  525  528  577  561  661  602  587  403  573
   10700  257  651  625  452  517  603  625  559  612  562
   10720  194  702  523  504  486  679  625  861  456  576
   10740  248  651  445  555  560  704  562  650  405  637
   10760  132  631  571  566  569  672  559  785  430  582
   10780  188  740  636  567  593  611  544  753  370  697
   10800  180  625  520  568  567  671  528  670  457  655
   10820  141  714  418  754  648  643  634  709  443  563
   10840  112  733  459  648  459  619  584  700  413  706
   10860   73  710  475  564  590  701  506  586  362  612
   10880  154  633  573  627  509  654  501  739  325  646
   10900  274  620  585  655  556  583  614  717  335  644
   10920  271  554  452  688  576  688  586  543  441  758
   10940  358  597  604  674  570  694  533  560  541  584
   10960  324  541  647  678  579  776  593  600  488  629
   10980  311  613  701  751  698  671  575  752  330  658
   11000  391  707  669  586  663  625  508  660  355  619
   11020  450  694  653  663  528  542  633  577  456  560
   11040  370  667  629  668  512  514  544  617  450  548
   11060  385  707  574  609  623  647  595  677  287  627
   11080  353  613  515  490  708  667  624  656  367  604
   11100  468  604  635  606  573  568  449  653  372  650
   11120  547  535  541  619  475  755  474  585  426  430
   11140  584  699  573  624  470  700  571  647  448  550
   11160  558  704  713  644  641  709  437  575  311  688
   11180  626  758  575  628  600  606  404  591  473  620
   11200  603  723  465  629  652  674  366  552  475  625
   11220  576  566  571  724  572  746  387  439  470  538
   11240  507  772  548  626  494  670  512  603  487  616
   11260  455  839  493  601  489  700  515  588  458  485
   11280  459  864  616  577  496  549  360  578  435  560
   11300  575  630  476  547  567  497  398  596  484  537
   11320  655  601  438  543  504  604  331  580  504  613
   11340  513  559  675  604  520  642  206  649  593  547
   11360  733  568  585  637  461  671  277  597  593  488
   11380  608  509  529  491  442  625  374  499  590  454
   11400  624  587  500  517  479  622  304  583  527  525
   11420  705  501  535  392  593  703  310  553  526  525
   11440  797  523  634  603  616  540  343  536  586  509
   11460  665  450  558  548  549  576  435  594  572  613
   11480  701  534  491  514  523  434  407  541  542  597
   11500  636  492  543  577  622  428  395  567  616  542
   11520  653  693  399  419  588  570  358  586  583  510
   11540  686  551  375  607  701  737  456  701  465  603
   11560  636  584  464  562  487  649  430  547  594  683
   11580  702  580  439  511  467  696  374  643  535  593
   11600  654  499  475  508  697  724  441  647  519  694
   11620  649  440  640  564  566  708  433  706  628  689
   11640  597  449  609  590  620  703  321  656  618  675
   11660  632  596  619  504  599  686  313  501  511  645
   11680  606  740  640  528  587  710  404  557  538  667
   11700  612  691  552  580  646  841  456  463  570  568
   11720  476  616  621  491  674  717  420  593  574  625
   11740  593  630  556  556  600  586  475  593  520  658
   11760  539  571  447  524  624  574  586  650  391  617
   11780  587  511  406  557  566  759  513  686  443  657
   11800  768  535  430  453  603  655  587  500  502  582
   11820  653  602  442  551  577  629  551  337  385  532
   11840  639  496  489  689  564  453  643  514  361  481
   11860  706  492  419  696  479  642  644  451  379  558
   11880  666  569  574  672  588  551  629  431  502  569
   11900  510  566  449  719  637  471  554  467  455  745
   11920  509  619  499  572  538  647  530  603  479  721
   11940  628  396  532  634  562  537  487  688  474  508
   11960  574  437  483  563  607  619  637  664  482  748
   11980  697  384  458  573  557  684  570  554  409  609
   12000  625  323  492  460  617  665  497  452  451  680
   12020  588  398  502  614  614  738  482  542  398  596
   12040  695  570  625  622  670  769  624  557  502  594
   12060  660  429  622  705  768  662  550  569  472  599
   12080  625  503  498  703  621  733  660  550  386  498
   12100  518  421  541  616  591  604  435  540  539  471
   12120  509  492  573  779  592  674  412  565  564  435
   12140  587  463  611  678  565  525  441  548  465  527
   12160  461  484  624  470  680  500  548  683  453  497
   12180  557  637  585  469  706  550  427  661  554  590
   12200  512  581  514  530  576  655  571  718  462  563
   12220  742  567  640  419  693  573  563  561  590  547
   12240  684  503  680  566  635  726  614  514  433  550
   12260  691  387  577  748  573  546  483  557  473  483
   12280  560  525  603  880  647  548  563  570  594  482
   12300  689  475  420  670  603  664  555  616  558  505
   12320  571  425  551  643  700  551  702  534  549  629
   12340  658  474  655  685  783  671  646  573  491  602
   12360  631  472  605  671  629  454  694  566  423  551
   12380  747  430  522  668  624  565  555  706  516  571
   12400  740  516  566  642  612  593  565  521  392  633
   12420  664  454  577  495  708  499  670  426  514  510
   12440  531  623  444  458  677  579  625  384  531  577
   12460  613  554  550  521  724  441  644  512  490  541
   12480  702  481  545  583  618  515  601  562  513  552
   12500  593  504  502  619  620  510  602  542  550  522
   12520  567  508  646  472  671  579  518  445  652  569
   12540  603  390  656  465  585  509  541  420  668  579
   12560  659  304  654  514  625  456  511  325  615  565
   12580  535  504  612  565  536  491  498  391  628  638
   12600  543  452  570  523  620  503  585  467  582  581
   12620  542  628  552  517  519  480  595  482  489  592
   12640  521  503  533  417  511  430  589  445  535  506
   12660  538  446  638  503  511  473  563  380  496  561
   12680  620  514  639  480  493  388  704  332  653  588
   12700  525  544  728  561  559  473  658  373  460  559
   12720  591  528  686  404  591  496  519  401  477  535
   12740  572  429  677  379  524  576  581  418  639  675
   12760  572  513  641  356  532  594  644  635  636  620
   12780  584  549  507  278  540  531  558  666  650  587
   12800  478  562  666  308  591  503  540  478  694  565
   12820  505  496  734  356  513  595  597  497  657  627
   12840  372  599  619  339  586  685  633  485  619  627
   12860  404  505  579  491  582  614  502  499  818  679
   12880  479  611  626  327  480  652  516  604  694  684
   12900  464  648  666  303  510  677  614  608  711  629
   12920  461  577  567  360  447  545  641  538  719  598
   12940  590  551  617  276  577  629  661  480  683  570
   12960  517  592  635  310  602  686  604  562  671  592
   12980  761  535  765  387  543  619  395  560  668  756
   13000  601  623  562  305  611  570  431  569  683  733
   13020  482  484  577  199  709  645  608  445  692  641
   13040  537  533  596  216  619  662  577  545  734  631
   13060  597  660  391  181  560  581  444  564  664  565
   13080  606  605  381  154  626  582  647  683  539  591
   13100  529  690  469  183  537  605  588  633  551  662
   13120  564  549  563  112  513  695  595  646  628  562
   13140  566  572  489   96  447  645  570  691  665  613
   13160  532  605  491  132  495  574  514  576  641  628
   13180  666  628  452   51  480  613  508  510  661  589
   13200  604  726  588   18  623  549  509  597  574  623
   13220  555  622  652   23  576  623  430  684  600  623
   13240  541  619  542    0  483  672  437  636  633  648
   13260  608  594  519    0  626  639  406  608  623  542
   13280  598  454  472   18  664  569  519  660  558  547
   13300  532  441  418   36  627  585  594  564  536  702
   13320  603  455  589   14  698  638  455  569  568  666
   13340  525  518  506    4  598  578  349  696  627  674
   13360  673  530  624    2  527  572  330  544  619  716
   13380  568  578  476   38  616  538  426  659  473  694
   13400  512  430  626   84  672  527  421  568  576  661
   13420  571  550  589   43  784  491  548  562  515  571
   13440  686  579  512   25  638  671  530  506  612  566
   13460  589  465  595    7  585  616  549  505  681  547
   13480  739  587  599    3  542  582  541  552  528  675
   13500  645  613  919   15  598  542  394  548  543  652
   13520  519  618  731   13  509  545  482  512  464  620
   13540  656  660  683   21  451  470  483  490  695  601
   13560  719  542  613    9  450  493  551  565  559  621
   13580  668  542  592    0  406  498  509  666  455  659
   13600  735  541  492   23  423  497  405  590  527  691
   13620  657  617  696    6  388  423  412  585  500  524
   13640  542  552  692    2  417  442  426  575  459  654
   13660  473  638  807    8  431  399  253  547  442  719
   13680  622  664  660    9  464  491  450  571  519  713
   13700  656  537  592    3  530  460  483  580  560  705
   13720  661  602  646    5  558  531  450  657  516  590
   13740  774  540  665   18  540  394  408  639  462  502
   13760  717  574  726   36  652  354  427  682  460  622
   13780  805  720  860   26  517  382  442  541  639  645
   13800  716  761  718    7  502  528  335  621  633  609
   13820  750  582  595    7  563  464  418  595  459  634
   13840  703  534  647    0  624  557  352  532  525  545
   13860  649  671  543    8  584  519  490  611  627  623
   13880  785  553  645    8  511  484  405  737  642  575
   13900  750  561  614    1  476  607  417  744  503  600
   13920  647  486  525   30  534  527  484  554  623  502
   13940  697  553  591   48  527  415  499  681  455  465
   13960  747  606  513  124  589  443  577  591  385  535
   13980  579  672  596  154  419  532  639  690  479  544
   14000  716  578  561  244  552  546  691  763  478  544
   14020  637  604  539  301  476  466  550  492  565  546
   14040  562  619  503  335  491  502  675  667  560  541
   14060  669  573  570  269  412  503  647  518  627  454
   14080  735  384  513  256  375  482  618  526  507  474
   14100  585  460  542  143  447  472  632  523  602  466
   14120  520  544  599  267  529  459  619  519  592  477
   14140  570  451  492  257  464  511  727  392  460  501
   14160  792  444  581  316  570  523  687  566  538  513
   14180  709  537  490  462  573  539  626  654  534  397
   14200  672  490  516  448  623  617  610  594  523  453
   14220  765  484  585  529  660  552  606  665  570  650
   14240  720  535  638  454  445  607  662  483  527  480
   14260  726  574  573  408  421  615  737  566  467  415
   14280  738  445  447  548  440  597  680  569  407  440
   14300  760  501  589  450  365  744  718  647  352  477
   14320  647  484  644  456  550  707  596  454  323  433
   14340  674  486  567  492  550  671  691  550  261  530
   14360  693  538  683  640  512  649  565  416  301  532
   14380  594  690  690  478  450  570  578  431  347  469
   14400  661  585  608  569  380  679  640  429  253  437
   14420  700  692  542  670  471  734  625  656  290  619
   14440  620  459  461  722  545  649  619  608  177  621
   14460  652  539  465  698  393  639  691  522  115  670
   14480  649  606  543  641  416  453  524  497  115  590
   14500  617  613  617  631  340  591  699  626  129  608
   14520  692  572  584  625  347  539  579  441  145  657
   14540  787  512  445  568  477  582  712  501  103  597
   14560  775  608  452  572  466  495  641  559   84  554
   14580  500  585  514  493  401  499  561  592   60  599
   14600  590  676  381  561  414  550  637  529   42  497
   14620  782  706  421  642  440  539  551  551   44  482
   14640  699  625  343  754  404  593  674  590   43  473
   14660  501  462  394  570  396  488  741  544   78  498
   14680  598  578  409  631  518  536  706  490   83  522
   14700  519  698  503  596  575  621  532  475   74  564
   14720  617  503  338  622  560  567  647  450   66  608
   14740  568  445  335  515  510  566  633  578  103  594
   14760  570  486  458  574  548  609  686  458  157  489
   14780  551  655  416  430  481  615  678  474  273  602
   14800  595  559  442  465  608  559  677  386  236  731
   14820  498  499  463  493  505  590  659  523  219  640
   14840  669  475  484  408  539  511  697  440  119  693
   14860  602  643  426  463  552  700  820  494  113  575
   14880  548  541  573  394  657  733  775  506  134  641
   14900  509  504  401  569  408  583  708  487  118  446
   14920  487  562  617  514  435  672  698  432  116  536
   14940  443  590  588  534  525  573  719  393   85  518
   14960  633  559  569  538  564  602  854  530  143  450
   14980  659  568  561  417  553  557  905  584  193  490
   15000  762  530  664  352  558  462  777  702  111  529
   15020  762  573  669  387  640  512  706  691  107  531
   15040  704  446  682  473  626  568  826  723  119  576
   15060  741  594  753  519  616  535  802  495  163  546
   15080  669  610  519  503  681  608  825  483  200  521
   15100  751  607  614  573  606  542  821  425  189  563
   15120  731  683  613  426  461  657  717  447  141  541
   15140  668  655  613  529  403  536  627  648  191  594
   15160  759  757  658  438  371  607  801  576  160  577
   15180  817  605  654  596  459  513  697  420  192  701
   15200  685  709  621  467  467  744  622  349  253  831
   15220  661  610  614  565  429  698  765  493  272  551
   15240  733  592  489  637  629  663  695  538  352  559
   15260  604  536  631  596  561  687  640  538  501  770
   15280  573  607  636  594  539  634  572  525  451  631
   15300  587  585  657  667  514  620  606  669  419  673
   15320  515  593  631  614  444  631  737  601  276  703
   15340  621  575  609  537  565  611  752  659  235  577
   15360  539  633  628  531  596  589  768  656  304  596
   15380  788  645  564  633  506  500  793  545  337  594
   15400  760  382  525  578  525  431  831  564  434  532
   15420  784  422  533  558  505  583  785  698  397  579
   15440  541  491  566  668  602  500  743  543  352  549
   15460  671  527  491  620  573  643  709  647  347  446
   15480  572  482  612  589  627  583  671  620  543  600
   15500  622  624  668  709  636  632  770  671  392  622
   15520  723  562  670  720  515  696  596  717  426  745
   15540  673  663  688  689  580  596  612  653  526  712
   15560  873  622  669  616  661  610  632  726  532  550
   15580  588  648  718  691  609  620  794  595  500  516
   15600  716  612  669  558  625  455  707  616  474  588
   15620  627  441  672  625  555  497  791  617  421  694
   15640  708  561  752  697  516  508  591  541  569  595
   15660  561  602  499  514  504  578  589  557  437  562
   15680  595  512  581  461  423  563  646  521  420  714
   15700  550  528  427  573  555  640  628  537  545  523
   15720  565  754  517  531  609  571  718  749  464  513
   15740  647  671  571  419  471  644  701  524  547  752
   15760  521  501  694  559  499  646  509  502  435  549
   15780  458  547  573  653  432  623  598  553  452  510
   15800  523  479  554  696  443  532  445  389  472  475
   15820  479  474  540  680  476  590  523  543  369  464
   15840  552  512  667  634  449  496  501  703  528  572
   15860  527  525  589  491  564  451  491  480  544  545
   15880  445  537  702  646  550  399  608  519  635  522
   15900  522  515  527  651  432  487  562  501  638  671
   15920  670  579  495  636  526  563  521  437  763  585
   15940  665  443  566  606  599  397  518  603  709  513
   15960  579  474  540  630  653  511  431  638  548  535
   15980  626  455  517  595  587  478  438  683  614  387
   16000  617  375  592  757  564  683  572  760  549  547
   16020  685  339  572  726  490  650  518  685  504  551
   16040  546  379  495  564  537  663  640  839  475  469
   16060  609  471  555  539  447  629  573  715  483  571
   16080  678  527  459  721  515  595  501  720  419  503
   16100  508  370  364  706  484  680  437  721  446  584
   16120  467  387  439  505  467  604  427  649  438  623
   16140  543  354  470  595  588  532  522  699  442  597
   16160  429  264  514  508  497  422  524  530  452  489
   16180  435  230  486  515  504  584  493  572  415  472
   16200  533  363  485  603  553  711  486  694  525  533
   16220  741  322  516  619  468  616  280  645  565  620
   16240  478  397  490  530  399  606  212  608  482  547
   16260  489  471  543  577  486  617  153  526  408  580
   16280  636  356  570  632  504  751  220  440  603  576
   16300  737  414  550  633  477  831  259  378  647  505
   16320  663  348  533  503  476  806  248  383  532  496
   16340  545  414  554  615  450  809  185  445  521  558
   16360  527  374  626  630  591  851  106  530  585  631
   16380  457  318  488  607  512  703   86  607  557  687
   16400  586  299  581  672  469  776   51  608  754  568
   16420  638  370  554  678  429  858   23  509  738  668
   16440  538  418  581  773  516  813   52  626  546  636
   16460  657  383  670  601  623  901  109  522  616  786
   16480  611  530  632  677  606  755   16  529  596  740
   16500  481  441  627  667  572  689   22  645  577  641
   16520  552  494  672  722  377  735   17  644  646  706
   16540  517  629  698  733  399  667   27  673  579  630
   16560  542  709  595  756  536  763  125  573  555  737
   16580  464  609  665  674  375  576  212  567  523  673
   16600  567  640  502  751  350  574  331  593  485  617
   16620  510  575  539  638  437  582  480  502  583  563
   16640  558  623  673  655  324  562  370  583  543  550
   16660  625  548  593  638  484  595  332  548  487  630
   16680  576  570  626  645  436  573  382  604  553  614
   16700  592  559  598  646  395  555  516  556  589  684
   16720  576  597  467  622  392  648  393  621  519  629
   16740  528  759  489  539  468  681  467  695  449  626
   16760  636  561  542  503  432  763  529  579  415  554
   16780  588  496  526  572  449  592  481  720  389  559
   16800  557  378  585  613  330  483  660  589  340  563
   16820  489  402  519  547  347  542  592  580  405  542
   16840  528  467  526  573  414  499  617  587  277  551
   16860  514  652  633  580  376  544  546  538  299  638
   16880  439  652  597  573  442  606  580  415  305  468
   16900  510  636  432  546  428  459  567  598  299  509
   16920  552  501  555  700  408  528  532  614  278  660
   16940  599  513  572  553  359  629  569  609  249  685
   16960  581  547  516  603  294  601  469  456  209  479
   16980  491  646  542  505  365  617  551  536  233  543
   17000  495  617  547  609  540  575  642  480  433  590
   17020  489  716  588  647  397  514  582  536  470  575
   17040  345  552  638  475  363  654  641  500  354  625
   17060  307  617  475  583  347  516  625  598  408  577
   17080  288  629  613  719  277  521  481  665  412  426
   17100  357  562  587  682  310  482  645  609  355  508
   17120  434  412  569  743  424  505  527  537  376  401
   17140  341  491  600  628  451  676  559  501  398  502
   17160  350  641  589  614  422  690  747  389  296  492
   17180  540  583  657  753  439  623  743  438  306  551
   17200  556  444  553  799  551  552  870  505  298  494
   17220  577  400  639  608  625  504  719  590  239  492
   17240  594  349  568  549  470  513  689  621  301  543
   17260  616  408  658  574  473  496  597  630  283  495
   17280  526  637  593  549  566  506  700  674  304  433
   17300  563  517  491  701  626  470  636  612  267  518
   17320  492  558  429  507  569  603  691  697  285  646
   17340  661  629  458  573  428  597  677  676  307  565
   17360  659  501  523  591  488  627  711  591  285  478
   17380  631  582  498  517  516  471  791  678  290  546
   17400  573  745  518  497  575  489  608  612  271  631
   17420  560  707  510  563  498  516  647  723  263  640
   17440  521  546  497  519  446  490  611  645  261  578
   17460  668  594  292  710  653  411  664  650  291  576
   17480  756  620  490  651  508  482  660  616  229  549
   17500  641  522  493  663  435  479  599  616  285  622
   17520  599  541  587  599  474  470  566  581  334  613
   17540  626  566  577  580  422  506  587  757  240  600
   17560  566  430  577  596  491  491  587  811  250  633
   17580  626  428  499  572  582  559  606  655  278  568
   17600  682  474  570  660  536  618  464  627  264  694
   17620  732  415  548  686  404  592  427  569  432  724
   17640  536  545  553  640  478  571  431  670  424  595
   17660  677  560  649  706  455  661  627  636  296  579
   17680  614  462  621  471  388  579  505  513  188  522
   17700  697  504  408  454  389  473  560  550  222  648
   17720  656  569  534  348  301  467  562  595  268  610
   17740  464  562  512  414  366  499  523  662  210  585
   17760  514  654  552  493  482  474  417  711  259  555
   17780  540  529  603  645  495  474  358  646  202  547
   17800  418  680  528  526  434  551  420  683  136  663
   17820  395  651  521  550  540  647  529  606  160  554
   17840  478  628  573  460  478  721  539  606  133  501
   17860  446  624  488  345  650  678  455  596  199  685
   17880  435  508  645  557  617  572  439  566  198  605
   17900  370  559  681  627  525  545  503  555  194  627
   17920  521  539  677  572  549  609  519  650  140  687
   17940  309  554  599  542  599  541  445  580  207  702
   17960  332  524  472  502  562  633  420  619  205  553
   17980  349  594  557  498  560  570  415  584  146  568
   18000  325  538  590  491  414  541  412  711  280  523
   18020  262  561  630  548  493  476  533  718  310  553
   18040  253  594  601  651  421  440  475  638  250  616
   18060  283  602  583  515  466  404  526  469  252  670
   18080  238  711  571  630  552  390  367  509  219  564
   18100  201  650  643  534  568  471  443  685  227  573
   18120  209  746  658  656  502  353  529  627  282  557
   18140  270  640  630  615  439  514  528  461  284  546
   18160  195  664  480  542  511  434  542  520  273  534
   18180  125  694  462  589  608  545  474  585  346  451
   18200  172  580  495  443  564  462  536  566  375  533
   18220  176  512  683  660  599  360  594  602  339  492
   18240  202  477  752  606  561  498  678  465  346  625
   18260  252  532  749  633  393  385  471  605  345  520
   18280  362  512  660  522  601  519  616  608  329  459
   18300  455  459  641  556  569  549  607  581  389  514
   18320  362  608  765  558  585  532  602  648  321  464
   18340  218  664  669  630  767  544  599  656  379  410
   18360  266  570  651  488  652  445  628  524  417  443
   18380  285  642  576  602  658  546  572  490  354  525
   18400  350  599  577  578  490  612  643  559  375  447
   18420  399  460  737  557  462  542  633  578  367  518
   18440  410  584  689  470  682  470  712  509  433  534
   18460  332  622  644  567  646  657  637  476  408  578
   18480  364  647  588  467  615  572  677  642  579  489
   18500  422  593  638  465  549  671  660  705  494  458
   18520  466  502  637  435  645  606  575  655  564  612
   18540  437  581  434  399  660  510  479  636  443  564
   18560  422  661  518  475  556  551  469  595  492  384
   18580  398  685  572  505  505  559  719  686  526  436
   18600  423  681  685  428  496  420  599  665  683  512
   18620  367  671  710  614  520  644  736  698  632  561
   18640  412  724  564  554  449  600  589  733  680  384
   18660  435  622  704  541  433  520  665  583  484  401
   18680  462  556  620  419  453  490  623  720  420  515
   18700  372  617  616  485  454  624  726  549  689  528
   18720  375  654  627  489  526  518  680  754  610  368
   18740  449  565  697  558  359  562  673  815  614  315
   18760  550  528  579  404  359  603  691  757  535  339
   18780  549  445  660  558  391  446  634  757  620  412
   18800  564  492  632  554  416  533  635  682  473  375
   18820  589  523  664  655  462  557  541  542  475  298
   18840  739  576  780  558  500  592  555  685  631  379
   18860  614  597  627  618  500  645  511  608  594  418
   18880  676  574  584  653  587  656  675  612  706  390
   18900  585  442  550  600  403  625  529  673  518  525
   18920  555  527  523  642  319  747  588  764  473  584
   18940  638  493  527  614  373  742  608  629  631  527
   18960  638  537  450  673  335  593  655  581  635  596
   18980  671  511  579  502  364  621  639  743  603  596
   19000  460  513  624  576  453  601  537  661  621  577
   19020  512  675  701  746  443  671  537  670  603  594
   19040  480  560  756  738  489  633  631  646  523  579
   19060  461  520  743  681  496  588  639  645  512  640
   19080  511  417  658  751  545  602  543  697  597  768
   19100  478  501  619  634  550  605  451  707  694  622
   19120  410  570  563  718  577  637  526  682  736  573
   19140  299  542  646  581  559  602  416  655  621  718
   19160  367  515  497  616  627  550  524  554  596  642
   19180  360  466  576  662  611  808  440  558  649  611
   19200  323  456  556  557  584  666  496  635  613  540
   19220  394  435  533  584  501  681  425  481  565  579
   19240  469  440  572  570  651  562  424  507  552  545
   19260  453  411  518  697  558  679  394  493  597  543
   19280  362  516  550  685  623  697  406  545  818  612
   19300  357  560  575  641  708  859  460  483  663  543
   19320  385  496  592  694  602  744  286  425  588  615
   19340  411  599  521  620  610  737  457  497  634  549
   19360  485  462  645  607  547  649  388  622  618  496
   19380  571  705  646  409  544  621  373  516  659  508
   19400  505  620  493  443  440  683  386  621  663  823
   19420  550  707  496  433  453  667  608  658  548  532
   19440  603  751  513  440  531  677  476  711  503  569
   19460  622  621  548  560  587  599  463  586  615  574
   19480  508  531  559  564  555  607  516  626  593  643
   19500  561  614  570  474  478  701  413  606  610  474
   19520  469  600  519  724  489  759  481  583  699  540
   19540  512  605  561  537  657  672  426  651  660  665
   19560  548  610  563  568  653  531  482  651  539  638
   19580  498  540  621  649  651  582  290  777  683  475
   19600  503  691  693  703  528  507  446  746  551  487
   19620  461  577  682  734  592  604  393  591  580  361
   19640  579  578  606  744  475  569  487  674  617  486
   19660  474  623  553  549  540  618  498  601  671  554
   19680  508  611  597  578  452  578  592  684  834  560
   19700  571  615  468  740  471  659  626  675  766  619
   19720  592  530  729  579  567  503  613  668  728  526
   19740  619  469  641  749  543  586  711  577  696  555
   19760  511  723  647  594  453  678  562  528  609  492
   19780  574  782  640  594  569  508  606  607  582  515
   19800  619  703  607  761  399  581  413  592  715  563
   19820  472  517  524  650  419  566  412  569  686  491
   19840  546  490  666  564  586  582  449  575  692  592
   19860  642  481  600  643  780  733  428  604  720  645
   19880  673  610  543  550  581  566  607  635  674  546
   19900  683  524  693  758  714  490  501  600  613  400
   19920  654  484  650  677  642  590  598  636  629  359
   19940  573  534  644  634  569  581  464  605  573  382
   19960  610  627  675  690  706  517  586  600  685  453
   19980  597  719  692  632  753  522  655  586  525  545
   20000  545  610  668  594  664  544  536  572  577  510
   20020  576  660  652  546  583  523  494  622  519  563
   20040  642  534  536  606  656  605  466  562  591  575
   20060  550  436  522  566  724  680  506  600  560  736
   20080  676  484  546  531  675  637  559  626  552  539
   20100  652  506  663  627  615  608  526  601  665  478
   20120  560  704  512  543  668  526  629  613  661  457
   20140  765  686  506  611  658  713  555  516  678  352
   20160  587  663  526  699  539  482  550  563  550  369
   20180  582  583  542  689  690  520  627  480  554  514
   20200  594  577  695  685  664  611  683  516  621  642
   20220  553  654  592  750  671  702  543  591  666  516
   20240  601  596  585  755  736  548  605  590  495  401
   20260  625  527  514  659  620  531  464  626  423  593
   20280  491  575  492  675  737  518  429  593  514  575
   20300  501  606  418  724  723  666  461  607  510  581
   20320  571  674  427  710  734  591  448  643  549  599
   20340  490  481  649  786  659  513  637  609  524  716
   20360  505  499  745  591  878  609  395  540  553  658
   20380  462  412  676  540  687  524  419  559  557  664
   20400  546  436  673  601  732  519  489  559  441  665
   20420  515  545  479  544  656  545  555  669  396  705
   20440  447  594  633  517  672  526  481  636  416  710
   20460  462  535  690  546  726  487  574  738  458  692
   20480  527  597  621  670  506  561  453  552  544  792
   20500  536  581  580  567  487  643  558  563  452  748
   20520  633  568  609  664  500  529  471  608  455  654
   20540  534  628  707  635  608  595  537  566  507  639
   20560  530  497  642  550  607  614  648  553  539  598
   20580  569  622  645  601  698  623  502  541  499  609
   20600  573  586  512  562  631  699  590  563  487  620
   20620  654  745  459  683  601  597  656  448  650  644
   20640  606  657  512  593  531  592  575  465  506  662
   20660  613  611  707  754  536  722  614  467  500  626
   20680  560  733  526  635  515  573  610  498  486  620
   20700  619  686  474  544  598  554  670  475  415  519
   20720  553  567  459  782  595  450  751  536  517  516
   20740  644  512  465  596  668  529  701  518  597  545
   20760  707  691  491  660  501  583  686  561  608  556
   20780  532  580  513  643  543  611  709  513  590  545
   20800  521  628  522  630  483  570  820  487  586  485
   20820  485  550  564  536  507  646  821  427  443  479
   20840  573  636  619  523  627  574  720  417  459  475
   20860  596  591  623  575  587  735  625  446  563  513
   20880  656  708  423  604  579  541  752  435  599  464
   20900  575  678  583  551  610  597  701  483  548  516
   20920  514  595  612  632  634  584  777  546  671  577
   20940  748  593  726  531  515  463  698  487  603  562
   20960  645  634  592  491  550  486  667  519  720  574
   20980  658  690  632  598  447  452  634  440  731  733
   21000  724  576  541  548  541  583  602  517  755  619
   21020  649  691  529  474  519  625  585  563  768  610
   21040  596  572  462  488  479  681  525  523  649  702
   21060  573  671  514  639  443  638  749  532  680  687
   21080  546  583  511  469  554  601  793  469  652  651
   21100  652  716  569  560  495  591  660  525  714  549
   21120  579  649  520  634  389  553  605  605  643  615
   21140  594  652  520  661  562  609  604  563  740  522
   21160  633  562  539  592  444  611  513  598  721  481
   21180  543  547  521  457  497  439  608  654  726  503
   21200  673  369  494  498  544  687  540  654  743  475
   21220  582  399  582  568  377  590  595  709  608  608
   21240  438  529  551  558  444  689  590  699  712  577
   21260  323  411  563  533  552  590  570  671  699  615
   21280  414  456  524  477  565  650  631  738  736  549
   21300  340  472  553  478  545  618  803  699  529  463
   21320  399  462  547  518  518  615  637  699  578  498
   21340  507  354  529  488  634  374  606  591  484  455
   21360  564  332  523  537  615  507  623  547  561  440
   21380  453  405  543  569  574  415  624  563  585  452
   21400  458  421  493  467  551  612  641  672  507  593
   21420  589  459  570  491  458  644  644  568  358  652
   21440  494  478  632  472  480  584  524  589  339  511
   21460  335  489  662  505  438  649  536  616  351  647
   21480  475  468  615  397  364  594  594  617  497  517
   21500  451  387  731  456  392  491  558  665  457  590
   21520  400  336  672  371  357  653  701  510  461  612
   21540  532  314  680  482  498  543  574  616  319  550
   21560  419  366  513  622  601  621  557  591  263  673
   21580  378  439  566  680  603  608  406  547  307  695
   21600  455  558  573  505  636  423  516  553  352  491
   21620  404  624  584  441  481  619  597  651  304  419
   21640  344  533  464  580  560  619  603  607  369  469
   21660  440  519  495  641  655  643  684  617  217  491
   21680  428  595  419  589  546  509  680  451  323  530
   21700  423  555  587  613  677  604  644  453  307  642
   21720  318  441  530  681  677  701  741  615  315  634
   21740  409  631  516  735  634  621  664  734  280  668
   21760  406  513  565  630  538  456  597  560  342  584
   21780  477  364  553  627  552  668  628  581  330  522
   21800  422  435  562  685  738  488  506  440  330  771
   21820  396  343  544  717  647  488  605  513  377  527
   21840  431  349  575  685  540  530  664  498  531  539
   21860  505  298  567  740  640  497  670  587  560  660
   21880  404  394  585  732  582  559  551  469  617  660
   21900  517  460  470  710  549  634  602  429  509  546
   21920  429  467  603  622  514  504  581  457  533  582
   21940  588  493  467  677  454  597  604  474  549  444
   21960  601  463  424  610  664  490  573  643  761  491
   21980  542  379  456  654  825  612  457  569  666  462
   22000  520  491  536  567  596  557  531  588  597  440
   22020  465  578  506  701  587  513  570  558  653  504
   22040  446  533  542  689  765  461  649  652  607  593
   22060  493  545  651  685  620  537  594  646  576  616
   22080  518  575  484  647  622  642  527  642  645  546
   22100  545  493  512  612  557  572  462  717  630  522
   22120  390  431  523  522  589  624  472  588  654  561
   22140  409  500  564  497  683  649  546  530  572  688
   22160  442  571  459  500  783  618  549  617  748  694
   22180  452  594  544  543  655  674  514  668  595  507
   22200  345  572  549  458  466  642  594  747  467  545
   22220  343  507  598  494  505  721  594  659  601  640
   22240  365  673  415  575  686  718  504  642  541  420
   22260  394  700  486  701  667  602  427  570  585  593
   22280  433  570  522  537  514  529  517  642  455  648
   22300  542  471  439  614  520  487  514  597  443  582
   22320  541  719  437  619  554  535  680  622  386  692
   22340  578  606  542  637  618  753  750  669  557  484
   22360  524  640  544  553  584  738  477  586  477  423
   22380  520  589  588  606  539  589  503  686  447  559
   22400  472  708  519  727  464  751  592  646  460  570
   22420  481  688  580  600  462  726  585  617  390  518
   22440  496  538  571  473  506  640  571  674  393  453
   22460  311  536  628  496  484  629  606  632  409  503
   22480  413  654  685  441  448  696  593  633  477  524
   22500  480  593  638  431  648  546  528  701  434  506
   22520  419  672  696  644  526  505  464  672  419  495
   22540  457  790  629  568  519  612  558  722  381  507
   22560  527  624  617  576  459  597  474  623  422  449
   22580  353  566  625  537  501  678  528  707  447  545
   22600  440  529  693  712  498  698  521  759  393  563
   22620  345  498  669  743  471  753  621  632  347  581
   22640  460  673  609  712  483  630  599  705  308  658
   22660  452  537  654  718  438  661  536  735  362  619
   22680  341  637  770  630  486  691  526  753  374  563
   22700  368  718  626  633  565  749  408  670  433  693
   22720  362  618  581  573  490  672  464  694  428  666
   22740  390  614  737  526  539  622  423  659  408  656
   22760  352  543  739  513  602  751  507  660  599  504
   22780  207  539  638  620  573  631  757  627  376  484
   22800  137  480  617  604  515  674  657  671  439  574
   22820  138  648  581  724  459  660  469  545  511  622
   22840  146  562  505  738  522  595  472  647  377  623
   22860  105  565  586  731  451  586  573  639  517  514
   22880   93  517  580  649  462  521  477  803  526  728
   22900   33  425  631  621  456  515  568  654  669  696
   22920   12  406  624  519  378  565  685  617  703  646
   22940   34  561  496  534  381  694  659  661  603  589
   22960   23  535  462  650  476  521  640  704  633  524
   22980   19  500  419  715  497  660  598  619  588  610
   23000   86  432  362  647  428  698  569  677  531  640
   23020  228  384  345  663  399  660  556  603  568  605
   23040  421  403  321  587  398  713  556  657  578  613
   23060  331  523  331  481  495  565  594  653  550  671
   23080  408  508  463  502  585  606  501  739  676  614
   23100  362  549  510  516  537  656  615  706  608  608
   23120  347  362  609  569  528  573  522  676  604  597
   23140  432  390  537  540  514  592  574  626  593  608
   23160  393  311  557  603  392  649  454  627  561  579
   23180  430  313  579  557  389  677  479  517  689  530
   23200  466  337  604  518  489  625  435  398  521  562
   23220  477  485  509  535  627  665  466  556  500  579
   23240  560  361  475  567  565  598  379  507  649  529
   23260  526  432  526  780  522  587  487  710  701  612
   23280  539  386  550  708  538  557  505  722  582  581
   23300  593  356  504  641  493  693  494  588  579  561
   23320  524  503  359  636  622  764  407  552  672  587
   23340  542  462  307  503  511  621  378  430  628  696
   23360  621  476  436  659  626  627  365  528  609  634
   23380  597  473  301  555  581  618  367  489  734  575
   23400  688  381  395  754  504  696  423  493  587  591
   23420  656  330  495  694  553  466  375  384  640  561
   23440  640  266  511  584  528  497  318  456  702  616
   23460  740  177  503  510  535  568  276  542  536  594
   23480  529  160  459  560  608  631  270  585  767  674
   23500  572  147  505  493  699  646  332  460  659  611
   23520  593  198  560  469  652  592  316  399  858  617
   23540  584  163  588  562  667  541  324  395  725  466
   23560  699  157  532  497  593  533  377  540  681  637
   23580  719  129  439  682  566  555  387  363  665  676
   23600  710  159  247  607  551  530  426  448  720  540
   23620  731  158  308  583  631  526  321  436  694  464
   23640  661  121  319  540  548  514  471  497  815  468
   23660  667  214  506  614  495  393  500  475  683  447
   23680  570  252  502  684  591  446  607  511  686  494
   23700  594  189  492  513  531  398  528  444  598  425
   23720  680  264  464  619  555  474  500  421  599  517
   23740  553  321  404  489  613  504  509  430  654  440
   23760  670  390  477  482  553  647  471  566  648  524
   23780  616  251  596  532  503  655  459  515  549  462
   23800  748  256  617  547  630  668  404  586  605  561
   23820  603  385  528  575  630  685  404  533  573  581
   23840  742  459  511  572  573  612  400  566  612  449
   23860  650  504  603  492  714  650  387  537  572  280
   23880  766  544  580  554  674  588  456  673  573  331
   23900  622  522  545  580  608  483  514  645  610  433
   23920  707  461  590  638  572  478  536  665  608  418
   23940  543  537  537  742  604  521  626  484  695  448
   23960  450  509  563  571  666  640  638  565  532  476
   23980  599  427  668  553  594  601  465  662  628  466
   24000  671  449  716  468  570  486  644  602  595  558
   24020  664  411  553  515  664  396  561  653  709  562
   24040  644  488  537  606  634  528  677  617  688  530
   24060  702  517  492  574  669  665  566  548  676  552
   24080  616  534  562  578  642  590  678  448  651  532
   24100  736  470  510  568  646  602  661  577  729  608
   24120  827  610  463  595  667  637  592  540  513  536
   24140  730  521  467  669  611  542  713  492  607  610
   24160  630  429  460  670  707  596  676  627  689  588
   24180  541  640  561  628  683  446  545  617  655  651
   24200  687  706  522  519  693  714  612  645  581  607
   24220  617  469  627  433  572  578  611  595  561  570
   24240  722  515  535  549  552  598  619  633  540  624
   24260  629  591  515  598  605  554  612  638  546  632
   24280  727  573  439  610  729  524  636  743  517  485
   24300  603  591  523  516  668  588  627  638  646  468
   24320  598  401  412  553  575  575  692  591  650  413
   24340  579  599  310  629  729  620  736  526  648  457
   24360  609  666  383  696  647  476  692  646  689  436
   24380  598  530  439  701  603  455  764  545  655  395
   24400  505  700  423  723  604  620  685  557  555  575
   24420  443  655  450  743  669  546  759  542  759  456
   24440  440  560  440  553  764  450  608  539  663  491
   24460  479  723  473  706  606  518  608  536  539  543
   24480  524  511  384  619  667  410  739  434  729  473
   24500  506  590  429  584  593  568  600  515  755  521
   24520  402  558  483  583  599  585  772  458  604  559
   24540  570  567  533  613  764  583  648  571  589  509
   24560  478  640  549  635  670  524  891  501  505  446
   24580  573  733  509  770  774  506  674  593  532  447
   24600  340  647  408  668  648  661  551  698  643  500
   24620  481  678  423  624  699  572  607  651  535  556
   24640  425  679  507  710  726  627  690  587  456  588
   24660  504  704  475  536  632  593  658  736  582  486
   24680  573  595  565  566  718  705  530  747  514  333
   24700  633  610  558  535  605  643  635  620  530  390
   24720  504  478  535  487  699  541  582  608  629  413
   24740  403  545  458  604  653  629  620  646  638  618
   24760  327  599  454  704  636  619  495  585  571  623
   24780  285  561  457  448  689  606  577  685  544  505
   24800  368  479  493  567  719  592  562  599  552  617
   24820  374  476  618  647  664  701  674  622  579  611
   24840  479  616  485  479  625  589  619  533  572  592
   24860  428  426  622  610  698  530  707  468  638  504
   24880  365  418  665  497  492  600  595  409  572  567
   24900  394  616  661  602  578  732  710  409  575  569
   24920  529  703  670  736  583  467  714  412  530  564
   24940  445  619  640  646  497  558  622  407  565  541
   24960  542  540  656  494  560  562  600  356  469  436
   24980  514  720  664  582  485  699  534  385  501  451
   25000  426  644  566  529  577  599  632  507  500  430
   25020  616  644  547  616  612  664  616  465  786  501
   25040  563  545  422  585  676  598  464  461  517  483
   25060  513  607  318  489  616  545  571  512  411  584
   25080  551  750  290  562  632  539  566  552  457  549
   25100  524  732  435  510  573  645  611  436  531  417
   25120  569  577  480  483  597  612  591  440  456  461
   25140  520  561  490  547  582  659  640  496  612  468
   25160  627  724  568  464  611  570  539  394  445  567
   25180  611  628  352  471  568  540  577  452  532  548
   25200  614  560  480  463  549  625  592  520  475  445
   25220  529  685  508  418  559  417  571  543  510  339
   25240  560  739  588  429  604  479  491  443  458  405
   25260  645  707  525  352  478  452  496  425  468  516
   25280  668  753  515  503  500  481  558  439  434  537
   25300  609  677  424  326  475  627  572  625  569  533
   25320  692  591  458  374  468  512  522  733  593  561
   25340  606  628  459  353  466  566  521  472  449  533
   25360  674  471  482  388  485  633  424  492  362  382
   25380  565  502  529  490  591  612  395  599  461  459
   25400  721  414  469  510  589  532  518  581  601  572
   25420  607  382  488  476  611  508  764  486  559  482
   25440  596  549  593  515  512  447  602  588  486  557
   25460  541  428  554  558  424  461  633  611  551  564
   25480  514  325  504  586  507  420  544  532  463  509
   25500  652  259  504  488  675  463  676  444  478  431
   25520  508  231  409  396  504  583  503  446  657  558
   25540  498  314  587  423  402  423  567  476  603  502
   25560  599  387  491  457  547  487  588  428  492  571
   25580  492  371  571  445  536  374  653  576  481  604
   25600  463  418  566  478  510  450  620  533  629  650
   25620  410  421  605  423  466  605  690  554  506  646
   25640  354  353  612  371  559  555  598  475  598  682
   25660  434  366  619  389  557  533  660  415  536  656
   25680  609  260  695  372  537  447  571  424  518  500
   25700  439  309  607  278  517  562  671  394  563  420
   25720  510  418  587  138  509  578  741  396  600  498
   25740  549  584  577  139  526  445  719  396  571  598
   25760  467  558  680  219  592  508  649  485  604  580
   25780  480  572  620  293  519  560  706  423  574  464
   25800  529  439  657  327  527  606  521  415  670  486
   25820  330  449  623  413  485  667  618  432  515  419
   25840  337  569  691  464  566  720  691  535  497  522
   25860  348  650  701  480  580  559  668  431  573  509
   25880  380  670  643  557  428  597  643  447  512  507
   25900  457  651  707  477  457  723  663  289  571  767
   25920  495  548  531  380  512  808  662  368  526  650
   25940  580  520  574  306  423  651  662  388  472  571
   25960  595  597  670  495  498  664  611  493  410  705
   25980  464  551  629  440  510  506  626  442  555  660
   26000  436  594  674  525  602  615  516  319  579  666
   26020  585  623  705  483  636  601  561  285  590  609
   26040  668  662  665  495  512  640  588  398  564  613
   26060  520  608  707  581  577  583  621  466  489  575
   26080  552  716  699  538  655  608  509  502  643  575
   26100  654  670  662  547  804  580  575  528  593  527
   26120  665  651  581  582  648  773  638  539  624  542
   26140  473  673  479  550  656  546  761  612  662  577
   26160  477  695  548  522  604  493  571  483  643  567
   26180  448  629  692  563  617  649  697  378  584  692
   26200  659  655  672  638  613  539  723  435  507  614
   26220  720  609  619  598  682  578  622  532  560  572
   26240  770  666  621  755  860  556  668  493  463  597
   26260  521  648  630  635  819  659  593  452  643  667
   26280  552  688  590  706  715  649  617  436  733  461
   26300  565  637  576  611  702  631  718  470  607  472
   26320  567  606  609  623  689  621  695  539  451  367
   26340  526  670  529  607  610  608  667  411  587  372
   26360  486  676  426  645  712  461  679  497  613  393
   26380  599  654  574  562  531  642  602  558  609  424
   26400  592  567  539  555  675  650  599  474  614  551
   26420  459  520  477  520  752  528  518  550  650  425
   26440  522  594  589  474  670  618  606  606  605  389
   26460  419  617  509  503  722  528  626  576  519  420
   26480  451  742  611  595  607  492  739  657  652  382
   26500  512  793  684  600  630  558  585  581  557  245
   26520  392  785  499  556  520  381  706  563  486  278
   26540  597  790  511  649  571  421  625  616  513  255
   26560  709  717  565  565  701  469  745  683  605  271
   26580  586  616  528  583  601  636  666  631  594  305
   26600  678  648  624  693  509  536  682  591  572  229
   26620  700  641  711  626  584  553  564  557  456  350
   26640  672  642  562  473  618  573  530  584  520  326
   26660  764  605  453  461  498  582  571  661  508  346
   26680  753  509  529  667  462  623  631  580  545  381
   26700  702  610  493  531  511  577  536  664  522  335
   26720  593  743  594  610  472  509  597  620  448  283
   26740  516  546  400  603  434  623  620  616  456  343
   26760  544  619  601  608  466  558  622  679  416  362
   26780  487  588  547  558  382  588  570  660  536  303
   26800  462  569  487  541  373  647  566  688  600  326
   26820  424  647  525  502  273  578  573  701  658  298
   26840  424  639  610  695  498  606  664  725  519  300
   26860  379  472  561  614  431  573  598  613  550  364
   26880  588  624  573  496  506  600  474  563  570  315
   26900  453  457  552  604  537  528  399  661  711  302
   26920  566  436  588  599  387  637  411  650  602  346
   26940  327  460  614  612  448  642  537  581  571  342
   26960  430  505  585  622  366  623  599  639  561  202
   26980  587  589  466  696  362  457  450  707  626  387
   27000  491  526  670  589  335  563  472  679  599  427
   27020  636  536  636  568  440  574  452  543  508  557
   27040  604  539  746  599  471  494  368  648  577  558
   27060  573  549  763  611  478  384  410  655  565  459
   27080  539  491  623  430  421  501  394  623  619  454
   27100  583  519  586  566  375  419  368  502  591  371
   27120  630  533  547  591  354  282  551  630  493  390
   27140  538  634  440  648  444  315  534  557  493  394
   27160  530  593  667  644  419  378  609  564  644  576
   27180  533  599  635  585  365  432  486  502  536  412
   27200  537  492  593  704  412  303  452  432  560  530
   27220  584  571  575  649  429  398  541  513  606  554
   27240  403  671  503  604  487  372  590  474  611  523
   27260  550  686  412  733  484  316  602  563  640  474
   27280  474  694  439  721  574  303  538  534  580  517
   27300  495  665  641  581  509  201  624  391  484  541
   27320  523  645  505  534  468  215  715  482  607  586
   27340  465  765  635  578  432  160  665  329  596  683
   27360  526  575  448  631  425   73  595  457  500  604
   27380  708  776  508  583  469   41  571  459  536  639
   27400  648  623  508  644  455   39  593  393  627  651
   27420  599  666  599  621  436   53  614  432  554  621
   27440  565  642  579  615  547   42  583  380  641  607
   27460  612  639  786  679  585   34  580  345  580  545
   27480  526  612  744  647  500   11  574  384  572  550
   27500  491  676  577  558  518    0  549  483  526  641
   27520  585  749  579  755  709    0  598  537  689  693
   27540  545  667  449  629  675    0  528  562  562  671
   27560  606  681  569  712  667    0  516  564  614  654
   27580  655  743  542  684  635    6  451  436  602  617
   27600  546  614  431  655  544    4  449  432  631  478
   27620  667  737  590  484  618    1  755  538  511  485
   27640  614  926  615  479  691    0  655  613  720  613
   27660  631  841  623  643  709   15  724  508  539  566
   27680  583  762  707  582  657   14  673  469  444  549
   27700  563  732  670  594  626   24  609  635  462  511
   27720  713  679  572  501  684   66  670  566  516  675
   27740  566  777  534  570  733   59  809  599  561  657
   27760  671  717  578  556  596   48  653  597  515  600
   27780  694  651  650  635  502   91  682  577  601  585
   27800  698  741  801  549  688  129  700  557  659  512
   27820  777  683  762  596  658   57  563  540  629  444
   27840  744  539  684  677  685   84  711  579  659  536
   27860  686  634  670  638  615  142  778  659  573  501
   27880  643  698  661  590  742  107  690  614  588  493
   27900  690  668  736  652  795   72  781  637  702  512
   27920  704  680  697  628  710   70  713  463  666  532
   27940  675  563  727  758  633   69  694  486  636  570
   27960  640  636  665  554  558   42  569  622  469  524
   27980  607  636  553  584  642   88  606  560  567  535
   28000  561  548  560  743  637   74  664  595  489  491
   28020  612  569  575  596  643   99  563  564  531  403
   28040  661  589  704  656  677  106  550  422  505  451
   28060  799  540  701  729  561  137  604  483  480  442
   28080  631  634  593  670  500   85  704  494  548  436
   28100  660  527  644  725  510   90  680  513  532  548
   28120  556  573  619  666  462  133  725  628  394  533
   28140  618  619  528  647  527  167  865  453  486  655
   28160  534  756  559  552  529  358  782  407  510  593
   28180  529  728  584  625  466  434  781  462  507  656
   28200  590  580  543  712  513  595  712  552  496  603
   28220  693  612  547  636  563  493  626  558  461  663
   28240  542  555  475  610  608  544  654  575  431  631
   28260  512  523  451  549  533  498  610  571  478  649
   28280  556  615  479  535  563  522  653  537  599  564
   28300  479  598  518  642  678  521  626  548  415  651
   28320  629  478  480  485  517  555  689  693  403  568
   28340  689  483  393  539  582  683  679  540  447  564
   28360  563  631  480  559  641  527  618  617  442  525
   28380  435  620  501  533  589  655  625  618  484  621
   28400  649  574  345  542  593  587  694  570  398  542
   28420  621  595  410  538  544  759  604  529  399  571
   28440  697  538  338  461  680  642  711  566  394  536
   28460  656  510  358  519  627  487  722  579  403  600
   28480  551  411  331  642  457  530  610  552  380  587
   28500  652  504  301  514  665  586  578  629  551  501
   28520  508  587  463  474  559  536  717  635  398  620
   28540  600  528  560  539  675  537  759  735  321  599
   28560  609  683  563  448  668  534  734  679  334  580
   28580  713  643  449  613  479  555  666  665  555  550
   28600  647  590  473  662  505  573  695  734  346  497
   28620  534  629  448  610  497  567  672  782  417  432
   28640  415  663  514  558  567  532  661  652  526  541
   28660  715  562  623  492  627  574  523  691  485  553
   28680  555  601  593  548  503  679  585  612  468  486
   28700  566  551  501  603  518  643  494  632  486  584
   28720  639  564  546  584  581  568  608  512  358  616
   28740  717  583  469  542  481  649  590  605  290  573
   28760  641  574  421  512  523  785  547  587  270  582
   28780  610  598  455  624  699  615  505  535  336  498
   28800  615  620  530  629  547  676  489  562  349  469
   28820  652  499  532  544  534  635  721  655  221  485
   28840  663  405  504  612  456  619  618  547  435  589
   28860  630  414  486  575  486  676  623  556  368  475
   28880  715  485  518  730  595  503  726  554  380  621
   28900  618  563  529  612  474  518  544  598  345  611
   28920  631  595  632  445  471  457  675  401  309  705
   28940  724  475  545  520  491  449  662  450  338  579
   28960  687  525  583  635  701  641  593  495  217  691
   28980  667  482  488  722  603  730  682  559  233  769
   29000  746  561  500  526  659  733  702  490  393  808
   29020  615  616  494  580  723  735  668  405  306  694
   29040  508  508  500  718  555  644  567  449  313  576
   29060  527  626  595  844  527  661  414  597  153  755
   29080  559  640  590  587  565  658  569  572  139  671
   29100  548  551  627  611  534  644  733  605  218  612
   29120  716  701  463  639  508  608  606  695  230  640
   29140  527  478  609  645  476  594  593  524  132  676
   29160  591  703  513  630  441  594  529  486  109  723
   29180  524  667  463  537  426  607  526  493   71  693
   29200  585  596  545  755  556  510  539  680   58  584
   29220  632  554  539  663  535  510  476  578   92  763
   29240  763  574  639  719  544  453  439  554  161  731
   29260  670  586  744  646  652  551  572  494  104  679
   29280  577  585  759  653  680  509  432  415   91  660
   29300  716  631  767  645  703  520  469  440  111  638
   29320  593  492  644  602  644  669  477  488   65  624
   29340  687  499  767  614  412  566  509  465   88  715
   29360  614  542  588  688  502  512  656  288   69  639
   29380  617  546  689  718  466  564  698  411   86  629
   29400  633  426  597  556  498  521  644  407   40  700
   29420  618  565  589  625  523  631  619  474   15  517
   29440  630  577  668  767  654  561  746  554    0  610
   29460  743  468  516  511  751  551  655  563    3  576
   29480  742  529  602  486  659  716  680  502    1  561
   29500  658  538  542  719  734  588  589  509   31  582
   29520  622  557  550  646  634  697  594  540   15  552
   29540  678  455  433  630  735  575  663  517   46  539
   29560  679  531  514  499  695  473  603  562   28  606
   29580  626  693  465  513  629  474  534  474   12  624
   29600  533  596  522  566  645  474  630  531   47  531
   29620  647  597  459  619  517  635  558  584   45  625
   29640  647  637  365  570  663  728  563  577   34  549
   29660  613  625  330  396  649  613  538  460   69  668
   29680  585  657  305  490  518  548  503  535   60  578
   29700  698  535  401  567  495  628  622  650   31  654
   29720  594  709  363  440  472  555  643  559   37  616
   29740  550  668  443  522  471  708  534  499   43  731
   29760  543  670  365  600  561  670  554  678   31  626
   29780  571  691  494  588  532  640  606  621   13  679
   29800  581  657  639  403  534  691  554  579   14  639
   29820  510  533  474  418  501  617  665  583   16  553
   29840  485  426  486  531  531  665  697  505   11  587
   29860  546  426  474  468  437  694  652  563   20  573
   29880  510  514  518  558  582  575  578  549    4  586
   29900  519  564  515  547  535  638  531  552   31  609
   29920  629  551  533  563  614  636  660  596   65  689
   29940  517  593  556  620  506  576  609  592   74  490
   29960  542  523  524  587  502  556  631  578   53  553
   29980  527  462  594  658  527  631  704  621  102  555
   30000  473  542  541  578  464  649  705  561  153  504
