      20 1084  975  931  870  971  951  957 1003 1017  957
      40  947  828 1001  998 1051 1000  962  933 1043  892
      60  905  967  862  961  993  987 1031  989  948  908
      80  865  840  892  926  932  922  969  838  820  980
     100  812  806  818  819  750  887  821  914  831  746
     120  741  698  835  700  770  875  793  909  849  897
     140  886  788  763  754  893  861  790  829  743  990
     160  770  702  869  834  781  865  855  676  816  770
     180  816  875  755  712  834  784  877  822  781  785
     200  770  878  857  749  730  802  722  778  734  783
     220  649  788  821  826  812  706  735  711  768  871
     240  818  885  742  683  650  688  714  695  825  780
     260  794  737  779  670  688  730  784  784  739  769
     280  685  714  660  632  635  684  820  745  700  881
     300  705  927  623  583  661  771  739  790  768  838
     320  618  797  688  555  793  769  734  704  630  639
     340  705  658  570  478  632  813  666  610  664  656
     360  729  632  718  552  721  719  567  606  694  672
     380  672  637  656  652  602  624  592  629  723  610
     400  608  546  691  575  582  602  532  606  739  532
     420  618  483  567  659  625  690  608  573  651  610
     440  670  470  670  560  652  649  531  539  562  728
     460  643  521  542  525  556  530  571  552  584  721
     480  507  421  426  703  415  535  584  538  465  789
     500  665  422  610  584  515  434  614  613  464  790
     520  657  524  506  527  435  497  536  596  456  486
     540  522  557  547  537  408  481  590  582  335  509
     560  570  511  433  590  526  387  640  596  387  530
     580  385  508  404  622  527  363  543  515  454  585
     600  451  513  311  490  616  493  341  609  379  526
     620  543  379  350  570  606  569  434  480  355  582
     640  625  412  395  505  522  479  573  617  310  609
     660  584  521  353  465  455  591  546  494  414  563
     680  528  382  385  339  476  546  407  469  479  432
     700  604  384  570  418  410  614  500  404  458  407
     720  553  399  402  507  452  373  410  444  408  456
     740  497  384  400  591  522  378  355  455  362  438
     760  402  320  414  623  404  430  481  493  446  436
     780  406  358  496  470  406  412  385  544  516  502
     800  327  377  513  598  327  428  437  488  478  566
     820  351  453  415  596  332  365  359  376  340  573
     840  392  499  339  479  301  391  297  413  459  620
     860  377  536  315  444  255  445  348  456  432  607
     880  402  406  214  505  196  472  340  413  576  613
     900  388  415  154  635  217  428  438  442  541  428
     920  450  483  250  380  184  338  379  376  496  469
     940  488  360  222  386  249  289  337  344  493  394
     960  444  342  229  527  283  283  380  447  497  427
     980  423  399  202  569  189  263  313  375  557  385
    1000  464  421  139  597  230  385  299  324  479  404
    1020  487  238  153  576  326  323  383  332  522  380
    1040  577  443  102  575  235  250  532  331  472  408
    1060  641  414   90  572  140  361  437  297  485  402
    1080  551  505   42  358   93  322  555  438  479  453
    1100  606  484   31  524  140  350  445  434  457  373
    1120  505  374   16  454   89  302  437  350  482  390
    1140  441  397    0  447  139  370  406  356  426  473
    1160  451  357    0  412   88  395  381  381  476  451
    1180  485  354    6  469   89  344  430  319  491  334
    1200  554  333    8  458   64  417  349  379  544  316
    1220  529  462    0  421   45  339  257  289  410  256
    1240  650  435    0  356   34  430  355  315  383  307
    1260  562  385    0  263   34  409  407  385  492  332
    1280  492  342    0  308   33  374  382  357  465  400
    1300  537  329    0  284   44  363  448  290  414  477
    1320  440  350    0  258   55  411  449  300  357  436
    1340  554  340    0  307   16  442  398  265  415  394
    1360  579  352    0  283    7  414  465  230  475  293
    1380  580  376    0  200    0  340  409  251  445  287
    1400  518  322    0  189    6  373  268  314  416  303
    1420  543  328    0  199   21  428  277  407  392  303
    1440  591  336    0  171   29  472  336  471  352  231
    1460  619  400    0  231   11  527  233  380  390  216
    1480  601  422    3  165    0  405  252  307  464  188
    1500  563  470    1  238    8  369  282  363  480  152
    1520  490  483    0  222   13  444  324  333  343   93
    1540  355  498    0  230    0  436  251  269  388  163
    1560  499  420    0  264    0  512  293  319  288  187
    1580  542  353    5  260    0  419  340  267  352  196
    1600  425  474    1  298    0  406  340  283  294  184
    1620  424  564    0  324    0  391  330  218  182  134
    1640  431  604    0  315    0  351  345  287  286  162
    1660  389  600    9  271    0  381  376  387  385  121
    1680  407  397    0  305    0  381  263  290  420  183
    1700  345  410    0  364    1  272  256  267  468  191
    1720  410  450    0  536    0  331  247  297  531  185
    1740  528  267    8  417    0  301  210  344  466  210
    1760  429  251   16  356    0  211  208  218  513  163
    1780  265  366   25  394   61  158  186  375  435  148
    1800  369  334    3  264  102  222  182  382  395   32
    1820  359  359    0  238  129  279  155  355  532   14
    1840  435  348    1  316  145  227  224  369  613   21
    1860  480  421    1  567  229  296  108  333  599   57
    1880  387  262    1  561  243  272  113  322  540  131
    1900  404  278    0  524  240  305   97  297  447  102
    1920  540  264    2  618  371  276  155  289  488  155
    1940  424  208   10  594  487  328  222  251  434  126
    1960  344  253    1  584  342  304  195  262  496  213
    1980  402  215    2  634  403  297  192  317  409   80
    2000  394  240    4  560  487  296  150  368  416   32
    2020  483  233    0  616  428  357   92  271  469   79
    2040  386  302    3  713  429  370  113  228  408   72
    2060  305  369    0  714  333  457  135  219  367   94
    2080  421  392    0  610  317  313   84  277  444  111
    2100  383  497    0  535  260  286   60  346  516  117
    2120  416  527    0  584  257  230  142  303  386  174
    2140  468  563    0  418  226  311  194  387  388  115
    2160  500  414    0  525  259  379  155  319  338  169
    2180  345  437    0  466  243  293  201  384  362  181
    2200  338  496    0  589  295  227  117  324  387  114
    2220  409  429    0  605  346  259  107  275  324  119
    2240  505  524    1  391  486  270   30  368  262  174
    2260  528  439    0  348  508  298   26  383  382  180
    2280  524  355    0  343  370  339   25  354  305  219
    2300  448  359    0  320  260  222    8  295  403  272
    2320  369  367    0  465  398  104    0  405  241  321
    2340  436  458    0  566  347  258    0  358  226  260
    2360  418  390    0  448  401  254    0  304  311  415
    2380  373  387   20  565  473  241    3  298  273  301
    2400  352  424   35  539  464  357    1  267  214  378
    2420  392  434   24  509  499  311    0  319  184  480
    2440  260  413   16  495  397  319    0  276  160  526
    2460  259  246    5  561  286  308    1  239  128  540
    2480  312  251   14  413  348  205    0  285  147  522
    2500  316  179   40  463  366  128    0  299  134  436
    2520  312  101   19  532  315  185    3  290   79  542
    2540  302   76   18  552  308  163    0  292  103  618
    2560  247  142   58  526  411  118    0  213   50  602
    2580  371  113   22  456  342   61    0  239   57  523
    2600  264  127   44  365  439   83    0  241   39  519
    2620  325  261   28  360  422  109    0  359   89  490
    2640  436  339   26  383  657  153    0  339   59  488
    2660  390  317    5  374  605  199    0  404   91  420
    2680  362  267    7  364  594  186    0  331  140  481
    2700  590  173    2  336  510  233    0  232  193  512
    2720  458  189    0  409  598  163    0  234   36  420
    2740  353  189    0  276  430  157    0  334   29  385
    2760  286  256    0  237  430  108    0  251   27  459
    2780  388  217    0  298  341   52   23  306    3  449
    2800  454  166    0  303  428   18   17  352    0  452
    2820  290  157   17  245  455   15    0  397    0  511
    2840  375  178   13  270  493    0    0  345    2  480
    2860  479  118    3  163  514    0    0  374    0  420
    2880  428   75    4  183  341    0    0  290    0  336
    2900  386   29    0  189  369    0    3  387    0  271
    2920  374    2   38  166  405    0    0  429    0  259
    2940  382    1   59   89  421    0    5  428    4  297
    2960  430    0  103   89  290    1    0  430    9  190
    2980  485    0   73   66  239   25    0  361    4  239
    3000  441    5  102   81  326   59    0  315   11  213
    3020  434    0  134   52  300   68    0  385   11  164
    3040  327    0   90   67  420  131    0  384   29  166
    3060  378    0   60   44  349  108    0  459   20  239
    3080  395    0  151  104  287  196    0  478  115  124
    3100  392    0  190   85  245  202    0  518  224  158
    3120  270    0  125  107  224  203    6  533  292  324
    3140  392    0  174  116  128  182   39  456  116  273
    3160  408    8  196  112  192  124   68  331  109  344
    3180  466   27  142  164  193  153   26  412  142  516
    3200  446    9   95  133  110   67   29  316  174  431
    3220  369   11   80  166   91   31   23  232  160  381
    3240  350    2  102  235   86   30   19  328  260  424
    3260  280    0   53  143   52    0   65  431  313  404
    3280  325    0   39  187   11    0  122  533  259  301
    3300  346    0   29  181    8    0   97  477  285  400
    3320  331    0   22   73    5    0  163  503  197  372
    3340  382    0    0   91    3    3  136  487  256  338
    3360  380    0    0  125    0    6  152  397  294  272
    3380  374    0    0   97    0    2  148  588  255  281
    3400  304    1    0   82    7    0  128  521  178  297
    3420  222    0    0  142    6    0  179  366  183  410
    3440  301    0    0  223   44    0   93  462  194  478
    3460  326    0    0  296   39    0  122  514  285  477
    3480  302    0    0  285   31    2  181  448  420  372
    3500  294    0    0  366   60   18  209  475  459  298
    3520  381    0    3  239  151    3  175  379  440  346
    3540  451    0    0  260  195    0  222  435  307  345
    3560  277    2   14  258  138    0  122  480  404  421
    3580  322    0    9  224  216    0   55  373  261  517
    3600  440    0   26  162  164    0    8  344  201  372
    3620  420    0   23   82   80    0    0  382  276  357
    3640  382    4    9  120   57    0    5  291  365  442
    3660  450   22   42  107   41    0    7  315  350  422
    3680  358    8  100   81   20    0    0  444  445  372
    3700  400   13  133  164   13    0    0  468  283  424
    3720  289    9  197  152   57    3    0  470  179  452
    3740  390   15  260  208   93    0    0  517  258  396
    3760  402   15  229  258  100    0    0  639  277  399
    3780  449   43  236  276   57    8    0  509  399  328
    3800  364   75  182  375   64   67    1  375  270  342
    3820  424   76  154  459   15  176    1  346  318  321
    3840  189   43  202  420    0  177    3  447  343  349
    3860  230   85  198  280    0  309   14  473  288  331
    3880  218   89  163  310    0  432   20  521  284  461
    3900  238  119  115  259    0  459    3  481  332  434
    3920  186  112  153  126    0  381    0  371  226  284
    3940  121  103  281  100    0  507    3  449  325  241
    3960  106  133  294  101    6  572    5  333  431  188
    3980  174  122  300   72   32  561   19  300  455  227
    4000  162   55  234   50   66  575   11  323  496  212
    4020  187   86  186   34   40  641   18  330  381  165
    4040  226   27  155   17   46  650   61  424  261  196
    4060  328    4  146   36   76  738  195  432  301  211
    4080  237    0  170   28   35  519  194  345  323  153
    4100  177    0  221   28   52  609  247  518  265  197
    4120  227    0  198    0   40  596  277  412  332  205
    4140  218    2  134    0   25  432  334  452  296  334
    4160  358    0  119   18   22  458  324  490  284  427
    4180  250    0  168    4   19  411  301  558  302  436
    4200  194    0  163    0    8  362  258  430  281  411
    4220  318    2   96    0    0  386  235  437  342  543
    4240  315    4   75    0    0  489  202  601  320  435
    4260  423    0   41    0    0  517  191  619  454  347
    4280  377    0   20    0    0  538   95  596  336  386
    4300  415    0    7    0    5  408  113  523  331  512
    4320  405    0    5    0   64  484  101  463  270  446
    4340  370    0    0    0   87  342  104  472  224  430
    4360  343    0    0    0   74  283   65  471  242  472
    4380  298    0    0    0  131  265  109  581  346  573
    4400  281    0    0    0   81  156   69  594  307  575
    4420  281    0    4    7   69  373   19  519  299  561
    4440  237    0    0    0   83  318   33  491  284  539
    4460  268    0    0    0   34  359   37  437  419  639
    4480  317    0    0    0   42  306    1  562  383  526
    4500  297    0    0    0   10  272    0  557  236  429
    4520  299    0   64    0    0  283    0  531  383  432
    4540  358    0   81    0    0  221    0  544  305  527
    4560  335    0  156    0    0  108    0  488  305  471
    4580  268    0  279    2   11   92    1  413  258  408
    4600  421    7  336   76    4   61    0  536  257  356
    4620  373   40  470   81    0   58    0  466  234  407
    4640  317   40  443   96    0  149    0  518  386  403
    4660  437   61  476  225    2  117    0  525  321  389
    4680  476  153  268  224    0  148    4  453  339  312
    4700  424   95  287  267    0  187    0  526  325  387
    4720  341   85  272  262    0  165    0  456  268  253
    4740  306  113  290  353    0  103    0  407  320  257
    4760  253  118  376  387    0   92    0  448  296  335
    4780  272   96  327  323    1   81    0  379  255  283
    4800  294  132  274  444    0   74    0  525  278  280
    4820  315  136  303  404    4   82    0  573  260  316
    4840  385   90  461  295   22   59    0  426  435  429
    4860  414  118  431  314   63   50    0  553  548  528
    4880  416  111  434  292   68   62    0  570  451  388
    4900  328   67  375  410  187  106    0  414  410  307
    4920  367   51  372  325  213  127    0  393  423  368
    4940  467   53  404  263  148  110    5  339  358  445
    4960  362   14  391  145  173  156    1  453  454  357
    4980  254    2  449  213  155  132    0  439  379  235
    5000  348    0  441  291  134   99    0  547  401  334
    5020  343    0  414  231  173  101    2  430  309  284
    5040  399    0  502  298  160   95    0  442  423  232
    5060  366    0  428  271  169   54    0  374  502  216
    5080  499    0  353  251  155   36    0  351  596  242
    5100  374    7  421  311  166   47    0  294  516  193
    5120  327    4  372  361  111   11    0  341  444  188
    5140  289   55  431  271  179    0    0  380  519  147
    5160  377   63  363  287  232    0    0  371  505   77
    5180  322   75  450  218  255    0    0  209  412   57
    5200  284  101  527  188  189   12    0  206  441   56
    5220  305   73  522  149  278    9    1  205  339  141
    5240  350   91  519   32  342   17   37  144  330  144
    5260  397  119  632   61  286    0   28  143  210   57
    5280  416   81  523   29  234    3   43  105  328   82
    5300  281   60  504   26  228    0   71  137  284  162
    5320  297   32  636   32  188    0   86   90  378  140
    5340  367   82  512   44  125    0   40   55  253  183
    5360  333   44  721   24   95    0   34  100  176  137
    5380  352   24  572    7   23    0   63   92  258  109
    5400  286   13  511   28   31    0   92   25  319  119
    5420  367   12  435    7    3    0   47   22  286   36
    5440  329    2  393   11   35    8   76    3  271   14
    5460  340    0  444    0    1    0   84   16  310   28
    5480  380    0  367    0    0    0   78    6  277   19
    5500  446    0  451    0    0    0   29    0  312    0
    5520  352    0  547    0    0    0   51    0  304    3
    5540  303    6  469    0    0    0    0    0  269    0
    5560  284    2  438    0    0    3    0    0  271    0
    5580  295    1  470    0    1    0    0    0  176    0
    5600  386    0  452    0    0    0    0    0  163    0
    5620  448    0  492    0    0    0    0    0  196    0
    5640  268    0  399    0    0    0    0    0  193    0
    5660  315    0  471    9    7    0    0   22  169    0
    5680  465    0  425    0   13    0    0   22   82    0
    5700  406    0  528    0   75    0    5    6   60    0
    5720  359    0  515    0  103    1   13    0   52    0
    5740  529    0  407    4  191    0   40    0   13    0
    5760  466    2  325   32  184    0    8    0    4    0
    5780  467    0  288    0  230    0    0    0    1    0
    5800  526    2  325    1  232   26    0    3    0    0
    5820  463   24  327    8  258   25    0    0    2    0
    5840  485   76  473   18  273   18    0    0    0    0
    5860  505  156  473    4  196   34    0    0   13    0
    5880  378  158  422    2  199   25    0    0   46    0
    5900  370  188  374    0  184    4    0    0   66    0
    5920  357  153  392    1   87    0   23    0   67    0
    5940  460  235  302    0   73    0   12    6   36   15
    5960  423  173  370    0  113   11    9    0   31   28
    5980  528  132  415    0  122   19    0    3   27   59
    6000  466   54  276    2   93   29    0    0   20   35
    6020  541   36  311   16  132   19    0    0    1   30
    6040  491   98  377    0  196    0    0    0    0   15
    6060  600   96  415    0  116    0    0    0    0    0
    6080  446   62  363    0   90    0    0    0    2    0
    6100  362  103  260    0   49    0    0    5    0    0
    6120  493   92  319    0    0    0    0    0    5    0
    6140  453   93  370    0    0    0    1    0    0    1
    6160  505   76  394    0    0    0    0    0    0    0
    6180  571  164  380    0    0    0    3    0    0    0
    6200  375  175  413    4    0    0    0    0   10    0
    6220  453  218  351    2    0    0    0    1    0    0
    6240  433  181  328    0    0    0    0    0    0    0
    6260  334  185  336    0    0    0    0    3    0    0
    6280  367  100  326    1    0    1    0    0    0    0
    6300  288  120  320    0   12    0    0    0    0    0
    6320  351   86  220    0    4    0    0    0    0    5
    6340  393   81  413    0    0    0    2    0    0    0
    6360  481   55  251    0    0    0    5    0    0    0
    6380  364   70  320    0    0    0    4    0    0    0
    6400  421   50  291    0    0    0    3    0    1    0
    6420  438    8  340    9    0    0    2    0    0    0
    6440  362   41  343    0    0    0    0    1    0    0
    6460  340   47  234    0    0    0    0    0    0    0
    6480  273   30  177    0    0    0    0    2    1    0
    6500  259   33  167    0    0    0    0    0    0    9
    6520  190   20  151    0    0    0    0    0    0    3
    6540  226    6  165    0    0    0    0    0    0    0
    6560  144    0  235    0    0    0    0    0    0    0
    6580  158    0  161    0    0    2    0    0    0    0
    6600  211    1  155    0    3    0    0    0    0    0
    6620  165    2  111    0    5    2    0    1    0    0
    6640  121    0  110    0    4    2    0    0    0    0
    6660  155    0   85    0    1    0    0    0    0    0
    6680  166    0   62    0    0    0    0    0    0    0
    6700  153    0   69    0    1    0    0    0    0    0
    6720  161    0   37    0    0    0    0    0    0    0
    6740  248    2    0    6    6    4    0    0    0    3
    6760  171   11    0    7    0    0    1    0    0    0
    6780  139   14    0   15    0    1    0    1    0    0
    6800  134   10   18   94    0    0    2    0    0    3
    6820  308   24  111  142    0    0    0    0    0    0
    6840  255   42  172  169    0    0    0    0    0    0
    6860  135   35  392  282    0    0    0    1    0    2
    6880   80    0  479  323    0    8    0    0    0    0
    6900   46    3  594  250    0   14    0    0   24    0
    6920   46    0  553  136    0    9    0    0   26    0
    6940   54    0  336  143    0   17    0    0   53    0
    6960   26    0  344  141    1    0    0    0  108    0
    6980   27    1  374  115    0    0    0    2   82   11
    7000   11    0  415  152    0    1    0    2   87    0
    7020   12    0  366  110    0    0    0    0   97    0
    7040    0    0  304  105    0    0    0    0   32    0
    7060   14    0  295   73    0    0    0    0   24    0
    7080   49    0  336   29    0    0    0    1   37    0
    7100   52    0  449   18    2    0    0    0   19    0
    7120   75    0  297    2    0    2    2    0    0    0
    7140  103    0  408    2    4    0    0    0    0    3
    7160  129    0  416    5    5    0    0    0    0   25
    7180  143    0  280   29   10    0    0    0    0   22
    7200   76   25  313    2    0    0    0    0    0   27
    7220   54  121  369    0    0    0    0    0    0   31
    7240   30  177  266    7    0    1    0    0    0   27
    7260   36  214  239   12    0    0    0    0    0    3
    7280   15  270  206    7    0    0    0    0   21   21
    7300   14  225  189   19    0    0    0    1   20   23
    7320    2  252  210   74    0    0    0    0    7    6
    7340    3  328  209   71    0    0    0    9    9   20
    7360    0  196  126  107    0    0    0   34    0   30
    7380    0  195  101  111    1    0    0   51    0   21
    7400    0  282   71   87    0    0    5   59    0   23
    7420    0  277   29   31    0    0    0   83    0    3
    7440    0  299   17    1    0    0    0  127    0    0
    7460    0  309    6    0    0    0    0  113    0    0
    7480    1  336    0    4    0    0    0  163    0    0
    7500    0  410    0    0    0    0    0   95    0    0
    7520    0  304    0    0    0    0    1   96    0    0
    7540    0  358    0    0    0    0    0  130    0    0
    7560    3  248    0    0    0    6    0  163    0    0
    7580    0  268    0    0    1   14    0   93    0    4
    7600    0  453    0    0    0   14    2  100    0    0
    7620    0  515    0    0    1    0    0   68    0    1
    7640    0  521    0    0    0    0    0  105    0    0
    7660   13  468    0    0    0    0    0  101    0    0
    7680    6  460    0    0    0    0    0   87    0    1
    7700   12  401    3    0    0    1    0   39    0    0
    7720   14  341    0    0    0    0    0   77    0    1
    7740   12  370    0    0    0    0    0  120    0    2
    7760   19  378    0    0    0    0    0  175    0    0
    7780   23  414    0    0    0    0    0  151    0    0
    7800   30  469    3    0    0    0    0   71    0    6
    7820   34  565    0    0    0    0    0   58    0    0
    7840  108  616    0    0    0    0    0   29    3    0
    7860   61  419    0    0    0    0    0    1   22    0
    7880  212  413    0    0    0    0    0    0   29    0
    7900  222  473    0    0    0    0    0    0   26    0
    7920  256  456    0    0    0    0    4    0   27    0
    7940  159  447    0    9    0    0    0    0    0    0
    7960   85  453    0   36    0    0    0    0    0    0
    7980   58  413    0   27    0    0    0    0    0    7
    8000   42  430    0    3    0    0    0    0    0   10
    8020   28  460    0    9    0    0    2    0    2    0
    8040    0  442    0    0    0    0   37    0    0    0
    8060    0  356    0    0    0    0  259    0    0    0
    8080    0  368    0    0    0    0  520    0    0    0
    8100    0  323    0    8    0    0  706    0    0    0
    8120    0  324    0   58    0    0  722    0   14    0
    8140    0  456    0    5    0    0  662    0   34    0
    8160    0  427    0    0    0    2  606    0    8    0
    8180    5  318    0    3    0    5  816    0    5    0
    8200    0  428    1    0    0    0  613    0    0    0
    8220    0  284    0    0    0    0  656    0    0    5
    8240   10  301    0    0    0    0  728    0    0    0
    8260    0  344    0    0    0    0  754    0    0    0
    8280   13  295    0    0    0    0  830    0    0    0
    8300   13  288    0    0    0    0  616    0    0    0
    8320   39  278    0    0    0    0  607    0    0    0
    8340   20  317    0    0    0    1  492    0    0    0
    8360    7  332   11    0    0    0  584    0    0    0
    8380    8  252   10    0   26    0  525    0    0    0
    8400   14  240   14    1   47    0  496    0    0    0
    8420    9  301    0    0   56    0  574    0    0    0
    8440    0  313    0    0   40    0  543    0    0    0
    8460    0  302    0    0    0    0  504    0    0   12
    8480    0  291    0    0    0    0  628    0    0    0
    8500    0  272    0    0    0    0  694    0    0    0
    8520    0  338    0    0    0    0  495    0    0    0
    8540    0  290    0    0   11    0  404    0    0    5
    8560    0  263    0    0   47    0  542    0    0   50
    8580    0  372    0    0   81    0  487    0    0  106
    8600    0  340    0    0  141    0  400    0    0  210
    8620    0  414    0    0  210    0  461    0    0  240
    8640    0  269    0    2  360    0  495    1    0  391
    8660    0  369    0    1  293    0  451    0    0  318
    8680    1  375    0    0  200    0  482    0    0  347
    8700    0  319    0    0  248    0  433    0    0  316
    8720    0  329    0    0  302    0  405    0    0  387
    8740    0  333    0    0  289    0  412    0    0  351
    8760    0  413    0    0  276    0  328    0    0  415
    8780    0  455    0    0  242    0  284    0    0  331
    8800    0  423    0    0  319    0  289    0    0  322
    8820    0  388    0    0  331    0  264    0    0  391
    8840    0  283    0    0  317    0  408    0    0  339
    8860    0  320    0    0  314    0  359    0    0  399
    8880    0  184    0    0  401    0  462   20    0  376
    8900    3  218    0    0  304    0  421  101    0  357
    8920   10  181    0    0  216    0  579  158    0  355
    8940    0  159    0    0  180    0  466  222    0  410
    8960    0  207    0    0   79    0  456  274    0  570
    8980    0  187    0    0   42    0  430  444    0  337
    9000    0  123    0    0   61    0  459  523    0  325
    9020    0  163    0    1   69    0  420  583    0  389
    9040    0  225    0    0   76    0  377  584    0  449
    9060    0  312    0   18   47    0  347  655    0  424
    9080    0  316    1   11  137    0  327  594    0  376
    9100    0  230    2    0  161    0  419  534    4  557
    9120    0  262    0    0  149    0  223  378    9  397
    9140    0  304    0    0  138    0  327  479    0  487
    9160    0  261    0    0  191    0  317  499    0  503
    9180    0  225    0    0  115    0  319  568    0  517
    9200    0  305   13    0  132    0  335  652    0  306
    9220    0  292    5    2  258    0  317  477    0  471
    9240    0  190    0    0  318   11  320  529    0  543
    9260    0  245    1    0  403    2  285  557    0  481
    9280    0  226    0    0  365    4  200  596    0  543
    9300    2  274    0    0  307    0  142  511    0  507
    9320    0  299    0    0  232    0  130  458    0  524
    9340    0  384    0    0  151    0  199  499    0  504
    9360    0  283    0    0  145    0  204  514    0  579
    9380    0  334    0    5  120    0  184  548    0  611
    9400    0  254    0    2  110    0  207  468    0  582
    9420    0  228    0   15   36    0  205  398    0  492
    9440    0  279    0   24   88    0  167  404    0  524
    9460    0  305    0   22   48    0  169  375    0  498
    9480    0  432    0   54   47    0  134  392    0  463
    9500    0  541    0   68   23    0  191  365    0  395
    9520    0  438    0   87   14    0  194  471    0  353
    9540    0  492    0   60    0    7  227  302    0  439
    9560    0  479    2  119    0    0  160  200    0  542
    9580   18  521   29  176    0    0  155  270    0  436
    9600    9  652   91  244    0    0  117  284    0  259
    9620    0  455  165  260    0    0  119  365    0  297
    9640    0  424  243  226    1    0   45  273    0  368
    9660    0  421  236  287    9    0    0  354    0  456
    9680    0  351  237  201   19    0    0  411    0  333
    9700    0  369  312  276   32    6    0  302    0  435
    9720    0  447  350  290    2    0    0  245    0  355
    9740    0  393  296  192    0    0    0  239    0  473
    9760    2  551  251  152    0    0    0  207    0  391
    9780    0  498  171  193    0    0    0  221    0  421
    9800    0  430  124  196    0    0    0  318    1  365
    9820    0  414   86  144    0   26    0  323    9  481
    9840    0  438  133   97    0   21    0  273   16  422
    9860    0  506   45  127    0   40   11  177   14  365
    9880    0  520   23  107    0   74   73  271   14  318
    9900    0  578    0   52    0   68   40  242    0  257
    9920    0  534    0    7    0   88   65  217    0  316
    9940   21  564    0   11    0  109   38  166    0  289
    9960  113  479    0    0    0  191   68  261    0  359
    9980   55  511    0    0    0  124  235  312    0  593
   10000    5  418    0    0    0  171  174  329    0  488
   10020    0  473    0    0    0  364  191  276    0  341
   10040    0  577    0    1    0  321  236  315    0  316
   10060    0  554    0    2    0  438  229  246    0  357
   10080    0  554    0    0    0  500  128  319    0  443
   10100    0  504    0    0    0  448  153  280    0  300
   10120    0  506    0    0    0  323   98  287    0  258
   10140    0  496    0    3    0  300   54  291    0  250
   10160    0  517    0    0    0  379   39  287    0  372
   10180    0  434    0    0    1  403   49  261    0  251
   10200    0  495    0    0    0  379   29  326    0  225
   10220    0  434    0    0    0  331   47  223    0  220
   10240    0  425    0    5    0  220   18  303    0  148
   10260    0  435    0    0    0  236    0  227    0  166
   10280    0  415    0    0    0  351    0  148    0   90
   10300    0  454    0    0    0  288    0  270    0   19
   10320    0  509    0    0    1  346    0  278    0    0
   10340    0  483    0    0    0  226    0  237    0    0
   10360    0  469    0    0    0  290    0  293    0    0
   10380    0  386    1    0   12  202    0  232    0    0
   10400    0  463    0    0    5  274    0  210    0    0
   10420    0  388    0    0    0  381    0  109    0    0
   10440    0  346    5    7    0  262    0  168   17    0
   10460    0  315    0    0    2  207    0  184    9    0
   10480    1  290    0    0    0  365    0  222    0    0
   10500    3  395    0    0    0  454    0  283    0    4
   10520   24  359    0    0    0  329    0  256    0    0
   10540   42  330    0    1    0  310    0  439    5    0
   10560   67  393    0    0    0  361    0  596   20    1
   10580   36  428    0    0    0  474    0  546   25    0
   10600  117  279    0    0    0  343    0  559   73    0
   10620  176  299    2    0    0  335    0  474  129    1
   10640  203  191    0    0    0  493    0  478  105    0
   10660  244  144    0    0    0  418    0  353  145    0
   10680  213  272    0    0    0  411    0  537  166    0
   10700  201  299    0    0    0  555    0  354  207    0
   10720  284  426    0    1    0  548    0  387  123    0
   10740  332  397    0    0    0  443    0  326  186    0
   10760  326  297    0    0    0  445    2  255  229    0
   10780  241  328    0    0    0  533    0  290  185    0
   10800  231  280    0    8    0  326    0  275  152    0
   10820  292  328    0   16    0  415    0  362  225    0
   10840  429  400    0   29    0  393    0  354  179    0
   10860  383  335    0   27    2  431    0  348  168   24
   10880  320  298    0   14    1  409    0  348  161   22
   10900  276  282    0   21    0  351    0  327   76    0
   10920  325  300    0   59    3  354    0  263  122   12
   10940  211  338    0   51    0  280    6  148  140    0
   10960  291  290    0   60    0  347    0  260  149    0
   10980  407  235    4    4    0  325    0  315  162    0
   11000  288  188   15    0    3  331    0  363  197    4
   11020  246  183    0    0    0  334    0  323  101    0
   11040  226  121    0    0    0  366    0  356   48    0
   11060  161   89    0    0    0  485    0  303    6    0
   11080   66   98    0    0    0  371    0  403    0    0
   11100   74   83    2    0    0  266    0  447    3    0
   11120   21   27    0    0    0  202    0  428    0    0
   11140   31    7    0    0    0  304    0  409    0    0
   11160    0    0    0    0    1  208    0  509    0    0
   11180    0    0    0    0    4  218    0  520    0    0
   11200    0    0    0    0    0  316    0  425    0    0
   11220    0    0    0    2    0  255    0  436    0    0
   11240    1    0    0    0    0  346    0  484    0    0
   11260    0    0    0   12    0  201    4  460    1    0
   11280    0    0    0   18    0  222    3  344    0    0
   11300    2    0    0   36    0  342    0  390    0    0
   11320   12    6    0   29    0  301    0  434    0    0
   11340    0    0    0    9    0  223    0  371    0    0
   11360    0    2    0   30    0  340    0  345    0    0
   11380    0    0    0    6    0  412    0  347    0    0
   11400    0    0    0   11    0  436    0  403    0    0
   11420    0    0    0   24    3  345    0  444    0    0
   11440    0    0    0   14    0  300    2  430    0    3
   11460    0    0    0   37    0  365    2  388    0    0
   11480    0    0    0    0    0  364    0  357    0    0
   11500    0    0    0    0    0  411    3  353    9    0
   11520    0    0    0    0    0  319    0  374   63    0
   11540    0    0    0    0    0  325    0  407  117    0
   11560    0    0    0    0    0  292    0  429  214    0
   11580    0    0    0    0    0  235    0  417  210    0
   11600    0    0    0    0    0  229    0  343  258    0
   11620    0    0    0    0    0  181    0  248  221   12
   11640    1    0    0    0    0  274    0  290  250   30
   11660    0    0    0    0    0  232    0  273  297   43
   11680    0    0    0    0    0  229    0  353  239   31
   11700    0    0   11    0    0  204    0  409  241   40
   11720    0    0   15    0    0  166    0  412  220   62
   11740    0    0    0    0    0  214    0  451  246    5
   11760    0    0    0    0    0  229    0  335  200    0
   11780    0    0    0    0    0  188    0  400  243    0
   11800    0    0    0    0    0  163    0  449  303    0
   11820    0    0    0    0    0  108    0  462  212    0
   11840    0    0    0    0    0  197    0  345  196    4
   11860    0    0    0    0    0  121    0  360  241    0
   11880    0    0    0    0    0  142    4  256  256    0
   11900    0    0    0    0    9  124    0  244  208    0
   11920    0    0    0    0    0  128    0  276  195    0
   11940    0    0    0    0    0  174    0  232  221    0
   11960    0    0    0    0    0  114    0  219  104    0
   11980    0    0    0    0    0  113    0  193  204    0
   12000    7    0    0    0    0  107    0  141  210    0
   12020    0    0    0    0    0   43    0  139  104    0
   12040    0    0    0    0    0    0    0  180  108    0
   12060    0    0    0    0    0    0    0  153   50    0
   12080    0    0    0    0    0    0    0  109   41    0
   12100    0    0    0    0    0    0    0  114   70    0
   12120    0    0    0    0    0    0    0  102   50    0
   12140    0    0    0    0    0    0    0   91   33    0
   12160    0    0    0    0    0    0    0   60   25    0
   12180    0    0    0    0    0    0    0   98    0    0
   12200    0    0    0    0    0    0    0   93    0    0
   12220    0    0    0    0    0    0    0   68    0    0
   12240    0    0    0    0    0    0    0   75    0    0
   12260    0    0    0    0    0    0    0  125    0    0
   12280    0    0    0    0    0    0    0  143    0    0
   12300    0    0    0    0    0    0    0  127    0    0
   12320    0    0    0    0    0    0    0   71    0    0
   12340    0    0    0    0    0    0    0   80    0    0
   12360    0    0    0    0    0    0    0   49    0    0
   12380    0    0    0    0    0    0    0   10    0    0
   12400    0    0    0    0    0    0    0    0    0    0
   12420    0    0    0    0    0    0    0    0    0    0
   12440    0    0    0    0    0    0    0    0    0    0
   12460    0    0    0    0    0    0    0    0    0    0
   12480    0    0   10    0    1    0    0    0    0    0
   12500    0    0   21    0   13    0    0    0    0    0
   12520    0    0    0    0    0    0    0    0    0    0
   12540    0    0    0    0    0    0    0    2    0    0
   12560    2    0    0    0    0    0    0    0    0    0
   12580    0    0    0    0    0    0    0    0    0    0
   12600    0    0    0    0    0    0    0    0    0    0
   12620    0    0    0    0    0    0    0    0    0    0
   12640    0    0    0    0    0    0    5    0    0    0
   12660    0    0    0    0    0    0    0    0    0    0
   12680    0    0    0    0    0    0    0    0    0    0
   12700    0    0    0    0    0    0    0    0    0    0
   12720    0    0    0    0    0    0    0    0    0    0
   12740    0    0    0    0    0    0    0    0    0    0
   12760    0    0    0    0    0    0    0    0    0    0
   12780    0    0    0    0    0    0    0    0    0    0
   12800    0    0    0    0    0    0    0    0    0    0
   12820    0    0    0    0    0    0    0    0    0    0
   12840    2    0    0    0    0    0    0    0    0    0
   12860    0    0    0    0    0    0    0    0    0    0
   12880    0    0    0    0    0    0    0    0    0    0
   12900    0    0    0    0    0    0    0    0    0    0
   12920    0    0    0    0    0    0    0    0    0    0
   12940    0    0    0    0    0    0    0    0    0    0
   12960    0    0    0    0    0    0    0    0    0    0
   12980    0    0    0    0    0    0    0    0    0    0
   13000    0    0    0    0    0    0    0    0    0    0
   13020    0    0    0    0    0    0    0    0    0    0
   13040    0    0    0    0    0    0    0    0    0    0
   13060    0    0    0    0    0    0    0    0    0    0
   13080    0    0    0    0    0    0    0    0    0    0
   13100    0    0    0    0    0    0    0    0    0    0
   13120    0    0    0    0    0    0    0    0    0    0
   13140    0    0    0    0    0    0    0    0    0    0
   13160    0    0    0    0    0    0    0    0    0    0
   13180    0    0    0    0    0    0    0    0    0    0
   13200    0    0    0    0    0    0    0    0    0    0
   13220    0    0    0    0    0    0    0    0    0    0
   13240    0    0    0    0    0    0    0    0    0    0
   13260    0    0    0    0    0    0    0    0    0    0
   13280    0    0    0    0    0    0    0    0    0    0
   13300    0    0    0    0    0    0    0    0    0    0
   13320    0    0    0    0    0    0    0    0    0    0
   13340    0    0    0    0    0    0    0    0    0    0
   13360    0    0    0    0    0    0    0    0    0    0
   13380    0    0    0    0    0    0    0    0    0    0
   13400    0    0    0    0    0    0    0    0    0    0
   13420    0    0    0    0    0    0    0    0    0    0
   13440    0    0    0    0    0    0    0    0    0    0
   13460    0    0    0    0    0    0    0    0    0    0
   13480    0    0    0    0    0    0    0    0    0    0
   13500    0    0    0    0    0    0    0    0    0    0
   13520    0    0    0    0    0    0    0    0    0    0
   13540    0    0    0    0    0    0    0    0    0    0
   13560    0    0    0    0    0    0    0    0    0    0
   13580    0    0    0    0    0    0    0    0    0    0
   13600    0    0    0    0    0    0    0    0    0    0
   13620    0    0    0    0    0    0    0    0    0    0
   13640    0    0    0    0    0    0    0    0    0    0
   13660    0    0    0    0    0    0    0    0    0    0
   13680    0    0    0    0    0    0    0    0    0    0
   13700    0    0    0    0    0    0    0    0    0    0
   13720    0    0    0    0    0    0    0    0    0    0
   13740    0    0    0    0    0    0    0    0    0    0
   13760    0    0    0    0    0    0    0    0    0    0
   13780    0    0    0    0    0    0    0    0    0    0
   13800    0    0    0    0    0    0    0    0    0    0
   13820    0    0    0    0    0    0    0    0    0    0
   13840    0    0    0    0    0    0    0    0    0    0
   13860    0    0    0    0    0    0    0    0    0    0
   13880    0    0    0    0    0    0    0    0    0    0
   13900    0    0    0    0    0    0    0    0    0    0
   13920    0    0    0    0    0    0    0    0    0    0
   13940    0    0    0    0    0    0    0    0    0    0
   13960    0    0    0    0    0    0    0    0    0    0
   13980    0    0    0    0    0    0    0    0    0    0
   14000    0    0    0    0    0    0    0    0    0    0
   14020    0    0    0    0    0    0    0    0    0    0
   14040    0    0    0    0    0    0    0    0    0    0
   14060    0    0    0    0    0    0    0    0    0    0
   14080    0    0    0    0    0    0    0    0    0    0
   14100    0    0    0    0    0    0    0    0    0    0
   14120    0    0    0    0    0    0    0    0    0    0
   14140    0    0    0    0    0    0    0    0    0    0
   14160    0    0    0    0    0    0    0    0    0    0
   14180    0    0    0    0    0    0    0    0    0    0
   14200    0    0    0    0    0    0    0    0    0    0
   14220    0    0    0    0    0    0    0    0    0    0
   14240    0    0    0    0    0    0    0    0    0    0
   14260    0    0    0    0    0    0    0    0    0    0
   14280    0    0    0    0    0    0    0    0    0    0
   14300    0    0    0    0    0    0    0    0    0    0
   14320    0    0    0    0    0    0    0    0    0    0
   14340    0    0    0    0    0    0    0    0    0    0
   14360    0    0    0    0    0    0    0    0    0    0
   14380    0    0    0    0    0    0    0    0    0    0
   14400    0    0    0    0    0    0    0    0    0    0
   14420    0    0    0    0    0    0    0    0    0    0
   14440    0    0    0    0    0    0    0    0    0    0
   14460    0    0    0    0    0    0    0    0    0    0
   14480    0    0    0    0    0    0    0    0    0    0
   14500    0    0    0    0    0    0    0    0    0    0
   14520    0    0    0    0    0    0    0    0    0    0
   14540    0    0    0    0    0    0    0    0    0    0
   14560    0    0    0    0    0    0    0    0    0    0
   14580    0    0    0    0    0    0    0    0    0    0
   14600    0    0    0    0    0    0    0    0    0    0
   14620    0    0    0    0    0    0    0    0    0    0
   14640    0    0    0    0    0    0    0    0    0    0
   14660    0    0    0    0    0    0    0    0    0    0
   14680    0    0    0    0    0    0    0    0    0    0
   14700    0    0    0    0    0    0    0    0    0    0
   14720    0    0    0    0    0    0    0    0    0    0
   14740    0    0    0    0    0    0    0    0    0    0
   14760    0    0    0    0    0    0    0    0    0    0
   14780    0    0    0    0    0    0    0    0    0    0
   14800    0    0    0    0    0    0    0    0    0    0
   14820    0    0    0    0    0    0    0    0    0    0
   14840    0    0    0    0    0    0    0    0    0    0
   14860    0    0    0    0    0    0    0    0    0    0
   14880    0    0    0    0    0    0    0    0    0    0
   14900    0    0    0    0    0    0    0    0    0    0
   14920    0    0    0    0    0    0    0    0    0    0
   14940    0    0    0    0    0    0    0    0    0    0
   14960    0    0    0    0    0    0    0    0    0    0
   14980    0    0    0    0    0    0    0    0    0    0
   15000    0    0    0    0    0    0    0    0    0    0
   15020    0    0    0    0    0    0    0    0    0    0
   15040    0    0    0    0    0    0    0    0    0    0
   15060    0    0    0    0    0    0    0    0    0    0
   15080    0    0    0    0    0    0    0    0    0    0
   15100    0    0    0    0    0    0    0    0    0    0
   15120    0    0    0    0    0    0    0    0    0    0
   15140    0    0    0    0    0    0    0    0    0    0
   15160    0    0    0    0    0    0    0    0    0    0
   15180    0    0    0    0    0    0    0    0    0    0
   15200    0    0    0    0    0    0    0    0    0    0
   15220    0    0    0    0    0    0    0    0    0    0
   15240    0    0    0    0    0    0    0    0    0    0
   15260    0    0    0    0    0    0    0    0    0    0
   15280    0    0    0    0    0    0    0    0    0    0
   15300    0    0    0    0    0    0    0    0    0    0
   15320    0    0    0    0    0    0    0    0    0    0
   15340    0    0    0    0    0    0    0    0    0    0
   15360    0    0    0    0    0    0    0    0    0    0
   15380    0    0    0    0    0    0    0    0    0    0
   15400    0    0    0    0    0    0    0    0    0    0
   15420    0    0    0    0    0    0    0    0    0    0
   15440    0    0    0    0    0    0    0    0    0    0
   15460    0    0    0    0    0    0    0    0    0    0
   15480    0    0    0    0    0    0    0    0    0    0
   15500    0    0    0    0    0    0    0    0    0    0
   15520    0    0    0    0    0    0    0    0    0    0
   15540    0    0    0    0    0    0    0    0    0    0
   15560    0    0    0    0    0    0    0    0    0    0
   15580    0    0    0    0    0    0    0    0    0    0
   15600    0    0    0    0    0    0    0    0    0    0
   15620    0    0    0    0    0    0    0    0    0    0
   15640    0    0    0    0    0    0    0    0    0    0
   15660    0    0    0    0    0    0    0    0    0    0
   15680    0    0    0    0    0    0    0    0    0    0
   15700    0    0    0    0    0    0    0    0    0    0
   15720    0    0    0    0    0    0    0    0    0    0
   15740    0    0    0    0    0    0    0    0    0    0
   15760    0    0    0    0    0    0    0    0    0    0
   15780    0    0    0    0    0    0    0    0    0    0
   15800    0    0    0    0    0    0    0    0    0    0
   15820    0    0    0    0    0    0    0    0    0    0
   15840    0    0    0    0    0    0    0    0    0    0
   15860    0    0    0    0    0    0    0    0    0    0
   15880    0    0    0    0    0    0    0    0    0    0
   15900    0    0    0    0    0    0    0    0    0    0
   15920    0    0    0    0    0    0    0    0    0    0
   15940    0    0    0    0    0    0    0    0    0    0
   15960    0    0    0    0    0    0    0    0    0    0
   15980    0    0    0    0    0    0    0    0    0    0
   16000    0    0    0    0    0    0    0    0    0    0
   16020    0    0    0    0    0    0    0    0    0    0
   16040    0    0    0    0    0    0    0    0    0    0
   16060    0    0    0    0    0    0    0    0    0    0
   16080    0    0    0    0    0    0    0    0    0    0
   16100    0    0    0    0    0    0    0    0    0    0
   16120    0    0    0    0    0    0    0    0    0    0
   16140    0    0    0    0    0    0    0    0    0    0
   16160    0    0    0    0    0    0    0    0    0    0
   16180    0    0    0    0    0    0    0    0    0    0
   16200    0    0    0    0    0    0    0    0    0    0
   16220    0    0    0    0    0    0    0    0    0    0
   16240    0    0    0    0    0    0    0    0    0    0
   16260    0    0    0    0    0    0    0    0    0    0
   16280    0    0    0    0    0    0    0    0    0    0
   16300    0    0    0    0    0    0    0    0    0    0
   16320    0    0    0    0    0    0    0    0    0    0
   16340    0    0    0    0    0    0    0    0    0    0
   16360    0    0    0    0    0    0    0    0    0    0
   16380    0    0    0    0    0    0    0    0    0    0
   16400    0    0    0    0    0    0    0    0    0    0
   16420    0    0    0    0    0    0    0    0    0    0
   16440    0    0    0    0    0    0    0    0    0    0
   16460    0    0    0    0    0    0    0    0    0    0
   16480    0    0    0    0    0    0    0    0    0    0
   16500    0    0    0    0    0    0    0    0    0    0
   16520    0    0    0    0    0    0    0    0    0    0
   16540    0    0    0    0    0    0    0    0    0    0
   16560    0    0    0    0    0    0    0    0    0    0
   16580    0    0    0    0    0    0    0    0    0    0
   16600    0    0    0    0    0    0    0    0    0    0
   16620    0    0    0    0    0    0    0    0    0    0
   16640    0    0    0    0    0    0    0    0    0    0
   16660    0    0    0    0    0    0    0    0    0    0
   16680    0    0    0    0    0    0    0    0    0    0
   16700    0    0    0    0    0    0    0    0    0    0
   16720    0    0    0    0    0    0    0    0    0    0
   16740    0    0    0    0    0    0    0    0    0    0
   16760    0    0    0    0    0    0    0    0    0    0
   16780    0    0    0    0    0    0    0    0    0    0
   16800    0    0    0    0    0    0    0    0    0    0
   16820    0    0    0    0    0    0    0    0    0    0
   16840    0    0    0    0    0    0    0    0    0    0
   16860    0    0    0    0    0    0    0    0    0    0
   16880    0    0    0    0    0    0    0    0    0    0
   16900    0    0    0    0    0    0    0    0    0    0
   16920    0    0    0    0    0    0    0    0    0    0
   16940    0    0    0    0    0    0    0    0    0    0
   16960    0    0    0    0    0    0    0    0    0    0
   16980    0    0    0    0    0    0    0    0    0    0
   17000    0    0    0    0    0    0    0    0    0    0
   17020    0    0    0    0    0    0    0    0    0    0
   17040    0    0    0    0    0    0    0    0    0    0
   17060    0    0    0    0    0    0    0    0    0    0
   17080    0    0    0    0    0    0    0    0    0    0
   17100    0    0    0    0    0    0    0    0    0    0
   17120    0    0    0    0    0    0    0    0    0    0
   17140    0    0    0    0    0    0    0    0    0    0
   17160    0    0    0    0    0    0    0    0    0    0
   17180    0    0    0    0    0    0    0    0    0    0
   17200    0    0    0    0    0    0    0    0    0    0
   17220    0    0    0    0    0    0    0    0    0    0
   17240    0    0    0    0    0    0    0    0    0    0
   17260    0    0    0    0    0    0    0    0    0    0
   17280    0    0    0    0    0    0    0    0    0    0
   17300    0    0    0    0    0    0    0    0    0    0
   17320    0    0    0    0    0    0    0    0    0    0
   17340    0    0    0    0    0    0    0    0    0    0
   17360    0    0    0    0    0    0    0    0    0    0
   17380    0    0    0    0    0    0    0    0    0    0
   17400    0    0    0    0    0    0    0    0    0    0
   17420    0    0    0    0    0    0    0    0    0    0
   17440    0    0    0    0    0    0    0    0    0    0
   17460    0    0    0    0    0    0    0    0    0    0
   17480    0    0    0    0    0    0    0    0    0    0
   17500    0    0    0    0    0    0    0    0    0    0
   17520    0    0    0    0    0    0    0    0    0    0
   17540    0    0    0    0    0    0    0    0    0    0
   17560    0    0    0    0    0    0    0    0    0    0
   17580    0    0    0    0    0    0    0    0    0    0
   17600    0    0    0    0    0    0    0    0    0    0
   17620    0    0    0    0    0    0    0    0    0    0
   17640    0    0    0    0    0    0    0    0    0    0
   17660    0    0    0    0    0    0    0    0    0    0
   17680    0    0    0    0    0    0    0    0    0    0
   17700    0    0    0    0    0    0    0    0    0    0
   17720    0    0    0    0    0    0    0    0    0    0
   17740    0    0    0    0    0    0    0    0    0    0
   17760    0    0    0    0    0    0    0    0    0    0
   17780    0    0    0    0    0    0    0    0    0    0
   17800    0    0    0    0    0    0    0    0    0    0
   17820    0    0    0    0    0    0    0    0    0    0
   17840    0    0    0    0    0    0    0    0    0    0
   17860    0    0    0    0    0    0    0    0    0    0
   17880    0    0    0    0    0    0    0    0    0    0
   17900    0    0    0    0    0    0    0    0    0    0
   17920    0    0    0    0    0    0    0    0    0    0
   17940    0    0    0    0    0    0    0    0    0    0
   17960    0    0    0    0    0    0    0    0    0    0
   17980    0    0    0    0    0    0    0    0    0    0
   18000    0    0    0    0    0    0    0    0    0    0
   18020    0    0    0    0    0    0    0    0    0    0
   18040    0    0    0    0    0    0    0    0    0    0
   18060    0    0    0    0    0    0    0    0    0    0
   18080    0    0    0    0    0    0    0    0    0    0
   18100    0    0    0    0    0    0    0    0    0    0
   18120    0    0    0    0    0    0    0    0    0    0
   18140    0    0    0    0    0    0    0    0    0    0
   18160    0    0    0    0    0    0    0    0    0    0
   18180    0    0    0    0    0    0    0    0    0    0
   18200    0    0    0    0    0    0    0    0    0    0
   18220    0    0    0    0    0    0    0    0    0    0
   18240    0    0    0    0    0    0    0    0    0    0
   18260    0    0    0    0    0    0    0    0    0    0
   18280    0    0    0    0    0    0    0    0    0    0
   18300    0    0    0    0    0    0    0    0    0    0
   18320    0    0    0    0    0    0    0    0    0    0
   18340    0    0    0    0    0    0    0    0    0    0
   18360    0    0    0    0    0    0    0    0    0    0
   18380    0    0    0    0    0    0    0    0    0    0
   18400    0    0    0    0    0    0    0    0    0    0
   18420    0    0    0    0    0    0    0    0    0    0
   18440    0    0    0    0    0    0    0    0    0    0
   18460    0    0    0    0    0    0    0    0    0    0
   18480    0    0    0    0    0    0    0    0    0    0
   18500    0    0    0    0    0    0    0    0    0    0
   18520    0    0    0    0    0    0    0    0    0    0
   18540    0    0    0    0    0    0    0    0    0    0
   18560    0    0    0    0    0    0    0    0    0    0
   18580    0    0    0    0    0    0    0    0    0    0
   18600    0    0    0    0    0    0    0    0    0    0
   18620    0    0    0    0    0    0    0    0    0    0
   18640    0    0    0    0    0    0    0    0    0    0
   18660    0    0    0    0    0    0    0    0    0    0
   18680    0    0    0    0    0    0    0    0    0    0
   18700    0    0    0    0    0    0    0    0    0    0
   18720    0    0    0    0    0    0    0    0    0    0
   18740    0    0    0    0    0    0    0    0    0    0
   18760    0    0    0    0    0    0    0    0    0    0
   18780    0    0    0    0    0    0    0    0    0    0
   18800    0    0    0    0    0    0    0    0    0    0
   18820    0    0    0    0    0    0    0    0    0    0
   18840    0    0    0    0    0    0    0    0    0    0
   18860    0    0    0    0    0    0    0    0    0    0
   18880    0    0    0    0    0    0    0    0    0    0
   18900    0    0    0    0    0    0    0    0    0    0
   18920    0    0    0    0    0    0    0    0    0    0
   18940    0    0    0    0    0    0    0    0    0    0
   18960    0    0    0    0    0    0    0    0    0    0
   18980    0    0    0    0    0    0    0    0    0    0
   19000    0    0    0    0    0    0    0    0    0    0
   19020    0    0    0    0    0    0    0    0    0    0
   19040    0    0    0    0    0    0    0    0    0    0
   19060    0    0    0    0    0    0    0    0    0    0
   19080    0    0    0    0    0    0    0    0    0    0
   19100    0    0    0    0    0    0    0    0    0    0
   19120    0    0    0    0    0    0    0    0    0    0
   19140    0    0    0    0    0    0    0    0    0    0
   19160    0    0    0    0    0    0    0    0    0    0
   19180    0    0    0    0    0    0    0    0    0    0
   19200    0    0    0    0    0    0    0    0    0    0
   19220    0    0    0    0    0    0    0    0    0    0
   19240    0    0    0    0    0    0    0    0    0    0
   19260    0    0    0    0    0    0    0    0    0    0
   19280    0    0    0    0    0    0    0    0    0    0
   19300    0    0    0    0    0    0    0    0    0    0
   19320    0    0    0    0    0    0    0    0    0    0
   19340    0    0    0    0    0    0    0    0    0    0
   19360    0    0    0    0    0    0    0    0    0    0
   19380    0    0    0    0    0    0    0    0    0    0
   19400    0    0    0    0    0    0    0    0    0    0
   19420    0    0    0    0    0    0    0    0    0    0
   19440    0    0    0    0    0    0    0    0    0    0
   19460    0    0    0    0    0    0    0    0    0    0
   19480    0    0    0    0    0    0    0    0    0    0
   19500    0    0    0    0    0    0    0    0    0    0
   19520    0    0    0    0    0    0    0    0    0    0
   19540    0    0    0    0    0    0    0    0    0    0
   19560    0    0    0    0    0    0    0    0    0    0
   19580    0    0    0    0    0    0    0    0    0    0
   19600    0    0    0    0    0    0    0    0    0    0
   19620    0    0    0    0    0    0    0    0    0    0
   19640    0    0    0    0    0    0    0    0    0    0
   19660    0    0    0    0    0    0    0    0    0    0
   19680    0    0    0    0    0    0    0    0    0    0
   19700    0    0    0    0    0    0    0    0    0    0
   19720    0    0    0    0    0    0    0    0    0    0
   19740    0    0    0    0    0    0    0    0    0    0
   19760    0    0    0    0    0    0    0    0    0    0
   19780    0    0    0    0    0    0    0    0    0    0
   19800    0    0    0    0    0    0    0    0    0    0
   19820    0    0    0    0    0    0    0    0    0    0
   19840    0    0    0    0    0    0    0    0    0    0
   19860    0    0    0    0    0    0    0    0    0    0
   19880    0    0    0    0    0    0    0    0    0    0
   19900    0    0    0    0    0    0    0    0    0    0
   19920    0    0    0    0    0    0    0    0    0    0
   19940    0    0    0    0    0    0    0    0    0    0
   19960    0    0    0    0    0    0    0    0    0    0
   19980    0    0    0    0    0    0    0    0    0    0
   20000    0    0    0    0    0    0    0    0    0    0
   20020    0    0    0    0    0    0    0    0    0    0
   20040    0    0    0    0    0    0    0    0    0    0
   20060    0    0    0    0    0    0    0    0    0    0
   20080    0    0    0    0    0    0    0    0    0    0
   20100    0    0    0    0    0    0    0    0    0    0
   20120    0    0    0    0    0    0    0    0    0    0
   20140    0    0    0    0    0    0    0    0    0    0
   20160    0    0    0    0    0    0    0    0    0    0
   20180    0    0    0    0    0    0    0    0    0    0
   20200    0    0    0    0    0    0    0    0    0    0
   20220    0    0    0    0    0    0    0    0    0    0
   20240    0    0    0    0    0    0    0    0    0    0
   20260    0    0    0    0    0    0    0    0    0    0
   20280    0    0    0    0    0    0    0    0    0    0
   20300    0    0    0    0    0    0    0    0    0    0
   20320    0    0    0    0    0    0    0    0    0    0
   20340    0    0    0    0    0    0    0    0    0    0
   20360    0    0    0    0    0    0    0    0    0    0
   20380    0    0    0    0    0    0    0    0    0    0
   20400    0    0    0    0    0    0    0    0    0    0
   20420    0    0    0    0    0    0    0    0    0    0
   20440    0    0    0    0    0    0    0    0    0    0
   20460    0    0    0    0    0    0    0    0    0    0
   20480    0    0    0    0    0    0    0    0    0    0
   20500    0    0    0    0    0    0    0    0    0    0
   20520    0    0    0    0    0    0    0    0    0    0
   20540    0    0    0    0    0    0    0    0    0    0
   20560    0    0    0    0    0    0    0    0    0    0
   20580    0    0    0    0    0    0    0    0    0    0
   20600    0    0    0    0    0    0    0    0    0    0
   20620    0    0    0    0    0    0    0    0    0    0
   20640    0    0    0    0    0    0    0    0    0    0
   20660    0    0    0    0    0    0    0    0    0    0
   20680    0    0    0    0    0    0    0    0    0    0
   20700    0    0    0    0    0    0    0    0    0    0
   20720    0    0    0    0    0    0    0    0    0    0
   20740    0    0    0    0    0    0    0    0    0    0
   20760    0    0    0    0    0    0    0    0    0    0
   20780    0    0    0    0    0    0    0    0    0    0
   20800    0    0    0    0    0    0    0    0    0    0
   20820    0    0    0    0    0    0    0    0    0    0
   20840    0    0    0    0    0    0    0    0    0    0
   20860    0    0    0    0    0    0    0    0    0    0
   20880    0    0    0    0    0    0    0    0    0    0
   20900    0    0    0    0    0    0    0    0    0    0
   20920    0    0    0    0    0    0    0    0    0    0
   20940    0    0    0    0    0    0    0    0    0    0
   20960    0    0    0    0    0    0    0    0    0    0
   20980    0    0    0    0    0    0    0    0    0    0
   21000    0    0    0    0    0    0    0    0    0    0
   21020    0    0    0    0    0    0    0    0    0    0
   21040    0    0    0    0    0    0    0    0    0    0
   21060    0    0    0    0    0    0    0    0    0    0
   21080    0    0    0    0    0    0    0    0    0    0
   21100    0    0    0    0    0    0    0    0    0    0
   21120    0    0    0    0    0    0    0    0    0    0
   21140    0    0    0    0    0    0    0    0    0    0
   21160    0    0    0    0    0    0    0    0    0    0
   21180    0    0    0    0    0    0    0    0    0    0
   21200    0    0    0    0    0    0    0    0    0    0
   21220    0    0    0    0    0    0    0    0    0    0
   21240    0    0    0    0    0    0    0    0    0    0
   21260    0    0    0    0    0    0    0    0    0    0
   21280    0    0    0    0    0    0    0    0    0    0
   21300    0    0    0    0    0    0    0    0    0    0
   21320    0    0    0    0    0    0    0    0    0    0
   21340    0    0    0    0    0    0    0    0    0    0
   21360    0    0    0    0    0    0    0    0    0    0
   21380    0    0    0    0    0    0    0    0    0    0
   21400    0    0    0    0    0    0    0    0    0    0
   21420    0    0    0    0    0    0    0    0    0    0
   21440    0    0    0    0    0    0    0    0    0    0
   21460    0    0    0    0    0    0    0    0    0    0
   21480    0    0    0    0    0    0    0    0    0    0
   21500    0    0    0    0    0    0    0    0    0    0
   21520    0    0    0    0    0    0    0    0    0    0
   21540    0    0    0    0    0    0    0    0    0    0
   21560    0    0    0    0    0    0    0    0    0    0
   21580    0    0    0    0    0    0    0    0    0    0
   21600    0    0    0    0    0    0    0    0    0    0
   21620    0    0    0    0    0    0    0    0    0    0
   21640    0    0    0    0    0    0    0    0    0    0
   21660    0    0    0    0    0    0    0    0    0    0
   21680    0    0    0    0    0    0    0    0    0    0
   21700    0    0    0    0    0    0    0    0    0    0
   21720    0    0    0    0    0    0    0    0    0    0
   21740    0    0    0    0    0    0    0    0    0    0
   21760    0    0    0    0    0    0    0    0    0    0
   21780    0    0    0    0    0    0    0    0    0    0
   21800    0    0    0    0    0    0    0    0    0    0
   21820    0    0    0    0    0    0    0    0    0    0
   21840    0    0    0    0    0    0    0    0    0    0
   21860    0    0    0    0    0    0    0    0    0    0
   21880    0    0    0    0    0    0    0    0    0    0
   21900    0    0    0    0    0    0    0    0    0    0
   21920    0    0    0    0    0    0    0    0    0    0
   21940    0    0    0    0    0    0    0    0    0    0
   21960    0    0    0    0    0    0    0    0    0    0
   21980    0    0    0    0    0    0    0    0    0    0
   22000    0    0    0    0    0    0    0    0    0    0
   22020    0    0    0    0    0    0    0    0    0    0
   22040    0    0    0    0    0    0    0    0    0    0
   22060    0    0    0    0    0    0    0    0    0    0
   22080    0    0    0    0    0    0    0    0    0    0
   22100    0    0    0    0    0    0    0    0    0    0
   22120    0    0    0    0    0    0    0    0    0    0
   22140    0    0    0    0    0    0    0    0    0    0
   22160    0    0    0    0    0    0    0    0    0    0
   22180    0    0    0    0    0    0    0    0    0    0
   22200    0    0    0    0    0    0    0    0    0    0
   22220    0    0    0    0    0    0    0    0    0    0
   22240    0    0    0    0    0    0    0    0    0    0
   22260    0    0    0    0    0    0    0    0    0    0
   22280    0    0    0    0    0    0    0    0    0    0
   22300    0    0    0    0    0    0    0    0    0    0
   22320    0    0    0    0    0    0    0    0    0    0
   22340    0    0    0    0    0    0    0    0    0    0
   22360    0    0    0    0    0    0    0    0    0    0
   22380    0    0    0    0    0    0    0    0    0    0
   22400    0    0    0    0    0    0    0    0    0    0
   22420    0    0    0    0    0    0    0    0    0    0
   22440    0    0    0    0    0    0    0    0    0    0
   22460    0    0    0    0    0    0    0    0    0    0
   22480    0    0    0    0    0    0    0    0    0    0
   22500    0    0    0    0    0    0    0    0    0    0
   22520    0    0    0    0    0    0    0    0    0    0
   22540    0    0    0    0    0    0    0    0    0    0
   22560    0    0    0    0    0    0    0    0    0    0
   22580    0    0    0    0    0    0    0    0    0    0
   22600    0    0    0    0    0    0    0    0    0    0
   22620    0    0    0    0    0    0    0    0    0    0
   22640    0    0    0    0    0    0    0    0    0    0
   22660    0    0    0    0    0    0    0    0    0    0
   22680    0    0    0    0    0    0    0    0    0    0
   22700    0    0    0    0    0    0    0    0    0    0
   22720    0    0    0    0    0    0    0    0    0    0
   22740    0    0    0    0    0    0    0    0    0    0
   22760    0    0    0    0    0    0    0    0    0    0
   22780    0    0    0    0    0    0    0    0    0    0
   22800    0    0    0    0    0    0    0    0    0    0
   22820    0    0    0    0    0    0    0    0    0    0
   22840    0    0    0    0    0    0    0    0    0    0
   22860    0    0    0    0    0    0    0    0    0    0
   22880    0    0    0    0    0    0    0    0    0    0
   22900    0    0    0    0    0    0    0    0    0    0
   22920    0    0    0    0    0    0    0    0    0    0
   22940    0    0    0    0    0    0    0    0    0    0
   22960    0    0    0    0    0    0    0    0    0    0
   22980    0    0    0    0    0    0    0    0    0    0
   23000    0    0    0    0    0    0    0    0    0    0
   23020    0    0    0    0    0    0    0    0    0    0
   23040    0    0    0    0    0    0    0    0    0    0
   23060    0    0    0    0    0    0    0    0    0    0
   23080    0    0    0    0    0    0    0    0    0    0
   23100    0    0    0    0    0    0    0    0    0    0
   23120    0    0    0    0    0    0    0    0    0    0
   23140    0    0    0    0    0    0    0    0    0    0
   23160    0    0    0    0    0    0    0    0    0    0
   23180    0    0    0    0    0    0    0    0    0    0
   23200    0    0    0    0    0    0    0    0    0    0
   23220    0    0    0    0    0    0    0    0    0    0
   23240    0    0    0    0    0    0    0    0    0    0
   23260    0    0    0    0    0    0    0    0    0    0
   23280    0    0    0    0    0    0    0    0    0    0
   23300    0    0    0    0    0    0    0    0    0    0
   23320    0    0    0    0    0    0    0    0    0    0
   23340    0    0    0    0    0    0    0    0    0    0
   23360    0    0    0    0    0    0    0    0    0    0
   23380    0    0    0    0    0    0    0    0    0    0
   23400    0    0    0    0    0    0    0    0    0    0
   23420    0    0    0    0    0    0    0    0    0    0
   23440    0    0    0    0    0    0    0    0    0    0
   23460    0    0    0    0    0    0    0    0    0    0
   23480    0    0    0    0    0    0    0    0    0    0
   23500    0    0    0    0    0    0    0    0    0    0
   23520    0    0    0    0    0    0    0    0    0    0
   23540    0    0    0    0    0    0    0    0    0    0
   23560    0    0    0    0    0    0    0    0    0    0
   23580    0    0    0    0    0    0    0    0    0    0
   23600    0    0    0    0    0    0    0    0    0    0
   23620    0    0    0    0    0    0    0    0    0    0
   23640    0    0    0    0    0    0    0    0    0    0
   23660    0    0    0    0    0    0    0    0    0    0
   23680    0    0    0    0    0    0    0    0    0    0
   23700    0    0    0    0    0    0    0    0    0    0
   23720    0    0    0    0    0    0    0    0    0    0
   23740    0    0    0    0    0    0    0    0    0    0
   23760    0    0    0    0    0    0    0    0    0    0
   23780    0    0    0    0    0    0    0    0    0    0
   23800    0    0    0    0    0    0    0    0    0    0
   23820    0    0    0    0    0    0    0    0    0    0
   23840    0    0    0    0    0    0    0    0    0    0
   23860    0    0    0    0    0    0    0    0    0    0
   23880    0    0    0    0    0    0    0    0    0    0
   23900    0    0    0    0    0    0    0    0    0    0
   23920    0    0    0    0    0    0    0    0    0    0
   23940    0    0    0    0    0    0    0    0    0    0
   23960    0    0    0    0    0    0    0    0    0    0
   23980    0    0    0    0    0    0    0    0    0    0
   24000    0    0    0    0    0    0    0    0    0    0
   24020    0    0    0    0    0    0    0    0    0    0
   24040    0    0    0    0    0    0    0    0    0    0
   24060    0    0    0    0    0    0    0    0    0    0
   24080    0    0    0    0    0    0    0    0    0    0
   24100    0    0    0    0    0    0    0    0    0    0
   24120    0    0    0    0    0    0    0    0    0    0
   24140    0    0    0    0    0    0    0    0    0    0
   24160    0    0    0    0    0    0    0    0    0    0
   24180    0    0    0    0    0    0    0    0    0    0
   24200    0    0    0    0    0    0    0    0    0    0
   24220    0    0    0    0    0    0    0    0    0    0
   24240    0    0    0    0    0    0    0    0    0    0
   24260    0    0    0    0    0    0    0    0    0    0
   24280    0    0    0    0    0    0    0    0    0    0
   24300    0    0    0    0    0    0    0    0    0    0
   24320    0    0    0    0    0    0    0    0    0    0
   24340    0    0    0    0    0    0    0    0    0    0
   24360    0    0    0    0    0    0    0    0    0    0
   24380    0    0    0    0    0    0    0    0    0    0
   24400    0    0    0    0    0    0    0    0    0    0
   24420    0    0    0    0    0    0    0    0    0    0
   24440    0    0    0    0    0    0    0    0    0    0
   24460    0    0    0    0    0    0    0    0    0    0
   24480    0    0    0    0    0    0    0    0    0    0
   24500    0    0    0    0    0    0    0    0    0    0
   24520    0    0    0    0    0    0    0    0    0    0
   24540    0    0    0    0    0    0    0    0    0    0
   24560    0    0    0    0    0    0    0    0    0    0
   24580    0    0    0    0    0    0    0    0    0    0
   24600    0    0    0    0    0    0    0    0    0    0
   24620    0    0    0    0    0    0    0    0    0    0
   24640    0    0    0    0    0    0    0    0    0    0
   24660    0    0    0    0    0    0    0    0    0    0
   24680    0    0    0    0    0    0    0    0    0    0
   24700    0    0    0    0    0    0    0    0    0    0
   24720    0    0    0    0    0    0    0    0    0    0
   24740    0    0    0    0    0    0    0    0    0    0
   24760    0    0    0    0    0    0    0    0    0    0
   24780    0    0    0    0    0    0    0    0    0    0
   24800    0    0    0    0    0    0    0    0    0    0
   24820    0    0    0    0    0    0    0    0    0    0
   24840    0    0    0    0    0    0    0    0    0    0
   24860    0    0    0    0    0    0    0    0    0    0
   24880    0    0    0    0    0    0    0    0    0    0
   24900    0    0    0    0    0    0    0    0    0    0
   24920    0    0    0    0    0    0    0    0    0    0
   24940    0    0    0    0    0    0    0    0    0    0
   24960    0    0    0    0    0    0    0    0    0    0
   24980    0    0    0    0    0    0    0    0    0    0
   25000    0    0    0    0    0    0    0    0    0    0
   25020    0    0    0    0    0    0    0    0    0    0
   25040    0    0    0    0    0    0    0    0    0    0
   25060    0    0    0    0    0    0    0    0    0    0
   25080    0    0    0    0    0    0    0    0    0    0
   25100    0    0    0    0    0    0    0    0    0    0
   25120    0    0    0    0    0    0    0    0    0    0
   25140    0    0    0    0    0    0    0    0    0    0
   25160    0    0    0    0    0    0    0    0    0    0
   25180    0    0    0    0    0    0    0    0    0    0
   25200    0    0    0    0    0    0    0    0    0    0
   25220    0    0    0    0    0    0    0    0    0    0
   25240    0    0    0    0    0    0    0    0    0    0
   25260    0    0    0    0    0    0    0    0    0    0
   25280    0    0    0    0    0    0    0    0    0    0
   25300    0    0    0    0    0    0    0    0    0    0
   25320    0    0    0    0    0    0    0    0    0    0
   25340    0    0    0    0    0    0    0    0    0    0
   25360    0    0    0    0    0    0    0    0    0    0
   25380    0    0    0    0    0    0    0    0    0    0
   25400    0    0    0    0    0    0    0    0    0    0
   25420    0    0    0    0    0    0    0    0    0    0
   25440    0    0    0    0    0    0    0    0    0    0
   25460    0    0    0    0    0    0    0    0    0    0
   25480    0    0    0    0    0    0    0    0    0    0
   25500    0    0    0    0    0    0    0    0    0    0
   25520    0    0    0    0    0    0    0    0    0    0
   25540    0    0    0    0    0    0    0    0    0    0
   25560    0    0    0    0    0    0    0    0    0    0
   25580    0    0    0    0    0    0    0    0    0    0
   25600    0    0    0    0    0    0    0    0    0    0
   25620    0    0    0    0    0    0    0    0    0    0
   25640    0    0    0    0    0    0    0    0    0    0
   25660    0    0    0    0    0    0    0    0    0    0
   25680    0    0    0    0    0    0    0    0    0    0
   25700    0    0    0    0    0    0    0    0    0    0
   25720    0    0    0    0    0    0    0    0    0    0
   25740    0    0    0    0    0    0    0    0    0    0
   25760    0    0    0    0    0    0    0    0    0    0
   25780    0    0    0    0    0    0    0    0    0    0
   25800    0    0    0    0    0    0    0    0    0    0
   25820    0    0    0    0    0    0    0    0    0    0
   25840    0    0    0    0    0    0    0    0    0    0
   25860    0    0    0    0    0    0    0    0    0    0
   25880    0    0    0    0    0    0    0    0    0    0
   25900    0    0    0    0    0    0    0    0    0    0
   25920    0    0    0    0    0    0    0    0    0    0
   25940    0    0    0    0    0    0    0    0    0    0
   25960    0    0    0    0    0    0    0    0    0    0
   25980    0    0    0    0    0    0    0    0    0    0
   26000    0    0    0    0    0    0    0    0    0    0
   26020    0    0    0    0    0    0    0    0    0    0
   26040    0    0    0    0    0    0    0    0    0    0
   26060    0    0    0    0    0    0    0    0    0    0
   26080    0    0    0    0    0    0    0    0    0    0
   26100    0    0    0    0    0    0    0    0    0    0
   26120    0    0    0    0    0    0    0    0    0    0
   26140    0    0    0    0    0    0    0    0    0    0
   26160    0    0    0    0    0    0    0    0    0    0
   26180    0    0    0    0    0    0    0    0    0    0
   26200    0    0    0    0    0    0    0    0    0    0
   26220    0    0    0    0    0    0    0    0    0    0
   26240    0    0    0    0    0    0    0    0    0    0
   26260    0    0    0    0    0    0    0    0    0    0
   26280    0    0    0    0    0    0    0    0    0    0
   26300    0    0    0    0    0    0    0    0    0    0
   26320    0    0    0    0    0    0    0    0    0    0
   26340    0    0    0    0    0    0    0    0    0    0
   26360    0    0    0    0    0    0    0    0    0    0
   26380    0    0    0    0    0    0    0    0    0    0
   26400    0    0    0    0    0    0    0    0    0    0
   26420    0    0    0    0    0    0    0    0    0    0
   26440    0    0    0    0    0    0    0    0    0    0
   26460    0    0    0    0    0    0    0    0    0    0
   26480    0    0    0    0    0    0    0    0    0    0
   26500    0    0    0    0    0    0    0    0    0    0
   26520    0    0    0    0    0    0    0    0    0    0
   26540    0    0    0    0    0    0    0    0    0    0
   26560    0    0    0    0    0    0    0    0    0    0
   26580    0    0    0    0    0    0    0    0    0    0
   26600    0    0    0    0    0    0    0    0    0    0
   26620    0    0    0    0    0    0    0    0    0    0
   26640    0    0    0    0    0    0    0    0    0    0
   26660    0    0    0    0    0    0    0    0    0    0
   26680    0    0    0    0    0    0    0    0    0    0
   26700    0    0    0    0    0    0    0    0    0    0
   26720    0    0    0    0    0    0    0    0    0    0
   26740    0    0    0    0    0    0    0    0    0    0
   26760    0    0    0    0    0    0    0    0    0    0
   26780    0    0    0    0    0    0    0    0    0    0
   26800    0    0    0    0    0    0    0    0    0    0
   26820    0    0    0    0    0    0    0    0    0    0
   26840    0    0    0    0    0    0    0    0    0    0
   26860    0    0    0    0    0    0    0    0    0    0
   26880    0    0    0    0    0    0    0    0    0    0
   26900    0    0    0    0    0    0    0    0    0    0
   26920    0    0    0    0    0    0    0    0    0    0
   26940    0    0    0    0    0    0    0    0    0    0
   26960    0    0    0    0    0    0    0    0    0    0
   26980    0    0    0    0    0    0    0    0    0    0
   27000    0    0    0    0    0    0    0    0    0    0
   27020    0    0    0    0    0    0    0    0    0    0
   27040    0    0    0    0    0    0    0    0    0    0
   27060    0    0    0    0    0    0    0    0    0    0
   27080    0    0    0    0    0    0    0    0    0    0
   27100    0    0    0    0    0    0    0    0    0    0
   27120    0    0    0    0    0    0    0    0    0    0
   27140    0    0    0    0    0    0    0    0    0    0
   27160    0    0    0    0    0    0    0    0    0    0
   27180    0    0    0    0    0    0    0    0    0    0
   27200    0    0    0    0    0    0    0    0    0    0
   27220    0    0    0    0    0    0    0    0    0    0
   27240    0    0    0    0    0    0    0    0    0    0
   27260    0    0    0    0    0    0    0    0    0    0
   27280    0    0    0    0    0    0    0    0    0    0
   27300    0    0    0    0    0    0    0    0    0    0
   27320    0    0    0    0    0    0    0    0    0    0
   27340    0    0    0    0    0    0    0    0    0    0
   27360    0    0    0    0    0    0    0    0    0    0
   27380    0    0    0    0    0    0    0    0    0    0
   27400    0    0    0    0    0    0    0    0    0    0
   27420    0    0    0    0    0    0    0    0    0    0
   27440    0    0    0    0    0    0    0    0    0    0
   27460    0    0    0    0    0    0    0    0    0    0
   27480    0    0    0    0    0    0    0    0    0    0
   27500    0    0    0    0    0    0    0    0    0    0
   27520    0    0    0    0    0    0    0    0    0    0
   27540    0    0    0    0    0    0    0    0    0    0
   27560    0    0    0    0    0    0    0    0    0    0
   27580    0    0    0    0    0    0    0    0    0    0
   27600    0    0    0    0    0    0    0    0    0    0
   27620    0    0    0    0    0    0    0    0    0    0
   27640    0    0    0    0    0    0    0    0    0    0
   27660    0    0    0    0    0    0    0    0    0    0
   27680    0    0    0    0    0    0    0    0    0    0
   27700    0    0    0    0    0    0    0    0    0    0
   27720    0    0    0    0    0    0    0    0    0    0
   27740    0    0    0    0    0    0    0    0    0    0
   27760    0    0    0    0    0    0    0    0    0    0
   27780    0    0    0    0    0    0    0    0    0    0
   27800    0    0    0    0    0    0    0    0    0    0
   27820    0    0    0    0    0    0    0    0    0    0
   27840    0    0    0    0    0    0    0    0    0    0
   27860    0    0    0    0    0    0    0    0    0    0
   27880    0    0    0    0    0    0    0    0    0    0
   27900    0    0    0    0    0    0    0    0    0    0
   27920    0    0    0    0    0    0    0    0    0    0
   27940    0    0    0    0    0    0    0    0    0    0
   27960    0    0    0    0    0    0    0    0    0    0
   27980    0    0    0    0    0    0    0    0    0    0
   28000    0    0    0    0    0    0    0    0    0    0
   28020    0    0    0    0    0    0    0    0    0    0
   28040    0    0    0    0    0    0    0    0    0    0
   28060    0    0    0    0    0    0    0    0    0    0
   28080    0    0    0    0    0    0    0    0    0    0
   28100    0    0    0    0    0    0    0    0    0    0
   28120    0    0    0    0    0    0    0    0    0    0
   28140    0    0    0    0    0    0    0    0    0    0
   28160    0    0    0    0    0    0    0    0    0    0
   28180    0    0    0    0    0    0    0    0    0    0
   28200    0    0    0    0    0    0    0    0    0    0
   28220    0    0    0    0    0    0    0    0    0    0
   28240    0    0    0    0    0    0    0    0    0    0
   28260    0    0    0    0    0    0    0    0    0    0
   28280    0    0    0    0    0    0    0    0    0    0
   28300    0    0    0    0    0    0    0    0    0    0
   28320    0    0    0    0    0    0    0    0    0    0
   28340    0    0    0    0    0    0    0    0    0    0
   28360    0    0    0    0    0    0    0    0    0    0
   28380    0    0    0    0    0    0    0    0    0    0
   28400    0    0    0    0    0    0    0    0    0    0
   28420    0    0    0    0    0    0    0    0    0    0
   28440    0    0    0    0    0    0    0    0    0    0
   28460    0    0    0    0    0    0    0    0    0    0
   28480    0    0    0    0    0    0    0    0    0    0
   28500    0    0    0    0    0    0    0    0    0    0
   28520    0    0    0    0    0    0    0    0    0    0
   28540    0    0    0    0    0    0    0    0    0    0
   28560    0    0    0    0    0    0    0    0    0    0
   28580    0    0    0    0    0    0    0    0    0    0
   28600    0    0    0    0    0    0    0    0    0    0
   28620    0    0    0    0    0    0    0    0    0    0
   28640    0    0    0    0    0    0    0    0    0    0
   28660    0    0    0    0    0    0    0    0    0    0
   28680    0    0    0    0    0    0    0    0    0    0
   28700    0    0    0    0    0    0    0    0    0    0
   28720    0    0    0    0    0    0    0    0    0    0
   28740    0    0    0    0    0    0    0    0    0    0
   28760    0    0    0    0    0    0    0    0    0    0
   28780    0    0    0    0    0    0    0    0    0    0
   28800    0    0    0    0    0    0    0    0    0    0
   28820    0    0    0    0    0    0    0    0    0    0
   28840    0    0    0    0    0    0    0    0    0    0
   28860    0    0    0    0    0    0    0    0    0    0
   28880    0    0    0    0    0    0    0    0    0    0
   28900    0    0    0    0    0    0    0    0    0    0
   28920    0    0    0    0    0    0    0    0    0    0
   28940    0    0    0    0    0    0    0    0    0    0
   28960    0    0    0    0    0    0    0    0    0    0
   28980    0    0    0    0    0    0    0    0    0    0
   29000    0    0    0    0    0    0    0    0    0    0
   29020    0    0    0    0    0    0    0    0    0    0
   29040    0    0    0    0    0    0    0    0    0    0
   29060    0    0    0    0    0    0    0    0    0    0
   29080    0    0    0    0    0    0    0    0    0    0
   29100    0    0    0    0    0    0    0    0    0    0
   29120    0    0    0    0    0    0    0    0    0    0
   29140    0    0    0    0    0    0    0    0    0    0
   29160    0    0    0    0    0    0    0    0    0    0
   29180    0    0    0    0    0    0    0    0    0    0
   29200    0    0    0    0    0    0    0    0    0    0
   29220    0    0    0    0    0    0    0    0    0    0
   29240    0    0    0    0    0    0    0    0    0    0
   29260    0    0    0    0    0    0    0    0    0    0
   29280    0    0    0    0    0    0    0    0    0    0
   29300    0    0    0    0    0    0    0    0    0    0
   29320    0    0    0    0    0    0    0    0    0    0
   29340    0    0    0    0    0    0    0    0    0    0
   29360    0    0    0    0    0    0    0    0    0    0
   29380    0    0    0    0    0    0    0    0    0    0
   29400    0    0    0    0    0    0    0    0    0    0
   29420    0    0    0    0    0    0    0    0    0    0
   29440    0    0    0    0    0    0    0    0    0    0
   29460    0    0    0    0    0    0    0    0    0    0
   29480    0    0    0    0    0    0    0    0    0    0
   29500    0    0    0    0    0    0    0    0    0    0
   29520    0    0    0    0    0    0    0    0    0    0
   29540    0    0    0    0    0    0    0    0    0    0
   29560    0    0    0    0    0    0    0    0    0    0
   29580    0    0    0    0    0    0    0    0    0    0
   29600    0    0    0    0    0    0    0    0    0    0
   29620    0    0    0    0    0    0    0    0    0    0
   29640    0    0    0    0    0    0    0    0    0    0
   29660    0    0    0    0    0    0    0    0    0    0
   29680    0    0    0    0    0    0    0    0    0    0
   29700    0    0    0    0    0    0    0    0    0    0
   29720    0    0    0    0    0    0    0    0    0    0
   29740    0    0    0    0    0    0    0    0    0    0
   29760    0    0    0    0    0    0    0    0    0    0
   29780    0    0    0    0    0    0    0    0    0    0
   29800    0    0    0    0    0    0    0    0    0    0
   29820    0    0    0    0    0    0    0    0    0    0
   29840    0    0    0    0    0    0    0    0    0    0
   29860    0    0    0    0    0    0    0    0    0    0
   29880    0    0    0    0    0    0    0    0    0    0
   29900    0    0    0    0    0    0    0    0    0    0
   29920    0    0    0    0    0    0    0    0    0    0
   29940    0    0    0    0    0    0    0    0    0    0
   29960    0    0    0    0    0    0    0    0    0    0
   29980    0    0    0    0    0    0    0    0    0    0
   30000    0    0    0    0    0    0    0    0    0    0
