      20     0.000096178     0.000095664     0.953170000
      40     0.000181354     0.000179471     0.907960000
      60     0.000257820     0.000254059     0.862910000
      80     0.000328098     0.000321771     0.809610000
     100     0.000395171     0.000385986     0.789140000
     120     0.000450630     0.000438433     0.746830000
     140     0.000501588     0.000486159     0.720860000
     160     0.000547854     0.000528910     0.680430000
     180     0.000590412     0.000567933     0.659120000
     200     0.000634368     0.000608191     0.630510000
     220     0.000673216     0.000642746     0.616890000
     240     0.000707236     0.000672348     0.580640000
     260     0.000728116     0.000689427     0.563850000
     280     0.000762470     0.000719452     0.560750000
     300     0.000797315     0.000749133     0.531860000
     320     0.000815639     0.000763237     0.507200000
     340     0.000827759     0.000771769     0.505140000
     360     0.000850929     0.000789959     0.483830000
     380     0.000868076     0.000803408     0.486960000
     400     0.000889105     0.000819968     0.481360000
     420     0.000898776     0.000827424     0.452170000
     440     0.000925075     0.000848114     0.448830000
     460     0.000942110     0.000860757     0.434190000
     480     0.000955474     0.000869030     0.427250000
     500     0.000971099     0.000879677     0.413600000
     520     0.000978541     0.000885322     0.419150000
     540     0.000975748     0.000878427     0.414060000
     560     0.000984072     0.000883479     0.400410000
     580     0.000991863     0.000888164     0.399870000
     600     0.001006406     0.000898372     0.396990000
     620     0.001019549     0.000907163     0.385520000
     640     0.001028122     0.000912182     0.384500000
     660     0.001031198     0.000910777     0.393540000
     680     0.001032667     0.000912100     0.386530000
     700     0.001044025     0.000918380     0.379410000
     720     0.001043499     0.000914943     0.360920000
     740     0.001052718     0.000919986     0.364390000
     760     0.001061354     0.000923395     0.359190000
     780     0.001057238     0.000916906     0.358290000
     800     0.001066079     0.000924966     0.343670000
     820     0.001073671     0.000926082     0.342220000
     840     0.001064255     0.000915985     0.341260000
     860     0.001075669     0.000922864     0.339290000
     880     0.001072860     0.000918931     0.339180000
     900     0.001068583     0.000914523     0.340320000
     920     0.001077260     0.000920919     0.343320000
     940     0.001112148     0.000935835     0.336510000
     960     0.001110574     0.000939845     0.338740000
     980     0.001117935     0.000944368     0.337840000
    1000     0.001119029     0.000944143     0.316100000
    1020     0.001112164     0.000937228     0.314370000
    1040     0.001118494     0.000938479     0.307790000
    1060     0.001116620     0.000933030     0.314400000
    1080     0.001131423     0.000942847     0.307840000
    1100     0.001128443     0.000942121     0.304920000
    1120     0.001133606     0.000944333     0.299460000
    1140     0.001131680     0.000942722     0.301260000
    1160     0.001139283     0.000949707     0.301060000
    1180     0.001142038     0.000952075     0.297730000
    1200     0.001139697     0.000943999     0.291020000
    1220     0.001132339     0.000933020     0.290350000
    1240     0.001130445     0.000933363     0.304560000
    1260     0.001131219     0.000938556     0.305260000
    1280     0.001146554     0.000944040     0.304230000
    1300     0.001146117     0.000939886     0.296390000
    1320     0.001150803     0.000940060     0.306330000
    1340     0.001150202     0.000935571     0.295690000
    1360     0.001150520     0.000932417     0.288460000
    1380     0.001154180     0.000933011     0.287340000
    1400     0.001148387     0.000924289     0.279350000
    1420     0.001148654     0.000926606     0.283000000
    1440     0.001152241     0.000933968     0.295460000
    1460     0.001155751     0.000929777     0.272400000
    1480     0.001165010     0.000941253     0.267520000
    1500     0.001170433     0.000940497     0.268100000
    1520     0.001162177     0.000933859     0.275880000
    1540     0.001156177     0.000926263     0.279120000
    1560     0.001160980     0.000927714     0.285990000
    1580     0.001152099     0.000924214     0.277710000
    1600     0.001170296     0.000937261     0.277220000
    1620     0.001158995     0.000933455     0.274500000
    1640     0.001159201     0.000932744     0.264530000
    1660     0.001162929     0.000930544     0.274780000
    1680     0.001175965     0.000937787     0.273150000
    1700     0.001179656     0.000941710     0.271930000
    1720     0.001184150     0.000922873     0.269350000
    1740     0.001168665     0.000913698     0.254220000
    1760     0.001159298     0.000913086     0.266810000
    1780     0.001142360     0.000905183     0.278480000
    1800     0.001156501     0.000912523     0.274270000
    1820     0.001149613     0.000913020     0.284260000
    1840     0.001146493     0.000909203     0.282470000
    1860     0.001148011     0.000907586     0.290940000
    1880     0.001139911     0.000896574     0.285110000
    1900     0.001136390     0.000899916     0.304300000
    1920     0.001161806     0.000914698     0.289690000
    1940     0.001175030     0.000910259     0.278620000
    1960     0.001174232     0.000913516     0.280240000
    1980     0.001172501     0.000913961     0.285080000
    2000     0.001175025     0.000907395     0.279110000
    2020     0.001171463     0.000900917     0.282790000
    2040     0.001156019     0.000905006     0.280660000
    2060     0.001156864     0.000907678     0.281560000
    2080     0.001148030     0.000894775     0.287840000
    2100     0.001153679     0.000903351     0.292620000
    2120     0.001136625     0.000909623     0.288480000
    2140     0.001158983     0.000923069     0.284990000
    2160     0.001153750     0.000917831     0.297710000
    2180     0.001163733     0.000924472     0.293150000
    2200     0.001162985     0.000926498     0.296100000
    2220     0.001167567     0.000912202     0.291270000
    2240     0.001145574     0.000911600     0.293540000
    2260     0.001152626     0.000916406     0.296410000
    2280     0.001159149     0.000926974     0.295360000
    2300     0.001164726     0.000922179     0.285130000
    2320     0.001140099     0.000912021     0.288250000
    2340     0.001143197     0.000921179     0.287990000
    2360     0.001130944     0.000911518     0.287720000
    2380     0.001117762     0.000902024     0.296310000
    2400     0.001136798     0.000911829     0.298930000
    2420     0.001138804     0.000928220     0.298760000
    2440     0.001144351     0.000938120     0.306380000
    2460     0.001151175     0.000942802     0.304620000
    2480     0.001156059     0.000946526     0.301060000
    2500     0.001156112     0.000940667     0.292940000
    2520     0.001155024     0.000941894     0.287850000
    2540     0.001155211     0.000944926     0.292010000
    2560     0.001164412     0.000949938     0.295810000
    2580     0.001171135     0.000951754     0.293510000
    2600     0.001172395     0.000955589     0.287460000
    2620     0.001161082     0.000947773     0.278190000
    2640     0.001151785     0.000937972     0.276060000
    2660     0.001167394     0.000947922     0.287750000
    2680     0.001158904     0.000941272     0.280290000
    2700     0.001170200     0.000950253     0.290270000
    2720     0.001173979     0.000949956     0.291910000
    2740     0.001177906     0.000946940     0.289190000
    2760     0.001178872     0.000947739     0.290150000
    2780     0.001165507     0.000938607     0.288190000
    2800     0.001153994     0.000932730     0.279080000
    2820     0.001148882     0.000927769     0.284000000
    2840     0.001162148     0.000938512     0.278140000
    2860     0.001163387     0.000941032     0.286290000
    2880     0.001161597     0.000940701     0.280110000
    2900     0.001155713     0.000934175     0.284980000
    2920     0.001153958     0.000930295     0.286590000
    2940     0.001176045     0.000946743     0.287920000
    2960     0.001173388     0.000947730     0.291550000
    2980     0.001169190     0.000943363     0.290990000
    3000     0.001172956     0.000939533     0.289010000
    3020     0.001167161     0.000936375     0.286840000
    3040     0.001157922     0.000927760     0.284380000
    3060     0.001160368     0.000927528     0.277920000
    3080     0.001158621     0.000925178     0.287590000
    3100     0.001157045     0.000926733     0.271480000
    3120     0.001149423     0.000924960     0.272050000
    3140     0.001156174     0.000921835     0.275190000
    3160     0.001169519     0.000925947     0.277990000
    3180     0.001154106     0.000916903     0.271110000
    3200     0.001153465     0.000915670     0.269030000
    3220     0.001154081     0.000911870     0.284540000
    3240     0.001157069     0.000918431     0.303920000
    3260     0.001169149     0.000925205     0.297820000
    3280     0.001159117     0.000922278     0.291480000
    3300     0.001146042     0.000911980     0.281070000
    3320     0.001158155     0.000915305     0.283100000
    3340     0.001154009     0.000911962     0.273620000
    3360     0.001164517     0.000916978     0.284240000
    3380     0.001159268     0.000918771     0.287720000
    3400     0.001157497     0.000911483     0.279680000
    3420     0.001144316     0.000915356     0.286790000
    3440     0.001124264     0.000913710     0.284000000
    3460     0.001125385     0.000912469     0.290270000
    3480     0.001127899     0.000912364     0.290860000
    3500     0.001118036     0.000901943     0.286530000
    3520     0.001134410     0.000907772     0.296860000
    3540     0.001120339     0.000903921     0.294000000
    3560     0.001118941     0.000908644     0.291400000
    3580     0.001126601     0.000911510     0.294020000
    3600     0.001119228     0.000901409     0.302070000
    3620     0.001112832     0.000909359     0.316050000
    3640     0.001119090     0.000904703     0.314620000
    3660     0.001137926     0.000916721     0.312060000
    3680     0.001136854     0.000918990     0.310290000
    3700     0.001145895     0.000926633     0.303850000
    3720     0.001129064     0.000917517     0.295740000
    3740     0.001144196     0.000921679     0.297030000
    3760     0.001135397     0.000920080     0.288770000
    3780     0.001123257     0.000910039     0.299540000
    3800     0.001132283     0.000913483     0.299930000
    3820     0.001140628     0.000919230     0.305700000
    3840     0.001126492     0.000911198     0.289000000
    3860     0.001137234     0.000914348     0.295380000
    3880     0.001131800     0.000911568     0.292200000
    3900     0.001116304     0.000901566     0.290230000
    3920     0.001119578     0.000893753     0.304380000
    3940     0.001108733     0.000890417     0.306860000
    3960     0.001112062     0.000903837     0.305320000
    3980     0.001106351     0.000900239     0.306570000
    4000     0.001110703     0.000906594     0.302750000
    4020     0.001122362     0.000914330     0.311380000
    4040     0.001133213     0.000926688     0.312820000
    4060     0.001132682     0.000924583     0.316240000
    4080     0.001134118     0.000923398     0.309840000
    4100     0.001123262     0.000913586     0.300840000
    4120     0.001142236     0.000927369     0.295900000
    4140     0.001149995     0.000931447     0.290660000
    4160     0.001174333     0.000950202     0.290960000
    4180     0.001180869     0.000954314     0.285610000
    4200     0.001168209     0.000943036     0.288760000
    4220     0.001161113     0.000933952     0.281190000
    4240     0.001179330     0.000954048     0.284200000
    4260     0.001178804     0.000948934     0.279570000
    4280     0.001168366     0.000945275     0.278900000
    4300     0.001172350     0.000947767     0.280360000
    4320     0.001175156     0.000942901     0.275250000
    4340     0.001179511     0.000941480     0.286410000
    4360     0.001194517     0.000950253     0.288390000
    4380     0.001199489     0.000951430     0.285580000
    4400     0.001196036     0.000943385     0.282590000
    4420     0.001187814     0.000937436     0.270520000
    4440     0.001214195     0.000949523     0.266080000
    4460     0.001234117     0.000946364     0.260480000
    4480     0.001216437     0.000931089     0.260470000
    4500     0.001200604     0.000925794     0.264330000
    4520     0.001180432     0.000918869     0.261700000
    4540     0.001182412     0.000912886     0.261180000
    4560     0.001173351     0.000915557     0.262220000
    4580     0.001180802     0.000914704     0.262030000
    4600     0.001183938     0.000916351     0.258740000
    4620     0.001195974     0.000927742     0.259770000
    4640     0.001206386     0.000929479     0.263750000
    4660     0.001203700     0.000918947     0.265620000
    4680     0.001214837     0.000936941     0.256960000
    4700     0.001201500     0.000918774     0.256200000
    4720     0.001190065     0.000907656     0.253570000
    4740     0.001174453     0.000893792     0.254690000
    4760     0.001158981     0.000897513     0.249440000
    4780     0.001139970     0.000889425     0.255610000
    4800     0.001149794     0.000883519     0.263200000
    4820     0.001149042     0.000890902     0.273800000
    4840     0.001158162     0.000897483     0.283940000
    4860     0.001149122     0.000900347     0.289800000
    4880     0.001157185     0.000911435     0.293200000
    4900     0.001163386     0.000924704     0.288870000
    4920     0.001164241     0.000930893     0.287890000
    4940     0.001169093     0.000933318     0.276260000
    4960     0.001159256     0.000934693     0.280980000
    4980     0.001171882     0.000936882     0.273720000
    5000     0.001179330     0.000941596     0.276330000
    5020     0.001170973     0.000936948     0.285280000
    5040     0.001178641     0.000946508     0.284630000
    5060     0.001183074     0.000943112     0.280580000
    5080     0.001160534     0.000928931     0.280110000
    5100     0.001164035     0.000934345     0.268340000
    5120     0.001166176     0.000927431     0.278220000
    5140     0.001182696     0.000937805     0.279510000
    5160     0.001174528     0.000931111     0.275390000
    5180     0.001169628     0.000930534     0.262520000
    5200     0.001173680     0.000925528     0.264900000
    5220     0.001175059     0.000926637     0.264580000
    5240     0.001179011     0.000924073     0.267520000
    5260     0.001176189     0.000923237     0.267780000
    5280     0.001194549     0.000914509     0.265740000
    5300     0.001209212     0.000924317     0.261060000
    5320     0.001210699     0.000934873     0.264190000
    5340     0.001208979     0.000933521     0.254860000
    5360     0.001192394     0.000926488     0.262820000
    5380     0.001206471     0.000935148     0.256980000
    5400     0.001186913     0.000906955     0.249180000
    5420     0.001198878     0.000914303     0.249990000
    5440     0.001205303     0.000910823     0.246420000
    5460     0.001178463     0.000912603     0.248990000
    5480     0.001183413     0.000912459     0.255060000
    5500     0.001176554     0.000908501     0.269230000
    5520     0.001193964     0.000920846     0.271190000
    5540     0.001189925     0.000927172     0.277660000
    5560     0.001194386     0.000925049     0.267400000
    5580     0.001197506     0.000930363     0.263920000
    5600     0.001203399     0.000931205     0.251940000
    5620     0.001205317     0.000923793     0.250140000
    5640     0.001221760     0.000939478     0.249840000
    5660     0.001216133     0.000931741     0.245700000
    5680     0.001193434     0.000925514     0.243180000
    5700     0.001197446     0.000928930     0.248720000
    5720     0.001195513     0.000924071     0.265980000
    5740     0.001202148     0.000933951     0.270710000
    5760     0.001197008     0.000933687     0.275580000
    5780     0.001192946     0.000930899     0.268340000
    5800     0.001209943     0.000942160     0.260340000
    5820     0.001215783     0.000942415     0.259170000
    5840     0.001214869     0.000937359     0.259890000
    5860     0.001220581     0.000939339     0.245980000
    5880     0.001220516     0.000942672     0.253200000
    5900     0.001220107     0.000940820     0.253620000
    5920     0.001221612     0.000931907     0.253750000
    5940     0.001218565     0.000923735     0.253810000
    5960     0.001215245     0.000930735     0.251880000
    5980     0.001213174     0.000937680     0.248090000
    6000     0.001223266     0.000935542     0.247410000
    6020     0.001233016     0.000922801     0.238690000
    6040     0.001237171     0.000925663     0.239890000
    6060     0.001237258     0.000937682     0.242990000
    6080     0.001238311     0.000937766     0.243940000
    6100     0.001253588     0.000930926     0.236740000
    6120     0.001234297     0.000922639     0.227790000
    6140     0.001251687     0.000934319     0.226810000
    6160     0.001250481     0.000933454     0.230990000
    6180     0.001253962     0.000943158     0.229040000
    6200     0.001239985     0.000918093     0.228330000
    6220     0.001249770     0.000923992     0.234860000
    6240     0.001240887     0.000921937     0.234240000
    6260     0.001228564     0.000912291     0.232580000
    6280     0.001222689     0.000901834     0.222730000
    6300     0.001234425     0.000896149     0.231050000
    6320     0.001225466     0.000903606     0.228720000
    6340     0.001209909     0.000898551     0.240410000
    6360     0.001222128     0.000909789     0.241970000
    6380     0.001226489     0.000918943     0.249890000
    6400     0.001215147     0.000912328     0.248220000
    6420     0.001218262     0.000920189     0.247650000
    6440     0.001217316     0.000909624     0.246840000
    6460     0.001203173     0.000908660     0.254710000
    6480     0.001206901     0.000924330     0.255980000
    6500     0.001199406     0.000917328     0.250780000
    6520     0.001208647     0.000931172     0.243520000
    6540     0.001197742     0.000923673     0.253690000
    6560     0.001208147     0.000926911     0.248620000
    6580     0.001206274     0.000930118     0.241970000
    6600     0.001200272     0.000922995     0.246410000
    6620     0.001188972     0.000918288     0.248390000
    6640     0.001194672     0.000913564     0.248760000
    6660     0.001182704     0.000900959     0.245490000
    6680     0.001206230     0.000914452     0.250660000
    6700     0.001185882     0.000912731     0.254990000
    6720     0.001188613     0.000902822     0.257950000
    6740     0.001200068     0.000920353     0.255360000
    6760     0.001202751     0.000921620     0.257790000
    6780     0.001171323     0.000909888     0.259840000
    6800     0.001153168     0.000892384     0.257890000
    6820     0.001162643     0.000907775     0.264240000
    6840     0.001160850     0.000905871     0.271440000
    6860     0.001178130     0.000911943     0.270300000
    6880     0.001166552     0.000912746     0.270930000
    6900     0.001173413     0.000911103     0.269630000
    6920     0.001169753     0.000914556     0.270480000
    6940     0.001174823     0.000919936     0.270290000
    6960     0.001158417     0.000908477     0.271310000
    6980     0.001172465     0.000928151     0.268770000
    7000     0.001171852     0.000930840     0.262810000
    7020     0.001176516     0.000929345     0.273560000
    7040     0.001179954     0.000933484     0.280130000
    7060     0.001190405     0.000943940     0.283570000
    7080     0.001195049     0.000948267     0.283060000
    7100     0.001194482     0.000945034     0.269880000
    7120     0.001197345     0.000945007     0.259460000
    7140     0.001198877     0.000942037     0.270920000
    7160     0.001186091     0.000927988     0.270010000
    7180     0.001196879     0.000927803     0.256450000
    7200     0.001197353     0.000922618     0.263880000
    7220     0.001172423     0.000914236     0.278890000
    7240     0.001154949     0.000907796     0.282780000
    7260     0.001175461     0.000925547     0.281840000
    7280     0.001181114     0.000927191     0.273430000
    7300     0.001176201     0.000915761     0.273630000
    7320     0.001167959     0.000908751     0.281920000
    7340     0.001175693     0.000917144     0.285610000
    7360     0.001169711     0.000920710     0.278100000
    7380     0.001169963     0.000919625     0.285340000
    7400     0.001162947     0.000920537     0.277300000
    7420     0.001172631     0.000928248     0.282010000
    7440     0.001172023     0.000927702     0.287040000
    7460     0.001162653     0.000922899     0.286070000
    7480     0.001149750     0.000914180     0.281300000
    7500     0.001159116     0.000921570     0.281870000
    7520     0.001173180     0.000931321     0.286730000
    7540     0.001180587     0.000934093     0.286380000
    7560     0.001174289     0.000939615     0.292110000
    7580     0.001179047     0.000938205     0.286300000
    7600     0.001157785     0.000922956     0.285630000
    7620     0.001154184     0.000912199     0.292890000
    7640     0.001169359     0.000916297     0.292920000
    7660     0.001165222     0.000922940     0.288610000
    7680     0.001151119     0.000919701     0.288830000
    7700     0.001155210     0.000920903     0.277600000
    7720     0.001161833     0.000927519     0.275600000
    7740     0.001174275     0.000933183     0.286460000
    7760     0.001168394     0.000931977     0.283300000
    7780     0.001164989     0.000932320     0.285310000
    7800     0.001155426     0.000918299     0.288970000
    7820     0.001150818     0.000925142     0.280660000
    7840     0.001157458     0.000931559     0.275550000
    7860     0.001169711     0.000940023     0.281300000
    7880     0.001170808     0.000940456     0.293150000
    7900     0.001162520     0.000939338     0.294200000
    7920     0.001170518     0.000942239     0.281440000
    7940     0.001168828     0.000940361     0.266520000
    7960     0.001155695     0.000931098     0.284820000
    7980     0.001159726     0.000927855     0.282190000
    8000     0.001153219     0.000920344     0.279770000
    8020     0.001147466     0.000904509     0.274580000
    8040     0.001146090     0.000911788     0.299920000
    8060     0.001120578     0.000894660     0.298480000
    8080     0.001116490     0.000896985     0.296170000
    8100     0.001119825     0.000899617     0.309260000
    8120     0.001129387     0.000904164     0.306330000
    8140     0.001133653     0.000908392     0.308350000
    8160     0.001120410     0.000902490     0.301200000
    8180     0.001119849     0.000906048     0.299070000
    8200     0.001121749     0.000905982     0.301970000
    8220     0.001127650     0.000905383     0.317080000
    8240     0.001129656     0.000903513     0.305490000
    8260     0.001137110     0.000916325     0.301140000
    8280     0.001159255     0.000917819     0.294230000
    8300     0.001140687     0.000911978     0.286900000
    8320     0.001135634     0.000903683     0.293830000
    8340     0.001121597     0.000904093     0.298320000
    8360     0.001124935     0.000906488     0.311470000
    8380     0.001122305     0.000909545     0.310230000
    8400     0.001143962     0.000923887     0.307080000
    8420     0.001131857     0.000912704     0.306130000
    8440     0.001130323     0.000910492     0.298250000
    8460     0.001129469     0.000910004     0.295290000
    8480     0.001143198     0.000918750     0.299940000
    8500     0.001144334     0.000924743     0.300460000
    8520     0.001143044     0.000922308     0.305250000
    8540     0.001140114     0.000919843     0.300010000
    8560     0.001159294     0.000931721     0.298650000
    8580     0.001160843     0.000933689     0.308280000
    8600     0.001159396     0.000926826     0.285510000
    8620     0.001176250     0.000940048     0.286580000
    8640     0.001172304     0.000932325     0.287960000
    8660     0.001157211     0.000928027     0.288010000
    8680     0.001153636     0.000924692     0.287830000
    8700     0.001144847     0.000917502     0.288530000
    8720     0.001152325     0.000924013     0.291630000
    8740     0.001137727     0.000915513     0.282970000
    8760     0.001148809     0.000919472     0.285040000
    8780     0.001157501     0.000911107     0.276220000
    8800     0.001156888     0.000916595     0.269500000
    8820     0.001176691     0.000922928     0.263140000
    8840     0.001181524     0.000924619     0.255890000
    8860     0.001185064     0.000936537     0.272480000
    8880     0.001188381     0.000941918     0.276860000
    8900     0.001193776     0.000941758     0.266570000
    8920     0.001189483     0.000936603     0.275470000
    8940     0.001194260     0.000938909     0.264930000
    8960     0.001200283     0.000942356     0.267680000
    8980     0.001212438     0.000935798     0.259590000
    9000     0.001218096     0.000948120     0.253020000
    9020     0.001231609     0.000952386     0.258390000
    9040     0.001220027     0.000937176     0.260940000
    9060     0.001199716     0.000932697     0.253840000
    9080     0.001185569     0.000916526     0.252210000
    9100     0.001170948     0.000909399     0.260620000
    9120     0.001166593     0.000905938     0.264800000
    9140     0.001159675     0.000904073     0.271220000
    9160     0.001164301     0.000908858     0.272310000
    9180     0.001172093     0.000910665     0.273730000
    9200     0.001164629     0.000906642     0.288260000
    9220     0.001167341     0.000916384     0.279730000
    9240     0.001162343     0.000917099     0.282470000
    9260     0.001169790     0.000924313     0.286130000
    9280     0.001169999     0.000929781     0.283210000
    9300     0.001174135     0.000927512     0.287440000
    9320     0.001176511     0.000935319     0.289080000
    9340     0.001173560     0.000924963     0.287380000
    9360     0.001174129     0.000931172     0.287290000
    9380     0.001159714     0.000924264     0.282830000
    9400     0.001162184     0.000931384     0.272200000
    9420     0.001165169     0.000933225     0.268160000
    9440     0.001166352     0.000937800     0.270200000
    9460     0.001193351     0.000956317     0.262450000
    9480     0.001187845     0.000946197     0.262550000
    9500     0.001190808     0.000929450     0.265820000
    9520     0.001177782     0.000929827     0.274240000
    9540     0.001191189     0.000923033     0.265220000
    9560     0.001173787     0.000930391     0.252900000
    9580     0.001177744     0.000916499     0.265220000
    9600     0.001164319     0.000922082     0.264430000
    9620     0.001179615     0.000926405     0.263240000
    9640     0.001186557     0.000913104     0.270000000
    9660     0.001185343     0.000921255     0.270710000
    9680     0.001194969     0.000933261     0.267560000
    9700     0.001187637     0.000922828     0.261030000
    9720     0.001156501     0.000906751     0.263430000
    9740     0.001150529     0.000897790     0.271470000
    9760     0.001144614     0.000901781     0.282270000
    9780     0.001153112     0.000916198     0.277990000
    9800     0.001148201     0.000910203     0.283510000
    9820     0.001142749     0.000909479     0.287750000
    9840     0.001149769     0.000910581     0.285570000
    9860     0.001158293     0.000916214     0.280180000
    9880     0.001160689     0.000920750     0.284830000
    9900     0.001173761     0.000928468     0.279280000
    9920     0.001193613     0.000938408     0.283870000
    9940     0.001200678     0.000942822     0.280070000
    9960     0.001208216     0.000948618     0.277310000
    9980     0.001192044     0.000941482     0.272660000
   10000     0.001191617     0.000940676     0.265490000
   10020     0.001170844     0.000921202     0.264530000
   10040     0.001177550     0.000931036     0.267540000
   10060     0.001181370     0.000932552     0.274120000
   10080     0.001178726     0.000933163     0.273380000
   10100     0.001183872     0.000939910     0.273530000
   10120     0.001196766     0.000950633     0.276250000
   10140     0.001194579     0.000952455     0.272530000
   10160     0.001190035     0.000942239     0.268740000
   10180     0.001189877     0.000943895     0.254830000
   10200     0.001170143     0.000928892     0.257800000
   10220     0.001183332     0.000924795     0.258750000
   10240     0.001189446     0.000930232     0.268400000
   10260     0.001192688     0.000931040     0.270780000
   10280     0.001190174     0.000929001     0.272720000
   10300     0.001199579     0.000932948     0.269570000
   10320     0.001184620     0.000926296     0.279110000
   10340     0.001187403     0.000930986     0.267430000
   10360     0.001198316     0.000933909     0.270460000
   10380     0.001187332     0.000928592     0.271670000
   10400     0.001187765     0.000932548     0.263790000
   10420     0.001186646     0.000937645     0.273600000
   10440     0.001196264     0.000939474     0.269390000
   10460     0.001194434     0.000931693     0.272390000
   10480     0.001213665     0.000940631     0.273560000
   10500     0.001208818     0.000933137     0.260560000
   10520     0.001186880     0.000930953     0.266820000
   10540     0.001192193     0.000930097     0.260570000
   10560     0.001171672     0.000920658     0.265780000
   10580     0.001158068     0.000913520     0.266520000
   10600     0.001148815     0.000910839     0.274440000
   10620     0.001160517     0.000923753     0.279690000
   10640     0.001176063     0.000935868     0.280150000
   10660     0.001178515     0.000922731     0.271950000
   10680     0.001172712     0.000909412     0.270200000
   10700     0.001174643     0.000919923     0.264030000
   10720     0.001177721     0.000925529     0.259820000
   10740     0.001177471     0.000923863     0.268290000
   10760     0.001168874     0.000907938     0.273370000
   10780     0.001175289     0.000925380     0.270790000
   10800     0.001175490     0.000914888     0.276040000
   10820     0.001193585     0.000928181     0.271480000
   10840     0.001201703     0.000932978     0.275110000
   10860     0.001198617     0.000923059     0.270070000
   10880     0.001192815     0.000919646     0.268230000
   10900     0.001197847     0.000919150     0.261820000
   10920     0.001198616     0.000923867     0.269220000
   10940     0.001192377     0.000922067     0.270770000
   10960     0.001187610     0.000916552     0.264110000
   10980     0.001189086     0.000919160     0.259770000
   11000     0.001194554     0.000927976     0.261500000
   11020     0.001176613     0.000913876     0.269830000
   11040     0.001170624     0.000915887     0.277220000
   11060     0.001165811     0.000908523     0.277150000
   11080     0.001177379     0.000912937     0.274880000
   11100     0.001155768     0.000904716     0.261870000
   11120     0.001160372     0.000903698     0.266180000
   11140     0.001158288     0.000905254     0.279460000
   11160     0.001152117     0.000908270     0.291400000
   11180     0.001173538     0.000925187     0.277390000
   11200     0.001180807     0.000924749     0.267910000
   11220     0.001191251     0.000939586     0.266760000
   11240     0.001193655     0.000927389     0.271720000
   11260     0.001189783     0.000926346     0.271400000
   11280     0.001170357     0.000920558     0.275200000
   11300     0.001165985     0.000919024     0.267900000
   11320     0.001185307     0.000928396     0.278500000
   11340     0.001192700     0.000937305     0.280020000
   11360     0.001199558     0.000941524     0.280120000
   11380     0.001201810     0.000940159     0.274810000
   11400     0.001204440     0.000951345     0.270980000
   11420     0.001191235     0.000932655     0.264470000
   11440     0.001183693     0.000920425     0.263240000
   11460     0.001180275     0.000917667     0.270320000
   11480     0.001184881     0.000919846     0.276690000
   11500     0.001196418     0.000934047     0.287960000
   11520     0.001184398     0.000935276     0.281240000
   11540     0.001196173     0.000944689     0.278920000
   11560     0.001177557     0.000929466     0.264500000
   11580     0.001180999     0.000930040     0.268630000
   11600     0.001191215     0.000927225     0.265740000
   11620     0.001173535     0.000924111     0.270330000
   11640     0.001186429     0.000916931     0.276630000
   11660     0.001188413     0.000929745     0.269870000
   11680     0.001183747     0.000927619     0.264700000
   11700     0.001165375     0.000918845     0.272050000
   11720     0.001158338     0.000908256     0.272770000
   11740     0.001151139     0.000912411     0.289290000
   11760     0.001150168     0.000915696     0.284910000
   11780     0.001153867     0.000918247     0.290230000
   11800     0.001151886     0.000913790     0.285040000
   11820     0.001147944     0.000910295     0.282710000
   11840     0.001128635     0.000900585     0.286980000
   11860     0.001130777     0.000903801     0.284590000
   11880     0.001142383     0.000910604     0.290640000
   11900     0.001158676     0.000921087     0.295640000
   11920     0.001159441     0.000927653     0.298390000
   11940     0.001169191     0.000926585     0.292890000
   11960     0.001135953     0.000912557     0.287140000
   11980     0.001128487     0.000914174     0.292870000
   12000     0.001139340     0.000912228     0.292990000
   12020     0.001140395     0.000915510     0.299300000
   12040     0.001156885     0.000932282     0.299980000
   12060     0.001155782     0.000931834     0.288310000
   12080     0.001157351     0.000932401     0.284450000
   12100     0.001148412     0.000923036     0.288920000
   12120     0.001144122     0.000928217     0.295200000
   12140     0.001137464     0.000921506     0.298560000
   12160     0.001131736     0.000923173     0.304360000
   12180     0.001142291     0.000935114     0.306140000
   12200     0.001141309     0.000933004     0.316680000
   12220     0.001145560     0.000930543     0.305530000
   12240     0.001155182     0.000936894     0.297400000
   12260     0.001168182     0.000943953     0.299930000
   12280     0.001162653     0.000941475     0.299890000
   12300     0.001166304     0.000943702     0.288620000
   12320     0.001160535     0.000936565     0.283380000
   12340     0.001168230     0.000947788     0.283200000
   12360     0.001162334     0.000933730     0.283740000
   12380     0.001150376     0.000929250     0.282730000
   12400     0.001152151     0.000925494     0.286380000
   12420     0.001148476     0.000925890     0.283780000
   12440     0.001135568     0.000912767     0.290070000
   12460     0.001133984     0.000918864     0.292030000
   12480     0.001137199     0.000917237     0.291670000
   12500     0.001134109     0.000915099     0.288380000
   12520     0.001154461     0.000925721     0.285510000
   12540     0.001147644     0.000925629     0.287540000
   12560     0.001144273     0.000926625     0.291470000
   12580     0.001150450     0.000927076     0.299620000
   12600     0.001141800     0.000923783     0.294530000
   12620     0.001141917     0.000915350     0.280310000
   12640     0.001149667     0.000922702     0.292710000
   12660     0.001157804     0.000933614     0.283310000
   12680     0.001163010     0.000936922     0.275860000
   12700     0.001161421     0.000935852     0.282340000
   12720     0.001168301     0.000938654     0.279630000
   12740     0.001168284     0.000927553     0.277080000
   12760     0.001165693     0.000926208     0.282410000
   12780     0.001168239     0.000922166     0.280550000
   12800     0.001181430     0.000922103     0.272770000
   12820     0.001178389     0.000919363     0.281030000
   12840     0.001175790     0.000919391     0.298950000
   12860     0.001164505     0.000921522     0.292240000
   12880     0.001179821     0.000934953     0.274270000
   12900     0.001183156     0.000926948     0.275390000
   12920     0.001175983     0.000929007     0.289050000
   12940     0.001182646     0.000928657     0.277500000
   12960     0.001182797     0.000933857     0.279200000
   12980     0.001170250     0.000931713     0.275680000
   13000     0.001171725     0.000925571     0.274660000
   13020     0.001175734     0.000925832     0.277940000
   13040     0.001163250     0.000926017     0.272290000
   13060     0.001177659     0.000935021     0.282980000
   13080     0.001155036     0.000912139     0.277680000
   13100     0.001158058     0.000910221     0.275420000
   13120     0.001157832     0.000909648     0.274410000
   13140     0.001174974     0.000926351     0.270870000
   13160     0.001183306     0.000936277     0.266420000
   13180     0.001186076     0.000935942     0.257730000
   13200     0.001184645     0.000940685     0.264200000
   13220     0.001174864     0.000931802     0.266670000
   13240     0.001177421     0.000938748     0.266880000
   13260     0.001191610     0.000939090     0.266920000
   13280     0.001206434     0.000942871     0.264940000
   13300     0.001194671     0.000936935     0.267280000
   13320     0.001185276     0.000929661     0.269410000
   13340     0.001170679     0.000929825     0.286220000
   13360     0.001194732     0.000938267     0.283690000
   13380     0.001194575     0.000941287     0.289260000
   13400     0.001192050     0.000936432     0.270750000
   13420     0.001183726     0.000928950     0.271040000
   13440     0.001200123     0.000941247     0.266880000
   13460     0.001197857     0.000935802     0.257350000
   13480     0.001192994     0.000930413     0.251210000
   13500     0.001193413     0.000931141     0.254860000
   13520     0.001198312     0.000917898     0.252630000
   13540     0.001179710     0.000908223     0.256580000
   13560     0.001198834     0.000913357     0.266720000
   13580     0.001196115     0.000911561     0.264300000
   13600     0.001193096     0.000911937     0.263220000
   13620     0.001180837     0.000904634     0.254470000
   13640     0.001183557     0.000905696     0.262470000
   13660     0.001179746     0.000909007     0.277490000
   13680     0.001182035     0.000917191     0.269700000
   13700     0.001185385     0.000918407     0.275070000
   13720     0.001202100     0.000922330     0.271730000
   13740     0.001173504     0.000906370     0.272350000
   13760     0.001180746     0.000907174     0.269050000
   13780     0.001159169     0.000905779     0.266480000
   13800     0.001165284     0.000903012     0.279020000
   13820     0.001177610     0.000915943     0.275200000
   13840     0.001168743     0.000913404     0.278830000
   13860     0.001151759     0.000904894     0.278190000
   13880     0.001147216     0.000909113     0.277690000
   13900     0.001159261     0.000915512     0.286860000
   13920     0.001164759     0.000919713     0.282960000
   13940     0.001181717     0.000931129     0.290330000
   13960     0.001172008     0.000915825     0.289490000
   13980     0.001163992     0.000914556     0.286380000
   14000     0.001159046     0.000906546     0.278550000
   14020     0.001176545     0.000910224     0.286920000
   14040     0.001165252     0.000916500     0.279450000
   14060     0.001162756     0.000909275     0.276210000
   14080     0.001160818     0.000914233     0.278240000
   14100     0.001172812     0.000926996     0.288940000
   14120     0.001159710     0.000919202     0.276630000
   14140     0.001169970     0.000914947     0.270250000
   14160     0.001162626     0.000909098     0.274860000
   14180     0.001160729     0.000908851     0.268220000
   14200     0.001156417     0.000900526     0.277710000
   14220     0.001165775     0.000907842     0.280870000
   14240     0.001166110     0.000915820     0.290760000
   14260     0.001165123     0.000921953     0.291230000
   14280     0.001155768     0.000913298     0.290680000
   14300     0.001163960     0.000921712     0.293680000
   14320     0.001161622     0.000922655     0.295310000
   14340     0.001152791     0.000913930     0.298920000
   14360     0.001153933     0.000922847     0.291930000
   14380     0.001158221     0.000916965     0.282530000
   14400     0.001153263     0.000924100     0.289300000
   14420     0.001146281     0.000923020     0.284980000
   14440     0.001148975     0.000922249     0.275580000
   14460     0.001159108     0.000931312     0.279200000
   14480     0.001154195     0.000918856     0.290000000
   14500     0.001161110     0.000924821     0.288370000
   14520     0.001147125     0.000914355     0.283610000
   14540     0.001151519     0.000910442     0.279400000
   14560     0.001156175     0.000902600     0.281880000
   14580     0.001151307     0.000913553     0.273350000
   14600     0.001160213     0.000908721     0.274410000
   14620     0.001165716     0.000930807     0.270460000
   14640     0.001170592     0.000928522     0.278700000
   14660     0.001191303     0.000932728     0.262790000
   14680     0.001205680     0.000943565     0.264390000
   14700     0.001192544     0.000934459     0.269980000
   14720     0.001205751     0.000939165     0.269030000
   14740     0.001210627     0.000953968     0.258790000
   14760     0.001224328     0.000950625     0.247830000
   14780     0.001215008     0.000938766     0.254330000
   14800     0.001184708     0.000928466     0.251810000
   14820     0.001165921     0.000913369     0.259300000
   14840     0.001176114     0.000905604     0.272870000
   14860     0.001181779     0.000926526     0.270140000
   14880     0.001171414     0.000918267     0.259020000
   14900     0.001168590     0.000918226     0.265610000
   14920     0.001162165     0.000909026     0.263420000
   14940     0.001158901     0.000920608     0.264220000
   14960     0.001171909     0.000920849     0.273140000
   14980     0.001163773     0.000913055     0.278930000
   15000     0.001170195     0.000920959     0.278680000
   15020     0.001165594     0.000921624     0.284910000
   15040     0.001164959     0.000923552     0.288720000
   15060     0.001169033     0.000931247     0.289690000
   15080     0.001163971     0.000930949     0.285710000
   15100     0.001157896     0.000929829     0.298480000
   15120     0.001157119     0.000933910     0.293300000
   15140     0.001150084     0.000924824     0.281290000
   15160     0.001148380     0.000922432     0.284240000
   15180     0.001151784     0.000923806     0.285400000
   15200     0.001142726     0.000915340     0.287430000
   15220     0.001150214     0.000925997     0.285390000
   15240     0.001150665     0.000926394     0.286630000
   15260     0.001159265     0.000935284     0.295100000
   15280     0.001152470     0.000933216     0.299550000
   15300     0.001159587     0.000933209     0.298380000
   15320     0.001147642     0.000929059     0.302810000
   15340     0.001160383     0.000926253     0.294230000
   15360     0.001136299     0.000919273     0.303970000
   15380     0.001130520     0.000918120     0.295330000
   15400     0.001142312     0.000918206     0.288320000
   15420     0.001142988     0.000916319     0.290020000
   15440     0.001134936     0.000919859     0.288240000
   15460     0.001149065     0.000932967     0.275230000
   15480     0.001145328     0.000929397     0.285460000
   15500     0.001154058     0.000927433     0.285050000
   15520     0.001162379     0.000929951     0.288000000
   15540     0.001150754     0.000919833     0.298060000
   15560     0.001156497     0.000924982     0.297310000
   15580     0.001152762     0.000924277     0.298480000
   15600     0.001145547     0.000921369     0.302800000
   15620     0.001141574     0.000915185     0.288910000
   15640     0.001149166     0.000925522     0.281240000
   15660     0.001133512     0.000913720     0.290340000
   15680     0.001135785     0.000920868     0.277560000
   15700     0.001158228     0.000932094     0.277980000
   15720     0.001139610     0.000917361     0.283340000
   15740     0.001138528     0.000910864     0.280970000
   15760     0.001127178     0.000911295     0.283660000
   15780     0.001145119     0.000922532     0.286910000
   15800     0.001128473     0.000908828     0.293410000
   15820     0.001113926     0.000899851     0.298160000
   15840     0.001110686     0.000897529     0.292600000
   15860     0.001117978     0.000907434     0.300000000
   15880     0.001123515     0.000914308     0.296610000
   15900     0.001140834     0.000917483     0.290020000
   15920     0.001155232     0.000918295     0.296720000
   15940     0.001171439     0.000926083     0.286910000
   15960     0.001158812     0.000924833     0.290490000
   15980     0.001157665     0.000927804     0.281450000
   16000     0.001158032     0.000923508     0.282420000
   16020     0.001165928     0.000933690     0.296620000
   16040     0.001165993     0.000935983     0.291790000
   16060     0.001163040     0.000931986     0.288030000
   16080     0.001171395     0.000932981     0.281370000
   16100     0.001172144     0.000938480     0.284030000
   16120     0.001174818     0.000939138     0.285750000
   16140     0.001172515     0.000938283     0.287020000
   16160     0.001185386     0.000945012     0.271790000
   16180     0.001185120     0.000939802     0.273400000
   16200     0.001195674     0.000944673     0.270520000
   16220     0.001195461     0.000940823     0.269920000
   16240     0.001205175     0.000947741     0.267150000
   16260     0.001213006     0.000949113     0.263180000
   16280     0.001213153     0.000950029     0.265070000
   16300     0.001206477     0.000942392     0.266800000
   16320     0.001197605     0.000936195     0.263360000
   16340     0.001191858     0.000939264     0.269930000
   16360     0.001196391     0.000929025     0.265460000
   16380     0.001185567     0.000940111     0.267280000
   16400     0.001186751     0.000927620     0.267450000
   16420     0.001178830     0.000920569     0.266730000
   16440     0.001179777     0.000912828     0.273080000
   16460     0.001189289     0.000912611     0.268750000
   16480     0.001187319     0.000926121     0.266200000
   16500     0.001198861     0.000927077     0.265180000
   16520     0.001207253     0.000934974     0.260480000
   16540     0.001205222     0.000930942     0.256750000
   16560     0.001222185     0.000940731     0.257120000
   16580     0.001212815     0.000930212     0.260850000
   16600     0.001208005     0.000927887     0.252260000
   16620     0.001206712     0.000929587     0.254220000
   16640     0.001213780     0.000920069     0.251640000
   16660     0.001202014     0.000930033     0.247240000
   16680     0.001205069     0.000918791     0.238420000
   16700     0.001214469     0.000927067     0.238180000
   16720     0.001222130     0.000926463     0.240020000
   16740     0.001208665     0.000912624     0.241390000
   16760     0.001177196     0.000898025     0.240370000
   16780     0.001172242     0.000892272     0.242790000
   16800     0.001175755     0.000889524     0.255250000
   16820     0.001193378     0.000893116     0.255450000
   16840     0.001173868     0.000894173     0.256310000
   16860     0.001180449     0.000903615     0.269270000
   16880     0.001198483     0.000916093     0.257160000
   16900     0.001202044     0.000911470     0.256350000
   16920     0.001196683     0.000908562     0.262770000
   16940     0.001191751     0.000909789     0.257700000
   16960     0.001174960     0.000903956     0.266740000
   16980     0.001170606     0.000897020     0.256270000
   17000     0.001146641     0.000886818     0.266140000
   17020     0.001134093     0.000883756     0.279310000
   17040     0.001157215     0.000905741     0.278540000
   17060     0.001165571     0.000905416     0.279980000
   17080     0.001170567     0.000899379     0.283820000
   17100     0.001151049     0.000896734     0.271470000
   17120     0.001151870     0.000888754     0.273200000
   17140     0.001146850     0.000892127     0.266420000
   17160     0.001161924     0.000904238     0.277800000
   17180     0.001148544     0.000899573     0.277900000
   17200     0.001155932     0.000896272     0.277750000
   17220     0.001157117     0.000903964     0.278050000
   17240     0.001158060     0.000905003     0.279300000
   17260     0.001168408     0.000911796     0.286530000
   17280     0.001154947     0.000917423     0.290090000
   17300     0.001161474     0.000921722     0.287620000
   17320     0.001172332     0.000926106     0.280270000
   17340     0.001174258     0.000927030     0.281170000
   17360     0.001167531     0.000917957     0.271280000
   17380     0.001163263     0.000917280     0.261160000
   17400     0.001149954     0.000900646     0.265100000
   17420     0.001138082     0.000893679     0.275240000
   17440     0.001127967     0.000897511     0.289840000
   17460     0.001125743     0.000898678     0.294610000
   17480     0.001130702     0.000902061     0.294080000
   17500     0.001143867     0.000908640     0.299350000
   17520     0.001140711     0.000915915     0.294320000
   17540     0.001142776     0.000919971     0.290520000
   17560     0.001153721     0.000934038     0.303890000
   17580     0.001154576     0.000934158     0.298430000
   17600     0.001150881     0.000936528     0.300790000
   17620     0.001163303     0.000945444     0.297260000
   17640     0.001178429     0.000946601     0.295700000
   17660     0.001172940     0.000945392     0.290020000
   17680     0.001172519     0.000940315     0.287240000
   17700     0.001170676     0.000937552     0.281080000
   17720     0.001168168     0.000937647     0.281470000
   17740     0.001166697     0.000930274     0.288320000
   17760     0.001180526     0.000934594     0.293680000
   17780     0.001166152     0.000928692     0.289240000
   17800     0.001164755     0.000934789     0.282240000
   17820     0.001180646     0.000938384     0.272870000
   17840     0.001179627     0.000933380     0.269700000
   17860     0.001169116     0.000919045     0.265700000
   17880     0.001177759     0.000919359     0.266230000
   17900     0.001172991     0.000924886     0.275560000
   17920     0.001182184     0.000935257     0.274090000
   17940     0.001189163     0.000935898     0.264840000
   17960     0.001169360     0.000926282     0.267000000
   17980     0.001146771     0.000920437     0.273870000
   18000     0.001158361     0.000925517     0.282740000
   18020     0.001162634     0.000925583     0.275230000
   18040     0.001171573     0.000929040     0.267330000
   18060     0.001194139     0.000935501     0.262010000
   18080     0.001186750     0.000931031     0.256810000
   18100     0.001190206     0.000923747     0.264820000
   18120     0.001189438     0.000925065     0.273510000
   18140     0.001183798     0.000922490     0.268480000
   18160     0.001178012     0.000920380     0.262880000
   18180     0.001180795     0.000923169     0.254110000
   18200     0.001188728     0.000929460     0.254270000
   18220     0.001183702     0.000924679     0.265820000
   18240     0.001179507     0.000928218     0.271620000
   18260     0.001197213     0.000933639     0.271300000
   18280     0.001187539     0.000930364     0.270800000
   18300     0.001185331     0.000928495     0.265090000
   18320     0.001192819     0.000930857     0.270640000
   18340     0.001201670     0.000922106     0.276940000
   18360     0.001197132     0.000936191     0.279080000
   18380     0.001165095     0.000923291     0.270710000
   18400     0.001171193     0.000922529     0.271600000
   18420     0.001169541     0.000913300     0.265510000
   18440     0.001169834     0.000911261     0.266950000
   18460     0.001164162     0.000914446     0.269990000
   18480     0.001172813     0.000915263     0.270150000
   18500     0.001176486     0.000908726     0.272560000
   18520     0.001162275     0.000907870     0.275020000
   18540     0.001172339     0.000901269     0.282270000
   18560     0.001151058     0.000898647     0.281050000
   18580     0.001146061     0.000891667     0.286920000
   18600     0.001122657     0.000893360     0.284280000
   18620     0.001134777     0.000897193     0.289040000
   18640     0.001140116     0.000909367     0.300030000
   18660     0.001159293     0.000919571     0.288940000
   18680     0.001165150     0.000929361     0.280460000
   18700     0.001153508     0.000911738     0.280650000
   18720     0.001148286     0.000918316     0.271600000
   18740     0.001161329     0.000926829     0.266900000
   18760     0.001162552     0.000923841     0.273590000
   18780     0.001171190     0.000918120     0.278060000
   18800     0.001151069     0.000917703     0.281580000
   18820     0.001161492     0.000925121     0.280090000
   18840     0.001178831     0.000940360     0.278990000
   18860     0.001187112     0.000937378     0.284090000
   18880     0.001176725     0.000926995     0.285060000
   18900     0.001173074     0.000929449     0.277400000
   18920     0.001169148     0.000922983     0.275290000
   18940     0.001170909     0.000922873     0.284160000
   18960     0.001187101     0.000929526     0.276000000
   18980     0.001188587     0.000929715     0.274680000
   19000     0.001202038     0.000931634     0.264700000
   19020     0.001205258     0.000939410     0.268110000
   19040     0.001181195     0.000931757     0.258560000
   19060     0.001181173     0.000926335     0.259050000
   19080     0.001152183     0.000906438     0.259940000
   19100     0.001168010     0.000921393     0.267220000
   19120     0.001174931     0.000921772     0.269310000
   19140     0.001158897     0.000916075     0.273100000
   19160     0.001152355     0.000910403     0.271330000
   19180     0.001155990     0.000913193     0.290620000
   19200     0.001171896     0.000925211     0.277900000
   19220     0.001167125     0.000918626     0.265280000
   19240     0.001147770     0.000907611     0.269030000
   19260     0.001153054     0.000910141     0.272350000
   19280     0.001152418     0.000914315     0.282150000
   19300     0.001145178     0.000905815     0.284630000
   19320     0.001141621     0.000908445     0.285500000
   19340     0.001138763     0.000911758     0.284400000
   19360     0.001144428     0.000910076     0.293260000
   19380     0.001140499     0.000910771     0.299340000
   19400     0.001151785     0.000910223     0.294380000
   19420     0.001158900     0.000917478     0.294760000
   19440     0.001154940     0.000927885     0.284380000
   19460     0.001159802     0.000932570     0.292440000
   19480     0.001164875     0.000931245     0.273100000
   19500     0.001157444     0.000922993     0.280370000
   19520     0.001167447     0.000929273     0.278930000
   19540     0.001178629     0.000941061     0.284660000
   19560     0.001184968     0.000941322     0.276690000
   19580     0.001182311     0.000940572     0.270340000
   19600     0.001187253     0.000941947     0.267550000
   19620     0.001184707     0.000937948     0.269780000
   19640     0.001185150     0.000928983     0.266040000
   19660     0.001207059     0.000933803     0.255770000
   19680     0.001203601     0.000929587     0.259490000
   19700     0.001205988     0.000932161     0.260810000
   19720     0.001193293     0.000917120     0.252330000
   19740     0.001204743     0.000924382     0.254890000
   19760     0.001204112     0.000918997     0.258890000
   19780     0.001208988     0.000935502     0.261790000
   19800     0.001193204     0.000921018     0.260170000
   19820     0.001193448     0.000916743     0.258250000
   19840     0.001200730     0.000921735     0.249510000
   19860     0.001213601     0.000923656     0.242760000
   19880     0.001208278     0.000917167     0.246800000
   19900     0.001215521     0.000922354     0.251690000
   19920     0.001199174     0.000908093     0.244220000
   19940     0.001188664     0.000896913     0.242390000
   19960     0.001189090     0.000897106     0.240360000
   19980     0.001207455     0.000886229     0.246230000
   20000     0.001205915     0.000899978     0.247940000
   20020     0.001191836     0.000896124     0.250280000
   20040     0.001198751     0.000891321     0.254480000
   20060     0.001193065     0.000896435     0.260570000
   20080     0.001177421     0.000897124     0.262640000
   20100     0.001177029     0.000900373     0.266990000
   20120     0.001188311     0.000903048     0.265880000
   20140     0.001179732     0.000914519     0.258760000
   20160     0.001182381     0.000919835     0.260960000
   20180     0.001181193     0.000917800     0.261430000
   20200     0.001167912     0.000914452     0.258930000
   20220     0.001169691     0.000915741     0.265440000
   20240     0.001169714     0.000916765     0.264850000
   20260     0.001182660     0.000921866     0.262210000
   20280     0.001193124     0.000932516     0.265730000
   20300     0.001194363     0.000929499     0.263850000
   20320     0.001204256     0.000943363     0.269940000
   20340     0.001192308     0.000941184     0.267970000
   20360     0.001191109     0.000934509     0.261440000
   20380     0.001202068     0.000933703     0.257910000
   20400     0.001191435     0.000926839     0.248410000
   20420     0.001190724     0.000922565     0.269180000
   20440     0.001205420     0.000928264     0.264120000
   20460     0.001208624     0.000927664     0.265070000
   20480     0.001220382     0.000926639     0.259490000
   20500     0.001219235     0.000925418     0.255300000
   20520     0.001225335     0.000928909     0.252910000
   20540     0.001204398     0.000924038     0.252660000
   20560     0.001192140     0.000909746     0.252510000
   20580     0.001184373     0.000902540     0.255320000
   20600     0.001186903     0.000902149     0.249110000
   20620     0.001184549     0.000904590     0.248430000
   20640     0.001177463     0.000906325     0.243650000
   20660     0.001171537     0.000900961     0.256390000
   20680     0.001149180     0.000886715     0.260000000
   20700     0.001159014     0.000897835     0.266010000
   20720     0.001173057     0.000907029     0.269090000
   20740     0.001164996     0.000906775     0.265370000
   20760     0.001169839     0.000913864     0.284220000
   20780     0.001177038     0.000913529     0.259310000
   20800     0.001180617     0.000913599     0.269400000
   20820     0.001173843     0.000912634     0.270020000
   20840     0.001161598     0.000899672     0.267990000
   20860     0.001142650     0.000899541     0.274720000
   20880     0.001149913     0.000907357     0.284150000
   20900     0.001151562     0.000907680     0.280800000
   20920     0.001162522     0.000911826     0.282740000
   20940     0.001142612     0.000898225     0.288340000
   20960     0.001153330     0.000911718     0.290760000
   20980     0.001151193     0.000918144     0.285270000
   21000     0.001154145     0.000916564     0.282850000
   21020     0.001166560     0.000924562     0.278710000
   21040     0.001156640     0.000909818     0.279020000
   21060     0.001154599     0.000916825     0.286290000
   21080     0.001167611     0.000917723     0.286380000
   21100     0.001155379     0.000925249     0.278890000
   21120     0.001148272     0.000920543     0.272740000
   21140     0.001149164     0.000920229     0.275150000
   21160     0.001155123     0.000918372     0.283470000
   21180     0.001153388     0.000915034     0.283350000
   21200     0.001150894     0.000912140     0.285540000
   21220     0.001169942     0.000924250     0.285100000
   21240     0.001168789     0.000925008     0.286040000
   21260     0.001162209     0.000922700     0.297000000
   21280     0.001168453     0.000932340     0.274260000
   21300     0.001182473     0.000938893     0.275720000
   21320     0.001168803     0.000929972     0.284520000
   21340     0.001170068     0.000931068     0.285490000
   21360     0.001166979     0.000931435     0.284160000
   21380     0.001166685     0.000933324     0.289110000
   21400     0.001185671     0.000945923     0.284360000
   21420     0.001176017     0.000938908     0.281980000
   21440     0.001189154     0.000947714     0.279050000
   21460     0.001188691     0.000934609     0.274470000
   21480     0.001171689     0.000935816     0.272620000
   21500     0.001183215     0.000939256     0.272600000
   21520     0.001186467     0.000936380     0.273540000
   21540     0.001189239     0.000929787     0.255790000
   21560     0.001180186     0.000931642     0.274540000
   21580     0.001185272     0.000930311     0.276000000
   21600     0.001176386     0.000922371     0.272490000
   21620     0.001183001     0.000929147     0.277580000
   21640     0.001179864     0.000920617     0.281810000
   21660     0.001185200     0.000934113     0.278000000
   21680     0.001201435     0.000932867     0.273220000
   21700     0.001160770     0.000917034     0.271870000
   21720     0.001158622     0.000920537     0.265850000
   21740     0.001151698     0.000909381     0.255350000
   21760     0.001153347     0.000906115     0.265140000
   21780     0.001159131     0.000903624     0.271780000
   21800     0.001147264     0.000898131     0.278620000
   21820     0.001157561     0.000901728     0.288140000
   21840     0.001147935     0.000911730     0.283410000
   21860     0.001157604     0.000923600     0.283300000
   21880     0.001153199     0.000924197     0.282940000
   21900     0.001157578     0.000918295     0.287540000
   21920     0.001165017     0.000922219     0.289370000
   21940     0.001164517     0.000934251     0.283100000
   21960     0.001156068     0.000924404     0.279540000
   21980     0.001149626     0.000923207     0.280290000
   22000     0.001147453     0.000915626     0.282980000
   22020     0.001139378     0.000912255     0.285040000
   22040     0.001157095     0.000930204     0.291070000
   22060     0.001165898     0.000924558     0.285590000
   22080     0.001155029     0.000910245     0.288900000
   22100     0.001153683     0.000907440     0.275420000
   22120     0.001142263     0.000904607     0.275490000
   22140     0.001157551     0.000917714     0.291680000
   22160     0.001138885     0.000905535     0.287590000
   22180     0.001132725     0.000907800     0.289420000
   22200     0.001146388     0.000913892     0.283260000
   22220     0.001154318     0.000903981     0.283380000
   22240     0.001153208     0.000914116     0.287540000
   22260     0.001141553     0.000902879     0.288310000
   22280     0.001141111     0.000899686     0.291190000
   22300     0.001131275     0.000893105     0.282220000
   22320     0.001136926     0.000900442     0.282000000
   22340     0.001139254     0.000905843     0.283020000
   22360     0.001144581     0.000910737     0.282650000
   22380     0.001152425     0.000915980     0.287270000
   22400     0.001142901     0.000919446     0.294780000
   22420     0.001160357     0.000928189     0.292330000
   22440     0.001162331     0.000929518     0.281790000
   22460     0.001177453     0.000942307     0.275510000
   22480     0.001178624     0.000948762     0.267540000
   22500     0.001178356     0.000943266     0.277730000
   22520     0.001162810     0.000929090     0.285560000
   22540     0.001162683     0.000930645     0.288220000
   22560     0.001159751     0.000931181     0.288050000
   22580     0.001162067     0.000931157     0.275500000
   22600     0.001170678     0.000946708     0.278290000
   22620     0.001176231     0.000947833     0.282410000
   22640     0.001178437     0.000945749     0.274600000
   22660     0.001178495     0.000939900     0.284090000
   22680     0.001166645     0.000930653     0.277760000
   22700     0.001173323     0.000933607     0.279680000
   22720     0.001177154     0.000942700     0.276830000
   22740     0.001172661     0.000943145     0.279610000
   22760     0.001178611     0.000943547     0.269810000
   22780     0.001167238     0.000932108     0.274460000
   22800     0.001149739     0.000929053     0.279200000
   22820     0.001142323     0.000925341     0.292200000
   22840     0.001139888     0.000922730     0.293140000
   22860     0.001152604     0.000925854     0.289850000
   22880     0.001139793     0.000922461     0.290880000
   22900     0.001135443     0.000925882     0.299690000
   22920     0.001131502     0.000920026     0.295840000
   22940     0.001115881     0.000908150     0.294530000
   22960     0.001107905     0.000905644     0.303530000
   22980     0.001103250     0.000901153     0.303900000
   23000     0.001110065     0.000911789     0.305300000
   23020     0.001110742     0.000911276     0.309760000
   23040     0.001125539     0.000920242     0.306710000
   23060     0.001143313     0.000928537     0.303640000
   23080     0.001138437     0.000930313     0.302070000
   23100     0.001130868     0.000925566     0.289050000
   23120     0.001133620     0.000932703     0.296820000
   23140     0.001130263     0.000921287     0.309890000
   23160     0.001133949     0.000915196     0.298810000
   23180     0.001126788     0.000919202     0.303060000
   23200     0.001134494     0.000923345     0.303090000
   23220     0.001125586     0.000919508     0.298810000
   23240     0.001138177     0.000928476     0.300490000
   23260     0.001138931     0.000928126     0.292590000
   23280     0.001146123     0.000934867     0.299190000
   23300     0.001137453     0.000924344     0.295710000
   23320     0.001151233     0.000927290     0.288480000
   23340     0.001126915     0.000922441     0.294120000
   23360     0.001121148     0.000911823     0.301930000
   23380     0.001138675     0.000916950     0.305650000
   23400     0.001131728     0.000915794     0.306280000
   23420     0.001148722     0.000918944     0.293410000
   23440     0.001154151     0.000919874     0.279020000
   23460     0.001144925     0.000912739     0.282010000
   23480     0.001146954     0.000916550     0.277290000
   23500     0.001142284     0.000911861     0.279890000
   23520     0.001144586     0.000914591     0.285030000
   23540     0.001148598     0.000919388     0.289290000
   23560     0.001166841     0.000927926     0.280550000
   23580     0.001163751     0.000926619     0.288890000
   23600     0.001154551     0.000918314     0.285170000
   23620     0.001141396     0.000915797     0.301120000
   23640     0.001142616     0.000919942     0.294680000
   23660     0.001144752     0.000915017     0.286360000
   23680     0.001141770     0.000916567     0.291450000
   23700     0.001149166     0.000925595     0.291220000
   23720     0.001150917     0.000930839     0.286790000
   23740     0.001153158     0.000936184     0.291380000
   23760     0.001157832     0.000940250     0.284680000
   23780     0.001151876     0.000936791     0.295540000
   23800     0.001165269     0.000944871     0.286690000
   23820     0.001171218     0.000944133     0.287390000
   23840     0.001163442     0.000943088     0.283200000
   23860     0.001166165     0.000939521     0.283260000
   23880     0.001170698     0.000939971     0.288280000
   23900     0.001176198     0.000940412     0.293220000
   23920     0.001182251     0.000947078     0.291490000
   23940     0.001177997     0.000943742     0.274900000
   23960     0.001183462     0.000935792     0.273190000
   23980     0.001178093     0.000930513     0.271210000
   24000     0.001167158     0.000927686     0.278270000
   24020     0.001149001     0.000914383     0.282550000
   24040     0.001147080     0.000912675     0.285490000
   24060     0.001147463     0.000919401     0.290050000
   24080     0.001149526     0.000913626     0.295980000
   24100     0.001138474     0.000910648     0.293050000
   24120     0.001135819     0.000909925     0.284630000
   24140     0.001126505     0.000890644     0.290780000
   24160     0.001116700     0.000897926     0.285160000
   24180     0.001127730     0.000907589     0.291960000
   24200     0.001131698     0.000914670     0.293750000
   24220     0.001138414     0.000925749     0.293940000
   24240     0.001156163     0.000916803     0.293790000
   24260     0.001154045     0.000929495     0.287180000
   24280     0.001140643     0.000913881     0.282790000
   24300     0.001129495     0.000910330     0.279920000
   24320     0.001115579     0.000906466     0.288390000
   24340     0.001097839     0.000900073     0.298320000
   24360     0.001113656     0.000913415     0.303300000
   24380     0.001114607     0.000916772     0.297450000
   24400     0.001115209     0.000920080     0.300410000
   24420     0.001127657     0.000931585     0.324880000
   24440     0.001115053     0.000920945     0.307200000
   24460     0.001114530     0.000918068     0.301540000
   24480     0.001116420     0.000921694     0.303720000
   24500     0.001121091     0.000922785     0.313200000
   24520     0.001129483     0.000930024     0.305000000
   24540     0.001128810     0.000930379     0.294800000
   24560     0.001140251     0.000933388     0.285820000
   24580     0.001140442     0.000928953     0.297990000
   24600     0.001112559     0.000913365     0.291910000
   24620     0.001107869     0.000911408     0.292870000
   24640     0.001105512     0.000901317     0.290540000
   24660     0.001107768     0.000906760     0.302450000
   24680     0.001102381     0.000905498     0.306220000
   24700     0.001110759     0.000914483     0.307040000
   24720     0.001114260     0.000915931     0.318220000
   24740     0.001126024     0.000930653     0.312630000
   24760     0.001123957     0.000931564     0.308410000
   24780     0.001124363     0.000931926     0.302350000
   24800     0.001127814     0.000933481     0.304610000
   24820     0.001119729     0.000927272     0.306850000
   24840     0.001136333     0.000930430     0.305410000
   24860     0.001143746     0.000937483     0.297330000
   24880     0.001149028     0.000941604     0.305160000
   24900     0.001150127     0.000943932     0.312410000
   24920     0.001147761     0.000945662     0.303680000
   24940     0.001160544     0.000949589     0.284970000
   24960     0.001156549     0.000944148     0.284850000
   24980     0.001164657     0.000945206     0.275860000
   25000     0.001161287     0.000938225     0.278820000
   25020     0.001163956     0.000933720     0.275780000
   25040     0.001168694     0.000924013     0.273060000
   25060     0.001164641     0.000915431     0.284500000
   25080     0.001133763     0.000912193     0.290740000
   25100     0.001128181     0.000910273     0.298130000
   25120     0.001136093     0.000917012     0.302730000
   25140     0.001119609     0.000905579     0.300560000
   25160     0.001126878     0.000918389     0.305950000
   25180     0.001119321     0.000917262     0.306130000
   25200     0.001133330     0.000930492     0.300310000
   25220     0.001133449     0.000930563     0.288360000
   25240     0.001141221     0.000933336     0.294480000
   25260     0.001149818     0.000933918     0.292890000
   25280     0.001146517     0.000931630     0.292010000
   25300     0.001157496     0.000937807     0.293460000
   25320     0.001177717     0.000947443     0.286530000
   25340     0.001177873     0.000945363     0.278560000
   25360     0.001173780     0.000942097     0.271900000
   25380     0.001179555     0.000935963     0.273860000
   25400     0.001175918     0.000932396     0.276490000
   25420     0.001176894     0.000930083     0.274690000
   25440     0.001161575     0.000923727     0.284200000
   25460     0.001156297     0.000917863     0.285740000
   25480     0.001165765     0.000922590     0.286980000
   25500     0.001160861     0.000917522     0.277740000
   25520     0.001155246     0.000918165     0.270390000
   25540     0.001155103     0.000911734     0.273970000
   25560     0.001142816     0.000904040     0.281620000
   25580     0.001144925     0.000913269     0.279740000
   25600     0.001162295     0.000920404     0.266900000
   25620     0.001162419     0.000917430     0.270150000
   25640     0.001174689     0.000924548     0.273280000
   25660     0.001175533     0.000920044     0.268900000
   25680     0.001173718     0.000921606     0.259200000
   25700     0.001195322     0.000934936     0.253540000
   25720     0.001205044     0.000927911     0.252450000
   25740     0.001204624     0.000936280     0.253550000
   25760     0.001206917     0.000933831     0.251100000
   25780     0.001194864     0.000928133     0.251740000
   25800     0.001187743     0.000913083     0.250830000
   25820     0.001192557     0.000910508     0.253280000
   25840     0.001194494     0.000924783     0.263140000
   25860     0.001175074     0.000905803     0.263460000
   25880     0.001157848     0.000900523     0.265300000
   25900     0.001168325     0.000905246     0.276370000
   25920     0.001165263     0.000917654     0.273180000
   25940     0.001166924     0.000914839     0.262670000
   25960     0.001162661     0.000910234     0.263360000
   25980     0.001169330     0.000903498     0.270510000
   26000     0.001167511     0.000911860     0.272600000
   26020     0.001150053     0.000896326     0.273360000
   26040     0.001155668     0.000912687     0.271030000
   26060     0.001165255     0.000916620     0.276270000
   26080     0.001179924     0.000930391     0.273720000
   26100     0.001190235     0.000932111     0.270040000
   26120     0.001186375     0.000936079     0.269450000
   26140     0.001186335     0.000931050     0.264840000
   26160     0.001194435     0.000935151     0.266030000
   26180     0.001206441     0.000942677     0.269270000
   26200     0.001195425     0.000932414     0.276490000
   26220     0.001202311     0.000941354     0.262160000
   26240     0.001190727     0.000938642     0.259850000
   26260     0.001203724     0.000935547     0.262230000
   26280     0.001197593     0.000936773     0.262410000
   26300     0.001200999     0.000940490     0.263660000
   26320     0.001194371     0.000937061     0.262780000
   26340     0.001189810     0.000931158     0.251980000
   26360     0.001202290     0.000936631     0.250840000
   26380     0.001198104     0.000941774     0.254180000
   26400     0.001203213     0.000936837     0.248700000
   26420     0.001204955     0.000931735     0.243870000
   26440     0.001179124     0.000908489     0.248730000
   26460     0.001181793     0.000912092     0.257770000
   26480     0.001164996     0.000912453     0.246900000
   26500     0.001162774     0.000900287     0.261110000
   26520     0.001165512     0.000911199     0.259770000
   26540     0.001139052     0.000887505     0.264840000
   26560     0.001130840     0.000898516     0.269370000
   26580     0.001145644     0.000906263     0.276890000
   26600     0.001148652     0.000905133     0.283600000
   26620     0.001151633     0.000911696     0.280280000
   26640     0.001153873     0.000909552     0.274900000
   26660     0.001152601     0.000919688     0.288190000
   26680     0.001165469     0.000923635     0.299710000
   26700     0.001170552     0.000930550     0.290660000
   26720     0.001164712     0.000923147     0.295680000
   26740     0.001167149     0.000930570     0.294920000
   26760     0.001174021     0.000928588     0.288580000
   26780     0.001166634     0.000930988     0.276670000
   26800     0.001166137     0.000917383     0.259220000
   26820     0.001174027     0.000919868     0.262430000
   26840     0.001171380     0.000915923     0.270920000
   26860     0.001151877     0.000895097     0.283150000
   26880     0.001152536     0.000916078     0.279950000
   26900     0.001151751     0.000908668     0.283620000
   26920     0.001154711     0.000902661     0.276870000
   26940     0.001151752     0.000907772     0.277870000
   26960     0.001141036     0.000902034     0.297130000
   26980     0.001142410     0.000902064     0.292560000
   27000     0.001145260     0.000904852     0.296100000
   27020     0.001138841     0.000915942     0.293520000
   27040     0.001130225     0.000903541     0.298530000
   27060     0.001145857     0.000920845     0.305150000
   27080     0.001141646     0.000923041     0.314500000
   27100     0.001141990     0.000922059     0.314650000
   27120     0.001139567     0.000923454     0.309460000
   27140     0.001157546     0.000936208     0.307650000
   27160     0.001150972     0.000928562     0.292880000
   27180     0.001143358     0.000928430     0.301430000
   27200     0.001145714     0.000929966     0.289660000
   27220     0.001141813     0.000928678     0.293250000
   27240     0.001158518     0.000930003     0.294880000
   27260     0.001145586     0.000926395     0.293870000
   27280     0.001150466     0.000933413     0.289920000
   27300     0.001152137     0.000928942     0.293460000
   27320     0.001159935     0.000931957     0.287330000
   27340     0.001164229     0.000933554     0.287190000
   27360     0.001156983     0.000930078     0.291650000
   27380     0.001171733     0.000937902     0.285800000
   27400     0.001181662     0.000948132     0.288080000
   27420     0.001174337     0.000943796     0.287880000
   27440     0.001156542     0.000932852     0.291940000
   27460     0.001140511     0.000924969     0.286450000
   27480     0.001149129     0.000930056     0.280260000
   27500     0.001151511     0.000932635     0.281430000
   27520     0.001155011     0.000935968     0.287400000
   27540     0.001156054     0.000932256     0.288640000
   27560     0.001161704     0.000935924     0.299820000
   27580     0.001158919     0.000937970     0.300280000
   27600     0.001160651     0.000935731     0.294390000
   27620     0.001155324     0.000929350     0.290130000
   27640     0.001156514     0.000937292     0.286170000
   27660     0.001143608     0.000923661     0.289370000
   27680     0.001137859     0.000928100     0.284310000
   27700     0.001140503     0.000929983     0.285370000
   27720     0.001132916     0.000923124     0.295390000
   27740     0.001114975     0.000920658     0.293350000
   27760     0.001110711     0.000915550     0.291010000
   27780     0.001117021     0.000918001     0.297120000
   27800     0.001121729     0.000925725     0.306190000
   27820     0.001129394     0.000937763     0.309970000
   27840     0.001143319     0.000945790     0.297900000
   27860     0.001140527     0.000939287     0.286170000
   27880     0.001143645     0.000931141     0.288750000
   27900     0.001148191     0.000942136     0.296530000
   27920     0.001160189     0.000946962     0.294970000
   27940     0.001151523     0.000940087     0.290710000
   27960     0.001161814     0.000947916     0.285690000
   27980     0.001167199     0.000948485     0.294770000
   28000     0.001160506     0.000944680     0.287240000
   28020     0.001172073     0.000952133     0.290190000
   28040     0.001166615     0.000944061     0.286720000
   28060     0.001168746     0.000945019     0.282360000
   28080     0.001174170     0.000950487     0.286870000
   28100     0.001167758     0.000944084     0.287150000
   28120     0.001180403     0.000950506     0.281070000
   28140     0.001178654     0.000946539     0.278850000
   28160     0.001184076     0.000945194     0.273390000
   28180     0.001187569     0.000941601     0.271210000
   28200     0.001184376     0.000943569     0.279090000
   28220     0.001178793     0.000937586     0.272330000
   28240     0.001172104     0.000927710     0.266460000
   28260     0.001173069     0.000930758     0.263460000
   28280     0.001176613     0.000931872     0.262840000
   28300     0.001177499     0.000934586     0.264640000
   28320     0.001159558     0.000919861     0.261720000
   28340     0.001152309     0.000912784     0.271880000
   28360     0.001148342     0.000908022     0.277840000
   28380     0.001148083     0.000905487     0.275810000
   28400     0.001157687     0.000917856     0.280680000
   28420     0.001154781     0.000917183     0.287360000
   28440     0.001169668     0.000931180     0.284210000
   28460     0.001159899     0.000917353     0.279060000
   28480     0.001172160     0.000924355     0.291960000
   28500     0.001179450     0.000932623     0.284020000
   28520     0.001171334     0.000933658     0.275380000
   28540     0.001163448     0.000928898     0.273170000
   28560     0.001172899     0.000929991     0.279900000
   28580     0.001174495     0.000932567     0.277320000
   28600     0.001183162     0.000941858     0.274510000
   28620     0.001155534     0.000919092     0.259770000
   28640     0.001165371     0.000918863     0.257600000
   28660     0.001186619     0.000929905     0.261150000
   28680     0.001165819     0.000919788     0.268110000
   28700     0.001168694     0.000920561     0.266380000
   28720     0.001171008     0.000917995     0.270520000
   28740     0.001155117     0.000907249     0.272940000
   28760     0.001153401     0.000908566     0.271650000
   28780     0.001157904     0.000927053     0.278960000
   28800     0.001156882     0.000926982     0.289220000
   28820     0.001153667     0.000920947     0.278410000
   28840     0.001149021     0.000917908     0.285460000
   28860     0.001153665     0.000925071     0.289870000
   28880     0.001155285     0.000925442     0.291980000
   28900     0.001137024     0.000917861     0.291680000
   28920     0.001141311     0.000924423     0.299570000
   28940     0.001150920     0.000936261     0.293590000
   28960     0.001152583     0.000935127     0.286550000
   28980     0.001169249     0.000944578     0.280060000
   29000     0.001168769     0.000942112     0.291300000
   29020     0.001170788     0.000942584     0.283990000
   29040     0.001169348     0.000946333     0.279110000
   29060     0.001168180     0.000938518     0.278220000
   29080     0.001161417     0.000933687     0.279760000
   29100     0.001178086     0.000946904     0.277030000
   29120     0.001175797     0.000948536     0.273660000
   29140     0.001179127     0.000949418     0.280410000
   29160     0.001183697     0.000943257     0.283280000
   29180     0.001168939     0.000938337     0.270570000
   29200     0.001177003     0.000941264     0.262070000
   29220     0.001187483     0.000942337     0.276440000
   29240     0.001194467     0.000950652     0.269910000
   29260     0.001194541     0.000947505     0.271130000
   29280     0.001188716     0.000943016     0.272380000
   29300     0.001179011     0.000932657     0.270520000
   29320     0.001175530     0.000926486     0.271090000
   29340     0.001180964     0.000932534     0.269910000
   29360     0.001174408     0.000919830     0.269260000
   29380     0.001173312     0.000916692     0.268500000
   29400     0.001174729     0.000918852     0.262840000
   29420     0.001178103     0.000916809     0.266240000
   29440     0.001187050     0.000921107     0.272850000
   29460     0.001183087     0.000921984     0.278360000
   29480     0.001186521     0.000923062     0.265450000
   29500     0.001187039     0.000925913     0.264950000
   29520     0.001197025     0.000927398     0.258210000
   29540     0.001215386     0.000924260     0.264300000
   29560     0.001191991     0.000930286     0.273830000
   29580     0.001177282     0.000924995     0.265970000
   29600     0.001168228     0.000908770     0.271680000
   29620     0.001172198     0.000916660     0.273930000
   29640     0.001175145     0.000918603     0.280800000
   29660     0.001184498     0.000920266     0.273650000
   29680     0.001177457     0.000912694     0.268650000
   29700     0.001185427     0.000919353     0.283620000
   29720     0.001178134     0.000909125     0.287740000
   29740     0.001178201     0.000916295     0.280820000
   29760     0.001170378     0.000924888     0.282080000
   29780     0.001178060     0.000922262     0.280870000
   29800     0.001176622     0.000928746     0.265710000
   29820     0.001171808     0.000917669     0.263960000
   29840     0.001178341     0.000914838     0.270190000
   29860     0.001159245     0.000904533     0.270570000
   29880     0.001147004     0.000902780     0.283240000
   29900     0.001138053     0.000903272     0.288660000
   29920     0.001139552     0.000903955     0.303000000
   29940     0.001146316     0.000909349     0.302700000
   29960     0.001156081     0.000923783     0.283040000
   29980     0.001169792     0.000935208     0.288120000
   30000     0.001161639     0.000928095     0.285980000
