      20     0.000093932     0.000093457     0.966460000
      40     0.000179867     0.000178150     0.929420000
      60     0.000256237     0.000252760     0.867050000
      80     0.000323444     0.000317845     0.820120000
     100     0.000388985     0.000380626     0.793270000
     120     0.000444587     0.000433676     0.761020000
     140     0.000496760     0.000482640     0.712500000
     160     0.000543057     0.000525775     0.681390000
     180     0.000586685     0.000565994     0.655370000
     200     0.000631719     0.000607446     0.638790000
     220     0.000663225     0.000635858     0.614010000
     240     0.000698037     0.000666666     0.594690000
     260     0.000728458     0.000693623     0.577820000
     280     0.000755788     0.000716893     0.549020000
     300     0.000784304     0.000741172     0.522700000
     320     0.000816018     0.000767737     0.513740000
     340     0.000835762     0.000783733     0.497840000
     360     0.000848869     0.000794982     0.493410000
     380     0.000871267     0.000812372     0.488960000
     400     0.000888737     0.000827560     0.460980000
     420     0.000900227     0.000835740     0.460670000
     440     0.000918577     0.000851069     0.459460000
     460     0.000923823     0.000855472     0.446770000
     480     0.000929162     0.000858630     0.437000000
     500     0.000944846     0.000870168     0.416880000
     520     0.000965696     0.000886858     0.410530000
     540     0.000975869     0.000893320     0.407980000
     560     0.000984066     0.000900548     0.413380000
     580     0.000995871     0.000908447     0.400050000
     600     0.000996873     0.000907182     0.395580000
     620     0.001004942     0.000912613     0.392310000
     640     0.001013604     0.000917702     0.381030000
     660     0.001015443     0.000916925     0.380780000
     680     0.001027168     0.000927566     0.367740000
     700     0.001039939     0.000934345     0.375090000
     720     0.001045250     0.000937765     0.366610000
     740     0.001047998     0.000939949     0.366720000
     760     0.001036646     0.000928342     0.362550000
     780     0.001047342     0.000937276     0.357130000
     800     0.001055592     0.000942694     0.352520000
     820     0.001057607     0.000943420     0.354260000
     840     0.001059220     0.000944944     0.360400000
     860     0.001054846     0.000940220     0.361750000
     880     0.001043929     0.000930247     0.357610000
     900     0.001034877     0.000921787     0.357830000
     920     0.001040817     0.000926586     0.356070000
     940     0.001046916     0.000932109     0.362210000
     960     0.001051694     0.000935541     0.352830000
     980     0.001049793     0.000933849     0.351630000
    1000     0.001073835     0.000950620     0.336120000
    1020     0.001074866     0.000951637     0.332850000
    1040     0.001095937     0.000968734     0.343700000
    1060     0.001106600     0.000974906     0.334340000
    1080     0.001116100     0.000982260     0.316730000
    1100     0.001116481     0.000980772     0.322170000
    1120     0.001116598     0.000976280     0.313170000
    1140     0.001112816     0.000970598     0.307940000
    1160     0.001114120     0.000968174     0.308950000
    1180     0.001112406     0.000959606     0.303710000
    1200     0.001107172     0.000954880     0.309310000
    1220     0.001101106     0.000950013     0.310200000
    1240     0.001104056     0.000953118     0.315550000
    1260     0.001111652     0.000961128     0.311790000
    1280     0.001096184     0.000953394     0.311270000
    1300     0.001096837     0.000953457     0.324940000
    1320     0.001095562     0.000953127     0.328340000
    1340     0.001091065     0.000950264     0.316620000
    1360     0.001087651     0.000946350     0.327430000
    1380     0.001087001     0.000947943     0.329030000
    1400     0.001074305     0.000940271     0.330960000
    1420     0.001095136     0.000956955     0.336960000
    1440     0.001105211     0.000965830     0.334510000
    1460     0.001105662     0.000969384     0.343840000
    1480     0.001107019     0.000970978     0.330250000
    1500     0.001110367     0.000974506     0.325170000
    1520     0.001102426     0.000965427     0.333520000
    1540     0.001112724     0.000971660     0.317560000
    1560     0.001118807     0.000975270     0.321930000
    1580     0.001113635     0.000971118     0.324240000
    1600     0.001102000     0.000963756     0.339920000
    1620     0.001098581     0.000959780     0.329070000
    1640     0.001099794     0.000963289     0.327230000
    1660     0.001105675     0.000968215     0.314440000
    1680     0.001104454     0.000964921     0.309870000
    1700     0.001102311     0.000960896     0.316010000
    1720     0.001106767     0.000962990     0.321130000
    1740     0.001103666     0.000958754     0.317000000
    1760     0.001103695     0.000958617     0.315220000
    1780     0.001096980     0.000957066     0.320140000
    1800     0.001098492     0.000960083     0.327150000
    1820     0.001090877     0.000955675     0.318250000
    1840     0.001092238     0.000958812     0.333780000
    1860     0.001090832     0.000957192     0.332610000
    1880     0.001084806     0.000954678     0.336970000
    1900     0.001093118     0.000961842     0.337640000
    1920     0.001097597     0.000963411     0.340030000
    1940     0.001101561     0.000965852     0.327050000
    1960     0.001098030     0.000962244     0.324700000
    1980     0.001077145     0.000943007     0.335760000
    2000     0.001078550     0.000946122     0.329700000
    2020     0.001072779     0.000938411     0.333030000
    2040     0.001071996     0.000938929     0.339490000
    2060     0.001073971     0.000944842     0.351240000
    2080     0.001073894     0.000945558     0.350150000
    2100     0.001086148     0.000955861     0.342870000
    2120     0.001073196     0.000947323     0.337940000
    2140     0.001082099     0.000954534     0.325580000
    2160     0.001081629     0.000953302     0.328870000
    2180     0.001066818     0.000941347     0.333490000
    2200     0.001077833     0.000947547     0.339660000
    2220     0.001081763     0.000952114     0.333630000
    2240     0.001084622     0.000953859     0.330430000
    2260     0.001082760     0.000951301     0.324810000
    2280     0.001091387     0.000957175     0.327640000
    2300     0.001101550     0.000965535     0.328640000
    2320     0.001090501     0.000956354     0.315350000
    2340     0.001083275     0.000946447     0.317210000
    2360     0.001086757     0.000951856     0.328080000
    2380     0.001089912     0.000950746     0.331490000
    2400     0.001087632     0.000947887     0.322640000
    2420     0.001095126     0.000950793     0.313360000
    2440     0.001106634     0.000959740     0.317770000
    2460     0.001104268     0.000954598     0.320020000
    2480     0.001105173     0.000956835     0.320460000
    2500     0.001100151     0.000951901     0.329060000
    2520     0.001118473     0.000966225     0.314120000
    2540     0.001123022     0.000968308     0.312340000
    2560     0.001119409     0.000969266     0.319440000
    2580     0.001115652     0.000966733     0.316790000
    2600     0.001121016     0.000971089     0.315990000
    2620     0.001123690     0.000973608     0.314490000
    2640     0.001135319     0.000983495     0.310250000
    2660     0.001121563     0.000974056     0.303970000
    2680     0.001118831     0.000971288     0.304890000
    2700     0.001125690     0.000978584     0.315650000
    2720     0.001130284     0.000982326     0.303000000
    2740     0.001135468     0.000982736     0.300490000
    2760     0.001117714     0.000969103     0.310790000
    2780     0.001121999     0.000971871     0.317330000
    2800     0.001129480     0.000977513     0.316470000
    2820     0.001119823     0.000967406     0.306280000
    2840     0.001127484     0.000975725     0.310620000
    2860     0.001111813     0.000961375     0.306230000
    2880     0.001119129     0.000966512     0.308050000
    2900     0.001113753     0.000961355     0.308400000
    2920     0.001115991     0.000964121     0.309920000
    2940     0.001116051     0.000967645     0.315130000
    2960     0.001122603     0.000971686     0.320070000
    2980     0.001116708     0.000966673     0.327550000
    3000     0.001113155     0.000964440     0.322000000
    3020     0.001117466     0.000966097     0.314970000
    3040     0.001111636     0.000958675     0.314170000
    3060     0.001106924     0.000957370     0.320860000
    3080     0.001106153     0.000957437     0.340850000
    3100     0.001105484     0.000963580     0.336470000
    3120     0.001099859     0.000961299     0.331110000
    3140     0.001098238     0.000959535     0.333850000
    3160     0.001095636     0.000959163     0.329420000
    3180     0.001105722     0.000968191     0.331390000
    3200     0.001105039     0.000967491     0.325760000
    3220     0.001092572     0.000950700     0.325940000
    3240     0.001082840     0.000949185     0.317540000
    3260     0.001088411     0.000954723     0.314830000
    3280     0.001087681     0.000952861     0.320130000
    3300     0.001088950     0.000952992     0.328410000
    3320     0.001073832     0.000942127     0.335100000
    3340     0.001076466     0.000943354     0.344640000
    3360     0.001077792     0.000945222     0.336310000
    3380     0.001079859     0.000950116     0.340380000
    3400     0.001093596     0.000960977     0.334680000
    3420     0.001100284     0.000965814     0.324180000
    3440     0.001088713     0.000953229     0.315430000
    3460     0.001093740     0.000957392     0.333190000
    3480     0.001108909     0.000969316     0.317880000
    3500     0.001108158     0.000964345     0.308670000
    3520     0.001109281     0.000961865     0.312390000
    3540     0.001117530     0.000967797     0.301750000
    3560     0.001106178     0.000958294     0.298180000
    3580     0.001111862     0.000961541     0.308830000
    3600     0.001130889     0.000972594     0.312870000
    3620     0.001129791     0.000971536     0.306000000
    3640     0.001116247     0.000961004     0.305910000
    3660     0.001115172     0.000960269     0.320020000
    3680     0.001100169     0.000952380     0.324660000
    3700     0.001112231     0.000960788     0.319420000
    3720     0.001107862     0.000958661     0.319490000
    3740     0.001109388     0.000961928     0.314710000
    3760     0.001102672     0.000953174     0.317000000
    3780     0.001098632     0.000951608     0.320350000
    3800     0.001093621     0.000947504     0.324350000
    3820     0.001079723     0.000939434     0.318950000
    3840     0.001086815     0.000935767     0.316890000
    3860     0.001081418     0.000938274     0.308040000
    3880     0.001085526     0.000941465     0.309480000
    3900     0.001075074     0.000932735     0.329200000
    3920     0.001084140     0.000940340     0.336040000
    3940     0.001087852     0.000945859     0.342090000
    3960     0.001095157     0.000954061     0.337850000
    3980     0.001083480     0.000946759     0.336590000
    4000     0.001081301     0.000946638     0.352060000
    4020     0.001086202     0.000950392     0.347880000
    4040     0.001094224     0.000957450     0.342240000
    4060     0.001081598     0.000950378     0.341050000
    4080     0.001084894     0.000954438     0.346890000
    4100     0.001092352     0.000961900     0.330990000
    4120     0.001088985     0.000959340     0.340970000
    4140     0.001083188     0.000954661     0.325420000
    4160     0.001076709     0.000949681     0.329610000
    4180     0.001072555     0.000945844     0.343160000
    4200     0.001068911     0.000943849     0.347490000
    4220     0.001066752     0.000942086     0.340040000
    4240     0.001076888     0.000950781     0.339320000
    4260     0.001065864     0.000942794     0.341880000
    4280     0.001059103     0.000937206     0.348430000
    4300     0.001067522     0.000947294     0.363830000
    4320     0.001074978     0.000953449     0.350320000
    4340     0.001080071     0.000958148     0.353390000
    4360     0.001082990     0.000959727     0.339970000
    4380     0.001085616     0.000962527     0.343070000
    4400     0.001081535     0.000958910     0.343800000
    4420     0.001076586     0.000956586     0.344150000
    4440     0.001081251     0.000959646     0.343500000
    4460     0.001087991     0.000961795     0.324310000
    4480     0.001086017     0.000955667     0.329250000
    4500     0.001080313     0.000950570     0.344290000
    4520     0.001072169     0.000945093     0.345650000
    4540     0.001070199     0.000945351     0.340150000
    4560     0.001060795     0.000935451     0.339400000
    4580     0.001066849     0.000942444     0.340810000
    4600     0.001064136     0.000941568     0.340280000
    4620     0.001058149     0.000935545     0.351540000
    4640     0.001046442     0.000925627     0.341910000
    4660     0.001055459     0.000930537     0.339750000
    4680     0.001062332     0.000938364     0.342560000
    4700     0.001048971     0.000928007     0.342540000
    4720     0.001048644     0.000929419     0.349210000
    4740     0.001043985     0.000925935     0.354100000
    4760     0.001047622     0.000928001     0.358720000
    4780     0.001063379     0.000940657     0.358590000
    4800     0.001080286     0.000955684     0.359980000
    4820     0.001071716     0.000949255     0.356700000
    4840     0.001066635     0.000944354     0.357580000
    4860     0.001055977     0.000938846     0.340680000
    4880     0.001050956     0.000931617     0.352180000
    4900     0.001059203     0.000933394     0.347660000
    4920     0.001055266     0.000932367     0.344040000
    4940     0.001052909     0.000927904     0.342000000
    4960     0.001054555     0.000929575     0.338960000
    4980     0.001059602     0.000932718     0.344530000
    5000     0.001058923     0.000933786     0.341350000
    5020     0.001065077     0.000940006     0.346620000
    5040     0.001064836     0.000941266     0.337310000
    5060     0.001070076     0.000945492     0.341710000
    5080     0.001073728     0.000950659     0.338060000
    5100     0.001073841     0.000951578     0.330020000
    5120     0.001078689     0.000954002     0.341950000
    5140     0.001074248     0.000950295     0.342780000
    5160     0.001065119     0.000940645     0.333220000
    5180     0.001063272     0.000939455     0.337060000
    5200     0.001083167     0.000954408     0.340640000
    5220     0.001087956     0.000957488     0.331310000
    5240     0.001083583     0.000953838     0.331940000
    5260     0.001096712     0.000964412     0.326550000
    5280     0.001089103     0.000956737     0.333550000
    5300     0.001085322     0.000954359     0.329580000
    5320     0.001088120     0.000958760     0.331650000
    5340     0.001078999     0.000952695     0.333320000
    5360     0.001080914     0.000954987     0.340140000
    5380     0.001079123     0.000953955     0.337690000
    5400     0.001089192     0.000962562     0.332420000
    5420     0.001091681     0.000964037     0.331560000
    5440     0.001095333     0.000962568     0.331200000
    5460     0.001087246     0.000957243     0.335380000
    5480     0.001084862     0.000953108     0.334610000
    5500     0.001072577     0.000946057     0.337430000
    5520     0.001076787     0.000949521     0.336570000
    5540     0.001086664     0.000956555     0.332540000
    5560     0.001085638     0.000954769     0.335890000
    5580     0.001093534     0.000960036     0.334450000
    5600     0.001086038     0.000954698     0.330680000
    5620     0.001097280     0.000963356     0.337480000
    5640     0.001103968     0.000968438     0.336000000
    5660     0.001104973     0.000968250     0.325880000
    5680     0.001105267     0.000970548     0.320700000
    5700     0.001116411     0.000977024     0.311080000
    5720     0.001124948     0.000979589     0.315100000
    5740     0.001132513     0.000984444     0.310560000
    5760     0.001139769     0.000986961     0.304800000
    5780     0.001154850     0.000995213     0.305590000
    5800     0.001149636     0.000996291     0.302350000
    5820     0.001131364     0.000985864     0.310160000
    5840     0.001138776     0.000988044     0.307340000
    5860     0.001127249     0.000978339     0.307530000
    5880     0.001129677     0.000979062     0.297640000
    5900     0.001121636     0.000971715     0.300310000
    5920     0.001128897     0.000976822     0.305670000
    5940     0.001121032     0.000969908     0.312130000
    5960     0.001120729     0.000972224     0.309620000
    5980     0.001123236     0.000970967     0.299740000
    6000     0.001126905     0.000971176     0.294450000
    6020     0.001132862     0.000977051     0.305120000
    6040     0.001119779     0.000966148     0.303350000
    6060     0.001115422     0.000966221     0.314430000
    6080     0.001122757     0.000969906     0.314260000
    6100     0.001134027     0.000977079     0.315540000
    6120     0.001121222     0.000970652     0.313100000
    6140     0.001114911     0.000966057     0.312840000
    6160     0.001109490     0.000960399     0.313960000
    6180     0.001096903     0.000949665     0.328890000
    6200     0.001091427     0.000951260     0.325050000
    6220     0.001085836     0.000948271     0.331180000
    6240     0.001089177     0.000953460     0.327800000
    6260     0.001082122     0.000947957     0.331480000
    6280     0.001085147     0.000952867     0.335640000
    6300     0.001104923     0.000970148     0.333730000
    6320     0.001095772     0.000962848     0.338540000
    6340     0.001083306     0.000953734     0.329470000
    6360     0.001087449     0.000957170     0.343280000
    6380     0.001089860     0.000955680     0.336940000
    6400     0.001091901     0.000958371     0.324820000
    6420     0.001084053     0.000952554     0.338760000
    6440     0.001094450     0.000957706     0.319950000
    6460     0.001089126     0.000954934     0.320660000
    6480     0.001091388     0.000958190     0.331010000
    6500     0.001084903     0.000954586     0.327430000
    6520     0.001093428     0.000958356     0.326060000
    6540     0.001090054     0.000954506     0.327200000
    6560     0.001091222     0.000957272     0.336010000
    6580     0.001099185     0.000963018     0.327370000
    6600     0.001092754     0.000960575     0.333340000
    6620     0.001098003     0.000964777     0.332850000
    6640     0.001095122     0.000963179     0.329410000
    6660     0.001098215     0.000964608     0.333570000
    6680     0.001101486     0.000968027     0.329510000
    6700     0.001101867     0.000964065     0.331010000
    6720     0.001096225     0.000959014     0.327990000
    6740     0.001089746     0.000952744     0.329240000
    6760     0.001100543     0.000958931     0.332920000
    6780     0.001101939     0.000961843     0.334860000
    6800     0.001093857     0.000953083     0.326070000
    6820     0.001078756     0.000942553     0.327050000
    6840     0.001077917     0.000943768     0.328060000
    6860     0.001082654     0.000946395     0.333350000
    6880     0.001086179     0.000953683     0.341500000
    6900     0.001091142     0.000959106     0.334740000
    6920     0.001090475     0.000957063     0.333300000
    6940     0.001089270     0.000956897     0.324910000
    6960     0.001100484     0.000965948     0.326770000
    6980     0.001088859     0.000957445     0.321030000
    7000     0.001084523     0.000951520     0.331030000
    7020     0.001093700     0.000960881     0.335090000
    7040     0.001092168     0.000962303     0.328970000
    7060     0.001102653     0.000966890     0.319590000
    7080     0.001105398     0.000964995     0.315050000
    7100     0.001114629     0.000969697     0.315610000
    7120     0.001103747     0.000959544     0.324880000
    7140     0.001095346     0.000955349     0.321150000
    7160     0.001096120     0.000955834     0.324790000
    7180     0.001099026     0.000958091     0.327960000
    7200     0.001102973     0.000961238     0.324230000
    7220     0.001101313     0.000957851     0.328520000
    7240     0.001098859     0.000957057     0.333670000
    7260     0.001091502     0.000951703     0.333690000
    7280     0.001099601     0.000957731     0.330780000
    7300     0.001109843     0.000965357     0.326120000
    7320     0.001109110     0.000963274     0.322460000
    7340     0.001106233     0.000963002     0.322810000
    7360     0.001107952     0.000966967     0.331880000
    7380     0.001101008     0.000956541     0.317060000
    7400     0.001101420     0.000956037     0.327670000
    7420     0.001101193     0.000955481     0.330710000
    7440     0.001091408     0.000948010     0.324880000
    7460     0.001093968     0.000954019     0.333700000
    7480     0.001112768     0.000971090     0.335070000
    7500     0.001110958     0.000972429     0.341230000
    7520     0.001107121     0.000966544     0.335920000
    7540     0.001099384     0.000961280     0.331580000
    7560     0.001098522     0.000959826     0.327400000
    7580     0.001108762     0.000969295     0.325240000
    7600     0.001111345     0.000971775     0.322760000
    7620     0.001120884     0.000980208     0.331720000
    7640     0.001118264     0.000978345     0.332110000
    7660     0.001115367     0.000977301     0.322030000
    7680     0.001112477     0.000974719     0.323240000
    7700     0.001114488     0.000971939     0.316160000
    7720     0.001114223     0.000968447     0.321240000
    7740     0.001101983     0.000963176     0.322750000
    7760     0.001099750     0.000960315     0.320200000
    7780     0.001098944     0.000960073     0.320410000
    7800     0.001095805     0.000958357     0.311700000
    7820     0.001104320     0.000961289     0.317040000
    7840     0.001111140     0.000965571     0.321870000
    7860     0.001108067     0.000967086     0.322630000
    7880     0.001109945     0.000968032     0.323980000
    7900     0.001105861     0.000966511     0.321510000
    7920     0.001107034     0.000966895     0.319100000
    7940     0.001098682     0.000961180     0.323810000
    7960     0.001092609     0.000958144     0.329110000
    7980     0.001100955     0.000963835     0.330950000
    8000     0.001086952     0.000952963     0.330100000
    8020     0.001095960     0.000958135     0.332940000
    8040     0.001092630     0.000958725     0.324980000
    8060     0.001091502     0.000956494     0.330420000
    8080     0.001101259     0.000961981     0.336300000
    8100     0.001092232     0.000955782     0.325040000
    8120     0.001094765     0.000955419     0.336260000
    8140     0.001095953     0.000957623     0.337820000
    8160     0.001091326     0.000954114     0.327480000
    8180     0.001089442     0.000954391     0.325500000
    8200     0.001097073     0.000960917     0.329380000
    8220     0.001109510     0.000967984     0.329110000
    8240     0.001115167     0.000972563     0.328400000
    8260     0.001117073     0.000973348     0.321900000
    8280     0.001120056     0.000976849     0.314980000
    8300     0.001114200     0.000973936     0.321540000
    8320     0.001114985     0.000972884     0.319750000
    8340     0.001114349     0.000972370     0.319010000
    8360     0.001112946     0.000968726     0.330510000
    8380     0.001106620     0.000966293     0.325770000
    8400     0.001097475     0.000959623     0.333750000
    8420     0.001092026     0.000954968     0.329580000
    8440     0.001101035     0.000961580     0.328790000
    8460     0.001104275     0.000964017     0.321510000
    8480     0.001110889     0.000968087     0.320630000
    8500     0.001113886     0.000972595     0.318890000
    8520     0.001114544     0.000973171     0.321350000
    8540     0.001115735     0.000972709     0.316900000
    8560     0.001104933     0.000963793     0.324480000
    8580     0.001121362     0.000975926     0.323720000
    8600     0.001119791     0.000975419     0.324860000
    8620     0.001131118     0.000983764     0.324020000
    8640     0.001131520     0.000981975     0.319740000
    8660     0.001136390     0.000981922     0.319170000
    8680     0.001128672     0.000975118     0.319480000
    8700     0.001118790     0.000969313     0.309550000
    8720     0.001125005     0.000972684     0.314490000
    8740     0.001106881     0.000956588     0.313550000
    8760     0.001098101     0.000947478     0.299730000
    8780     0.001103793     0.000952702     0.307060000
    8800     0.001105801     0.000959906     0.312090000
    8820     0.001105143     0.000962156     0.310840000
    8840     0.001096682     0.000956762     0.328470000
    8860     0.001100782     0.000959742     0.329310000
    8880     0.001090657     0.000953219     0.329460000
    8900     0.001093613     0.000955966     0.334850000
    8920     0.001091727     0.000955858     0.329530000
    8940     0.001100222     0.000962878     0.335620000
    8960     0.001106000     0.000969272     0.330010000
    8980     0.001108737     0.000972523     0.327880000
    9000     0.001107447     0.000970857     0.319230000
    9020     0.001105976     0.000971833     0.333460000
    9040     0.001087154     0.000954896     0.328960000
    9060     0.001093019     0.000959290     0.331520000
    9080     0.001084842     0.000949917     0.329900000
    9100     0.001088476     0.000952145     0.334120000
    9120     0.001094794     0.000959383     0.325320000
    9140     0.001108667     0.000968409     0.319040000
    9160     0.001103462     0.000962775     0.327150000
    9180     0.001091951     0.000953081     0.326410000
    9200     0.001080879     0.000945551     0.336560000
    9220     0.001080730     0.000946861     0.333650000
    9240     0.001088765     0.000955385     0.339520000
    9260     0.001086831     0.000950510     0.345170000
    9280     0.001082577     0.000948716     0.346830000
    9300     0.001084331     0.000949312     0.349390000
    9320     0.001078034     0.000944161     0.342630000
    9340     0.001092936     0.000958412     0.344030000
    9360     0.001086645     0.000954551     0.326640000
    9380     0.001082426     0.000951685     0.331060000
    9400     0.001082187     0.000951369     0.343120000
    9420     0.001090478     0.000955447     0.340460000
    9440     0.001099918     0.000964807     0.331910000
    9460     0.001097311     0.000963787     0.336500000
    9480     0.001103742     0.000968720     0.329460000
    9500     0.001096719     0.000961500     0.328760000
    9520     0.001107394     0.000966320     0.328250000
    9540     0.001097418     0.000959827     0.317790000
    9560     0.001093770     0.000954079     0.318530000
    9580     0.001105747     0.000961166     0.325080000
    9600     0.001109441     0.000965526     0.313180000
    9620     0.001089069     0.000950710     0.325640000
    9640     0.001088867     0.000951469     0.330460000
    9660     0.001079250     0.000946337     0.329070000
    9680     0.001082996     0.000949230     0.330530000
    9700     0.001085295     0.000953079     0.335560000
    9720     0.001088345     0.000955986     0.329470000
    9740     0.001089928     0.000957845     0.327660000
    9760     0.001098632     0.000963936     0.326460000
    9780     0.001107456     0.000972927     0.333150000
    9800     0.001106504     0.000970335     0.330400000
    9820     0.001115822     0.000976652     0.322190000
    9840     0.001112794     0.000974514     0.314400000
    9860     0.001121388     0.000977934     0.314460000
    9880     0.001114953     0.000974691     0.315990000
    9900     0.001113283     0.000971732     0.319320000
    9920     0.001107214     0.000967946     0.320230000
    9940     0.001103353     0.000965181     0.320500000
    9960     0.001092765     0.000955363     0.327140000
    9980     0.001086437     0.000953111     0.338220000
   10000     0.001077483     0.000946992     0.333510000
   10020     0.001077864     0.000946832     0.335200000
   10040     0.001075289     0.000945770     0.343080000
   10060     0.001072746     0.000942211     0.334840000
   10080     0.001086881     0.000954047     0.334290000
   10100     0.001070500     0.000940551     0.345060000
   10120     0.001076115     0.000945185     0.352340000
   10140     0.001084726     0.000956244     0.344290000
   10160     0.001082014     0.000952623     0.347790000
   10180     0.001087121     0.000956551     0.334920000
   10200     0.001093514     0.000961144     0.330640000
   10220     0.001111879     0.000970883     0.322010000
   10240     0.001114643     0.000971629     0.319020000
   10260     0.001101755     0.000960755     0.324420000
   10280     0.001109334     0.000965010     0.322850000
   10300     0.001110532     0.000964246     0.321580000
   10320     0.001120927     0.000972527     0.321410000
   10340     0.001110556     0.000965110     0.325970000
   10360     0.001119749     0.000972684     0.318640000
   10380     0.001109116     0.000965216     0.324460000
   10400     0.001103288     0.000962278     0.335400000
   10420     0.001106782     0.000966439     0.327880000
   10440     0.001109870     0.000968296     0.326440000
   10460     0.001113322     0.000970464     0.322660000
   10480     0.001111315     0.000967146     0.320870000
   10500     0.001110880     0.000966044     0.326400000
   10520     0.001113800     0.000970407     0.329970000
   10540     0.001126694     0.000979353     0.319310000
   10560     0.001131784     0.000979828     0.313630000
   10580     0.001129748     0.000982694     0.316800000
   10600     0.001126562     0.000979313     0.312150000
   10620     0.001128338     0.000981970     0.305140000
   10640     0.001134632     0.000981050     0.294040000
   10660     0.001128313     0.000978066     0.306490000
   10680     0.001131142     0.000980359     0.297430000
   10700     0.001133425     0.000981121     0.303260000
   10720     0.001133703     0.000980561     0.312630000
   10740     0.001117644     0.000967270     0.307230000
   10760     0.001108339     0.000961290     0.311130000
   10780     0.001114320     0.000965327     0.315200000
   10800     0.001100039     0.000954772     0.313840000
   10820     0.001090951     0.000949462     0.327840000
   10840     0.001079346     0.000939685     0.328330000
   10860     0.001101723     0.000955805     0.329610000
   10880     0.001107439     0.000966110     0.325070000
   10900     0.001116523     0.000969291     0.321920000
   10920     0.001114039     0.000968191     0.314980000
   10940     0.001128587     0.000975573     0.308000000
   10960     0.001118596     0.000969274     0.307800000
   10980     0.001109275     0.000962405     0.309550000
   11000     0.001116239     0.000967569     0.308720000
   11020     0.001104118     0.000955187     0.304820000
   11040     0.001104111     0.000954886     0.308520000
   11060     0.001097474     0.000951825     0.320730000
   11080     0.001092172     0.000948678     0.324420000
   11100     0.001082931     0.000944329     0.337370000
   11120     0.001086586     0.000945520     0.337660000
   11140     0.001073489     0.000935957     0.340110000
   11160     0.001067831     0.000931254     0.343190000
   11180     0.001073279     0.000936350     0.341190000
   11200     0.001068924     0.000932703     0.333660000
   11220     0.001063325     0.000928571     0.341330000
   11240     0.001073057     0.000939365     0.332130000
   11260     0.001074310     0.000940222     0.328450000
   11280     0.001078934     0.000943972     0.319600000
   11300     0.001081232     0.000948137     0.330380000
   11320     0.001074079     0.000947057     0.322770000
   11340     0.001074668     0.000947549     0.336460000
   11360     0.001066431     0.000938248     0.340890000
   11380     0.001075827     0.000945705     0.341580000
   11400     0.001079963     0.000950125     0.334610000
   11420     0.001089594     0.000958785     0.329430000
   11440     0.001103751     0.000969970     0.329060000
   11460     0.001100418     0.000964554     0.325550000
   11480     0.001105453     0.000968449     0.333460000
   11500     0.001107172     0.000969296     0.332440000
   11520     0.001107900     0.000971538     0.334960000
   11540     0.001111738     0.000978155     0.323640000
   11560     0.001119838     0.000982730     0.318510000
   11580     0.001109203     0.000971596     0.320840000
   11600     0.001110372     0.000968976     0.324620000
   11620     0.001103413     0.000963374     0.320160000
   11640     0.001105156     0.000962677     0.319510000
   11660     0.001104124     0.000958093     0.309760000
   11680     0.001104301     0.000957921     0.301050000
   11700     0.001087956     0.000943283     0.307660000
   11720     0.001087378     0.000943828     0.312260000
   11740     0.001091499     0.000945124     0.319610000
   11760     0.001092725     0.000947081     0.321780000
   11780     0.001089485     0.000944414     0.326160000
   11800     0.001082476     0.000940020     0.321560000
   11820     0.001087422     0.000945808     0.331870000
   11840     0.001078060     0.000939570     0.329650000
   11860     0.001087813     0.000949372     0.341940000
   11880     0.001089575     0.000954090     0.355640000
   11900     0.001089753     0.000954236     0.329630000
   11920     0.001079617     0.000945205     0.326560000
   11940     0.001078424     0.000945775     0.340390000
   11960     0.001080236     0.000945897     0.337070000
   11980     0.001080129     0.000945569     0.340750000
   12000     0.001079685     0.000947123     0.334630000
   12020     0.001081018     0.000943877     0.344760000
   12040     0.001079765     0.000943736     0.343040000
   12060     0.001066687     0.000933555     0.333570000
   12080     0.001077481     0.000942794     0.340060000
   12100     0.001086591     0.000952792     0.335770000
   12120     0.001092734     0.000958476     0.342120000
   12140     0.001088614     0.000954169     0.336060000
   12160     0.001098199     0.000961286     0.339730000
   12180     0.001078583     0.000947311     0.325280000
   12200     0.001087027     0.000952787     0.329990000
   12220     0.001095567     0.000960685     0.332260000
   12240     0.001105754     0.000969170     0.332360000
   12260     0.001101944     0.000966344     0.320540000
   12280     0.001087865     0.000953136     0.318560000
   12300     0.001076812     0.000941618     0.328870000
   12320     0.001084734     0.000947013     0.330950000
   12340     0.001085190     0.000948355     0.335250000
   12360     0.001075224     0.000942461     0.330830000
   12380     0.001082608     0.000947464     0.332070000
   12400     0.001080075     0.000948194     0.320730000
   12420     0.001069867     0.000940800     0.337080000
   12440     0.001067488     0.000937705     0.341990000
   12460     0.001064931     0.000936111     0.329820000
   12480     0.001074322     0.000942682     0.333320000
   12500     0.001065223     0.000936108     0.338870000
   12520     0.001064947     0.000939589     0.354920000
   12540     0.001069978     0.000945029     0.353590000
   12560     0.001060089     0.000938181     0.356760000
   12580     0.001058978     0.000938118     0.350370000
   12600     0.001049312     0.000929249     0.340400000
   12620     0.001069116     0.000946295     0.342570000
   12640     0.001065734     0.000944809     0.345170000
   12660     0.001058704     0.000939239     0.344590000
   12680     0.001056544     0.000938065     0.350640000
   12700     0.001061276     0.000941836     0.348940000
   12720     0.001057353     0.000940144     0.345560000
   12740     0.001048220     0.000928078     0.352040000
   12760     0.001055357     0.000934306     0.365000000
   12780     0.001049914     0.000930912     0.358850000
   12800     0.001054558     0.000933967     0.366480000
   12820     0.001052381     0.000934255     0.362910000
   12840     0.001046834     0.000930227     0.361790000
   12860     0.001052796     0.000935769     0.357410000
   12880     0.001044411     0.000931987     0.363000000
   12900     0.001038360     0.000926865     0.366420000
   12920     0.001047152     0.000936206     0.367090000
   12940     0.001046543     0.000935982     0.359530000
   12960     0.001047966     0.000935438     0.354600000
   12980     0.001047689     0.000935301     0.352830000
   13000     0.001052070     0.000934877     0.353460000
   13020     0.001047105     0.000930613     0.352040000
   13040     0.001045655     0.000929638     0.353560000
   13060     0.001052368     0.000936281     0.347050000
   13080     0.001047595     0.000931391     0.351830000
   13100     0.001048614     0.000930251     0.359630000
   13120     0.001050385     0.000930495     0.354500000
   13140     0.001062382     0.000941831     0.361280000
   13160     0.001054487     0.000935922     0.349920000
   13180     0.001056093     0.000937168     0.360400000
   13200     0.001045759     0.000927415     0.360180000
   13220     0.001044200     0.000928901     0.357120000
   13240     0.001048233     0.000932092     0.358510000
   13260     0.001042088     0.000927646     0.358660000
   13280     0.001037252     0.000923517     0.367830000
   13300     0.001046088     0.000930649     0.367920000
   13320     0.001047032     0.000933536     0.365640000
   13340     0.001039448     0.000926321     0.353970000
   13360     0.001043458     0.000929678     0.351390000
   13380     0.001045002     0.000932581     0.355680000
   13400     0.001055042     0.000939489     0.344180000
   13420     0.001051032     0.000936000     0.350570000
   13440     0.001040253     0.000926303     0.357200000
   13460     0.001045298     0.000928522     0.351230000
   13480     0.001059681     0.000938115     0.346170000
   13500     0.001071562     0.000944888     0.339560000
   13520     0.001062503     0.000940452     0.355780000
   13540     0.001062040     0.000939105     0.353880000
   13560     0.001076258     0.000952170     0.341180000
   13580     0.001068373     0.000946674     0.343310000
   13600     0.001061855     0.000941509     0.356740000
   13620     0.001056150     0.000936232     0.356240000
   13640     0.001058688     0.000939062     0.355980000
   13660     0.001063402     0.000945265     0.340330000
   13680     0.001061109     0.000943114     0.343150000
   13700     0.001062480     0.000942283     0.346510000
   13720     0.001059273     0.000937225     0.343980000
   13740     0.001057088     0.000936510     0.354560000
   13760     0.001063196     0.000941429     0.360140000
   13780     0.001064611     0.000946139     0.356930000
   13800     0.001078168     0.000954134     0.334130000
   13820     0.001091861     0.000963716     0.330440000
   13840     0.001089588     0.000960496     0.338520000
   13860     0.001079633     0.000951578     0.331040000
   13880     0.001086925     0.000957114     0.329650000
   13900     0.001084923     0.000954487     0.331150000
   13920     0.001096377     0.000964589     0.338050000
   13940     0.001092190     0.000961879     0.330630000
   13960     0.001097833     0.000960135     0.329520000
   13980     0.001083238     0.000948920     0.338060000
   14000     0.001085986     0.000950115     0.331020000
   14020     0.001087364     0.000950844     0.344550000
   14040     0.001081549     0.000946571     0.342280000
   14060     0.001078547     0.000945991     0.340450000
   14080     0.001073338     0.000944987     0.339050000
   14100     0.001078931     0.000946413     0.331380000
   14120     0.001072802     0.000941684     0.342670000
   14140     0.001064135     0.000938776     0.347510000
   14160     0.001061892     0.000939570     0.354010000
   14180     0.001058700     0.000939313     0.354890000
   14200     0.001063754     0.000941987     0.346310000
   14220     0.001069928     0.000946476     0.350940000
   14240     0.001072046     0.000947112     0.348590000
   14260     0.001074420     0.000949176     0.348200000
   14280     0.001075681     0.000947980     0.338290000
   14300     0.001077153     0.000951987     0.352670000
   14320     0.001075196     0.000951726     0.344770000
   14340     0.001065371     0.000943352     0.343330000
   14360     0.001081118     0.000956301     0.346890000
   14380     0.001071157     0.000949656     0.345250000
   14400     0.001067045     0.000947111     0.340850000
   14420     0.001062237     0.000941176     0.323310000
   14440     0.001080040     0.000953067     0.339420000
   14460     0.001087475     0.000960358     0.339510000
   14480     0.001090041     0.000958054     0.327760000
   14500     0.001094711     0.000960597     0.330510000
   14520     0.001102453     0.000965066     0.326440000
   14540     0.001096238     0.000959273     0.322800000
   14560     0.001098576     0.000959111     0.332710000
   14580     0.001099072     0.000961306     0.327730000
   14600     0.001112253     0.000968554     0.320710000
   14620     0.001102529     0.000956936     0.316980000
   14640     0.001085481     0.000945838     0.319490000
   14660     0.001106743     0.000962574     0.318710000
   14680     0.001100772     0.000959890     0.318740000
   14700     0.001104125     0.000960457     0.312440000
   14720     0.001104934     0.000957946     0.319050000
   14740     0.001109049     0.000960410     0.310560000
   14760     0.001107295     0.000960013     0.325440000
   14780     0.001097833     0.000956841     0.325370000
   14800     0.001103460     0.000963540     0.328110000
   14820     0.001098195     0.000958991     0.319090000
   14840     0.001090194     0.000951288     0.326120000
   14860     0.001091420     0.000952093     0.319030000
   14880     0.001083135     0.000946883     0.328570000
   14900     0.001089585     0.000953690     0.334400000
   14920     0.001080488     0.000950303     0.330920000
   14940     0.001082836     0.000950056     0.321120000
   14960     0.001089230     0.000954631     0.332090000
   14980     0.001079971     0.000947345     0.328750000
   15000     0.001077106     0.000946297     0.325790000
   15020     0.001082227     0.000949465     0.331280000
   15040     0.001074165     0.000944596     0.320570000
   15060     0.001078211     0.000946257     0.329420000
   15080     0.001086197     0.000951593     0.337280000
   15100     0.001084132     0.000950544     0.344080000
   15120     0.001078042     0.000947763     0.341540000
   15140     0.001087077     0.000956652     0.333390000
   15160     0.001086211     0.000955350     0.338210000
   15180     0.001091164     0.000959497     0.335220000
   15200     0.001102973     0.000967618     0.336240000
   15220     0.001113804     0.000974625     0.330530000
   15240     0.001111485     0.000972046     0.318200000
   15260     0.001110935     0.000969310     0.316630000
   15280     0.001112481     0.000969315     0.315040000
   15300     0.001121384     0.000975228     0.316300000
   15320     0.001117437     0.000969960     0.309660000
   15340     0.001106971     0.000960280     0.320860000
   15360     0.001111710     0.000963876     0.317240000
   15380     0.001116510     0.000967491     0.310460000
   15400     0.001116923     0.000965963     0.315600000
   15420     0.001120940     0.000970509     0.312570000
   15440     0.001121210     0.000970238     0.312300000
   15460     0.001115568     0.000963509     0.306400000
   15480     0.001119251     0.000967860     0.304260000
   15500     0.001111930     0.000961308     0.312290000
   15520     0.001119419     0.000966976     0.308820000
   15540     0.001120352     0.000968947     0.309040000
   15560     0.001113283     0.000961807     0.306880000
   15580     0.001114318     0.000961925     0.312500000
   15600     0.001109284     0.000956373     0.319370000
   15620     0.001098904     0.000949188     0.320110000
   15640     0.001088682     0.000941092     0.320980000
   15660     0.001076136     0.000934751     0.326610000
   15680     0.001075796     0.000938663     0.337030000
   15700     0.001078928     0.000943582     0.334570000
   15720     0.001069028     0.000937738     0.331850000
   15740     0.001060316     0.000932192     0.333450000
   15760     0.001055429     0.000928430     0.351910000
   15780     0.001073055     0.000945133     0.341160000
   15800     0.001077979     0.000949698     0.343410000
   15820     0.001072800     0.000944302     0.344190000
   15840     0.001081214     0.000954409     0.346920000
   15860     0.001089129     0.000961749     0.346060000
   15880     0.001088817     0.000962033     0.344890000
   15900     0.001093363     0.000963042     0.333610000
   15920     0.001085421     0.000956633     0.333570000
   15940     0.001078717     0.000951211     0.326230000
   15960     0.001082234     0.000953652     0.334570000
   15980     0.001080725     0.000952065     0.331760000
   16000     0.001082519     0.000949870     0.336480000
   16020     0.001080256     0.000948354     0.337040000
   16040     0.001076886     0.000944998     0.342300000
   16060     0.001070232     0.000945244     0.350030000
   16080     0.001066648     0.000943464     0.336610000
   16100     0.001068469     0.000945666     0.337170000
   16120     0.001071941     0.000950213     0.329490000
   16140     0.001062641     0.000940193     0.348840000
   16160     0.001065436     0.000940410     0.356460000
   16180     0.001078592     0.000951693     0.350220000
   16200     0.001072694     0.000947059     0.350760000
   16220     0.001067965     0.000945166     0.342990000
   16240     0.001073525     0.000949640     0.354520000
   16260     0.001075187     0.000950553     0.356340000
   16280     0.001086574     0.000960101     0.342890000
   16300     0.001084343     0.000956337     0.342590000
   16320     0.001081490     0.000956343     0.339750000
   16340     0.001079370     0.000951939     0.344820000
   16360     0.001076002     0.000950163     0.343970000
   16380     0.001077636     0.000952807     0.337800000
   16400     0.001077439     0.000953835     0.337880000
   16420     0.001071477     0.000949960     0.338880000
   16440     0.001064264     0.000944905     0.344090000
   16460     0.001067756     0.000947065     0.339670000
   16480     0.001067325     0.000944788     0.329970000
   16500     0.001078021     0.000952604     0.334140000
   16520     0.001077825     0.000953151     0.333820000
   16540     0.001086291     0.000958631     0.336970000
   16560     0.001093064     0.000963302     0.328840000
   16580     0.001103180     0.000968408     0.321340000
   16600     0.001107324     0.000971571     0.329610000
   16620     0.001101246     0.000967116     0.329870000
   16640     0.001099639     0.000967138     0.333110000
   16660     0.001089804     0.000958939     0.329140000
   16680     0.001076316     0.000948747     0.338690000
   16700     0.001066025     0.000940308     0.345460000
   16720     0.001075046     0.000948791     0.342500000
   16740     0.001078593     0.000950354     0.333690000
   16760     0.001095474     0.000960626     0.336540000
   16780     0.001091482     0.000956391     0.327190000
   16800     0.001085918     0.000953808     0.334860000
   16820     0.001087508     0.000956066     0.338410000
   16840     0.001081989     0.000951072     0.326410000
   16860     0.001085678     0.000953704     0.316520000
   16880     0.001095274     0.000959670     0.323470000
   16900     0.001101272     0.000965589     0.330930000
   16920     0.001104416     0.000965098     0.318200000
   16940     0.001101557     0.000961180     0.321810000
   16960     0.001089262     0.000949201     0.311580000
   16980     0.001080296     0.000939461     0.320500000
   17000     0.001072022     0.000933219     0.327920000
   17020     0.001079153     0.000938634     0.326320000
   17040     0.001086112     0.000942714     0.329730000
   17060     0.001084899     0.000941737     0.336900000
   17080     0.001084313     0.000944886     0.323820000
   17100     0.001084183     0.000944539     0.320440000
   17120     0.001088942     0.000950917     0.324350000
   17140     0.001078565     0.000941211     0.332510000
   17160     0.001080553     0.000944650     0.329490000
   17180     0.001100065     0.000960656     0.336880000
   17200     0.001104738     0.000965081     0.332760000
   17220     0.001094516     0.000956635     0.331850000
   17240     0.001083093     0.000949600     0.321290000
   17260     0.001087357     0.000951983     0.327750000
   17280     0.001088851     0.000951078     0.326560000
   17300     0.001085419     0.000947753     0.327750000
   17320     0.001085156     0.000950455     0.331370000
   17340     0.001079939     0.000946326     0.337530000
   17360     0.001086530     0.000951009     0.339530000
   17380     0.001094481     0.000959598     0.338140000
   17400     0.001095411     0.000959954     0.334150000
   17420     0.001093595     0.000960219     0.334750000
   17440     0.001090434     0.000958317     0.338020000
   17460     0.001094716     0.000961938     0.344190000
   17480     0.001094927     0.000963145     0.331970000
   17500     0.001091701     0.000957323     0.326610000
   17520     0.001083021     0.000949947     0.331350000
   17540     0.001084500     0.000954671     0.341740000
   17560     0.001084929     0.000953881     0.336730000
   17580     0.001075008     0.000947883     0.339920000
   17600     0.001072502     0.000946183     0.337730000
   17620     0.001070350     0.000945196     0.329590000
   17640     0.001073558     0.000945776     0.326230000
   17660     0.001079483     0.000949768     0.335700000
   17680     0.001074220     0.000947876     0.342290000
   17700     0.001070304     0.000944114     0.344590000
   17720     0.001069449     0.000945413     0.347300000
   17740     0.001068561     0.000945521     0.353200000
   17760     0.001060066     0.000940326     0.362820000
   17780     0.001054324     0.000938694     0.365790000
   17800     0.001066274     0.000948694     0.357990000
   17820     0.001068857     0.000949924     0.348260000
   17840     0.001074615     0.000952130     0.348790000
   17860     0.001074706     0.000949845     0.343050000
   17880     0.001071059     0.000948956     0.343460000
   17900     0.001075664     0.000950680     0.350610000
   17920     0.001082319     0.000956831     0.326640000
   17940     0.001081271     0.000953618     0.342950000
   17960     0.001089005     0.000957139     0.336970000
   17980     0.001087193     0.000955971     0.335260000
   18000     0.001086703     0.000954786     0.346740000
   18020     0.001078797     0.000950002     0.343770000
   18040     0.001082476     0.000955053     0.341270000
   18060     0.001082708     0.000955052     0.336070000
   18080     0.001076888     0.000950272     0.344890000
   18100     0.001081131     0.000953343     0.331400000
   18120     0.001085246     0.000957605     0.327100000
   18140     0.001086190     0.000957378     0.345020000
   18160     0.001082648     0.000954297     0.340030000
   18180     0.001100579     0.000967447     0.328940000
   18200     0.001091315     0.000959737     0.328920000
   18220     0.001100026     0.000962981     0.336410000
   18240     0.001098784     0.000963511     0.346590000
   18260     0.001097234     0.000961349     0.343640000
   18280     0.001089397     0.000957147     0.329420000
   18300     0.001104056     0.000966963     0.325780000
   18320     0.001101937     0.000962815     0.324110000
   18340     0.001106561     0.000962580     0.335750000
   18360     0.001113620     0.000969902     0.337300000
   18380     0.001108217     0.000968023     0.325980000
   18400     0.001092929     0.000957843     0.330920000
   18420     0.001079774     0.000948258     0.334640000
   18440     0.001080541     0.000948046     0.338050000
   18460     0.001095241     0.000962206     0.335930000
   18480     0.001090005     0.000959109     0.329370000
   18500     0.001094606     0.000963099     0.322130000
   18520     0.001092367     0.000960047     0.311970000
   18540     0.001096671     0.000960578     0.324730000
   18560     0.001117180     0.000976858     0.324000000
   18580     0.001106741     0.000968273     0.327550000
   18600     0.001096095     0.000962427     0.328550000
   18620     0.001096988     0.000963182     0.329320000
   18640     0.001091346     0.000958013     0.334740000
   18660     0.001084904     0.000953861     0.334310000
   18680     0.001087133     0.000957088     0.336450000
   18700     0.001076483     0.000949789     0.348670000
   18720     0.001090635     0.000962088     0.337290000
   18740     0.001092520     0.000964791     0.341050000
   18760     0.001098999     0.000966959     0.330390000
   18780     0.001101500     0.000965322     0.327570000
   18800     0.001098483     0.000962463     0.336860000
   18820     0.001090019     0.000953447     0.324960000
   18840     0.001089717     0.000953349     0.325730000
   18860     0.001097862     0.000959227     0.324300000
   18880     0.001095488     0.000956141     0.319380000
   18900     0.001097498     0.000959289     0.327340000
   18920     0.001102485     0.000961164     0.323780000
   18940     0.001115874     0.000974605     0.325210000
   18960     0.001108984     0.000966200     0.307570000
   18980     0.001106675     0.000964723     0.317430000
   19000     0.001096792     0.000956114     0.310780000
   19020     0.001088444     0.000951637     0.324110000
   19040     0.001084615     0.000948342     0.328930000
   19060     0.001083971     0.000948515     0.346410000
   19080     0.001093216     0.000957662     0.336190000
   19100     0.001080436     0.000947614     0.337450000
   19120     0.001083397     0.000951280     0.330940000
   19140     0.001094008     0.000960182     0.326120000
   19160     0.001098152     0.000962308     0.330760000
   19180     0.001097986     0.000961704     0.331040000
   19200     0.001102169     0.000964241     0.322040000
   19220     0.001105747     0.000967114     0.331820000
   19240     0.001101194     0.000967434     0.317640000
   19260     0.001098721     0.000962177     0.312910000
   19280     0.001093349     0.000956953     0.324890000
   19300     0.001108127     0.000969739     0.317640000
   19320     0.001101482     0.000961085     0.328920000
   19340     0.001099316     0.000961142     0.325430000
   19360     0.001108296     0.000968232     0.317900000
   19380     0.001102308     0.000960298     0.308270000
   19400     0.001098064     0.000957000     0.321200000
   19420     0.001113464     0.000970612     0.323440000
   19440     0.001106507     0.000968877     0.320560000
   19460     0.001107713     0.000969098     0.323340000
   19480     0.001121510     0.000977524     0.327830000
   19500     0.001127719     0.000983536     0.332430000
   19520     0.001122099     0.000976365     0.318480000
   19540     0.001109853     0.000964246     0.312220000
   19560     0.001114559     0.000969257     0.315760000
   19580     0.001108055     0.000960464     0.303790000
   19600     0.001109148     0.000962527     0.307460000
   19620     0.001110418     0.000963948     0.312540000
   19640     0.001098611     0.000954902     0.312870000
   19660     0.001103963     0.000959254     0.316320000
   19680     0.001108809     0.000964911     0.317340000
   19700     0.001105122     0.000961836     0.323890000
   19720     0.001108766     0.000965041     0.333130000
   19740     0.001105369     0.000965339     0.329060000
   19760     0.001100897     0.000956599     0.328480000
   19780     0.001102203     0.000959398     0.326800000
   19800     0.001098698     0.000956454     0.327370000
   19820     0.001100497     0.000953150     0.328010000
   19840     0.001091923     0.000948755     0.321430000
   19860     0.001089356     0.000948937     0.330750000
   19880     0.001087556     0.000950029     0.341120000
   19900     0.001087156     0.000949825     0.342490000
   19920     0.001081419     0.000946871     0.341230000
   19940     0.001086794     0.000950869     0.348380000
   19960     0.001074631     0.000943101     0.330310000
   19980     0.001087733     0.000953570     0.330000000
   20000     0.001083035     0.000950308     0.338000000
   20020     0.001089338     0.000955478     0.345890000
   20040     0.001075818     0.000948571     0.353270000
   20060     0.001075143     0.000946804     0.342300000
   20080     0.001083218     0.000952442     0.333290000
   20100     0.001097582     0.000964821     0.336010000
   20120     0.001094815     0.000964963     0.336010000
   20140     0.001103777     0.000972720     0.339680000
   20160     0.001114226     0.000978433     0.329840000
   20180     0.001111585     0.000973166     0.325010000
   20200     0.001108421     0.000968789     0.316680000
   20220     0.001102348     0.000959640     0.310660000
   20240     0.001104790     0.000960257     0.323040000
   20260     0.001105437     0.000960932     0.316880000
   20280     0.001101850     0.000957361     0.326040000
   20300     0.001108625     0.000964898     0.333680000
   20320     0.001121198     0.000973406     0.320980000
   20340     0.001116126     0.000968417     0.314560000
   20360     0.001108961     0.000964413     0.320970000
   20380     0.001105152     0.000959875     0.330690000
   20400     0.001100912     0.000957385     0.317350000
   20420     0.001097781     0.000956171     0.327950000
   20440     0.001085078     0.000945427     0.324200000
   20460     0.001082512     0.000946594     0.332870000
   20480     0.001060768     0.000931523     0.332020000
   20500     0.001065900     0.000937978     0.346520000
   20520     0.001084066     0.000953904     0.345720000
   20540     0.001087901     0.000956315     0.349440000
   20560     0.001095739     0.000961194     0.337620000
   20580     0.001092443     0.000960706     0.328770000
   20600     0.001088264     0.000956132     0.328430000
   20620     0.001094857     0.000961162     0.328530000
   20640     0.001095455     0.000961634     0.335510000
   20660     0.001104336     0.000966460     0.332140000
   20680     0.001105745     0.000967395     0.328880000
   20700     0.001106248     0.000967392     0.322180000
   20720     0.001101790     0.000963165     0.320900000
   20740     0.001106321     0.000964173     0.311960000
   20760     0.001111564     0.000972176     0.311470000
   20780     0.001109847     0.000971633     0.306370000
   20800     0.001104133     0.000966228     0.311010000
   20820     0.001102219     0.000961649     0.313960000
   20840     0.001103627     0.000961456     0.315710000
   20860     0.001104340     0.000960332     0.314160000
   20880     0.001105427     0.000957636     0.317590000
   20900     0.001102394     0.000954558     0.322020000
   20920     0.001112228     0.000964949     0.312200000
   20940     0.001095742     0.000953636     0.318130000
   20960     0.001092843     0.000949879     0.319700000
   20980     0.001095180     0.000948777     0.332830000
   21000     0.001097478     0.000952345     0.322930000
   21020     0.001100299     0.000951219     0.313510000
   21040     0.001103549     0.000957994     0.322210000
   21060     0.001103591     0.000959366     0.334580000
   21080     0.001100967     0.000957249     0.335620000
   21100     0.001105990     0.000961358     0.322830000
   21120     0.001099773     0.000954724     0.336220000
   21140     0.001089688     0.000951856     0.328230000
   21160     0.001080430     0.000945004     0.333200000
   21180     0.001093759     0.000955662     0.338230000
   21200     0.001109946     0.000968818     0.332330000
   21220     0.001095225     0.000959469     0.322270000
   21240     0.001097942     0.000959737     0.310790000
   21260     0.001093571     0.000955768     0.323530000
   21280     0.001093534     0.000955601     0.330560000
   21300     0.001092344     0.000955888     0.331310000
   21320     0.001094632     0.000953970     0.324350000
   21340     0.001077437     0.000939575     0.335720000
   21360     0.001063212     0.000933063     0.324040000
   21380     0.001063297     0.000931532     0.325680000
   21400     0.001071155     0.000936827     0.340620000
   21420     0.001066534     0.000934663     0.350370000
   21440     0.001075371     0.000942130     0.351360000
   21460     0.001078260     0.000949750     0.346030000
   21480     0.001081395     0.000951636     0.342390000
   21500     0.001081280     0.000952294     0.349230000
   21520     0.001096271     0.000963315     0.339610000
   21540     0.001080536     0.000951515     0.340940000
   21560     0.001075235     0.000947746     0.343690000
   21580     0.001085015     0.000954039     0.327420000
   21600     0.001090634     0.000960326     0.335380000
   21620     0.001097648     0.000963636     0.329680000
   21640     0.001101788     0.000966315     0.334530000
   21660     0.001095569     0.000961964     0.328390000
   21680     0.001087501     0.000954881     0.327940000
   21700     0.001095069     0.000956948     0.320310000
   21720     0.001108188     0.000964586     0.312900000
   21740     0.001110447     0.000966990     0.326180000
   21760     0.001106459     0.000967067     0.325290000
   21780     0.001103088     0.000963414     0.324740000
   21800     0.001098848     0.000959755     0.335070000
   21820     0.001097686     0.000961668     0.336910000
   21840     0.001100715     0.000963245     0.333640000
   21860     0.001083014     0.000949828     0.324800000
   21880     0.001077709     0.000945763     0.336830000
   21900     0.001072532     0.000942103     0.337770000
   21920     0.001064130     0.000936823     0.349150000
   21940     0.001061687     0.000937250     0.350380000
   21960     0.001072890     0.000945639     0.341330000
   21980     0.001076341     0.000948479     0.338220000
   22000     0.001074121     0.000945821     0.343330000
   22020     0.001083373     0.000953867     0.335880000
   22040     0.001085755     0.000955858     0.332300000
   22060     0.001082995     0.000955524     0.337420000
   22080     0.001076949     0.000949711     0.335170000
   22100     0.001068657     0.000942037     0.335280000
   22120     0.001062635     0.000938232     0.336390000
   22140     0.001074377     0.000946883     0.346670000
   22160     0.001064435     0.000937075     0.343640000
   22180     0.001065033     0.000937599     0.341970000
   22200     0.001073804     0.000943462     0.344600000
   22220     0.001061818     0.000934439     0.336930000
   22240     0.001052348     0.000926922     0.341580000
   22260     0.001053880     0.000929284     0.349440000
   22280     0.001057064     0.000930180     0.349250000
   22300     0.001059034     0.000931624     0.350640000
   22320     0.001061221     0.000935633     0.345010000
   22340     0.001063092     0.000937535     0.346290000
   22360     0.001069798     0.000942054     0.342440000
   22380     0.001077479     0.000946745     0.351770000
   22400     0.001088259     0.000958407     0.345460000
   22420     0.001097185     0.000966936     0.341030000
   22440     0.001101899     0.000968054     0.323550000
   22460     0.001096265     0.000961106     0.340220000
   22480     0.001097861     0.000963947     0.325180000
   22500     0.001095960     0.000961475     0.329230000
   22520     0.001103720     0.000966701     0.313580000
   22540     0.001108369     0.000967827     0.306070000
   22560     0.001091243     0.000948570     0.310460000
   22580     0.001093154     0.000949058     0.312940000
   22600     0.001093936     0.000950042     0.335290000
   22620     0.001095358     0.000954763     0.335170000
   22640     0.001097948     0.000957693     0.336590000
   22660     0.001090594     0.000951979     0.323660000
   22680     0.001092344     0.000952900     0.335350000
   22700     0.001099485     0.000961716     0.333340000
   22720     0.001093154     0.000959123     0.329390000
   22740     0.001093112     0.000958617     0.331440000
   22760     0.001107004     0.000970823     0.329810000
   22780     0.001104654     0.000967997     0.323420000
   22800     0.001113270     0.000974302     0.314530000
   22820     0.001106809     0.000966019     0.317500000
   22840     0.001110535     0.000968559     0.320780000
   22860     0.001106963     0.000963633     0.316340000
   22880     0.001105711     0.000962353     0.319600000
   22900     0.001097988     0.000958877     0.328040000
   22920     0.001081827     0.000949352     0.330660000
   22940     0.001076706     0.000940720     0.326750000
   22960     0.001088904     0.000950059     0.333160000
   22980     0.001087888     0.000951419     0.326840000
   23000     0.001082648     0.000948962     0.336000000
   23020     0.001095675     0.000960255     0.335920000
   23040     0.001096748     0.000962340     0.342990000
   23060     0.001118697     0.000976856     0.336390000
   23080     0.001111647     0.000971560     0.325930000
   23100     0.001102199     0.000961628     0.319190000
   23120     0.001100945     0.000963245     0.331530000
   23140     0.001095749     0.000957754     0.329500000
   23160     0.001108274     0.000969147     0.326530000
   23180     0.001109087     0.000969642     0.319490000
   23200     0.001120956     0.000976386     0.323240000
   23220     0.001129570     0.000984711     0.326610000
   23240     0.001132900     0.000985641     0.311670000
   23260     0.001138541     0.000987304     0.305480000
   23280     0.001124381     0.000974814     0.320700000
   23300     0.001120343     0.000973749     0.319920000
   23320     0.001117445     0.000969406     0.322900000
   23340     0.001122635     0.000974772     0.315900000
   23360     0.001125621     0.000978734     0.318760000
   23380     0.001120271     0.000975761     0.318560000
   23400     0.001112779     0.000969800     0.307140000
   23420     0.001120522     0.000975705     0.301200000
   23440     0.001131681     0.000978848     0.296160000
   23460     0.001128774     0.000974760     0.302970000
   23480     0.001126105     0.000968574     0.293550000
   23500     0.001121503     0.000966164     0.297170000
   23520     0.001118646     0.000958945     0.310930000
   23540     0.001121133     0.000962764     0.314720000
   23560     0.001132830     0.000971824     0.312190000
   23580     0.001131462     0.000970652     0.308480000
   23600     0.001129120     0.000970418     0.298820000
   23620     0.001138638     0.000973456     0.301130000
   23640     0.001146615     0.000981672     0.296270000
   23660     0.001148245     0.000983511     0.290360000
   23680     0.001146543     0.000982018     0.295890000
   23700     0.001141516     0.000973507     0.286620000
   23720     0.001136940     0.000971826     0.287820000
   23740     0.001138158     0.000970217     0.299250000
   23760     0.001144575     0.000976061     0.319630000
   23780     0.001133954     0.000971958     0.312520000
   23800     0.001127736     0.000969929     0.309420000
   23820     0.001128234     0.000967000     0.308220000
   23840     0.001130205     0.000970986     0.300030000
   23860     0.001126772     0.000973656     0.296960000
   23880     0.001122252     0.000966990     0.300240000
   23900     0.001107489     0.000958224     0.313290000
   23920     0.001117780     0.000966119     0.315470000
   23940     0.001113259     0.000962639     0.316780000
   23960     0.001117434     0.000966780     0.321800000
   23980     0.001104890     0.000959010     0.308980000
   24000     0.001097688     0.000951910     0.308110000
   24020     0.001092979     0.000950440     0.319700000
   24040     0.001092690     0.000947623     0.330550000
   24060     0.001095535     0.000951229     0.333400000
   24080     0.001097872     0.000953990     0.330770000
   24100     0.001109145     0.000966326     0.322210000
   24120     0.001115777     0.000972892     0.309870000
   24140     0.001104175     0.000963518     0.306560000
   24160     0.001114096     0.000972363     0.319320000
   24180     0.001131114     0.000981826     0.309530000
   24200     0.001142865     0.000990975     0.308670000
   24220     0.001134936     0.000985051     0.306440000
   24240     0.001127853     0.000978193     0.303950000
   24260     0.001120628     0.000972294     0.305980000
   24280     0.001112666     0.000965997     0.301390000
   24300     0.001104458     0.000956521     0.311860000
   24320     0.001104783     0.000958672     0.318020000
   24340     0.001102848     0.000957124     0.317890000
   24360     0.001115588     0.000965001     0.313310000
   24380     0.001090924     0.000948984     0.308260000
   24400     0.001104093     0.000959874     0.319690000
   24420     0.001098541     0.000955792     0.318060000
   24440     0.001098302     0.000957325     0.329600000
   24460     0.001095117     0.000955048     0.333560000
   24480     0.001091999     0.000953431     0.337440000
   24500     0.001088935     0.000953073     0.341420000
   24520     0.001100395     0.000962768     0.331250000
   24540     0.001102088     0.000964326     0.327260000
   24560     0.001099646     0.000962383     0.330470000
   24580     0.001100830     0.000959941     0.325870000
   24600     0.001107339     0.000963817     0.329260000
   24620     0.001100865     0.000957969     0.312470000
   24640     0.001088012     0.000946157     0.316470000
   24660     0.001093052     0.000951454     0.323060000
   24680     0.001094995     0.000950846     0.325550000
   24700     0.001095990     0.000954394     0.324080000
   24720     0.001086899     0.000947526     0.334640000
   24740     0.001093149     0.000952918     0.332770000
   24760     0.001090615     0.000950788     0.339040000
   24780     0.001092889     0.000957258     0.338180000
   24800     0.001095333     0.000958955     0.333420000
   24820     0.001101060     0.000959865     0.331410000
   24840     0.001088089     0.000948558     0.327770000
   24860     0.001076968     0.000940360     0.332390000
   24880     0.001090606     0.000953159     0.345180000
   24900     0.001088473     0.000953827     0.336330000
   24920     0.001090542     0.000955444     0.331860000
   24940     0.001094766     0.000957354     0.321020000
   24960     0.001089647     0.000951523     0.318850000
   24980     0.001082986     0.000944784     0.328140000
   25000     0.001085303     0.000942984     0.327950000
   25020     0.001088164     0.000947396     0.331920000
   25040     0.001091209     0.000949690     0.339680000
   25060     0.001090714     0.000955304     0.339560000
   25080     0.001086105     0.000952620     0.320230000
   25100     0.001084257     0.000950130     0.325110000
   25120     0.001091592     0.000959000     0.335010000
   25140     0.001093580     0.000962152     0.330430000
   25160     0.001082679     0.000951700     0.329470000
   25180     0.001079007     0.000948329     0.321160000
   25200     0.001086045     0.000952475     0.325180000
   25220     0.001084119     0.000953376     0.323700000
   25240     0.001082734     0.000952015     0.321050000
   25260     0.001091775     0.000959554     0.324310000
   25280     0.001096239     0.000962881     0.332600000
   25300     0.001094827     0.000961122     0.326420000
   25320     0.001096941     0.000961440     0.328580000
   25340     0.001100652     0.000961735     0.322770000
   25360     0.001107414     0.000966477     0.325850000
   25380     0.001095892     0.000958890     0.318550000
   25400     0.001099337     0.000960773     0.321030000
   25420     0.001112411     0.000971316     0.324050000
   25440     0.001110971     0.000971260     0.315100000
   25460     0.001109576     0.000969704     0.312100000
   25480     0.001108053     0.000969893     0.325740000
   25500     0.001101199     0.000963607     0.307410000
   25520     0.001103764     0.000963870     0.328250000
   25540     0.001093633     0.000956136     0.322050000
   25560     0.001090827     0.000952452     0.322570000
   25580     0.001086399     0.000949040     0.326800000
   25600     0.001081230     0.000943746     0.339310000
   25620     0.001083683     0.000945116     0.346180000
   25640     0.001092099     0.000956115     0.345850000
   25660     0.001088871     0.000953605     0.333910000
   25680     0.001079574     0.000947305     0.335820000
   25700     0.001070914     0.000938976     0.337350000
   25720     0.001079656     0.000947537     0.334370000
   25740     0.001082020     0.000950352     0.336200000
   25760     0.001082604     0.000952720     0.333020000
   25780     0.001078706     0.000946995     0.329570000
   25800     0.001083084     0.000950994     0.340060000
   25820     0.001080526     0.000949994     0.334720000
   25840     0.001088130     0.000954268     0.339240000
   25860     0.001083480     0.000953591     0.335160000
   25880     0.001080572     0.000950173     0.341320000
   25900     0.001075814     0.000947233     0.341270000
   25920     0.001071039     0.000945644     0.338210000
   25940     0.001067965     0.000944543     0.346350000
   25960     0.001069643     0.000943582     0.346170000
   25980     0.001072313     0.000947179     0.338130000
   26000     0.001086546     0.000956801     0.345560000
   26020     0.001072689     0.000946742     0.341840000
   26040     0.001083600     0.000953824     0.347170000
   26060     0.001086782     0.000957826     0.351660000
   26080     0.001083410     0.000955569     0.338410000
   26100     0.001092001     0.000961023     0.327180000
   26120     0.001095819     0.000964646     0.330180000
   26140     0.001097508     0.000965068     0.324580000
   26160     0.001101705     0.000966922     0.324160000
   26180     0.001097664     0.000965731     0.333890000
   26200     0.001107444     0.000973596     0.329950000
   26220     0.001092017     0.000959272     0.334150000
   26240     0.001089600     0.000958078     0.330110000
   26260     0.001090374     0.000956294     0.335160000
   26280     0.001083135     0.000949445     0.336290000
   26300     0.001078173     0.000945093     0.331330000
   26320     0.001087693     0.000955969     0.336380000
   26340     0.001098720     0.000963325     0.331860000
   26360     0.001096352     0.000960830     0.332770000
   26380     0.001102993     0.000965219     0.321930000
   26400     0.001108407     0.000971928     0.321050000
   26420     0.001105616     0.000968624     0.319080000
   26440     0.001111603     0.000968287     0.319580000
   26460     0.001111932     0.000968962     0.328170000
   26480     0.001103558     0.000963114     0.321670000
   26500     0.001098813     0.000959134     0.319020000
   26520     0.001097699     0.000954691     0.316070000
   26540     0.001094694     0.000952649     0.317980000
   26560     0.001090830     0.000949242     0.317610000
   26580     0.001083565     0.000947784     0.322570000
   26600     0.001091391     0.000953593     0.333730000
   26620     0.001084933     0.000950193     0.330810000
   26640     0.001086946     0.000950115     0.325710000
   26660     0.001082293     0.000946399     0.327850000
   26680     0.001085961     0.000951357     0.337420000
   26700     0.001088914     0.000953323     0.331550000
   26720     0.001094210     0.000956701     0.314850000
   26740     0.001076830     0.000940814     0.309380000
   26760     0.001081662     0.000946201     0.326070000
   26780     0.001086130     0.000952198     0.335350000
   26800     0.001089850     0.000956499     0.334570000
   26820     0.001088181     0.000955284     0.331000000
   26840     0.001083859     0.000952866     0.314510000
   26860     0.001089570     0.000954937     0.326850000
   26880     0.001092094     0.000957297     0.317940000
   26900     0.001094252     0.000957437     0.317690000
   26920     0.001104045     0.000963571     0.319870000
   26940     0.001090068     0.000950986     0.317320000
   26960     0.001093432     0.000954104     0.328670000
   26980     0.001094025     0.000952050     0.324430000
   27000     0.001102053     0.000960901     0.325930000
   27020     0.001094911     0.000954920     0.331320000
   27040     0.001093790     0.000955031     0.336540000
   27060     0.001095004     0.000959422     0.330540000
   27080     0.001091294     0.000958359     0.325960000
   27100     0.001087923     0.000956416     0.334060000
   27120     0.001096861     0.000963383     0.329970000
   27140     0.001093266     0.000962513     0.332600000
   27160     0.001098197     0.000962817     0.324170000
   27180     0.001122325     0.000977439     0.302370000
   27200     0.001125925     0.000981122     0.309940000
   27220     0.001119930     0.000974687     0.311160000
   27240     0.001113408     0.000966515     0.322520000
   27260     0.001110407     0.000963078     0.326720000
   27280     0.001103003     0.000957314     0.320590000
   27300     0.001106741     0.000964169     0.318490000
   27320     0.001104147     0.000963150     0.328640000
   27340     0.001124481     0.000976963     0.323530000
   27360     0.001123547     0.000978273     0.325650000
   27380     0.001128061     0.000985410     0.314670000
   27400     0.001119344     0.000977753     0.303270000
   27420     0.001116186     0.000974711     0.313400000
   27440     0.001113825     0.000970469     0.323460000
   27460     0.001121576     0.000974487     0.323380000
   27480     0.001106938     0.000962338     0.320480000
   27500     0.001110955     0.000967533     0.322130000
   27520     0.001107874     0.000964374     0.324980000
   27540     0.001112991     0.000970312     0.316200000
   27560     0.001110482     0.000966419     0.314990000
   27580     0.001124046     0.000972878     0.321540000
   27600     0.001132572     0.000978765     0.308680000
   27620     0.001117651     0.000968303     0.299050000
   27640     0.001111496     0.000963832     0.326410000
   27660     0.001117353     0.000968987     0.319960000
   27680     0.001106527     0.000960365     0.305010000
   27700     0.001109964     0.000959712     0.312070000
   27720     0.001092915     0.000944873     0.312770000
   27740     0.001100365     0.000954621     0.315730000
   27760     0.001110428     0.000964058     0.307460000
   27780     0.001111353     0.000962625     0.314750000
   27800     0.001094082     0.000951628     0.327770000
   27820     0.001090784     0.000948643     0.326070000
   27840     0.001104325     0.000961819     0.320910000
   27860     0.001116461     0.000971881     0.321010000
   27880     0.001115004     0.000974939     0.320290000
   27900     0.001112440     0.000968579     0.322260000
   27920     0.001111614     0.000968023     0.320690000
   27940     0.001096936     0.000959183     0.320070000
   27960     0.001090060     0.000953632     0.309590000
   27980     0.001084046     0.000946551     0.313390000
   28000     0.001071166     0.000934534     0.322980000
   28020     0.001081038     0.000943812     0.329900000
   28040     0.001091495     0.000951797     0.340930000
   28060     0.001095584     0.000958640     0.328480000
   28080     0.001091356     0.000954046     0.330960000
   28100     0.001084350     0.000946646     0.334460000
   28120     0.001079051     0.000943940     0.336860000
   28140     0.001074942     0.000941337     0.350010000
   28160     0.001070086     0.000936690     0.335060000
   28180     0.001071211     0.000936042     0.331420000
   28200     0.001068992     0.000934407     0.335860000
   28220     0.001063348     0.000933055     0.337970000
   28240     0.001070272     0.000939570     0.338130000
   28260     0.001076297     0.000946725     0.340730000
   28280     0.001070988     0.000942126     0.339790000
   28300     0.001077700     0.000948923     0.347710000
   28320     0.001069562     0.000942411     0.335110000
   28340     0.001071458     0.000943422     0.331920000
   28360     0.001059081     0.000931820     0.347310000
   28380     0.001057341     0.000929615     0.341460000
   28400     0.001064130     0.000935278     0.334330000
   28420     0.001051907     0.000927483     0.333600000
   28440     0.001052566     0.000929088     0.340640000
   28460     0.001056224     0.000930570     0.350030000
   28480     0.001045687     0.000921566     0.334880000
   28500     0.001063595     0.000934846     0.339810000
   28520     0.001069399     0.000937707     0.339990000
   28540     0.001077045     0.000947282     0.342790000
   28560     0.001082127     0.000949424     0.333620000
   28580     0.001084615     0.000954628     0.332330000
   28600     0.001091225     0.000959429     0.325760000
   28620     0.001083521     0.000951517     0.323110000
   28640     0.001077972     0.000946279     0.312110000
   28660     0.001072830     0.000943013     0.326220000
   28680     0.001078486     0.000946351     0.333730000
   28700     0.001090828     0.000955779     0.334670000
   28720     0.001089275     0.000951985     0.340810000
   28740     0.001087723     0.000952404     0.337970000
   28760     0.001092205     0.000954866     0.330040000
   28780     0.001095147     0.000958117     0.328980000
   28800     0.001101950     0.000961723     0.321190000
   28820     0.001088795     0.000951989     0.328620000
   28840     0.001104991     0.000961121     0.336110000
   28860     0.001109159     0.000963480     0.324700000
   28880     0.001100432     0.000956964     0.331540000
   28900     0.001097805     0.000958679     0.334160000
   28920     0.001090443     0.000955543     0.319700000
   28940     0.001093860     0.000957677     0.320600000
   28960     0.001100743     0.000962669     0.321150000
   28980     0.001106262     0.000965664     0.313870000
   29000     0.001098178     0.000958525     0.317830000
   29020     0.001098786     0.000957910     0.323520000
   29040     0.001102787     0.000961915     0.316880000
   29060     0.001099735     0.000954808     0.321290000
   29080     0.001095104     0.000948104     0.320710000
   29100     0.001085807     0.000942928     0.323360000
   29120     0.001077537     0.000939291     0.322770000
   29140     0.001079044     0.000940853     0.315500000
   29160     0.001085827     0.000948288     0.323830000
   29180     0.001076090     0.000939581     0.329170000
   29200     0.001070360     0.000936852     0.335390000
   29220     0.001073629     0.000942465     0.340210000
   29240     0.001076213     0.000946774     0.351160000
   29260     0.001076358     0.000945708     0.331060000
   29280     0.001079003     0.000948598     0.344450000
   29300     0.001087989     0.000954954     0.336460000
   29320     0.001070217     0.000942091     0.334320000
   29340     0.001076058     0.000945724     0.344150000
   29360     0.001053142     0.000929391     0.351400000
   29380     0.001072386     0.000943416     0.341130000
   29400     0.001083740     0.000951409     0.334700000
   29420     0.001095031     0.000961982     0.326740000
   29440     0.001095120     0.000963000     0.338520000
   29460     0.001100258     0.000967070     0.335660000
   29480     0.001100278     0.000966561     0.333180000
   29500     0.001106651     0.000972723     0.329280000
   29520     0.001092957     0.000960284     0.324620000
   29540     0.001091692     0.000956632     0.330780000
   29560     0.001091660     0.000957338     0.328100000
   29580     0.001093179     0.000957753     0.333000000
   29600     0.001107220     0.000970543     0.327160000
   29620     0.001115301     0.000975414     0.314750000
   29640     0.001108535     0.000968977     0.312610000
   29660     0.001100741     0.000963605     0.323240000
   29680     0.001098392     0.000963587     0.325160000
   29700     0.001108258     0.000967509     0.331080000
   29720     0.001103894     0.000964400     0.332810000
   29740     0.001104069     0.000966311     0.318990000
   29760     0.001098406     0.000962137     0.319510000
   29780     0.001094508     0.000958375     0.332210000
   29800     0.001096070     0.000960173     0.322070000
   29820     0.001089236     0.000955436     0.320520000
   29840     0.001092458     0.000958013     0.324840000
   29860     0.001104391     0.000967397     0.324620000
   29880     0.001087936     0.000953351     0.319090000
   29900     0.001085815     0.000952114     0.330440000
   29920     0.001095624     0.000959048     0.326810000
   29940     0.001099732     0.000959437     0.318850000
   29960     0.001105358     0.000963633     0.317340000
   29980     0.001115884     0.000969805     0.316810000
   30000     0.001125661     0.000979749     0.316120000
