      20     0.000098557     0.000098039     0.971410000
      40     0.000198744     0.000196700     0.981200000
      60     0.000295897     0.000291432     0.998310000
      80     0.000392334     0.000384656     0.984560000
     100     0.000486732     0.000474846     0.978500000
     120     0.000579058     0.000562339     0.962520000
     140     0.000673094     0.000651135     0.961970000
     160     0.000759666     0.000731607     0.971710000
     180     0.000859323     0.000823985     0.962550000
     200     0.000953601     0.000910730     0.952850000
     220     0.001048874     0.000998036     0.946310000
     240     0.001128260     0.001069532     0.937440000
     260     0.001208169     0.001141820     0.929890000
     280     0.001287642     0.001213275     0.920810000
     300     0.001361670     0.001279260     0.918650000
     320     0.001442704     0.001350699     0.909580000
     340     0.001524347     0.001422968     0.897830000
     360     0.001605921     0.001492901     0.884550000
     380     0.001680186     0.001558063     0.872840000
     400     0.001749217     0.001618196     0.890180000
     420     0.001813075     0.001672678     0.873950000
     440     0.001883140     0.001731373     0.863170000
     460     0.001961802     0.001798556     0.851410000
     480     0.002021224     0.001848335     0.853100000
     500     0.002082549     0.001901280     0.853200000
     520     0.002138279     0.001948182     0.830800000
     540     0.002197689     0.001998998     0.831440000
     560     0.002259868     0.002050045     0.828640000
     580     0.002322419     0.002102323     0.816870000
     600     0.002357788     0.002132029     0.805870000
     620     0.002406463     0.002170098     0.788640000
     640     0.002462832     0.002216357     0.779320000
     660     0.002520174     0.002263435     0.793660000
     680     0.002556757     0.002291633     0.773130000
     700     0.002601001     0.002326379     0.773620000
     720     0.002649871     0.002364987     0.775320000
     740     0.002691585     0.002399108     0.758490000
     760     0.002732539     0.002430469     0.766300000
     780     0.002767925     0.002456754     0.754140000
     800     0.002798316     0.002481531     0.750160000
     820     0.002845799     0.002518525     0.742640000
     840     0.002872686     0.002539559     0.737930000
     860     0.002914303     0.002570477     0.737990000
     880     0.002958031     0.002603368     0.729480000
     900     0.003003089     0.002639470     0.716840000
     920     0.003042683     0.002669378     0.700440000
     940     0.003074766     0.002692694     0.697560000
     960     0.003106820     0.002713658     0.695680000
     980     0.003141140     0.002739199     0.685220000
    1000     0.003156943     0.002748523     0.678090000
    1020     0.003192144     0.002773189     0.677040000
    1040     0.003221500     0.002792794     0.691360000
    1060     0.003238974     0.002804536     0.669340000
    1080     0.003250813     0.002814001     0.673730000
    1100     0.003274255     0.002829801     0.666820000
    1120     0.003296991     0.002846824     0.663270000
    1140     0.003324830     0.002866369     0.650730000
    1160     0.003335308     0.002873193     0.634290000
    1180     0.003347343     0.002880876     0.646530000
    1200     0.003371448     0.002900993     0.641180000
    1220     0.003387138     0.002909318     0.635370000
    1240     0.003399312     0.002916049     0.631890000
    1260     0.003421690     0.002931238     0.620160000
    1280     0.003441775     0.002941182     0.629950000
    1300     0.003450039     0.002945403     0.635240000
    1320     0.003458451     0.002950030     0.617650000
    1340     0.003458350     0.002947807     0.628050000
    1360     0.003466335     0.002951161     0.622960000
    1380     0.003493191     0.002971693     0.622450000
    1400     0.003513361     0.002984497     0.618510000
    1420     0.003518815     0.002989526     0.601320000
    1440     0.003529576     0.002991782     0.600180000
    1460     0.003540587     0.002999469     0.601190000
    1480     0.003546413     0.003002927     0.599320000
    1500     0.003556507     0.003009067     0.606410000
    1520     0.003564263     0.003013994     0.609780000
    1540     0.003565368     0.003019212     0.595670000
    1560     0.003570344     0.003023982     0.598960000
    1580     0.003579522     0.003029608     0.587480000
    1600     0.003581188     0.003026306     0.590010000
    1620     0.003588079     0.003028176     0.592840000
    1640     0.003596016     0.003032254     0.588800000
    1660     0.003595635     0.003035694     0.580490000
    1680     0.003595909     0.003035185     0.588190000
    1700     0.003589058     0.003029364     0.581460000
    1720     0.003583290     0.003019662     0.592640000
    1740     0.003595711     0.003028502     0.592460000
    1760     0.003607380     0.003039252     0.585040000
    1780     0.003609880     0.003039626     0.566050000
    1800     0.003629615     0.003053199     0.569980000
    1820     0.003631947     0.003053317     0.578520000
    1840     0.003623062     0.003046644     0.578820000
    1860     0.003635029     0.003054992     0.575980000
    1880     0.003627524     0.003045907     0.570700000
    1900     0.003633198     0.003050178     0.564820000
    1920     0.003643777     0.003052970     0.553910000
    1940     0.003636409     0.003044844     0.560010000
    1960     0.003642469     0.003043957     0.566870000
    1980     0.003656737     0.003054045     0.571020000
    2000     0.003662368     0.003058756     0.568490000
    2020     0.003684584     0.003075589     0.557820000
    2040     0.003677419     0.003063988     0.544130000
    2060     0.003674322     0.003062431     0.554200000
    2080     0.003659261     0.003053089     0.547000000
    2100     0.003657538     0.003049544     0.547110000
    2120     0.003653341     0.003047936     0.555220000
    2140     0.003662378     0.003053524     0.559010000
    2160     0.003647981     0.003043554     0.550790000
    2180     0.003666820     0.003050603     0.572990000
    2200     0.003674988     0.003058064     0.563110000
    2220     0.003673519     0.003057766     0.559720000
    2240     0.003695876     0.003070504     0.555250000
    2260     0.003697069     0.003070386     0.542950000
    2280     0.003700301     0.003069126     0.531360000
    2300     0.003684960     0.003058831     0.539490000
    2320     0.003697403     0.003062087     0.534840000
    2340     0.003685914     0.003051120     0.520750000
    2360     0.003694812     0.003051101     0.525890000
    2380     0.003699613     0.003051491     0.536230000
    2400     0.003707076     0.003057165     0.533440000
    2420     0.003700600     0.003059119     0.544520000
    2440     0.003712466     0.003062420     0.530050000
    2460     0.003705574     0.003056744     0.533490000
    2480     0.003705863     0.003060349     0.532930000
    2500     0.003697039     0.003053286     0.527060000
    2520     0.003702004     0.003058279     0.533950000
    2540     0.003700847     0.003055490     0.531310000
    2560     0.003711589     0.003062143     0.540370000
    2580     0.003714764     0.003056964     0.524440000
    2600     0.003714514     0.003054783     0.528550000
    2620     0.003718650     0.003056088     0.522000000
    2640     0.003725291     0.003064928     0.526390000
    2660     0.003725244     0.003066342     0.512210000
    2680     0.003710876     0.003054167     0.509840000
    2700     0.003702512     0.003045093     0.523390000
    2720     0.003697933     0.003043631     0.521970000
    2740     0.003702509     0.003046894     0.538620000
    2760     0.003701139     0.003047244     0.533570000
    2780     0.003704145     0.003046036     0.520250000
    2800     0.003701856     0.003042301     0.518280000
    2820     0.003709285     0.003044614     0.513320000
    2840     0.003719287     0.003047838     0.514070000
    2860     0.003719488     0.003050049     0.530720000
    2880     0.003718557     0.003050567     0.512110000
    2900     0.003697096     0.003032880     0.509460000
    2920     0.003674585     0.003013558     0.515640000
    2940     0.003671456     0.003012784     0.517610000
    2960     0.003677713     0.003017311     0.519440000
    2980     0.003682580     0.003018923     0.527070000
    3000     0.003682721     0.003021924     0.529560000
    3020     0.003686094     0.003030440     0.533120000
    3040     0.003686960     0.003027313     0.524950000
    3060     0.003672341     0.003017153     0.520910000
    3080     0.003681898     0.003028406     0.534370000
    3100     0.003662777     0.003015381     0.532860000
    3120     0.003674922     0.003025053     0.537310000
    3140     0.003662143     0.003019498     0.530120000
    3160     0.003632127     0.002997918     0.540400000
    3180     0.003632878     0.002999617     0.534980000
    3200     0.003626618     0.002997983     0.531600000
    3220     0.003622534     0.002995078     0.542490000
    3240     0.003624207     0.002995773     0.550250000
    3260     0.003637564     0.003004743     0.548890000
    3280     0.003631084     0.003002694     0.543000000
    3300     0.003649446     0.003018451     0.553320000
    3320     0.003669626     0.003032281     0.541170000
    3340     0.003681620     0.003038297     0.540470000
    3360     0.003678993     0.003041886     0.547330000
    3380     0.003677790     0.003040217     0.537810000
    3400     0.003661673     0.003030401     0.553910000
    3420     0.003663739     0.003034834     0.545150000
    3440     0.003659990     0.003027835     0.545470000
    3460     0.003671260     0.003037168     0.541430000
    3480     0.003670003     0.003036509     0.536000000
    3500     0.003664368     0.003029448     0.529310000
    3520     0.003665829     0.003025938     0.534560000
    3540     0.003667002     0.003026407     0.530070000
    3560     0.003660158     0.003023888     0.542980000
    3580     0.003661486     0.003027348     0.532540000
    3600     0.003653239     0.003020963     0.534540000
    3620     0.003653959     0.003022574     0.528890000
    3640     0.003629823     0.003005218     0.535070000
    3660     0.003620290     0.003000011     0.554040000
    3680     0.003620719     0.002998283     0.551120000
    3700     0.003624880     0.002998817     0.548120000
    3720     0.003631732     0.003004033     0.541330000
    3740     0.003630053     0.003004346     0.548240000
    3760     0.003625391     0.003008076     0.558040000
    3780     0.003634461     0.003016042     0.558630000
    3800     0.003647702     0.003025669     0.554060000
    3820     0.003647395     0.003024712     0.530500000
    3840     0.003643897     0.003018397     0.550230000
    3860     0.003629088     0.003009312     0.544030000
    3880     0.003632718     0.003013370     0.537970000
    3900     0.003636594     0.003015247     0.547470000
    3920     0.003652880     0.003023898     0.543280000
    3940     0.003642494     0.003021541     0.545640000
    3960     0.003638247     0.003017435     0.551910000
    3980     0.003621645     0.003008775     0.559190000
    4000     0.003633219     0.003019673     0.561620000
    4020     0.003648796     0.003026964     0.546740000
    4040     0.003644665     0.003022812     0.544960000
    4060     0.003635345     0.003023062     0.553140000
    4080     0.003649268     0.003029739     0.549940000
    4100     0.003653457     0.003037077     0.552470000
    4120     0.003663561     0.003045199     0.542640000
    4140     0.003645484     0.003033635     0.548530000
    4160     0.003650771     0.003037497     0.545760000
    4180     0.003641741     0.003029428     0.567680000
    4200     0.003638998     0.003024030     0.548530000
    4220     0.003640057     0.003023982     0.555580000
    4240     0.003644880     0.003026396     0.552520000
    4260     0.003658750     0.003035134     0.546760000
    4280     0.003678262     0.003048874     0.554880000
    4300     0.003677596     0.003048352     0.550650000
    4320     0.003666086     0.003040469     0.548470000
    4340     0.003665316     0.003038873     0.554220000
    4360     0.003666035     0.003036317     0.547990000
    4380     0.003653280     0.003030976     0.543110000
    4400     0.003649151     0.003027556     0.555650000
    4420     0.003641267     0.003022018     0.553810000
    4440     0.003646533     0.003028426     0.564850000
    4460     0.003645622     0.003027368     0.555360000
    4480     0.003652012     0.003029719     0.552430000
    4500     0.003646643     0.003026619     0.549760000
    4520     0.003668515     0.003040862     0.548470000
    4540     0.003674699     0.003045085     0.544800000
    4560     0.003676019     0.003048168     0.550740000
    4580     0.003692626     0.003054999     0.531750000
    4600     0.003686940     0.003050026     0.534850000
    4620     0.003682374     0.003044037     0.521010000
    4640     0.003686561     0.003049339     0.523760000
    4660     0.003686896     0.003048169     0.526950000
    4680     0.003677877     0.003033441     0.522300000
    4700     0.003677932     0.003033521     0.530880000
    4720     0.003676257     0.003030977     0.530520000
    4740     0.003668108     0.003024279     0.530150000
    4760     0.003653984     0.003016790     0.537010000
    4780     0.003667068     0.003028272     0.546710000
    4800     0.003667011     0.003033197     0.538400000
    4820     0.003672818     0.003036324     0.534450000
    4840     0.003667055     0.003029712     0.535230000
    4860     0.003681110     0.003037779     0.522310000
    4880     0.003667075     0.003024938     0.527590000
    4900     0.003670407     0.003026012     0.531390000
    4920     0.003654014     0.003014962     0.520110000
    4940     0.003663090     0.003021081     0.524340000
    4960     0.003633242     0.002999763     0.537190000
    4980     0.003624641     0.002996589     0.542830000
    5000     0.003637832     0.003004713     0.542710000
    5020     0.003648980     0.003014830     0.538510000
    5040     0.003631957     0.003001939     0.537040000
    5060     0.003634417     0.003006557     0.554570000
    5080     0.003645692     0.003017394     0.543240000
    5100     0.003644344     0.003017726     0.543160000
    5120     0.003647452     0.003016894     0.553310000
    5140     0.003636833     0.003007034     0.546910000
    5160     0.003616071     0.002994132     0.548790000
    5180     0.003616422     0.002997331     0.548870000
    5200     0.003626725     0.003003662     0.546500000
    5220     0.003646071     0.003019128     0.540100000
    5240     0.003649461     0.003021254     0.543690000
    5260     0.003649755     0.003026926     0.534960000
    5280     0.003656560     0.003035695     0.544920000
    5300     0.003651064     0.003034930     0.555410000
    5320     0.003640524     0.003030851     0.544610000
    5340     0.003635443     0.003027791     0.555500000
    5360     0.003614584     0.003013256     0.552430000
    5380     0.003605311     0.003008286     0.560500000
    5400     0.003616787     0.003016352     0.564550000
    5420     0.003612059     0.003012189     0.560780000
    5440     0.003620482     0.003018719     0.550800000
    5460     0.003617437     0.003014942     0.553890000
    5480     0.003619668     0.003014657     0.542910000
    5500     0.003611807     0.003004755     0.556640000
    5520     0.003598127     0.002995497     0.569390000
    5540     0.003593947     0.002992005     0.572470000
    5560     0.003599984     0.002999120     0.558900000
    5580     0.003603296     0.003000745     0.560670000
    5600     0.003617858     0.003010689     0.546460000
    5620     0.003608347     0.002998668     0.551660000
    5640     0.003605904     0.002993511     0.554550000
    5660     0.003598368     0.002986993     0.557050000
    5680     0.003609436     0.002990396     0.553570000
    5700     0.003603374     0.002988080     0.557080000
    5720     0.003597219     0.002988602     0.559120000
    5740     0.003617641     0.003003155     0.559960000
    5760     0.003632536     0.003015435     0.555340000
    5780     0.003638230     0.003016867     0.543250000
    5800     0.003654957     0.003024392     0.556520000
    5820     0.003657360     0.003028455     0.561540000
    5840     0.003641738     0.003019031     0.539630000
    5860     0.003633212     0.003012000     0.536000000
    5880     0.003623305     0.003004396     0.540840000
    5900     0.003625909     0.003004759     0.549910000
    5920     0.003624413     0.003001017     0.549790000
    5940     0.003622592     0.002999909     0.556510000
    5960     0.003620045     0.003004380     0.555300000
    5980     0.003625112     0.003009640     0.544050000
    6000     0.003639286     0.003019705     0.535420000
    6020     0.003633404     0.003012578     0.548500000
    6040     0.003650025     0.003026039     0.545360000
    6060     0.003634598     0.003016075     0.554450000
    6080     0.003628937     0.003004213     0.545950000
    6100     0.003628247     0.003007525     0.560090000
    6120     0.003623414     0.003009037     0.539680000
    6140     0.003603869     0.002995992     0.567520000
    6160     0.003620415     0.003008330     0.556770000
    6180     0.003628193     0.003015987     0.560620000
    6200     0.003622844     0.003012258     0.541540000
    6220     0.003617403     0.003008444     0.543800000
    6240     0.003616012     0.003011432     0.556830000
    6260     0.003613847     0.003014473     0.565220000
    6280     0.003600396     0.003006589     0.558110000
    6300     0.003604730     0.003010843     0.565100000
    6320     0.003611280     0.003016454     0.578710000
    6340     0.003613007     0.003015626     0.567550000
    6360     0.003625386     0.003018834     0.554020000
    6380     0.003632329     0.003023638     0.561430000
    6400     0.003636269     0.003027334     0.561550000
    6420     0.003659422     0.003038547     0.549500000
    6440     0.003668655     0.003040617     0.553630000
    6460     0.003682512     0.003050227     0.547510000
    6480     0.003673194     0.003042663     0.548770000
    6500     0.003679648     0.003045343     0.544540000
    6520     0.003679714     0.003046148     0.526430000
    6540     0.003661713     0.003034434     0.539540000
    6560     0.003676637     0.003036060     0.539800000
    6580     0.003660331     0.003021227     0.538850000
    6600     0.003664819     0.003029340     0.542700000
    6620     0.003659720     0.003028996     0.536640000
    6640     0.003652153     0.003022161     0.541830000
    6660     0.003645993     0.003017632     0.531790000
    6680     0.003667423     0.003027922     0.531580000
    6700     0.003680588     0.003033852     0.544400000
    6720     0.003678120     0.003045740     0.545430000
    6740     0.003663383     0.003030757     0.534880000
    6760     0.003667535     0.003037829     0.546310000
    6780     0.003672743     0.003043712     0.544830000
    6800     0.003683608     0.003033379     0.523110000
    6820     0.003653870     0.003025874     0.529050000
    6840     0.003638810     0.003014774     0.530520000
    6860     0.003639426     0.003009397     0.542470000
    6880     0.003628981     0.003002240     0.547660000
    6900     0.003622999     0.002986223     0.547380000
    6920     0.003598495     0.002984460     0.545930000
    6940     0.003602782     0.002976568     0.541600000
    6960     0.003615436     0.002982725     0.544670000
    6980     0.003605471     0.002983888     0.548070000
    7000     0.003611300     0.002994447     0.547410000
    7020     0.003596255     0.002980847     0.546690000
    7040     0.003589614     0.002973438     0.549270000
    7060     0.003564366     0.002948425     0.544310000
    7080     0.003565049     0.002954503     0.557960000
    7100     0.003586084     0.002983582     0.556160000
    7120     0.003597400     0.002983525     0.544830000
    7140     0.003596432     0.002985631     0.551430000
    7160     0.003609177     0.002988649     0.557950000
    7180     0.003603033     0.002992237     0.549090000
    7200     0.003607224     0.002993948     0.551520000
    7220     0.003608797     0.002990617     0.552950000
    7240     0.003600993     0.002999602     0.554880000
    7260     0.003610139     0.003005803     0.543460000
    7280     0.003612354     0.002999892     0.557350000
    7300     0.003608629     0.002998437     0.555770000
    7320     0.003602179     0.002992625     0.549440000
    7340     0.003609453     0.002997514     0.547920000
    7360     0.003591789     0.002985976     0.543650000
    7380     0.003594187     0.002987197     0.543220000
    7400     0.003597224     0.002990453     0.556150000
    7420     0.003598945     0.002995787     0.563550000
    7440     0.003604779     0.003002013     0.554410000
    7460     0.003615592     0.003004483     0.558700000
    7480     0.003623725     0.003012667     0.554280000
    7500     0.003642080     0.003025171     0.547230000
    7520     0.003636704     0.003018764     0.544850000
    7540     0.003624578     0.003009362     0.549490000
    7560     0.003630730     0.003013241     0.550100000
    7580     0.003622989     0.003003309     0.561020000
    7600     0.003649298     0.003016075     0.546670000
    7620     0.003635074     0.003025389     0.536960000
    7640     0.003649240     0.003023987     0.533740000
    7660     0.003633301     0.003013745     0.538740000
    7680     0.003631291     0.003013564     0.562790000
    7700     0.003624364     0.003007953     0.551220000
    7720     0.003617574     0.003004406     0.550720000
    7740     0.003619931     0.003002289     0.558850000
    7760     0.003610384     0.002995505     0.566400000
    7780     0.003612439     0.002995646     0.565550000
    7800     0.003615434     0.002995885     0.562530000
    7820     0.003594552     0.002977646     0.546150000
    7840     0.003597133     0.002997846     0.553000000
    7860     0.003579722     0.002988356     0.557310000
    7880     0.003580693     0.002990601     0.558840000
    7900     0.003565671     0.002970695     0.567590000
    7920     0.003555224     0.002961197     0.568620000
    7940     0.003575217     0.002978913     0.576690000
    7960     0.003558987     0.002969376     0.567800000
    7980     0.003556259     0.002966600     0.567280000
    8000     0.003567745     0.002973804     0.572950000
    8020     0.003581873     0.002985220     0.563510000
    8040     0.003572932     0.002979197     0.563990000
    8060     0.003571061     0.002993349     0.552250000
    8080     0.003569508     0.002983910     0.564590000
    8100     0.003573297     0.002981606     0.569500000
    8120     0.003576659     0.002989508     0.573700000
    8140     0.003585421     0.002992539     0.565450000
    8160     0.003583182     0.002983575     0.557260000
    8180     0.003591815     0.002997409     0.562100000
    8200     0.003599177     0.002997617     0.558590000
    8220     0.003593322     0.002994720     0.565390000
    8240     0.003593946     0.002989731     0.569200000
    8260     0.003596084     0.002991722     0.552750000
    8280     0.003601988     0.002993019     0.549040000
    8300     0.003605302     0.002994316     0.555930000
    8320     0.003616528     0.003003548     0.558820000
    8340     0.003616556     0.003004812     0.553110000
    8360     0.003610791     0.002998160     0.559120000
    8380     0.003601478     0.002992362     0.554450000
    8400     0.003610838     0.002997043     0.554400000
    8420     0.003615076     0.002993479     0.568570000
    8440     0.003622911     0.003019460     0.562000000
    8460     0.003634284     0.003027183     0.552740000
    8480     0.003621952     0.003021288     0.565180000
    8500     0.003618149     0.003009746     0.564920000
    8520     0.003617539     0.003006746     0.545250000
    8540     0.003626823     0.003012429     0.546980000
    8560     0.003621971     0.003012751     0.534870000
    8580     0.003624991     0.003010776     0.544440000
    8600     0.003632787     0.003010538     0.549030000
    8620     0.003653797     0.003026949     0.539190000
    8640     0.003655029     0.003032144     0.544650000
    8660     0.003653727     0.003028411     0.545770000
    8680     0.003661937     0.003037204     0.545000000
    8700     0.003671407     0.003044749     0.539710000
    8720     0.003676272     0.003043947     0.542640000
    8740     0.003671402     0.003039860     0.543460000
    8760     0.003660163     0.003034266     0.538740000
    8780     0.003667746     0.003038887     0.551050000
    8800     0.003669763     0.003043088     0.553270000
    8820     0.003664772     0.003039960     0.542890000
    8840     0.003653309     0.003029508     0.547380000
    8860     0.003666002     0.003038698     0.540820000
    8880     0.003658262     0.003033728     0.534540000
    8900     0.003662319     0.003037373     0.543540000
    8920     0.003663145     0.003035959     0.538620000
    8940     0.003674433     0.003044447     0.547420000
    8960     0.003673033     0.003047617     0.551050000
    8980     0.003654419     0.003037068     0.553540000
    9000     0.003647402     0.003035724     0.550070000
    9020     0.003670053     0.003045771     0.542870000
    9040     0.003663455     0.003043485     0.552480000
    9060     0.003683322     0.003061074     0.548910000
    9080     0.003676651     0.003059106     0.551580000
    9100     0.003684114     0.003060348     0.540050000
    9120     0.003659887     0.003044393     0.542970000
    9140     0.003651780     0.003038930     0.538030000
    9160     0.003646272     0.003032653     0.548110000
    9180     0.003637519     0.003027485     0.547340000
    9200     0.003655420     0.003040707     0.546090000
    9220     0.003655098     0.003035814     0.542510000
    9240     0.003640631     0.003023856     0.548880000
    9260     0.003629104     0.003016314     0.554250000
    9280     0.003629523     0.003015053     0.551550000
    9300     0.003635160     0.003020340     0.539890000
    9320     0.003637994     0.003022162     0.543160000
    9340     0.003635934     0.003017359     0.549480000
    9360     0.003633847     0.003018184     0.558270000
    9380     0.003638633     0.003024675     0.558440000
    9400     0.003635858     0.003019831     0.556320000
    9420     0.003639984     0.003025020     0.545630000
    9440     0.003632372     0.003020782     0.550790000
    9460     0.003625379     0.003015674     0.542150000
    9480     0.003629956     0.003019950     0.550010000
    9500     0.003629943     0.003017446     0.553270000
    9520     0.003621024     0.003007444     0.555550000
    9540     0.003607731     0.002999873     0.555630000
    9560     0.003610009     0.003000185     0.559780000
    9580     0.003610747     0.003001091     0.547050000
    9600     0.003616177     0.003004463     0.551370000
    9620     0.003613417     0.003001366     0.546890000
    9640     0.003614579     0.003006403     0.548750000
    9660     0.003616499     0.003005676     0.561200000
    9680     0.003621629     0.003011443     0.557570000
    9700     0.003636185     0.003022853     0.553330000
    9720     0.003628873     0.003013574     0.552870000
    9740     0.003631148     0.003010505     0.557360000
    9760     0.003639011     0.003018331     0.554000000
    9780     0.003631872     0.003008520     0.546400000
    9800     0.003635680     0.003014269     0.546200000
    9820     0.003640236     0.003015926     0.549510000
    9840     0.003641745     0.003018144     0.550640000
    9860     0.003643776     0.003015477     0.542800000
    9880     0.003648313     0.003020752     0.533360000
    9900     0.003638220     0.003014650     0.541870000
    9920     0.003645555     0.003020468     0.535010000
    9940     0.003631653     0.003009760     0.537270000
    9960     0.003643982     0.003015544     0.534600000
    9980     0.003640210     0.003011344     0.535070000
   10000     0.003650728     0.003016122     0.537430000
   10020     0.003649863     0.003013911     0.541020000
   10040     0.003646852     0.003001198     0.532220000
   10060     0.003634620     0.003005423     0.528790000
   10080     0.003636179     0.002995905     0.531130000
   10100     0.003655855     0.003006049     0.534650000
   10120     0.003644897     0.003006120     0.533700000
   10140     0.003634777     0.002996272     0.523820000
   10160     0.003625973     0.002991364     0.530780000
   10180     0.003626441     0.002990296     0.524680000
   10200     0.003625525     0.002989899     0.537350000
   10220     0.003640572     0.003000113     0.533670000
   10240     0.003636879     0.003003573     0.534370000
   10260     0.003629690     0.002998856     0.539540000
   10280     0.003621236     0.002988132     0.538620000
   10300     0.003622758     0.002986019     0.524230000
   10320     0.003625791     0.002990633     0.540290000
   10340     0.003626934     0.002992244     0.535010000
   10360     0.003606456     0.002974193     0.527380000
   10380     0.003603613     0.002975632     0.533260000
   10400     0.003599217     0.002975279     0.538230000
   10420     0.003598630     0.002977652     0.549100000
   10440     0.003594366     0.002978769     0.554150000
   10460     0.003578912     0.002970539     0.553770000
   10480     0.003592471     0.002980042     0.552860000
   10500     0.003583074     0.002973452     0.553110000
   10520     0.003589786     0.002981735     0.557200000
   10540     0.003591040     0.002982884     0.557110000
   10560     0.003601065     0.002989064     0.547430000
   10580     0.003611182     0.002995052     0.546540000
   10600     0.003612346     0.002997099     0.558040000
   10620     0.003609786     0.002993760     0.560320000
   10640     0.003597720     0.002990699     0.563140000
   10660     0.003599031     0.002986462     0.544510000
   10680     0.003597789     0.002985813     0.547850000
   10700     0.003594240     0.002984468     0.552470000
   10720     0.003591190     0.002983233     0.555860000
   10740     0.003566053     0.002965666     0.547620000
   10760     0.003575994     0.002971072     0.557290000
   10780     0.003580088     0.002975033     0.561590000
   10800     0.003572026     0.002974307     0.564920000
   10820     0.003560974     0.002969844     0.557150000
   10840     0.003562212     0.002970361     0.565370000
   10860     0.003542955     0.002955318     0.552460000
   10880     0.003543825     0.002953134     0.560110000
   10900     0.003539137     0.002952587     0.565000000
   10920     0.003537029     0.002953745     0.572590000
   10940     0.003536123     0.002954309     0.580230000
   10960     0.003537446     0.002960782     0.593390000
   10980     0.003567362     0.002982326     0.580300000
   11000     0.003567698     0.002984711     0.581780000
   11020     0.003574576     0.002987861     0.577330000
   11040     0.003568951     0.002986071     0.565390000
   11060     0.003567552     0.002986250     0.568840000
   11080     0.003572677     0.002993666     0.567650000
   11100     0.003576344     0.002994575     0.578560000
   11120     0.003580487     0.002995637     0.576320000
   11140     0.003586848     0.003001614     0.571320000
   11160     0.003594012     0.003005010     0.567930000
   11180     0.003595423     0.003006239     0.559890000
   11200     0.003591694     0.002999747     0.568710000
   11220     0.003575925     0.002990315     0.558950000
   11240     0.003583708     0.002993766     0.552980000
   11260     0.003592486     0.002999072     0.564580000
   11280     0.003596038     0.003003039     0.564210000
   11300     0.003612632     0.003016852     0.565930000
   11320     0.003606728     0.003013893     0.566160000
   11340     0.003619568     0.003021881     0.575870000
   11360     0.003612495     0.003014418     0.563990000
   11380     0.003618177     0.003021986     0.554290000
   11400     0.003620109     0.003023996     0.566620000
   11420     0.003621173     0.003023409     0.581420000
   11440     0.003629528     0.003028390     0.563340000
   11460     0.003620620     0.003020417     0.551090000
   11480     0.003645020     0.003039310     0.562670000
   11500     0.003644891     0.003038651     0.555580000
   11520     0.003636201     0.003034425     0.555820000
   11540     0.003625054     0.003025416     0.566950000
   11560     0.003626560     0.003027551     0.558870000
   11580     0.003633365     0.003029860     0.559990000
   11600     0.003627373     0.003026302     0.558240000
   11620     0.003618370     0.003020663     0.558380000
   11640     0.003634170     0.003029922     0.565530000
   11660     0.003652539     0.003043032     0.564230000
   11680     0.003645835     0.003037484     0.561090000
   11700     0.003637595     0.003030988     0.557120000
   11720     0.003632114     0.003024770     0.554480000
   11740     0.003635262     0.003025388     0.549940000
   11760     0.003643247     0.003032054     0.552900000
   11780     0.003627506     0.003019050     0.553420000
   11800     0.003633740     0.003026150     0.556120000
   11820     0.003636937     0.003027556     0.540550000
   11840     0.003635103     0.003024272     0.558500000
   11860     0.003636349     0.003023590     0.558390000
   11880     0.003643462     0.003024395     0.562000000
   11900     0.003643876     0.003028826     0.555340000
   11920     0.003655857     0.003036395     0.555770000
   11940     0.003646932     0.003026232     0.556700000
   11960     0.003630817     0.003017312     0.570360000
   11980     0.003639538     0.003024247     0.549000000
   12000     0.003628668     0.003018694     0.541620000
   12020     0.003633253     0.003028828     0.545220000
   12040     0.003624672     0.003023666     0.563410000
   12060     0.003619780     0.003020560     0.566790000
   12080     0.003618526     0.003020193     0.565710000
   12100     0.003631015     0.003029153     0.562190000
   12120     0.003627434     0.003026482     0.559240000
   12140     0.003622180     0.003023763     0.570170000
   12160     0.003622674     0.003024330     0.564090000
   12180     0.003609180     0.003013087     0.563830000
   12200     0.003635031     0.003036706     0.564900000
   12220     0.003639261     0.003037511     0.561610000
   12240     0.003654358     0.003046099     0.560110000
   12260     0.003671289     0.003058403     0.557060000
   12280     0.003680319     0.003059370     0.553480000
   12300     0.003680153     0.003056790     0.552450000
   12320     0.003684630     0.003069224     0.545500000
   12340     0.003669022     0.003041009     0.559280000
   12360     0.003681348     0.003063431     0.537850000
   12380     0.003686254     0.003059320     0.545220000
   12400     0.003698025     0.003064979     0.539420000
   12420     0.003696594     0.003055842     0.532340000
   12440     0.003678666     0.003045924     0.540710000
   12460     0.003666635     0.003030761     0.548310000
   12480     0.003666964     0.003019680     0.544090000
   12500     0.003673844     0.003026851     0.534680000
   12520     0.003674485     0.003027342     0.538690000
   12540     0.003667004     0.003020259     0.542200000
   12560     0.003654798     0.003021005     0.539370000
   12580     0.003680422     0.003038409     0.538290000
   12600     0.003704881     0.003050618     0.537380000
   12620     0.003707971     0.003054956     0.526710000
   12640     0.003715779     0.003051093     0.520490000
   12660     0.003708086     0.003042434     0.521390000
   12680     0.003704503     0.003038445     0.522640000
   12700     0.003700342     0.003035890     0.522510000
   12720     0.003703538     0.003045014     0.511900000
   12740     0.003710692     0.003044237     0.518750000
   12760     0.003699706     0.003036891     0.515500000
   12780     0.003689623     0.003024818     0.517460000
   12800     0.003671152     0.003009981     0.527390000
   12820     0.003657811     0.002999445     0.517880000
   12840     0.003663557     0.002996784     0.522310000
   12860     0.003641946     0.002993757     0.524630000
   12880     0.003622771     0.002978454     0.536000000
   12900     0.003620252     0.002974957     0.535500000
   12920     0.003623288     0.002974748     0.545960000
   12940     0.003625707     0.002987139     0.533610000
   12960     0.003621460     0.002991234     0.540740000
   12980     0.003625013     0.002992962     0.542650000
   13000     0.003614836     0.002983840     0.539890000
   13020     0.003608811     0.002981685     0.544800000
   13040     0.003621097     0.002992799     0.528640000
   13060     0.003619020     0.002992811     0.545430000
   13080     0.003637795     0.003002980     0.555080000
   13100     0.003631917     0.003001058     0.537180000
   13120     0.003628154     0.002993824     0.533930000
   13140     0.003643713     0.003001918     0.549500000
   13160     0.003637258     0.002994140     0.538560000
   13180     0.003636133     0.002990146     0.521340000
   13200     0.003623290     0.002983291     0.526930000
   13220     0.003639825     0.002992851     0.537080000
   13240     0.003620004     0.002996370     0.535140000
   13260     0.003600139     0.002987524     0.538240000
   13280     0.003620690     0.002970560     0.539230000
   13300     0.003614221     0.002983398     0.541790000
   13320     0.003637056     0.002982560     0.534740000
   13340     0.003627839     0.002972296     0.531320000
   13360     0.003613164     0.002970803     0.545250000
   13380     0.003618322     0.002981115     0.532250000
   13400     0.003609827     0.002972423     0.535030000
   13420     0.003623051     0.002977188     0.536770000
   13440     0.003627028     0.002982402     0.527500000
   13460     0.003619748     0.002977886     0.533640000
   13480     0.003614716     0.002968294     0.543090000
   13500     0.003611807     0.002978685     0.541700000
   13520     0.003623415     0.002985667     0.542610000
   13540     0.003621613     0.002987523     0.544180000
   13560     0.003605301     0.002965758     0.550190000
   13580     0.003594379     0.002982056     0.542010000
   13600     0.003603878     0.002974050     0.548000000
   13620     0.003617021     0.002968333     0.545580000
   13640     0.003610032     0.002983024     0.542220000
   13660     0.003611952     0.002989288     0.561070000
   13680     0.003598067     0.002969889     0.555380000
   13700     0.003594358     0.002985194     0.547660000
   13720     0.003606878     0.002981177     0.546800000
   13740     0.003622626     0.002995512     0.554110000
   13760     0.003618205     0.002995841     0.553650000
   13780     0.003624047     0.002994666     0.555660000
   13800     0.003626133     0.002984766     0.556070000
   13820     0.003608842     0.002994543     0.546070000
   13840     0.003629190     0.003011539     0.542500000
   13860     0.003625047     0.002998373     0.545570000
   13880     0.003606307     0.002977910     0.553420000
   13900     0.003646473     0.003005648     0.542500000
   13920     0.003631987     0.003002973     0.534910000
   13940     0.003635871     0.003006155     0.538600000
   13960     0.003633967     0.003002472     0.541780000
   13980     0.003632031     0.003002252     0.541290000
   14000     0.003633228     0.002999787     0.537380000
   14020     0.003625436     0.002990145     0.525820000
   14040     0.003622682     0.002989527     0.538190000
   14060     0.003617723     0.002987207     0.551450000
   14080     0.003615749     0.002985910     0.544090000
   14100     0.003618548     0.002987053     0.538070000
   14120     0.003621962     0.002991807     0.543730000
   14140     0.003614514     0.002986188     0.537670000
   14160     0.003613687     0.002987328     0.533920000
   14180     0.003634123     0.003003007     0.541860000
   14200     0.003616425     0.002993038     0.541850000
   14220     0.003597181     0.002982828     0.553410000
   14240     0.003594582     0.002985251     0.548270000
   14260     0.003602792     0.002990236     0.548970000
   14280     0.003603073     0.002993195     0.545170000
   14300     0.003624285     0.003006168     0.553900000
   14320     0.003635776     0.003018045     0.552780000
   14340     0.003648201     0.003026504     0.540590000
   14360     0.003636917     0.003018794     0.541410000
   14380     0.003663259     0.003037672     0.540980000
   14400     0.003653356     0.003030349     0.546940000
   14420     0.003642141     0.003022357     0.555170000
   14440     0.003664212     0.003038660     0.558340000
   14460     0.003664968     0.003038488     0.553320000
   14480     0.003660658     0.003034839     0.544640000
   14500     0.003661911     0.003037663     0.553770000
   14520     0.003671072     0.003042361     0.559540000
   14540     0.003660986     0.003031753     0.549630000
   14560     0.003662055     0.003032023     0.550040000
   14580     0.003652416     0.003024637     0.536880000
   14600     0.003641458     0.003013119     0.541790000
   14620     0.003659586     0.003024694     0.549490000
   14640     0.003667263     0.003025656     0.542740000
   14660     0.003643772     0.003006061     0.531890000
   14680     0.003639966     0.003002623     0.532080000
   14700     0.003638619     0.002999161     0.538020000
   14720     0.003629336     0.002991944     0.540330000
   14740     0.003631117     0.002990334     0.545210000
   14760     0.003646421     0.003001976     0.529850000
   14780     0.003646457     0.003007642     0.539600000
   14800     0.003632489     0.002996061     0.535540000
   14820     0.003628662     0.002994069     0.536810000
   14840     0.003615278     0.002986717     0.539170000
   14860     0.003600364     0.002980579     0.548820000
   14880     0.003600464     0.002985649     0.553680000
   14900     0.003597435     0.002988887     0.545730000
   14920     0.003606058     0.002993425     0.546940000
   14940     0.003626504     0.003008973     0.540950000
   14960     0.003618174     0.003005428     0.551790000
   14980     0.003627945     0.003008481     0.549490000
   15000     0.003625305     0.003004458     0.558190000
   15020     0.003631000     0.003006217     0.552000000
   15040     0.003629305     0.003006257     0.558260000
   15060     0.003613449     0.002999705     0.562530000
   15080     0.003610821     0.003002560     0.560240000
   15100     0.003612927     0.003009804     0.556520000
   15120     0.003613818     0.003012858     0.555800000
   15140     0.003605359     0.003006069     0.551990000
   15160     0.003607450     0.003007808     0.559940000
   15180     0.003603238     0.003007873     0.565610000
   15200     0.003597131     0.003004577     0.570900000
   15220     0.003603524     0.003005408     0.556030000
   15240     0.003597691     0.002999337     0.568790000
   15260     0.003591478     0.002996500     0.571240000
   15280     0.003582864     0.002991938     0.562330000
   15300     0.003576731     0.002987490     0.565050000
   15320     0.003585925     0.002996248     0.570540000
   15340     0.003599109     0.003006765     0.564800000
   15360     0.003611002     0.003020102     0.556060000
   15380     0.003623973     0.003026433     0.562930000
   15400     0.003609736     0.003010429     0.553760000
   15420     0.003614036     0.003011038     0.555120000
   15440     0.003620340     0.003014351     0.546840000
   15460     0.003612895     0.003008530     0.555470000
   15480     0.003619108     0.003012865     0.560000000
   15500     0.003622240     0.003016762     0.566700000
   15520     0.003616431     0.003013345     0.557840000
   15540     0.003618087     0.003016197     0.565810000
   15560     0.003611869     0.003009850     0.562750000
   15580     0.003600439     0.003002137     0.551190000
   15600     0.003603711     0.003000971     0.556120000
   15620     0.003592222     0.002990895     0.566980000
   15640     0.003588429     0.002986361     0.552270000
   15660     0.003590117     0.002991546     0.562080000
   15680     0.003586057     0.002990459     0.562600000
   15700     0.003601772     0.003004167     0.564650000
   15720     0.003612953     0.003014430     0.566750000
   15740     0.003616022     0.003019871     0.573500000
   15760     0.003622873     0.003028339     0.569300000
   15780     0.003624923     0.003031100     0.562420000
   15800     0.003613911     0.003022215     0.561320000
   15820     0.003624962     0.003028340     0.559050000
   15840     0.003645714     0.003038272     0.561770000
   15860     0.003658903     0.003047996     0.540610000
   15880     0.003658797     0.003048944     0.549360000
   15900     0.003656675     0.003049685     0.563430000
   15920     0.003650507     0.003045391     0.562190000
   15940     0.003631894     0.003026164     0.536730000
   15960     0.003633139     0.003022078     0.553900000
   15980     0.003639612     0.003026393     0.552800000
   16000     0.003631940     0.003018068     0.541760000
   16020     0.003631708     0.003018614     0.537990000
   16040     0.003638192     0.003024171     0.544190000
   16060     0.003642423     0.003025755     0.537840000
   16080     0.003649235     0.003031827     0.547930000
   16100     0.003646728     0.003025521     0.536770000
   16120     0.003640253     0.003017979     0.537650000
   16140     0.003628676     0.003011014     0.554080000
   16160     0.003644815     0.003022517     0.542220000
   16180     0.003639679     0.003020252     0.543830000
   16200     0.003635070     0.003015102     0.557180000
   16220     0.003613777     0.003000642     0.538580000
   16240     0.003610594     0.002998015     0.545550000
   16260     0.003620106     0.003006731     0.539900000
   16280     0.003617503     0.003000474     0.553030000
   16300     0.003626011     0.003007828     0.548290000
   16320     0.003631870     0.003009099     0.543210000
   16340     0.003628198     0.003006155     0.552090000
   16360     0.003608844     0.002987432     0.543540000
   16380     0.003591379     0.002976689     0.532930000
   16400     0.003596484     0.002979394     0.543810000
   16420     0.003606233     0.002982078     0.551820000
   16440     0.003574933     0.002956214     0.555850000
   16460     0.003568694     0.002959079     0.549790000
   16480     0.003571170     0.002964213     0.562210000
   16500     0.003579700     0.002971274     0.558830000
   16520     0.003563426     0.002960960     0.562700000
   16540     0.003573646     0.002975252     0.559380000
   16560     0.003564652     0.002972141     0.571020000
   16580     0.003569339     0.002975383     0.555450000
   16600     0.003556546     0.002967136     0.558760000
   16620     0.003571298     0.002975662     0.563500000
   16640     0.003562564     0.002965561     0.564560000
   16660     0.003566109     0.002968730     0.562320000
   16680     0.003582649     0.002981752     0.570410000
   16700     0.003572727     0.002974431     0.565070000
   16720     0.003569981     0.002970860     0.559100000
   16740     0.003577297     0.002977173     0.555690000
   16760     0.003596910     0.002991230     0.559150000
   16780     0.003606975     0.002996268     0.561630000
   16800     0.003608425     0.002999468     0.561400000
   16820     0.003606266     0.002995324     0.554920000
   16840     0.003595993     0.002991470     0.560670000
   16860     0.003578402     0.002980087     0.564970000
   16880     0.003577304     0.002975689     0.567630000
   16900     0.003571188     0.002970185     0.556550000
   16920     0.003582041     0.002980565     0.561420000
   16940     0.003603259     0.002994351     0.562600000
   16960     0.003615001     0.003004940     0.553110000
   16980     0.003606217     0.002998905     0.553750000
   17000     0.003602779     0.002996695     0.550490000
   17020     0.003609191     0.003002034     0.559800000
   17040     0.003607943     0.003002544     0.554120000
   17060     0.003599943     0.002999100     0.549690000
   17080     0.003601412     0.002998186     0.557160000
   17100     0.003594564     0.002998718     0.556140000
   17120     0.003590277     0.002993609     0.550210000
   17140     0.003597158     0.002999044     0.553820000
   17160     0.003601648     0.003004100     0.555080000
   17180     0.003610576     0.003009093     0.559540000
   17200     0.003607368     0.003007252     0.576280000
   17220     0.003607166     0.003010170     0.569420000
   17240     0.003637317     0.003033442     0.560230000
   17260     0.003635438     0.003031061     0.561540000
   17280     0.003628975     0.003025947     0.544480000
   17300     0.003642022     0.003029811     0.547430000
   17320     0.003647262     0.003035822     0.551560000
   17340     0.003658263     0.003043550     0.554610000
   17360     0.003656528     0.003043894     0.550780000
   17380     0.003655403     0.003039129     0.537130000
   17400     0.003647645     0.003035007     0.536330000
   17420     0.003659432     0.003041171     0.556080000
   17440     0.003656452     0.003039392     0.547650000
   17460     0.003671358     0.003049059     0.541340000
   17480     0.003685696     0.003057561     0.551160000
   17500     0.003681834     0.003056652     0.541870000
   17520     0.003673391     0.003046920     0.541880000
   17540     0.003660922     0.003037674     0.546560000
   17560     0.003649093     0.003029339     0.534540000
   17580     0.003633205     0.003018667     0.546350000
   17600     0.003646076     0.003027766     0.541620000
   17620     0.003645534     0.003029599     0.547130000
   17640     0.003650050     0.003031401     0.549310000
   17660     0.003668598     0.003041520     0.535500000
   17680     0.003664968     0.003033854     0.534880000
   17700     0.003644286     0.003018538     0.536580000
   17720     0.003636826     0.003010596     0.535140000
   17740     0.003637123     0.003010932     0.539480000
   17760     0.003638608     0.003011844     0.546070000
   17780     0.003641915     0.003014824     0.558130000
   17800     0.003637590     0.003014136     0.558480000
   17820     0.003637928     0.003016368     0.554200000
   17840     0.003652615     0.003028614     0.563200000
   17860     0.003652631     0.003032270     0.549170000
   17880     0.003661865     0.003039382     0.537890000
   17900     0.003654660     0.003027472     0.538210000
   17920     0.003653024     0.003026279     0.544960000
   17940     0.003647971     0.003021811     0.549890000
   17960     0.003635460     0.003015102     0.539590000
   17980     0.003627722     0.003007921     0.532280000
   18000     0.003640875     0.003009045     0.537850000
   18020     0.003651484     0.003014322     0.532350000
   18040     0.003650050     0.003008825     0.536470000
   18060     0.003643757     0.003003802     0.526120000
   18080     0.003642562     0.003000607     0.532640000
   18100     0.003632518     0.002992727     0.531510000
   18120     0.003641507     0.002996785     0.540230000
   18140     0.003653503     0.003004701     0.542620000
   18160     0.003668921     0.003014360     0.525960000
   18180     0.003650423     0.002997213     0.521100000
   18200     0.003639800     0.002982890     0.525320000
   18220     0.003637271     0.002980585     0.531970000
   18240     0.003644302     0.002984048     0.534850000
   18260     0.003625866     0.002973759     0.537760000
   18280     0.003628147     0.002969776     0.530900000
   18300     0.003636652     0.002975722     0.533080000
   18320     0.003627886     0.002971602     0.529100000
   18340     0.003604505     0.002962258     0.536290000
   18360     0.003589250     0.002943888     0.547670000
   18380     0.003580038     0.002953537     0.543840000
   18400     0.003587582     0.002946537     0.542080000
   18420     0.003576951     0.002944318     0.540540000
   18440     0.003556937     0.002926887     0.532860000
   18460     0.003564340     0.002932228     0.546620000
   18480     0.003577572     0.002949864     0.554580000
   18500     0.003572576     0.002948165     0.551850000
   18520     0.003580913     0.002953654     0.558140000
   18540     0.003582018     0.002949252     0.534080000
   18560     0.003577432     0.002932926     0.550580000
   18580     0.003576767     0.002948881     0.549590000
   18600     0.003577504     0.002961151     0.552550000
   18620     0.003582596     0.002968161     0.555140000
   18640     0.003568639     0.002960789     0.547260000
   18660     0.003574745     0.002961883     0.546810000
   18680     0.003574134     0.002960603     0.544240000
   18700     0.003576379     0.002961067     0.553050000
   18720     0.003575564     0.002958625     0.553090000
   18740     0.003567615     0.002955949     0.545320000
   18760     0.003558061     0.002953827     0.553660000
   18780     0.003545637     0.002945240     0.567530000
   18800     0.003538709     0.002938993     0.553820000
   18820     0.003536259     0.002935670     0.551440000
   18840     0.003532066     0.002931513     0.557650000
   18860     0.003534417     0.002940845     0.559890000
   18880     0.003537147     0.002944577     0.565520000
   18900     0.003535983     0.002948092     0.567010000
   18920     0.003539350     0.002949778     0.571230000
   18940     0.003557756     0.002964631     0.569540000
   18960     0.003564637     0.002970563     0.564810000
   18980     0.003557636     0.002964478     0.573880000
   19000     0.003563558     0.002969746     0.561350000
   19020     0.003564314     0.002968676     0.581000000
   19040     0.003572372     0.002975884     0.572440000
   19060     0.003586085     0.002986433     0.562050000
   19080     0.003569122     0.002974872     0.575010000
   19100     0.003563985     0.002969940     0.564320000
   19120     0.003566331     0.002971718     0.568570000
   19140     0.003555462     0.002961533     0.568240000
   19160     0.003568914     0.002974894     0.565500000
   19180     0.003571259     0.002971542     0.563020000
   19200     0.003585957     0.002979390     0.570900000
   19220     0.003587448     0.002985480     0.575770000
   19240     0.003583298     0.002984646     0.573090000
   19260     0.003583957     0.002983522     0.560090000
   19280     0.003582717     0.002983067     0.565940000
   19300     0.003587759     0.002985916     0.558840000
   19320     0.003586033     0.002984266     0.551850000
   19340     0.003572670     0.002971343     0.557220000
   19360     0.003567165     0.002964351     0.554500000
   19380     0.003560406     0.002962978     0.562240000
   19400     0.003580226     0.002972690     0.558750000
   19420     0.003565744     0.002955687     0.551720000
   19440     0.003566234     0.002962020     0.556070000
   19460     0.003559452     0.002959637     0.562270000
   19480     0.003565434     0.002965057     0.547640000
   19500     0.003575251     0.002968168     0.549120000
   19520     0.003591023     0.002982064     0.557460000
   19540     0.003596556     0.002983753     0.563810000
   19560     0.003597557     0.002983301     0.558170000
   19580     0.003599033     0.002987229     0.565630000
   19600     0.003595186     0.002988008     0.553230000
   19620     0.003608982     0.002997617     0.550070000
   19640     0.003607817     0.002993493     0.550860000
   19660     0.003600764     0.002985834     0.547620000
   19680     0.003580244     0.002973518     0.542570000
   19700     0.003565496     0.002962567     0.553960000
   19720     0.003565824     0.002955502     0.550190000
   19740     0.003554496     0.002947590     0.546480000
   19760     0.003546563     0.002940790     0.552060000
   19780     0.003547911     0.002942621     0.562070000
   19800     0.003534168     0.002932433     0.555030000
   19820     0.003551670     0.002943606     0.551600000
   19840     0.003555906     0.002944053     0.555390000
   19860     0.003558855     0.002947724     0.561510000
   19880     0.003556007     0.002943409     0.556410000
   19900     0.003550649     0.002945877     0.551920000
   19920     0.003572350     0.002966191     0.559560000
   19940     0.003563355     0.002962748     0.563520000
   19960     0.003566616     0.002966295     0.569780000
   19980     0.003558431     0.002962470     0.575720000
   20000     0.003565140     0.002967985     0.568960000
   20020     0.003565197     0.002967531     0.556100000
   20040     0.003565099     0.002967688     0.562560000
   20060     0.003573822     0.002978011     0.559150000
   20080     0.003566835     0.002973109     0.552570000
   20100     0.003569413     0.002970653     0.555420000
   20120     0.003570043     0.002969393     0.549100000
   20140     0.003577945     0.002975769     0.543590000
   20160     0.003583938     0.002982064     0.547380000
   20180     0.003577555     0.002977233     0.551060000
   20200     0.003588138     0.002986883     0.565570000
   20220     0.003584888     0.002985922     0.572970000
   20240     0.003595220     0.002993030     0.556710000
   20260     0.003602236     0.002997563     0.549000000
   20280     0.003610984     0.003003113     0.538620000
   20300     0.003615344     0.003005779     0.563050000
   20320     0.003624262     0.003006525     0.556110000
   20340     0.003611651     0.002999829     0.566190000
   20360     0.003601179     0.002991782     0.556010000
   20380     0.003597871     0.002989090     0.550460000
   20400     0.003592517     0.002988677     0.561900000
   20420     0.003583891     0.002985161     0.565510000
   20440     0.003578953     0.002981569     0.565440000
   20460     0.003574164     0.002981986     0.576320000
   20480     0.003588335     0.002992042     0.573130000
   20500     0.003595217     0.002997645     0.564370000
   20520     0.003600713     0.003004393     0.566540000
   20540     0.003603643     0.003007350     0.566940000
   20560     0.003614731     0.003016819     0.554440000
   20580     0.003614504     0.003021367     0.556330000
   20600     0.003619442     0.003024418     0.556060000
   20620     0.003621176     0.003025510     0.549190000
   20640     0.003637944     0.003040899     0.551210000
   20660     0.003637172     0.003039005     0.566350000
   20680     0.003631597     0.003029068     0.564280000
   20700     0.003628491     0.003029288     0.561720000
   20720     0.003633196     0.003031896     0.563730000
   20740     0.003627937     0.003030940     0.553660000
   20760     0.003616381     0.003021362     0.562340000
   20780     0.003633347     0.003030217     0.565750000
   20800     0.003636389     0.003030249     0.564940000
   20820     0.003620656     0.003017407     0.567480000
   20840     0.003617637     0.003011720     0.567820000
   20860     0.003614218     0.003013088     0.568290000
   20880     0.003604615     0.003008930     0.566990000
   20900     0.003612769     0.003016611     0.574480000
   20920     0.003642276     0.003039508     0.579720000
   20940     0.003640074     0.003040141     0.564400000
   20960     0.003618989     0.003024925     0.546740000
   20980     0.003615746     0.003020275     0.556190000
   21000     0.003626243     0.003025198     0.562090000
   21020     0.003632214     0.003028174     0.570850000
   21040     0.003647537     0.003037137     0.548390000
   21060     0.003654826     0.003041842     0.549370000
   21080     0.003659052     0.003045028     0.552510000
   21100     0.003654639     0.003040930     0.551910000
   21120     0.003648374     0.003032044     0.543110000
   21140     0.003667705     0.003042222     0.546020000
   21160     0.003669196     0.003044239     0.546090000
   21180     0.003665149     0.003037999     0.543990000
   21200     0.003664289     0.003039084     0.542740000
   21220     0.003659920     0.003033082     0.539030000
   21240     0.003654523     0.003028848     0.531750000
   21260     0.003673691     0.003040186     0.534030000
   21280     0.003685583     0.003046840     0.545830000
   21300     0.003690136     0.003046301     0.530000000
   21320     0.003685782     0.003039202     0.528920000
   21340     0.003712461     0.003055365     0.526230000
   21360     0.003700385     0.003063557     0.531700000
   21380     0.003695214     0.003061955     0.536250000
   21400     0.003690951     0.003034923     0.535320000
   21420     0.003687378     0.003053591     0.540120000
   21440     0.003674502     0.003034603     0.528530000
   21460     0.003682003     0.003036313     0.535390000
   21480     0.003688135     0.003038727     0.531510000
   21500     0.003687843     0.003038486     0.535040000
   21520     0.003671673     0.003022581     0.529610000
   21540     0.003664817     0.003016382     0.536270000
   21560     0.003651991     0.003015582     0.545900000
   21580     0.003656581     0.003008806     0.541310000
   21600     0.003662967     0.003031847     0.531030000
   21620     0.003653971     0.003018554     0.538740000
   21640     0.003648513     0.003010920     0.530870000
   21660     0.003643484     0.003005234     0.538860000
   21680     0.003635597     0.002997401     0.529230000
   21700     0.003624789     0.003006241     0.524070000
   21720     0.003624807     0.003007204     0.523910000
   21740     0.003636443     0.002993010     0.541560000
   21760     0.003623598     0.002999387     0.550490000
   21780     0.003619470     0.002991700     0.551140000
   21800     0.003635664     0.002991213     0.529290000
   21820     0.003611252     0.002974838     0.520220000
   21840     0.003607769     0.002974139     0.534260000
   21860     0.003613120     0.002979650     0.539880000
   21880     0.003608576     0.002987622     0.541000000
   21900     0.003607234     0.002985794     0.550540000
   21920     0.003599528     0.002984596     0.549720000
   21940     0.003607873     0.002986788     0.546170000
   21960     0.003610363     0.002987961     0.548180000
   21980     0.003610820     0.002985697     0.537770000
   22000     0.003607749     0.002983430     0.536640000
   22020     0.003632238     0.002998187     0.541390000
   22040     0.003646507     0.003008225     0.538030000
   22060     0.003658511     0.003021989     0.545850000
   22080     0.003648462     0.003022927     0.544620000
   22100     0.003649009     0.003005670     0.527160000
   22120     0.003653353     0.003004438     0.533030000
   22140     0.003658366     0.003025935     0.548390000
   22160     0.003642174     0.003000719     0.549150000
   22180     0.003655568     0.003024434     0.544610000
   22200     0.003675908     0.003017400     0.534360000
   22220     0.003664770     0.003035458     0.532810000
   22240     0.003678589     0.003023689     0.534440000
   22260     0.003677729     0.003031654     0.529660000
   22280     0.003672268     0.003029921     0.522630000
   22300     0.003684711     0.003032792     0.525410000
   22320     0.003692853     0.003035492     0.527890000
   22340     0.003698225     0.003037453     0.524590000
   22360     0.003696557     0.003028365     0.531410000
   22380     0.003689476     0.003020170     0.521640000
   22400     0.003687219     0.003016431     0.522810000
   22420     0.003686550     0.003017249     0.518240000
   22440     0.003703939     0.003031419     0.519580000
   22460     0.003708001     0.003033158     0.511010000
   22480     0.003700023     0.003021055     0.509800000
   22500     0.003690009     0.003024267     0.512620000
   22520     0.003689542     0.003013546     0.523440000
   22540     0.003685337     0.003008871     0.513450000
   22560     0.003683391     0.003014049     0.516150000
   22580     0.003687057     0.003019888     0.502420000
   22600     0.003689609     0.003017598     0.519130000
   22620     0.003686276     0.002999484     0.519630000
   22640     0.003693041     0.003016987     0.525600000
   22660     0.003695098     0.003004846     0.530810000
   22680     0.003686842     0.003026032     0.518430000
   22700     0.003687074     0.003015206     0.537540000
   22720     0.003676483     0.003012245     0.528330000
   22740     0.003670566     0.003007510     0.518430000
   22760     0.003682525     0.003015587     0.523170000
   22780     0.003682013     0.003013363     0.522650000
   22800     0.003686790     0.003018179     0.519850000
   22820     0.003685174     0.003004034     0.511760000
   22840     0.003663330     0.002996350     0.506800000
   22860     0.003647299     0.002972222     0.519130000
   22880     0.003634932     0.002981515     0.523370000
   22900     0.003621658     0.002964230     0.512070000
   22920     0.003617155     0.002956557     0.519450000
   22940     0.003590655     0.002941184     0.526620000
   22960     0.003596637     0.002948175     0.538110000
   22980     0.003598957     0.002953130     0.535840000
   23000     0.003597469     0.002956085     0.537520000
   23020     0.003595617     0.002956418     0.543050000
   23040     0.003588587     0.002951687     0.540920000
   23060     0.003599400     0.002960189     0.525430000
   23080     0.003593155     0.002950073     0.538870000
   23100     0.003583552     0.002945808     0.539410000
   23120     0.003578532     0.002945547     0.534380000
   23140     0.003587057     0.002949585     0.539870000
   23160     0.003584025     0.002954706     0.532930000
   23180     0.003586691     0.002957250     0.529900000
   23200     0.003588894     0.002959615     0.534300000
   23220     0.003584343     0.002950556     0.535590000
   23240     0.003596763     0.002975351     0.537210000
   23260     0.003587156     0.002964075     0.549780000
   23280     0.003592654     0.002964245     0.546470000
   23300     0.003584505     0.002961864     0.555820000
   23320     0.003566921     0.002945637     0.559190000
   23340     0.003568916     0.002945053     0.555610000
   23360     0.003566623     0.002951847     0.557540000
   23380     0.003566299     0.002957276     0.545250000
   23400     0.003577101     0.002964160     0.572680000
   23420     0.003576879     0.002961679     0.545250000
   23440     0.003585165     0.002966806     0.540870000
   23460     0.003598528     0.002977339     0.551430000
   23480     0.003597696     0.002977473     0.561760000
   23500     0.003609567     0.002987740     0.547080000
   23520     0.003619018     0.002997221     0.557010000
   23540     0.003631933     0.003009182     0.555200000
   23560     0.003616635     0.003004661     0.546090000
   23580     0.003627012     0.003013525     0.550500000
   23600     0.003633437     0.003012712     0.541350000
   23620     0.003653217     0.003030656     0.547110000
   23640     0.003652481     0.003030200     0.551070000
   23660     0.003663796     0.003030587     0.553930000
   23680     0.003656195     0.003025872     0.534980000
   23700     0.003654139     0.003026413     0.533640000
   23720     0.003652179     0.003022962     0.538330000
   23740     0.003647429     0.003021646     0.535090000
   23760     0.003639484     0.003017108     0.542410000
   23780     0.003651966     0.003028766     0.541700000
   23800     0.003671512     0.003042631     0.545520000
   23820     0.003658852     0.003031505     0.545090000
   23840     0.003641801     0.003023363     0.538100000
   23860     0.003632984     0.003014558     0.539830000
   23880     0.003627213     0.003008424     0.546230000
   23900     0.003627087     0.003002271     0.547830000
   23920     0.003621776     0.002997118     0.555990000
   23940     0.003622121     0.003001729     0.548770000
   23960     0.003632935     0.003005135     0.554860000
   23980     0.003644028     0.003013101     0.544300000
   24000     0.003647908     0.003015754     0.550770000
   24020     0.003636236     0.003004444     0.549300000
   24040     0.003631029     0.003002214     0.555320000
   24060     0.003617943     0.002997790     0.545070000
   24080     0.003624435     0.003001324     0.542240000
   24100     0.003626234     0.003002427     0.545890000
   24120     0.003644000     0.003015733     0.541380000
   24140     0.003639162     0.003009521     0.540060000
   24160     0.003637359     0.003008972     0.538750000
   24180     0.003641376     0.003014454     0.548730000
   24200     0.003654726     0.003022839     0.541570000
   24220     0.003635532     0.003009697     0.541970000
   24240     0.003633177     0.003006699     0.553910000
   24260     0.003641923     0.003014338     0.539410000
   24280     0.003648876     0.003014987     0.555050000
   24300     0.003645849     0.003012258     0.545960000
   24320     0.003645255     0.003012988     0.544240000
   24340     0.003630941     0.003006261     0.542350000
   24360     0.003636894     0.003009445     0.545170000
   24380     0.003639068     0.003006933     0.540100000
   24400     0.003638324     0.002998032     0.543070000
   24420     0.003651116     0.003008982     0.537790000
   24440     0.003645208     0.003007639     0.532240000
   24460     0.003651516     0.003010108     0.544170000
   24480     0.003635728     0.002999242     0.532500000
   24500     0.003633021     0.002995823     0.538000000
   24520     0.003621709     0.002988303     0.539010000
   24540     0.003627017     0.002995710     0.542540000
   24560     0.003628270     0.002986353     0.529690000
   24580     0.003630922     0.003006195     0.532800000
   24600     0.003638899     0.003007872     0.536480000
   24620     0.003644792     0.003005286     0.533150000
   24640     0.003643586     0.002999458     0.531330000
   24660     0.003643789     0.003007594     0.536110000
   24680     0.003645684     0.002999333     0.536270000
   24700     0.003638138     0.003002741     0.544210000
   24720     0.003654088     0.003006858     0.531500000
   24740     0.003657370     0.003003691     0.536340000
   24760     0.003659162     0.002996979     0.525270000
   24780     0.003669231     0.003013792     0.524840000
   24800     0.003660880     0.003014069     0.516600000
   24820     0.003691093     0.003013233     0.520600000
   24840     0.003684198     0.003012819     0.517170000
   24860     0.003679762     0.003006919     0.517950000
   24880     0.003686263     0.003013619     0.514310000
   24900     0.003682155     0.003009278     0.536530000
   24920     0.003674018     0.003006333     0.527770000
   24940     0.003658216     0.002986143     0.517530000
   24960     0.003663915     0.002991540     0.518270000
   24980     0.003665794     0.002990574     0.512110000
   25000     0.003661535     0.002985268     0.514870000
   25020     0.003641433     0.002974225     0.511450000
   25040     0.003653209     0.002974061     0.503480000
   25060     0.003645852     0.002961934     0.515940000
   25080     0.003621572     0.002958763     0.524060000
   25100     0.003642261     0.002978838     0.520060000
   25120     0.003636967     0.002986255     0.518330000
   25140     0.003633211     0.002974731     0.514280000
   25160     0.003626763     0.002974389     0.524040000
   25180     0.003616575     0.002974770     0.517340000
   25200     0.003599418     0.002941019     0.526940000
   25220     0.003622404     0.002962362     0.527730000
   25240     0.003619504     0.002964477     0.520300000
   25260     0.003634635     0.002968966     0.521310000
   25280     0.003634028     0.002985234     0.522630000
   25300     0.003628843     0.002969279     0.529270000
   25320     0.003643466     0.002969994     0.512140000
   25340     0.003639418     0.002984097     0.518600000
   25360     0.003627860     0.002969377     0.520610000
   25380     0.003638557     0.002970928     0.517620000
   25400     0.003650962     0.002969071     0.521950000
   25420     0.003654228     0.002989759     0.517700000
   25440     0.003660180     0.002974629     0.509330000
   25460     0.003653818     0.002999482     0.516280000
   25480     0.003649341     0.002995125     0.505710000
   25500     0.003640352     0.002977573     0.509100000
   25520     0.003622113     0.002961097     0.510650000
   25540     0.003628657     0.002976343     0.524120000
   25560     0.003613502     0.002953925     0.527130000
   25580     0.003613225     0.002957247     0.525490000
   25600     0.003603129     0.002947304     0.532110000
   25620     0.003614474     0.002960212     0.530760000
   25640     0.003625976     0.002966569     0.519260000
   25660     0.003631131     0.002974962     0.525640000
   25680     0.003636805     0.002977643     0.515590000
   25700     0.003616339     0.002962410     0.523930000
   25720     0.003610633     0.002963935     0.536610000
   25740     0.003602113     0.002969890     0.529420000
   25760     0.003589260     0.002963083     0.545230000
   25780     0.003595791     0.002968142     0.549920000
   25800     0.003591455     0.002954448     0.545800000
   25820     0.003595265     0.002963617     0.534620000
   25840     0.003606740     0.002969503     0.544150000
   25860     0.003607796     0.002969451     0.546960000
   25880     0.003612034     0.002973744     0.531270000
   25900     0.003629013     0.002984319     0.543900000
   25920     0.003623877     0.002978694     0.528140000
   25940     0.003615427     0.002973394     0.534950000
   25960     0.003611232     0.002971137     0.540550000
   25980     0.003615872     0.002973571     0.538410000
   26000     0.003607060     0.002980319     0.528830000
   26020     0.003608795     0.002971841     0.532420000
   26040     0.003601127     0.002972124     0.540680000
   26060     0.003585834     0.002958137     0.536420000
   26080     0.003580234     0.002948874     0.552090000
   26100     0.003578649     0.002951811     0.548420000
   26120     0.003585774     0.002961879     0.534590000
   26140     0.003598303     0.002972371     0.545020000
   26160     0.003583933     0.002960255     0.546260000
   26180     0.003582270     0.002956896     0.557790000
   26200     0.003597191     0.002972082     0.551260000
   26220     0.003606698     0.002977757     0.538920000
   26240     0.003606521     0.002978880     0.535760000
   26260     0.003603473     0.002973229     0.538080000
   26280     0.003595386     0.002969055     0.547440000
   26300     0.003590949     0.002971884     0.542480000
   26320     0.003621192     0.002982698     0.542950000
   26340     0.003620902     0.002992046     0.541050000
   26360     0.003612991     0.002966723     0.548100000
   26380     0.003599970     0.002980341     0.550230000
   26400     0.003600437     0.002994745     0.544370000
   26420     0.003607275     0.002954949     0.544960000
   26440     0.003602605     0.002994793     0.540330000
   26460     0.003611044     0.002970258     0.541160000
   26480     0.003617766     0.003010279     0.555240000
   26500     0.003618692     0.002979353     0.537860000
   26520     0.003627358     0.002982744     0.548400000
   26540     0.003614696     0.002982520     0.552950000
   26560     0.003607853     0.002979456     0.558780000
   26580     0.003596482     0.002973694     0.557180000
   26600     0.003589125     0.002969538     0.561620000
   26620     0.003598853     0.002972278     0.548480000
   26640     0.003588690     0.002964668     0.549660000
   26660     0.003598200     0.002970189     0.545900000
   26680     0.003608954     0.002977588     0.546520000
   26700     0.003604674     0.002976022     0.552590000
   26720     0.003592228     0.002970390     0.539180000
   26740     0.003605972     0.002978523     0.535080000
   26760     0.003602673     0.002978958     0.540960000
   26780     0.003598676     0.002974987     0.541880000
   26800     0.003606226     0.002982754     0.538240000
   26820     0.003609639     0.002990586     0.555210000
   26840     0.003620085     0.002994888     0.555630000
   26860     0.003619946     0.002995166     0.545610000
   26880     0.003622653     0.002990449     0.543460000
   26900     0.003619860     0.002985530     0.535230000
   26920     0.003625225     0.002985006     0.535060000
   26940     0.003618926     0.002998010     0.547690000
   26960     0.003617617     0.002994586     0.542220000
   26980     0.003611517     0.002989687     0.549640000
   27000     0.003619402     0.002996797     0.543200000
   27020     0.003619852     0.003000409     0.542230000
   27040     0.003623529     0.003004680     0.541590000
   27060     0.003634374     0.003008604     0.552680000
   27080     0.003617157     0.003006569     0.542490000
   27100     0.003621084     0.002991898     0.535880000
   27120     0.003618368     0.002994376     0.544500000
   27140     0.003645938     0.003002244     0.539220000
   27160     0.003654691     0.003031573     0.554440000
   27180     0.003655292     0.003033501     0.533850000
   27200     0.003665235     0.003019828     0.532960000
   27220     0.003670149     0.003042170     0.535060000
   27240     0.003671631     0.003034867     0.525740000
   27260     0.003683174     0.003030543     0.542630000
   27280     0.003675044     0.003050133     0.541680000
   27300     0.003674439     0.003030194     0.535880000
   27320     0.003688817     0.003049197     0.545460000
   27340     0.003679230     0.003040968     0.531420000
   27360     0.003689174     0.003038780     0.526670000
   27380     0.003685241     0.003044887     0.542160000
   27400     0.003681614     0.003045255     0.540710000
   27420     0.003664891     0.003032526     0.547430000
   27440     0.003656925     0.003020379     0.546280000
   27460     0.003662656     0.003025551     0.540090000
   27480     0.003664687     0.003027806     0.536860000
   27500     0.003674775     0.003042682     0.537900000
   27520     0.003688597     0.003051545     0.541520000
   27540     0.003690504     0.003056717     0.525900000
   27560     0.003703029     0.003058815     0.537710000
   27580     0.003693258     0.003029464     0.525440000
   27600     0.003682372     0.003029829     0.528990000
   27620     0.003686984     0.003013706     0.517340000
   27640     0.003664793     0.003024672     0.538270000
   27660     0.003657295     0.003013288     0.546480000
   27680     0.003658314     0.003017749     0.548140000
   27700     0.003665289     0.003027768     0.548020000
   27720     0.003665259     0.003022479     0.551710000
   27740     0.003653452     0.003014960     0.545270000
   27760     0.003643912     0.003010813     0.545120000
   27780     0.003644336     0.003016401     0.550510000
   27800     0.003645850     0.003011867     0.548600000
   27820     0.003645809     0.003009447     0.539690000
   27840     0.003620932     0.003003632     0.540270000
   27860     0.003615766     0.003000382     0.545540000
   27880     0.003636345     0.003014404     0.538520000
   27900     0.003634761     0.003007353     0.548650000
   27920     0.003630954     0.003006510     0.552280000
   27940     0.003633672     0.003006129     0.551650000
   27960     0.003641916     0.003010281     0.539470000
   27980     0.003630107     0.003001846     0.542360000
   28000     0.003617309     0.002997006     0.542020000
   28020     0.003609587     0.002985250     0.550120000
   28040     0.003611090     0.002987032     0.556570000
   28060     0.003612399     0.002987610     0.547020000
   28080     0.003602011     0.002975758     0.544210000
   28100     0.003586506     0.002968183     0.535490000
   28120     0.003583898     0.002970253     0.544240000
   28140     0.003586568     0.002969589     0.541470000
   28160     0.003579465     0.002964358     0.543740000
   28180     0.003584900     0.002967359     0.550190000
   28200     0.003602440     0.002982148     0.544920000
   28220     0.003602937     0.002981362     0.552910000
   28240     0.003597504     0.002980289     0.562200000
   28260     0.003600748     0.002984643     0.551830000
   28280     0.003616305     0.002997634     0.558260000
   28300     0.003618131     0.002997566     0.548670000
   28320     0.003615592     0.002993013     0.555360000
   28340     0.003611686     0.002993112     0.549220000
   28360     0.003592784     0.002982122     0.547270000
   28380     0.003615432     0.002996138     0.542420000
   28400     0.003615326     0.002992003     0.537290000
   28420     0.003622133     0.003000256     0.545140000
   28440     0.003623109     0.003001955     0.552450000
   28460     0.003627695     0.003009533     0.550380000
   28480     0.003619984     0.003002181     0.543260000
   28500     0.003609497     0.002992088     0.542910000
   28520     0.003613458     0.002994682     0.541390000
   28540     0.003624721     0.003002912     0.557900000
   28560     0.003633023     0.003008055     0.549150000
   28580     0.003621802     0.003001432     0.557050000
   28600     0.003621865     0.003001575     0.555230000
   28620     0.003617047     0.002997920     0.550450000
   28640     0.003604757     0.002989391     0.545970000
   28660     0.003603671     0.002984731     0.540940000
   28680     0.003599488     0.002983356     0.554930000
   28700     0.003605610     0.002986935     0.548920000
   28720     0.003622006     0.002999325     0.535050000
   28740     0.003621044     0.002996098     0.533480000
   28760     0.003618363     0.002993447     0.531330000
   28780     0.003622097     0.002996307     0.539280000
   28800     0.003622313     0.002996165     0.533220000
   28820     0.003640826     0.003009173     0.539680000
   28840     0.003646366     0.003011413     0.543310000
   28860     0.003634594     0.003002108     0.549850000
   28880     0.003633693     0.002998456     0.543040000
   28900     0.003628850     0.002994628     0.540260000
   28920     0.003638464     0.003003627     0.538950000
   28940     0.003637205     0.003005419     0.541090000
   28960     0.003629224     0.002995271     0.536010000
   28980     0.003617197     0.002990952     0.548010000
   29000     0.003616578     0.002995237     0.557110000
   29020     0.003606048     0.002988976     0.555040000
   29040     0.003609648     0.002995940     0.554360000
   29060     0.003594110     0.002983423     0.542350000
   29080     0.003597170     0.002984760     0.556200000
   29100     0.003608570     0.002993935     0.554000000
   29120     0.003624298     0.003004772     0.569760000
   29140     0.003627386     0.003005923     0.545030000
   29160     0.003633916     0.003007543     0.555000000
   29180     0.003639176     0.003010980     0.540040000
   29200     0.003640754     0.003007947     0.550140000
   29220     0.003644045     0.003011715     0.543460000
   29240     0.003657403     0.003019177     0.548570000
   29260     0.003672159     0.003027755     0.531140000
   29280     0.003654703     0.003016384     0.543350000
   29300     0.003655500     0.003015153     0.535330000
   29320     0.003638906     0.002999436     0.529940000
   29340     0.003633365     0.002999830     0.537300000
   29360     0.003634281     0.003000852     0.536370000
   29380     0.003637998     0.003002466     0.534680000
   29400     0.003627766     0.002995979     0.531570000
   29420     0.003620730     0.002990077     0.541210000
   29440     0.003619152     0.002998482     0.554210000
   29460     0.003630870     0.003004012     0.540330000
   29480     0.003632416     0.002995727     0.551260000
   29500     0.003636834     0.002998418     0.548960000
   29520     0.003616476     0.002985934     0.549290000
   29540     0.003626603     0.002994926     0.537150000
   29560     0.003632849     0.002996671     0.529770000
   29580     0.003641564     0.003002633     0.521180000
   29600     0.003635392     0.002997557     0.528690000
   29620     0.003629111     0.002989093     0.532140000
   29640     0.003635245     0.002992506     0.536080000
   29660     0.003630474     0.002994717     0.530290000
   29680     0.003622000     0.002986995     0.533230000
   29700     0.003638073     0.002999314     0.544980000
   29720     0.003653346     0.003010948     0.531140000
   29740     0.003647771     0.003006227     0.539010000
   29760     0.003651978     0.003010677     0.541110000
   29780     0.003658123     0.003016482     0.532270000
   29800     0.003659705     0.003015511     0.542640000
   29820     0.003661268     0.003023802     0.538740000
   29840     0.003657464     0.003012832     0.536750000
   29860     0.003657812     0.003019312     0.541550000
   29880     0.003648857     0.003004594     0.524390000
   29900     0.003655223     0.003016145     0.537080000
   29920     0.003656410     0.003017472     0.541720000
   29940     0.003659396     0.003021802     0.533690000
   29960     0.003648893     0.003012702     0.543270000
   29980     0.003646846     0.003013714     0.541500000
   30000     0.003648640     0.003011454     0.538760000
