      20 1007  811 1009 1033  876 1059  985 1065  915  945
      40 1022  797  910  928  882  927  968  880 1116  874
      60  897  859 1023  849  806  929  940  961  831  946
      80  860  751  663  931  838  786  710  731  791  821
     100  889  920  607  831  845  857  753  680  927  753
     120  694  741  687  756  710  769  756  712  774  698
     140  612  741  747  775  744  626  778  829  762  696
     160  673  574  693  749  682  705  844  699  541  593
     180  723  568  598  657  654  548  824  711  552  613
     200  644  620  547  504  595  622  571  623  536  647
     220  642  546  595  539  524  587  695  599  707  649
     240  620  551  701  458  676  626  512  628  613  588
     260  545  448  619  527  615  492  385  455  615  596
     280  668  560  643  675  640  463  413  518  671  631
     300  501  494  391  442  490  534  477  534  606  439
     320  610  540  444  306  584  522  507  542  593  446
     340  561  592  474  307  489  497  524  463  514  472
     360  672  550  441  330  512  500  496  459  642  397
     380  584  405  548  444  533  497  560  573  497  424
     400  569  365  551  412  632  509  524  383  482  472
     420  592  384  470  512  501  535  515  379  383  546
     440  586  428  483  455  475  568  537  384  295  650
     460  546  367  414  492  438  524  454  387  394  467
     480  597  388  463  493  422  641  569  404  398  471
     500  567  426  516  520  451  481  441  413  493  348
     520  485  367  510  500  457  440  502  509  566  371
     540  446  467  491  521  414  460  423  556  573  393
     560  482  419  355  404  419  308  289  559  367  465
     580  484  392  329  306  429  358  227  427  439  412
     600  540  363  312  323  352  366  395  498  361  460
     620  496  461  356  370  330  313  492  486  434  421
     640  532  480  340  349  264  381  445  351  447  260
     660  440  440  251  279  227  272  561  421  408  436
     680  426  426  328  352  214  203  403  334  508  458
     700  406  474  383  400  291  308  520  359  337  308
     720  569  436  395  391  260  292  450  300  294  283
     740  372  552  451  390  268  332  470  460  256  219
     760  380  339  413  391  261  460  480  353  294  295
     780  423  351  547  380  213  529  422  419  321  334
     800  295  403  430  217  298  403  368  422  347  333
     820  388  362  392  264  368  332  279  399  401  343
     840  425  352  376  340  292  343  247  458  514  429
     860  443  257  343  506  288  287  359  342  348  377
     880  506  384  358  429  348  263  332  270  393  490
     900  463  468  289  396  331  263  390  399  362  499
     920  457  291  415  426  448  267  404  514  359  622
     940  472  374  472  354  297  244  451  599  404  508
     960  427  414  438  443  209  229  384  582  384  387
     980  538  378  324  326  308  333  480  579  253  454
    1000  615  330  326  278  322  331  395  471   83  465
    1020  500  300  341  345  357  350  276  351  116  432
    1040  433  229  272  328  309  397  180  403   70  462
    1060  450  212  202  239  383  389  245  400   36  511
    1080  493  162  263  346  389  338  397  379   56  346
    1100  417  136  322  399  316  368  408  316  140  280
    1120  429  125  444  363  316  423  313  368  308  313
    1140  456  173  423  408  226  417  176  433  520  288
    1160  376  178  396  341  241  517  193  402  483  307
    1180  433  115  390  164  260  382  220  367  489  385
    1200  466   84  342  219  149  393  250  381  578  333
    1220  490   77  377  175  252  398  202  273  425  310
    1240  498  206  348  188  392  441  229  218  486  423
    1260  551  198  327  168  389  300  458  234  446  255
    1280  463  130  253  303  454  300  407  195  414  271
    1300  533  149  241  224  339  268  369  202  483  235
    1320  461  172  354  141  495  298  336  245  329  262
    1340  435   81  281  132  488  442  353  372  310  279
    1360  377   83  195  113  554  316  277  393  293  437
    1380  445   62  214   94  557  415  339  360  399  310
    1400  490   46  214  169  435  595  320  229  390  274
    1420  426   17  286  195  553  527  280  259  380  231
    1440  436   17  261  187  510  536  467  344  414  327
    1460  478   25  303  175  445  364  479  295  372  293
    1480  453   98  292  223  428  327  358  207  321  329
    1500  479  374  259  203  309  286  407  176  396  265
    1520  411  584  270  215  321  243  441   79  371  275
    1540  571  441  243  304  276  369  424  160  344  254
    1560  549  457  225  431  219  297  308  204  280  218
    1580  462  396  131  424  208  283  379  142  213  141
    1600  445  385  117  484  197  232  489  196  228  282
    1620  422  355  118  605  196  248  487  137  250  360
    1640  357  305   93  417  206  315  435  118  177  305
    1660  382  323   99  371  194  279  464  262  154  330
    1680  284  266   44  566  322  229  459  257  142  341
    1700  367  285   30  550  285  161  333  312  151  269
    1720  333  283    3  557  102   82  300  287  301  268
    1740  337  229    3  265  149  100  231  190  204  315
    1760  397  220   44  317  273  128  357  285  228  239
    1780  455  335   83  355  320   66  309  192  313  320
    1800  503  304   88  359  386   82  246  291  257  275
    1820  507  364  126  415  365   71  251  319  236  412
    1840  403  366  175  260  374  116  267  276  367  346
    1860  486  490  309  402  428  217  375  401  286  451
    1880  526  314  230  417  398  280  278  340  279  411
    1900  498  292  243  485  507  307  328  485  310  383
    1920  440  365  186  485  568  209  305  436  278  339
    1940  396  345  150  454  486  191  385  570  152  278
    1960  354  286  196  375  546  285  331  433  155  195
    1980  446  394  167  338  418  304  315  433  100  152
    2000  412  509  141  384  561  188  327  469   43  188
    2020  457  455  221  430  599  305  308  410   47  118
    2040  383  467  193  365  478  298  366  423   37  117
    2060  420  467  162  357  524  247  366  317   41   82
    2080  471  424  153  469  429  248  312  414    6   98
    2100  367  586   73  446  512  207  380  638   14  103
    2120  360  483  138  411  413  168  351  574    0  108
    2140  340  425  160  268  442  181  232  537   13  125
    2160  509  489  248  302  558  153  240  462   84  166
    2180  398  341  227  337  392  149  271  409  105   95
    2200  481  261  244  342  423  241  357  537  186   39
    2220  472  298  203  381  470  214  475  364  223   49
    2240  518  235  157  438  294  171  369  264  163   29
    2260  555  275  142  383  261  130  315  342  256   54
    2280  435  325  181  364  472  125  364  385  200   36
    2300  371  284  142  392  365  213  293  411  208   90
    2320  533  310  145  410  372  286  309  449  194  111
    2340  465  182   88  479  239  275  385  396  278  168
    2360  447  147  190  450  321  247  385  401  245  154
    2380  548  205  254  497  268  265  315  287  344  199
    2400  554  382  212  454  532  263  232  357  443  173
    2420  463  330  258  485  479  270  312  269  438  265
    2440  417  416  166  400  419  264  283  314  387  337
    2460  370  264  148  419  465  282  314  274  284  377
    2480  323  363   80  351  510  269  240  228  265  280
    2500  364  321   88  433  367  166  248  176  385  252
    2520  397  242  164  418  382   86  371  212  360  223
    2540  448  181  329  359  331  122  356  332  289  294
    2560  318  277  324  533  347  156  296  399  302  286
    2580  290  340  350  485  410  262  203  265  261  329
    2600  316  285  369  344  398  248  243  340  299  255
    2620  315  254  383  311  387  250  222  387  354  249
    2640  356  337  305  344  442  270  231  391  280  170
    2660  347  403  374  413  390  355  337  436  344  114
    2680  295  305  433  441  337  248  272  543  245  116
    2700  409  225  419  407  364  306  218  517  333   83
    2720  445  240  399  507  372  395  266  421  288   65
    2740  431  269  420  418  438  374  278  403  309   19
    2760  478  427  357  439  324  421  238  377  297   18
    2780  454  330  422  498  264  465  257  351  257   33
    2800  443  299  308  419  305  242  347  403  295   72
    2820  425  212  196  337  337  361  406  399  427  131
    2840  262  179  223  472  309  379  471  477  442  217
    2860  385  164  124  371  352  435  508  432  344  208
    2880  336  278  126  352  369  366  458  455  264  279
    2900  407  291   40  425  340  362  538  364  265  319
    2920  435  272   62  447  274  335  525  361  266  317
    2940  393  261   54  450  288  445  459  316  245  258
    2960  309  337   84  402  203  387  390  311  224  177
    2980  286  295  141  340  121  297  444  249  182  163
    3000  388  241   73  392  114  185  305  300  234  144
    3020  364  212   71  447  179  185  404  285  259  151
    3040  415  269   97  396  172  223  429  338  294  267
    3060  351  304   95  430  238  337  340  352  347  217
    3080  404  339   72  404  274  295  397  430  278  370
    3100  288  250   62  330  320  379  350  315  155  363
    3120  256  319   93  340  376  358  296  270  176  326
    3140  230  371   59  188  364  371  385  257  179  235
    3160  160  438   77  251  269  316  341  253  137  185
    3180  204  324   98  285  274  486  382  383  187  384
    3200  214  369  168  142  350  314  317  403  218  337
    3220  445  238  148  168  485  255  411  340  210  342
    3240  475  257  131  281  553  401  326  521  202  371
    3260  403  342   71  309  405  447  444  476  278  319
    3280  400  393   18  307  347  409  335  485  201  263
    3300  435  371   19  286  334  463  349  466  206  227
    3320  470  398   30  224  481  442  184  437  174  330
    3340  394  393   37  201  407  438  161  403  226  250
    3360  453  403  133  187  347  361  214  470  152  178
    3380  492  377   85  214  337  460  255  503   79  243
    3400  479  307  167  263  271  403  283  559   60  272
    3420  499  331  176  338  212  409  280  496  113  175
    3440  468  220  242  199  244  469  321  448  198  247
    3460  398  164  220  252  373  460  332  370  368  267
    3480  416  250  235  196  383  281  380  347  470  170
    3500  395  178  220  305  360  345  389  293  430  239
    3520  445  273  213  294  333  336  301  326  465  363
    3540  424  132  263  286  361  378  377  450  452  296
    3560  294   79  263  345  261  390  288  479  378  316
    3580  307  168  355  446  313  292  268  533  274  283
    3600  308  109  295  415  357  241  269  494  348  268
    3620  309   64  290  473  375  247  245  444  389  321
    3640  256   87  302  435  464  209  163  462  295  172
    3660  248  208  291  407  446  180  147  544  325  154
    3680  242  193  246  466  428  185  313  504  333  190
    3700  230  202  249  450  323  209  297  539  404  185
    3720  327  167  156  518  297  202  289  478  445  174
    3740  371  165  124  430  386  208  297  473  354  145
    3760  410   54  257  413  390   90  404  477  369   98
    3780  389   57  281  397  370  227  274  550  361  211
    3800  464  154  171  366  371  213  237  568  351  319
    3820  430  117  304  302  323  196  149  460  259  317
    3840  457  153  285  256  247  113  108  441  191  478
    3860  301  200  343  240  216  143  154  288  172  412
    3880  193  207  385  195  223   24  158  405  217  341
    3900  203  247  311  321  185    9  139  430  251  458
    3920  127  215  209  297  233    3  124  346  226  421
    3940  190  236  226  256  330   40   74  339  228  378
    3960  180  236  163  288  355  138   97  358  290  395
    3980  215  183  138  309  336  238  209  282  255  435
    4000  230  220  176  313  342  198  194  207  267  347
    4020  344  393  228  310  276  169  269  314  247  363
    4040  207  322  178  271  385  184  244  360  183  327
    4060  214  379  280  231  330  362  239  383  264  250
    4080  338  333  380  171  273  434  279  374  222  168
    4100  259  276  427  195  244  298  266  318  251  125
    4120  294  260  350  325  402  338  282  395  328  268
    4140  388  268  335  339  349  266  276  398  325  264
    4160  324  201  198  327  342  174  395  293  467  221
    4180  370  194  228  363  257  208  281  202  576  201
    4200  243  171  336  412  210  166  202  192  534  206
    4220  342  113  229  359  300  232  238  188  452  148
    4240  323  164  225  404  293  175  274  268  327  199
    4260  253  224  292  365  233  183  330  172  447  227
    4280  228  225  273  361  207  112  366  178  395  213
    4300  300  300  294  420  218  162  371  137  382  215
    4320  284  172  299  417  251  139  342  132  453  373
    4340  406  198  231  343  275  139  313  239  428  191
    4360  328  284  258  412  250  159  408  165  432  206
    4380  139  140  337  366  113  165  428  169  447  243
    4400  165  242  312  350  140  205  319  130  439  172
    4420  131  240  391  326  174  205  271  207  443  117
    4440  214  286  387  418  200  103  286  265  352   87
    4460  150  171  399  579  113  154  258  311  398   39
    4480  227  282  303  481  123   65  200  346  310   70
    4500  234  254  275  500  104   71  297  287  232  131
    4520  283  143  430  441   66   76  273  264  205  129
    4540  235  125  309  311   13  128  146  267  213  107
    4560  285  114  171  419    0  163  161  357  166  168
    4580  268  174  220  382    1  217  280  408  158  250
    4600  199  171  361  346    0  184  312  353  224  150
    4620  179  229  361  298   27  182  330  312  319  144
    4640  110  315  362  282  105   77  248  287  172  197
    4660  155  331  312  255  113  139  291  314  275  176
    4680  159  166  337  209   62  125  290  339  339  251
    4700  105  239  518  199  144  113  375  359  220  302
    4720  159  115  388  194  147   91  364  254  272  302
    4740  155  126  459  295  155  100  276  254  267  143
    4760  260  149  568  378   80   70  316  277  318  249
    4780  457  104  589  352  142   18  288  316  340  230
    4800  579  154  440  219  228   17  338  418  338  312
    4820  437   85  416  437  387   51  280  401  271  284
    4840  389   55  557  416  462   80  332  286  312  242
    4860  432   57  518  350  372  140  293  470  275  299
    4880  431   65  493  391  308  215  237  508  274  320
    4900  380   87  509  346  395  269  219  403  335  291
    4920  228   89  414  332  458  297  246  469  445  280
    4940  270   97  353  395  492  264  180  396  407  307
    4960  317  144  513  410  519  336  287  345  481  301
    4980  319  144  446  344  422  401  204  360  581  387
    5000  249   72  572  380  437  332  200  251  518  307
    5020  387   86  518  414  402  319  137  264  640  229
    5040  333  159  439  356  363  346  147  247  529  256
    5060  295  171  498  346  416  300  120  250  433  244
    5080  258  274  418  266  430  335  176  201  566  189
    5100  249  294  426  251  293  347  242  147  535  124
    5120  362  231  443  429  274  487  297   99  446  199
    5140  420  212  426  316  212  471  355   93  426  187
    5160  422  162  547  375  262  463  283  118  603  134
    5180  395  265  314  450  203  362  210  165  420  188
    5200  465  259  361  462  311  346  148  214  379  218
    5220  369  299  314  272  367  326  175  287  451  206
    5240  327  266  380  448  383  338  105  280  383  153
    5260  425  286  429  356  317  396  144  280  420  180
    5280  455  181  593  363  384  503   34  164  341  151
    5300  397   66  435  372  324  453   97  151  433   96
    5320  344   84  460  342  299  391  105  136  436   94
    5340  361   21  418  358  272  291  143  164  341   55
    5360  406   10  313  418  254  232  154  100  319   20
    5380  459    6  323  481  214  170  137   63  256   17
    5400  418    0  206  538  313  152  216   59  262    6
    5420  404   12  323  490  312  236  120   59  337   21
    5440  350   13  468  596  301  241  146   67  287    5
    5460  351    0  440  426  227  216  138   43  256   24
    5480  464    5  384  281  203  245  156   52  267   54
    5500  508    7  447  469  260  213  159   57  264   68
    5520  491    2  441  429  256  279  261  100  282  106
    5540  478    0  399  518  213  317  248  134  335  107
    5560  439    7  360  423  324  362  298  106  275  204
    5580  306    1  348  470  273  271  282   92  148  173
    5600  197   32  443  368  331  229  201  121  156  168
    5620  174   27  328  482  211  219  241  123  284  251
    5640  240    8  208  439  252  273  177  144  393  203
    5660  232    6  307  452  229  312  315   97  402  189
    5680  211    3  311  405  291  283  257   46  355   58
    5700  416   35  407  417  299  345  150   43  313   95
    5720  404   54  399  568  247  288  132   68  341  122
    5740  348  141  470  450  364  306  220  168  330  258
    5760  367  189  539  478  404  258  267  414  210  153
    5780  294  214  457  456  434  278  206  396  345  207
    5800  124  317  376  408  261  129  290  327  385  200
    5820  232  351  353  555  321   58  277  159  287  259
    5840  213  316  290  413  413   70  222  176  357  266
    5860  176  210  302  426  440   67  273  107  261  342
    5880  175  325  240  423  311   85  281  103  331  358
    5900  168  350  384  407  384   58  267  123  315  341
    5920  163  291  466  365  336   49  209   65  409  358
    5940  312  323  283  410  233   49  308   20  300  308
    5960  466  340  291  496  193   66  122    7  309  202
    5980  391  427  334  403  184   97  209    2  252  247
    6000  357  388  281  487  193  181  227   13  319  272
    6020  392  439  151  478  348  228  184   31  364  269
    6040  345  341  149  394  378  257  144   20  362  329
    6060  313  314  176  436  546  227  220   21  488  294
    6080  293  276  179  507  542  137  193    8  366  388
    6100  325  246  195  452  496  118  117   58  390  365
    6120  263  318  198  408  367   80  113   93  370  446
    6140  240  278  127  456  383   90  116  225  416  362
    6160  200  306  118  477  451   33  172  283  300  235
    6180  358  358  127  510  376   47  177  301  215  158
    6200  397  386  156  473  541   43  177  192  202  131
    6220  219  348  111  363  400   29   94  185  210  175
    6240  310  307  117  374  428   22   89  258  166   91
    6260  289  383   82  388  180    5   52  274  176   61
    6280  287  360   22  270  268    3  103  234  178   32
    6300  331  425   34  207  313    5   76  169  261   53
    6320  357  434   61  254  296   36  105  170  276   85
    6340  456  328   68  248  275   74  126  215  286  258
    6360  466  352   55  209  270   72  177  247  296  233
    6380  423  232   69  235  242   66  277  301  266  278
    6400  593  239   18  285  174   26  282  420  354  214
    6420  554  304   11  231  148   39  244  436  307  205
    6440  436  238   12  270  128   56  227  405  234  119
    6460  445  302    0  388   83   87  204  317  223  195
    6480  459  293    6  243   89   94  216  307  177  223
    6500  440  187   23  320  137  115  101  269  251  288
    6520  309  216   47  322  157  248  122  176  287  240
    6540  378  199  100  296  218  155  145  245  272  366
    6560  368  214  235  319  187  111  105  208  203  351
    6580  430  202  369  387  168   74  139  186  206  225
    6600  473  103  203  307  202  166  244  242  275  279
    6620  393  241  256  363  242  135  220  237  221  213
    6640  334  265  300  301  198   89  152  295  257  254
    6660  317  268  256  362  242   88  236  266  310  267
    6680  280  340  385  362  326  106  273  295  227  220
    6700  356  290  292  310  426   41  184  302  203  171
    6720  303  367  353  293  403   75  313  149  141  229
    6740  268  284  249  330  443   55  237  114  155  233
    6760  345  352  195  422  351  172  168  145  259  281
    6780  386  330  320  393  333  178  188  221  368  321
    6800  378  327  328  382  322  264  211  193  233  184
    6820  331  367  261  233  246  261  368  310  159  182
    6840  344  299  240  216  217  289  334  261  213  189
    6860  189  309  321  155  417  244  368  266  224  142
    6880  302  311  207   96  309  268  413  267  174  195
    6900  374  284  200   69  324  231  297  210  188  271
    6920  340  347  253   71  286  234  459  178  285  256
    6940  369  221  325   43  378  325  276  166  317  192
    6960  429  212  508  113  311  406  394  234  340  241
    6980  318  251  403  178  287  400  436  339  378  220
    7000  287  250  246  209  202  363  420  330  307  263
    7020  306  271  324  287  202  361  432  423  291  335
    7040  315  187  428  339  126  390  400  440  352  298
    7060  285  260  303  386  148  243  385  335  211  295
    7080  226  159  370  438  250  271  403  309  238  173
    7100  144  187  383  308  205  224  406  347  255  249
    7120  231  160  361  189  135  285  475  374  271  188
    7140  208   67  301  212  115  215  442  394  433  189
    7160  275   92  284  357  224  307  402  447  323   90
    7180  189  129  218  370  237  292  296  403  310  139
    7200  113  193  255  362  258  244  306  295  392  178
    7220  104  120  325  243  277  168  315  377  374  217
    7240  168  153  413  409  391  130  451  390  322  239
    7260  222  162  451  357  330  125  449  320  354  153
    7280  269  197  400  369  244   36  480  283  385  180
    7300  266  230  371  355  367   18  332  282  311  157
    7320  292  215  298  418  351   66  478  268  207  223
    7340  380  154  342  321  371   26  421  171  264  214
    7360  449  150  408  383  384   49  349  223  259  141
    7380  473  251  325  445  334   35  428  143  187  186
    7400  412  249  297  440  341   96  389  186  138  215
    7420  264  244  330  365  296   93  303  251  124  411
    7440  245  171  304  391  277  131  343  152  194  417
    7460  212  354  323  297  241   54  453  121  192  462
    7480  292  336  358  265  360   21  419  191  166  410
    7500  318  269  422  273  460   22  555  254   83  261
    7520  286  252  336  284  381   90  588  245   35  192
    7540  344  245  247  390  316  141  396  244   23  182
    7560  426  325  329  370  416   71  369  297   11  207
    7580  365  311  445  319  292   54  354  338    9  256
    7600  376  256  427  312  392   68  389  285   26  203
    7620  317  255  361  288  382  121  307  257   33  207
    7640  211  313  321  169  374  144  343  350  137  330
    7660  268  392  224  128  338  277  403  289  216  242
    7680  275  356  365  109  365  215  479  335  249  234
    7700  229  312  264  144  290  168  375  337  360  267
    7720  199  357  235  179  347  163  377  318  300  355
    7740  360  378  257  170  380  108  401  317  355  469
    7760  237  387  402  183  337  109  208  310  239  347
    7780  234  375  354  147  279  157  343  214  352  378
    7800  230  399  399  146  414   84  472  242  360  324
    7820  268  320  324  109  342   66  297  202  301  474
    7840  261  241  226  197  394   48  402  180  284  516
    7860  254  137  151  195  292   65  408  131  261  535
    7880  331  111  188  173  379   42  385  208  298  341
    7900  286  166  142  198  363   47  321  117  382  320
    7920  288  302  147  153  498   37  281  179  257  264
    7940  363  258  135  160  417  128  148  231  241  214
    7960  325  304  131  100  372  231  211  274  312  308
    7980  395  277   97  145  473  228  171  196  204  162
    8000  414  350  129  158  545  293  108  266  232  140
    8020  423  381  229  117  432  262  154  324  321  176
    8040  478  385  238  124  328  308  123  355  288  142
    8060  518  347  173   86  368  277  118  359  286  128
    8080  494  382  271  165  395  254   81  378  245  130
    8100  513  303  315  313  395  279   49  377  228  194
    8120  404  272  285  312  277  309   17  311  301  140
    8140  439  362  309  357  249  313   26  363  273  215
    8160  460  287  191  383  225  169   26  327  297  130
    8180  361  266  136  357  225  260   93  269  161  135
    8200  461  296   81  367  237  256  176  271  136  126
    8220  322  282   54  273  266  317  169  186   78   87
    8240  528  224   20  286  221  304  247  209   91  134
    8260  464  141    0  275  214  309  182  234  137  166
    8280  406  215    6  235  167  235  213  222  105   66
    8300  418  214   25  223  198  231  175  209   68   38
    8320  420  233  105  279  186  155  207  310  206   40
    8340  467  163  176  292  316  110  293  243  209   79
    8360  466  134  304  354  395   95  285  174  176   63
    8380  494   65  241  394  334  139  266  137  219   67
    8400  498   81  291  393  291   58  280  226  292  109
    8420  410  101  364  315  235   55  251  290  362   51
    8440  382  101  293  244  291   58  191  252  319   36
    8460  395  109  193  371  234   40  252  262  343   72
    8480  430  133  116  380  191   61  200  333  381   76
    8500  443  255  286  378  134  103  185  328  274   46
    8520  405  283  265  405  140   99  200  357  262   39
    8540  358  202  326  481  227   43  214  384  256   54
    8560  397  176  347  534  273   38  308  358  182  108
    8580  489  202  335  538  210   73  321  352  217   70
    8600  475  205  259  539  271   18  287  160  108   81
    8620  444  286  250  466  317   74  248  149   78   42
    8640  357  265  252  373  330   38  207  179   15   43
    8660  356  296  258  403  298   99  137  157   36   60
    8680  389  261  220  269  268   63  131  269   55   41
    8700  384  215  251  317  168   93  156  319   59   52
    8720  340  187  299  307  137  177  233  250   77   87
    8740  409  225  228  380  226  280  232  345   80  137
    8760  398  178  186  313  113  362  388  339  167   68
    8780  421  210  143  324  171  246  403  246  132   20
    8800  424  186  129  263  168  265  285  244  138   17
    8820  621  128  161  239  139  283  302  297  130   26
    8840  532  155  113  351  124  329  322  316  220   52
    8860  424  192  135  445  132  410  338  260  193   37
    8880  500  248  174  326  186  405  347  286  289   90
    8900  463  234  207  361   90  392  485  221  262  150
    8920  525  299  269  332   97  389  414  195  312  159
    8940  415  256  204  282   74  351  407  202  227   70
    8960  421  290  218  207   79  457  484  177  204  123
    8980  378  229  147  190   81  368  325  175  208   78
    9000  363  214  137  302   91  339  285  221  158  129
    9020  433  329  114  195   54  367  330  173  176  110
    9040  505  425  111  322   62  347  368  169  218   97
    9060  324  283  187  204  101  224  381  210  267   90
    9080  314  296  139  211   54  278  274  165  321   30
    9100  338  393  155  149   50  400  193  247  277   23
    9120  336  317  237  211   41  326  148  156  224   31
    9140  250  311  151  227   59  310  157  188  131  136
    9160  261  330  182  220  147  275  273  164  129  268
    9180  345  309  187  296   94  264  256  121  143  333
    9200  335  380  208  340   27  261  351  170  221  437
    9220  300  391  138  354    8  315  359  181  206  304
    9240  254  376  208  338   14  317  318  192  172  263
    9260  199  360  225  343   20  190  419  198  199  296
    9280  233  325  205  316  179  234  466  226  290  198
    9300  218  331  206  305  111  229  384  210  222  144
    9320  137  375  233  263  212  157  325  186  227  105
    9340  208  388  235  364  327  246  427  259  252   66
    9360  235  390  219  275  310  420  379  346  226   47
    9380  289  364  252  420  360  460  246  313  262    3
    9400  267  332  182  334  390  358  302  303  205    0
    9420  211  304  251  378  348  347  226  310  239    3
    9440  265  295  183  459  369  309  123  257  357    0
    9460  276  321  213  409  334  252   74  258  334    7
    9480  338  288  135  359  366  268   62  171  280    6
    9500  295  368  160  459  318  244  122  214  294    6
    9520  272  276  278  295  393  260   42  353  327   27
    9540  280  338  221  416  243  380   14  330  333    7
    9560  232  234  103  371  239  263   49  203  398    0
    9580  236  384   46  414  208  276   38  252  425    2
    9600  253  303   46  372  279  187    7  271  415    0
    9620  379  284   59  276  357  225   15  246  367    1
    9640  310  283   39  386  196  340   66  212  333   11
    9660  239  342   82  452  166  304   65  285  302   34
    9680  268  383   49  383  146  363   73  310  265   55
    9700  203  268   29  491  102  410   36  169  264   49
    9720  210  188    8  370  141  262   63  182  297   67
    9740  284  178    1  454  192  250  134   96  488  160
    9760  280  115   47  352  143  332  196  150  586  254
    9780  337  139   67  423  215  320  330  115  513  290
    9800  289  135  163  369  139  420  430  172  409  327
    9820  321  153  216  420  200  368  380  226  300  295
    9840  281  285  291  474  397  428  429  166  311  314
    9860  243  317  277  386  399  339  377  164  302  359
    9880  153  239  276  442  435  372  587  102  362  365
    9900  151  225  283  365  395  351  510   92  277  408
    9920  193  370  178  343  399  341  569   68  301  419
    9940  151  370  215  336  402  412  573   65  258  250
    9960   98  228  174  446  314  356  546   65  129  329
    9980   86  246   91  592  265  396  605   79  287  282
   10000   95  207  139  445  264  472  442   37  447  381
   10020   74  229  170  401  269  497  491   54  342  334
   10040   36  145  180  407  225  434  396   43  372  312
   10060   47  250  194  339  341  352  494   46  435  159
   10080   60  303  113  407  254  376  287  124  410  122
   10100   82  344   88  454  232  430  387  158  363   67
   10120  112  366   80  323  201  445  224  146  345   17
   10140  177  387   90  356  206  563  191  128  363   36
   10160  160  279   24  290  183  484  353  167  452   64
   10180   83  293    3  351  271  357  431  167  357  154
   10200   57  358    8  407  388  433  466  103  217  240
   10220   42  351    3  394  296  251  444  110  197  256
   10240   13  367    5  370  352  234  523  121  189  179
   10260    3  412    0  372  341  166  381  125  328  275
   10280    6  425   27  289  428  216  476  115  362  239
   10300   27  368   49  234  400  211  372   45  436  234
   10320   66  298  115  175  329  182  372   75  462  355
   10340  152  369  194  146  264  111  392  105  352  306
   10360  171  305  208   76  321  103  388   86  385  325
   10380  222  315  322   82  281  133  390   97  257  312
   10400  328  496  335   93  240  113  290   82  191  352
   10420  336  484  237   75  340  182  242   67  209  300
   10440  380  430  222   52  268  179  316  128  306  268
   10460  448  408  212   44  216  309  433   98  295  154
   10480  400  451  168   70  197  163  454  110  362  145
   10500  458  501  126   12  206  132  378  186  375  198
   10520  413  495   82    0  227  110  424  210  331  167
   10540  257  499  100    0  145  143  374  255  348  189
   10560  296  473  103   18  160  151  435  282  321  142
   10580  237  482   96   76  159  139  391  237  439  341
   10600  323  457  149   93  145  247  327  336  333  446
   10620  348  402   64   93  244  190  408  318  301  447
   10640  416  467   65   31  180  252  451  291  227  443
   10660  375  438   22   97  198  223  322  224  194  273
   10680  312  434    7  124  181  151  235  261  182  292
   10700  259  373   16  129  136  170  297  366  223  301
   10720  450  379   49  162  187  168  255  409  225  327
   10740  395  273   52  206  240  144  250  439  162  412
   10760  513  372   33  228  244  194  206  355  253  347
   10780  441  402   22  180  317  140  363  374  338  268
   10800  430  324   73  191  304  140  297  370  311  292
   10820  507  458   34  215  286  127  345  379  225  199
   10840  352  440   41  233  401  164  344  407  119  183
   10860  303  390   50  234  350  132  329  474   65  219
   10880  389  313   42  272  360  148  328  564   50  244
   10900  372  338   19  339  327  130  303  415   99  253
   10920  287  322   15  254  210  140  250  369  162  184
   10940  316  354   22  250  187   72  199  368  146  230
   10960  443  377   53  281  178   66  227  315  233  327
   10980  442  423   52  392  179   47  169  376  302  206
   11000  384  451   26  376  224   32  147  369  275  232
   11020  373  415   33  320  314  106  187  414  286  274
   11040  362  446    5  376  270  178  339  394  473  322
   11060  437  322   27  361  228  187  343  366  366  307
   11080  450  323  120  340  302  226  260  311  289  325
   11100  393  321  333  306  321  198  238  163  233  337
   11120  310  420  389  335  329  112  247  417  269  329
   11140  257  311  487  338  313  123  295  403  340  235
   11160  442  264  500  369  333  224  271  302  387  241
   11180  476  281  430  307  297  216  341  374  365  175
   11200  364  323  291  327  304   95  326  432  344  242
   11220  422  255  415  326  368   72  308  369  315  190
   11240  493  260  427  378  463   10  371  330  245  239
   11260  543  215  366  352  437   39  286  313  348  243
   11280  442  283  345  244  356  154  272  305  375  293
   11300  292  253  400  307  335  156  314  266  239  293
   11320  187  244  452  405  357  184  272  221  188  284
   11340  171  293  459  418  339  288  187  213  144  385
   11360  179  287  460  438  355  224  188  239  151  445
   11380  148  423  386  319  263  173  156  290  149  351
   11400  215  385  437  360  214  133  150  321  126  344
   11420  170  345  449  378  238   61  157  455   79  311
   11440   89  373  521  293  376   26  152  500  154  416
   11460   95  409  465  372  294   40  132  418  205  331
   11480  134  379  576  481  301    6  124  374  243  379
   11500  234  420  508  311  305   21  186  373  301  280
   11520  325  448  429  309  329    0  153  398  365  219
   11540  255  242  424  343  343    0  165  424  417  277
   11560  242  212  444  324  249    2  193  334  276  190
   11580  361  204  422  407  195   22  213  263  229  206
   11600  351  231  438  361  154   28  334  212  170  333
   11620  325  216  461  336  109   57  217  208  294  221
   11640  290  141  394  375   92   19  337  223  321  212
   11660  358  113  322  339   84   20  227  225  284  216
   11680  257   62  353  326   70    7  207  276  459  228
   11700  257   70  315  257  122   74  192  302  382  263
   11720  378   60  380  221  104  205  173  251  316  209
   11740  226  132  408  413  120  417  167  348  401  231
   11760  236  194  359  447  152  433  181  289  465  217
   11780  269  180  462  364  137  388  182  281  292  161
   11800  243  295  374  293  124  534  115  219  328  140
   11820  352  228  459  334  117  577   76  244  296  221
   11840  267  176  383  349  159  499   50  244  375  348
   11860  139  123  376  291  167  528   45  359  450  372
   11880  216  131  438  277  147  602   44  374  473  379
   11900  225  211  471  227  221  445   25  325  336  379
   11920  166  241  476  211  258  404   26  331  323  363
   11940  198  321  491  339  133  343   34  380  472  494
   11960  139  258  432  493  142  235   49  401  450  418
   11980  163  289  502  533  146  196   22  526  288  473
   12000  130  309  507  469  208  132   43  409  235  461
   12020  119  330  471  387  340  149   50  423  342  403
   12040  149  403  444  439  363  184   79  344  508  503
   12060   94  219  232  469  415  119  115  243  417  389
   12080   49  317  243  429  331  162  116  308  498  320
   12100   65  274  249  435  334  236   53  285  569  330
   12120   86  226  352  422  438  231   71  401  622  399
   12140  221  247  214  368  380  302  108  320  630  411
   12160  216  243  292  394  354  213  156  417  549  460
   12180  327  160  425  480  328  193  151  324  525  403
   12200  318  262  398  437  339  232  154  234  490  401
   12220  174  330  286  380  294  299  169  246  407  303
   12240  157  183  283  365  226  354  173  309  462  286
   12260  149  180  295  461  232  301  209  212  547  249
   12280  242  103  236  509  268  189  264  169  575  260
   12300  267  159  257  500  293  150  204  210  561  214
   12320  345  167  200  380  283  206  166  180  490  248
   12340  442  157  205  385  190  345  186  158  330  262
   12360  527  256  263  363  214  235  298  126  231  231
   12380  491  289  215  297  179  254  403  147  196  144
   12400  449  234  179  260  265  274  382  103  221  244
   12420  600  380   98  227  288  287  404  181  254  282
   12440  575  366   97  255  255  342  410  100  237  300
   12460  361  345   83  173  275  283  357  152  292  249
   12480  326  256   78  116  305  357  317  149  307  277
   12500  369  182  201  159  318  422  350  137  292  226
   12520  367  217  243  315  315  427  371  144  244  223
   12540  221  308  261  326  353  400  192   68  222  162
   12560  381  306  232  332  394  448  187   38  151  169
   12580  358  367  227  340  395  472  224   31  149   93
   12600  351  335  173  276  351  525  212   29  127   80
   12620  313  277  127  347  384  380  159    4  167   73
   12640  247  430  247  371  279  354  143    5  178  128
   12660  140  534  374  363  387  303  230   18  309   83
   12680   97  375  377  289  464  244  169   42  444   77
   12700  109  232  375  306  324  254  132   92  479  100
   12720  169  278  201  238  340  194   85  105  514  119
   12740  194  254  133  449  393  192   84   33  348   67
   12760  147  132  111  428  401  200  114  113  374   63
   12780  157  187  163  374  461  230   49  194  304   85
   12800  200  173  213  410  450  218  162  131  309   35
   12820  190  121  251  396  346  275  325  195  372   50
   12840  185  153  286  479  397  353  414  134  344   63
   12860  412  103  303  448  398  384  388  138  379  154
   12880  312   56  289  457  422  375  473  191  395  174
   12900  219  103  265  391  324  441  470  224  279  196
   12920  242  147  196  411  359  423  369  202  255  220
   12940  192   95  221  316  387  571  226  278  323  163
   12960  152    5  256  220  468  623  272  286  226  125
   12980   90    2  245  349  403  523  285  188  316  133
   13000   96   17  173  460  303  513  317  161  326   91
   13020  162    5  206  291  327  503  219  151  458  147
   13040  230    6  126  197  278  463  214  245  220   97
   13060  337   13  144  334  324  533  170  310  409  115
   13080  423    3  238  302  352  350  213  276  467   64
   13100  387   10  174  212  351  456  202  193  473   28
   13120  328    5  174  171  394  529  199  233  414    2
   13140  339   28  260  250  403  357  161  275  487   30
   13160  364   31  253  234  438  457  202  324  414   42
   13180  326   14  216  150  385  423  211  309  378  128
   13200  307   32  287  116  209  333  196  354  347  273
   13220  388   39  227  100  219  226  270  228  388  391
   13240  323   49  252  122  243  296  338  257  326  337
   13260  285   32  248  107  294  262  303  238  268  374
   13280  378   70  180  159  227  252  282  205  379  359
   13300  323  133   88  149   95  213  263  231  402  285
   13320  431   70  123  294  184  262  231  272  316  227
   13340  391   26  138  332  159  301  472  305  389  155
   13360  429   47  268  363  126  281  418  198  386  162
   13380  333   16  210  322   64  186  381  139  418  119
   13400  407   25  230  347   28  222  395  101  280   96
   13420  267   29  365  255   78  286  444  118  189  161
   13440  326   67  204  440   90  298  463  185  340   67
   13460  340   75  210  351  198  327  412  155  329   83
   13480  351   84  205  325  283  306  202  193  320   56
   13500  422   61  184  326  234  245  212  265  389   63
   13520  372  119  108  388  207  263  313  221  404   28
   13540  331  119  102  280  213  363  327  240  345   49
   13560  368  131  110  262  149  444  406  312  320   27
   13580  297   69  100  308  167  484  513  262  303   48
   13600  449   66   92  278  124  466  550  245  347   43
   13620  464   13  163  217  167  501  372  255  309   42
   13640  545   13  133  274  245  685  450  167  297   55
   13660  461   18  178  276  142  451  438  199  219  104
   13680  462    2  188  340  201  506  283  136  299  111
   13700  470   37  252  271  240  371  346  126  348  156
   13720  471   56  364  255   93  360  363   78  272  174
   13740  462  202  440  285   81  320  393   27  272   86
   13760  431  134  328  309   53  316  314   44  313   91
   13780  393  183  255  474   10  371  335   29  313   57
   13800  242  305  269  376   27  420  353   76  292   25
   13820  145  185  377  286   42  428  264   66  289   12
   13840  183  266  287  352   24  471  365   70  288   24
   13860  172  295  325  264   55  443  372   90  217   18
   13880  244  388  273  207   50  432  510   76  293   52
   13900  305  429  274  259  100  364  502   77  331  150
   13920  291  345  231  265  162  207  417  106  390  181
   13940  402  225  272  295  161  169  389  178  425  206
   13960  380  195  343  389  139  136  358  137  301  292
   13980  370  226  495  389  162  131  478  224  283  345
   14000  318  225  437  373   51  196  494  226  307  294
   14020  279  305  324  288  122  249  520  459  378  281
   14040  161  312  342  368  179  188  429  412  333  239
   14060  167  267  292  358  203  294  402  434  262  312
   14080  254  368  354  360  227  254  439  408  345  313
   14100  259  261  225  300  338  331  538  298  443  447
   14120  291  178  197  437  536  368  515  218  287  350
   14140  346  172  184  370  348  448  479  172  315  284
   14160  343  130  175  274  294  376  389  206  295  344
   14180  326  110  181  190  228  292  275  170  262  303
   14200  329  124  157  245  248  414  308  204  263  190
   14220  242  143  256  261  312  466  303  177  247  271
   14240  173  112  235  233  384  439  363   99  317  205
   14260  167  232  329  336  323  424  396  146  222  157
   14280  196  299  296  413  369  521  324  162  223  110
   14300  284  335  374  372  360  501  339   91  158  130
   14320  188  261  221  348  437  513  377  106  138  148
   14340  169  338  199  287  283  595  492   31  147  207
   14360  225  367  248  338  304  459  540   27   83  135
   14380  119  392  244  272  305  406  471   13   33  115
   14400  183  376  254  237  216  379  454   18   79  124
   14420   99  230  350  151  300  365  434   37  124  102
   14440  118  212  360  183  302  344  389   20  149   83
   14460  149  213  289  189  227  428  459    9  202  174
   14480  204  295  297  127  323  492  387   25  139  344
   14500  181  265  261  121  196  438  341   88  247  319
   14520  273  216  135  113  114  392  303  109  250  342
   14540  191  209  158  141  136  265  405  176  227  335
   14560  130  260  154  201  137  213  405  183  195  446
   14580  155  292  117  227  278  195  415  296  191  342
   14600  204  370  152  206  306  157  455  166  240  388
   14620  220  265  115  174  241  225  368  154  231  280
   14640  189  273  203  198  276  191  544  157  245  389
   14660  224  204  319  150  336  177  433  181  260  367
   14680  144  176  260  142  312  136  457  152  236  411
   14700  168  219  191  159  395  141  401   85  350  399
   14720  210  321  120  134  432   78  429   73  184  275
   14740  138  368  141  231  461  165  428   50  152  335
   14760   78  287  114  165  420  167  405   72  115  271
   14780  105  472  151  194  432  201  412   22   74  285
   14800  120  407  189  184  398  139  335   49  110  292
   14820  153  557  157  254  402  164  263   71  266  336
   14840  167  294  188  227  298  253  392   45  232  412
   14860  244  240  245  165  283  222  382   44  165  391
   14880  216  241  234  230  261  243  358   27  189  403
   14900  225  263  175  173  233  186  372    9  270  422
   14920  288  392  225   90  216  201  326   18  208  320
   14940  273  410  301  147  214  275  450    4  218  268
   14960  324  343  309  212  259  184  335    2  178  271
   14980  341  366  284  185  252  231  342   44  278  248
   15000  329  379  288  207  355  174  228   18  186  159
   15020  289  383  237  119  266  171  332   46  222  183
   15040  173  415  316  175  408   84  242   56  170  206
   15060  169  393  424  229  395  150  210   62  116  184
   15080  254  389  380  191  281  316  195   65  163  230
   15100  307  270  332  167  431  502  228  113  149  266
   15120  354  226  365  231  384  345  171  116   86  247
   15140  313  203  254  198  483  251  214  142   39  264
   15160  278  232  248  246  426  214  317   85   42  242
   15180  198  293  199  388  340  251  212   66   41  241
   15200  145  319  227  329  326  262  193   40   61  241
   15220  151  265  289  329  241  236  173   78   72  303
   15240  184  181  287  316  197  413  190   65   84  348
   15260  146  172  180  328  245  384  154   60   62  252
   15280  144  150  242  324  144  281  108   35  104  255
   15300  187  117  331  215  120  303  104  130  111  186
   15320  128   37  362  189  239  435  129  122  295  203
   15340  150  103  467  169  219  374   48  121  285  138
   15360   53  132  469  245  319  377   40  173  408  154
   15380   48  156  319  313  408  284   24  162  324  208
   15400   60  130  372  418  408  253   72  279  264  337
   15420    5   70  432  475  292  266   65  352  303  290
   15440   68   71  370  480  140  325   51  306  353  495
   15460  188   79  291  348  163  344   70  200  281  483
   15480  333  149  223  343  200  284   63  372  338  509
   15500  361  110  371  408  241  314   38  319  408  484
   15520  398  121  297  323  172  428   45  244  376  494
   15540  449  117  332  300  180  427   33  304  436  380
   15560  350  151  314  261  139  478   51  292  257  435
   15580  380  175  414  230  183  426   40  300  371  488
   15600  391  253  477  294  202  301   63  413  310  499
   15620  304  276  516  330  215  234   30  352  280  516
   15640  411  184  596  385  132  225   61  292  300  456
   15660  285  159  533  368   68  253  111  320  320  454
   15680  301  198  434  294   49  321  151  260  163  346
   15700  285  279  489  298   46  300  163  304  235  352
   15720  314  236  332  290   39  303  347  265  261  214
   15740  181  238  460  246   78  255  331  304  197  356
   15760  126  260  427  208  143  304  266  348  106  368
   15780  102  260  487  203  168  127  112  476  113  350
   15800   52  343  448  127  235  124  120  395   66  445
   15820   95  334  473   97  159  161  119  354  109  415
   15840   75  272  466  191  163  263   93  413  189  352
   15860   76  258  452  301  114  242  148  464  254  425
   15880   60  312  466  306  148  313  210  532  292  468
   15900   38  251  406  372  213  297  221  433  265  467
   15920   13  171  469  212  122  293  342  420  279  352
   15940    3  279  398  254   86  329  385  434  203  314
   15960    0  346  396  218  165  387  367  477  222  287
   15980    2  343  491  335   92  429  363  375  204  272
   16000    0  284  413  556  140  343  367  383  277  225
   16020   10  322  460  428   81  347  446  383  298  199
   16040   84  434  262  298  147  331  340  387  317  362
   16060  129  398  198  276  124  297  267  478  248  213
   16080  137  387  183  216   99  264  227  441  230  232
   16100  257  479  271  131   82  134  194  434  268  293
   16120  346  441  353  239   88  130  306  427  276  435
   16140  383  386  331  255   47   60  303  305  267  410
   16160  356  334  367  184   17   57  368  366  291  342
   16180  333  287  569  125   35  116  333  466  212  255
   16200  298  238  380  141   40  203  424  486  145  222
   16220  299  276  408  119   47  211  389  452  151  264
   16240  225  232  347  145  101  223  363  399  156  176
   16260  235  298  340   96   97  287  285  355  258  264
   16280  223  264  401  121   63  341  221  448  479  250
   16300  202  361  343  188   24  279  183  525  409  348
   16320  140  419  258  252   32  270  166  493  391  410
   16340  157  346  327  239   14  252  188  471  438  425
   16360  119  320  417  167   15  360  219  535  356  344
   16380  199  357  372  117   41  371  287  626  385  285
   16400  198  348  368  203  123  439  281  547  380  293
   16420  217  317  407  186  141  395  160  456  464  198
   16440  331  450  421   74  230  395  230  328  473  372
   16460  287  377  316   83  236  448  329  454  389  350
   16480  269  234  283   41  242  308  303  405  434  441
   16500  223  225  253   40  169  427  226  536  360  318
   16520  275  237  233  135  145  320  269  508  405  316
   16540  280  314  269   96  113  407  256  445  283  277
   16560  225  291  302  106  116  380  288  388  243  361
   16580  182  311  284  201   60  361  256  360  372  392
   16600  183  331  259  130   55  285  232  396  369  441
   16620  222  285  263  119   61  233  164  342  330  259
   16640  335  352  299  127  132  187  125  308  324  307
   16660  343  372  230   47   89  256  160  258  351  290
   16680  355  414  278   94   73  259  115  188  293  296
   16700  368  272  242  136  112  330   97  341  281  360
   16720  275  369  271  112  176  289   46  374  185  242
   16740  312  352  243  136  137  432   88  383  184  319
   16760  239  312  273  177  109  411   79  340  191  314
   16780  368  217  303  157   74  346   85  356  219  354
   16800  447  248  377  187   60  259  224  228  286  453
   16820  440  306  256  159   49  291  262  250  345  364
   16840  377  287  313  102   70  144  292  270  246  375
   16860  384  272  342  115   49  506  329  226  199  359
   16880  505  298  235  119   25  422  336  188  209  317
   16900  450  224  227   76    3  318  257  181  265  307
   16920  423  286  320   44    0  325  272  277  263  133
   16940  481  206  288   38    0  224  191  235  228  150
   16960  358  211  341   21    4  229  271  271  316  147
   16980  408  194  456   60   19  184  248  307  477  154
   17000  321  311  363   78   83  250  182  289  484  251
   17020  304  201  373   20  251  220  231  360  415  208
   17040  253  221  322    0  369  210  297  242  419  232
   17060  413  241  356   17  451  203  245  267  441  297
   17080  480  285  504   92  514  203  211  233  473  433
   17100  289  238  617   24  471  118  309  272  450  444
   17120  273  260  470   75  435  107  303  272  383  357
   17140  259  387  410   71  435  147  208  327  428  366
   17160  244  519  467   99  388  209  221  322  444  337
   17180  213  428  383  122  309  115  299  328  433  218
   17200  241  282  357  124  300   67  313  433  482  165
   17220  319  257  393   99  247   61  296  498  337  180
   17240  364  181  352   85  287   81  291  406  461  261
   17260  318  171  324   63  403  149  438  297  398  420
   17280  282  240  391   95  369  128  477  254  566  393
   17300  251  304  414  111  351  147  512  206  427  495
   17320  202  368  354   44  327  195  396  145  487  396
   17340   88  499  441  110  403  175  444  158  420  298
   17360  107  381  327  143  286  137  458  162  431  333
   17380   70  315  312  212  344  134  264  194  386  293
   17400   78  313  315  218  290  157  303  250  595  315
   17420   79  435  331  224  257  196  326  302  524  263
   17440  120  451  197  205  198  240  232  280  354  297
   17460  133  471  181  279  187  225  279  313  350  270
   17480  159  341  201  232  243  167  458  384  413  271
   17500  247  399  303  247  349  150  490  336  541  239
   17520  215  372  263  229  352  136  500  452  444  349
   17540  121  503  358  221  312  151  410  390  391  462
   17560  102  410  446  158  364  263  317  357  417  390
   17580  100  459  398   98  382  301  369  309  448  333
   17600   75  419  483   80  416  317  322  241  521  374
   17620   20  397  378  113  341  256  269  356  395  377
   17640   17  418  362  166  491  204  296  241  449  425
   17660   25  423  409  105  336  262  355  361  374  422
   17680   91  421  331  136  222  222  361  312  434  354
   17700   66  341  406   78  196  318  462  155  290  401
   17720   27  247  373   49  229  361  292  190  240  270
   17740   24  320  333   31  197  387  276  281  216  343
   17760   21  403  318   32  179  384  142  247  200  238
   17780   16  402  299   80  247  303   93  225  267  217
   17800   34  397  431   76  164  334   60  219  200  235
   17820   23  372  410   73  143  314   47  278  129  238
   17840   24  340  352   35  218  280   76  202  147  322
   17860   32  279  292   16  275  305   56  212  241  243
   17880   43  211  362   40  243  291  143  211  250  144
   17900   20  249  428   73  250  362  253  290  278  231
   17920   14  226  342  121  184  423  167  287  259  226
   17940   20  311  355  203  205  290   94  214  179  174
   17960   23  309  352  165  264  322  116  278  231  252
   17980   42  251  359  123  236  307  141  273  257  416
   18000   40  326  492  101  217  527  170  214  264  404
   18020    0  291  465  105  270  380  171  283  355  425
   18040    7  376  348   79  294  351   94  342  361  451
   18060   23  389  446   10  432  250   99  385  350  445
   18080   10  321  445   19  416  275   80  351  288  478
   18100   44  322  388   52  448  255   63  330  322  515
   18120   68  419  225   99  525  377   76  343  417  438
   18140   78  416  224  105  434  265   68  300  267  418
   18160   79  352  182  193  294  176   61  264  261  502
   18180  148  371  137  194  339  126   68  153  317  332
   18200  163  353  190  197  420  137  144  229  278  317
   18220  203  407  302  170  342   60  164  329  225  298
   18240  247  507  294  171  338   64   91  385  261  245
   18260  320  359  248   95  397   45  113  431  236  326
   18280  257  443  202  101  441   29  144  334  218  345
   18300  218  444  321  181  314   13  224  409  316  327
   18320  227  366  317  119  460    6   94  341  358  392
   18340  228  363  244  139  405    3   59  336  478  464
   18360  151  290  308  149  414   16   35  386  470  438
   18380  198  375  353  216  347    6   14  483  460  397
   18400  276  221  339  320  250   23   61  390  457  404
   18420  246  146  299  185  314  138  117  295  447  372
   18440  281  133  321  102  255  330   98  406  329  514
   18460  304  216  262  142  195  400   68  420  365  415
   18480  352  189  241   96  240  342   31  312  412  279
   18500  304  215  260  117  152  270   32  370  456  347
   18520  259  279  378  112  189  263   41  431  456  408
   18540  180  222  318  191  210  306   51  458  433  349
   18560  169  143  362  458  238  136   38  424  395  291
   18580  173  127  450  503  306  136   12  454  421  391
   18600  202  148  375  353  428  143   54  291  413  331
   18620  213  181  321  436  440  112   52  362  273  268
   18640  263  303  236  466  322  203   86  354  442  281
   18660  215  302  291  423  267  266  107  416  379  226
   18680  230  234  286  384  342  249   43  400  261  209
   18700  230  305  189  522  333  116   13  390  315  230
   18720  205  404  176  535  307  155    0  395  356  210
   18740  128  447  161  550  350   88    8  315  277  228
   18760  202  360  234  541  413   92   12  294  249  135
   18780  161  376  291  589  504  137    4  185  308  151
   18800   82  304  284  446  433   62    0  165  284  251
   18820   81  220  395  380  400  110    7  133  312  202
   18840   55  370  255  445  371   26   50  145  374  130
   18860   98  300  337  311  357   28   48  219  193  208
   18880   10  291  312  310  315   24   13  221  299  149
   18900    2  325  294  445  209   78   39  177  382  212
   18920    2  270  244  257  221  160   62  120  314  330
   18940    3  273  340  392  364  176   79  298  303  344
   18960   16  192  350  368  357  213   74  240  322  265
   18980   43  190  230  250  378  173   38  168  314  373
   19000   96  207  352  208  371  161   37  191  353  389
   19020  163  222  214  333  411  150   90  200  424  429
   19040  194  319  206  382  411   83  109  249  457  372
   19060  159  341  239  257  456  129  112  439  387  351
   19080  228  487  287  219  382  262   61  441  409  349
   19100  314  384  356  330  442  231  149  447  298  328
   19120  219  376  295  261  399  277  164  389  182  264
   19140  284  396  265  461  380  311  232  377  248  183
   19160  354  369  189  529  398  281  203  253  170  216
   19180  415  340  219  406  320  229  183  203  138  152
   19200  364  340  106  462  391  182  284  142   60  155
   19220  375  279  125  375  347  201  167  127   32  190
   19240  359  346  113  445  356  210  146  107    5  187
   19260  438  400  101  385  316  188  139  153    3  261
   19280  385  392  168  370  383  240   97  187    0  421
   19300  372  393  130  269  393  261  117  235   16  260
   19320  392  484  143  243  409  245  144  191   39  223
   19340  375  330  121  256  419  341  154  177  110  273
   19360  397  399  148  280  365  279  102   77  182  221
   19380  328  443   76  372  285  303   99   71  263  264
   19400  366  307   84  458  293  364  136  100  301  204
   19420  392  264  132  419  274  467  146  104  318  128
   19440  474  304  172  422  229  418  176  239  268   65
   19460  413  384  197  446  301  560  121  281  306   53
   19480  344  237  211  326  383  581  103  202  364   79
   19500  311  308  152  380  243  419  162  154  248  231
   19520  258  483  256  374  332  396  220  141  234  168
   19540  247  420  224  333  239  500  300  147  166  140
   19560  347  307  215  452  342  516  321   74  176  227
   19580  354  262  196  441  289  355  470   83  112  190
   19600  370  239  163  452  364  364  266   81   97  289
   19620  333  185  272  394  257  310  320   74  101  257
   19640  355   87  365  420  205  240  206   51   75  268
   19660  298  174  291  394  163  321  196   32   52  254
   19680  395  119  329  303  218  339  214   85   41  243
   19700  441  138  271  309  191  392  104   25   19  218
   19720  397  107  279  422  292  330  117    4   19  205
   19740  331  127  155  343  219  353  307    0    6  243
   19760  319  129  271  372  275  333  204    4   19  321
   19780  362  132  332  378  215  417  205   20   21  303
   19800  420  135  473  302  168  389  231   48    5  295
   19820  369  118  447  336  170  303  258  137   54  221
   19840  294  120  406  203  138  364  246  295    9  224
   19860  316   96  205  180  195  300  264  420    0  214
   19880  375   80  198  146  283  317  288  317    0  130
   19900  460   60  185  142  330  371  220  252    0  133
   19920  440   93  282   99  445  437  168  237   12  227
   19940  392   35  404   82  453  466  186  233   19  179
   19960  312   46  415   17  412  366  194  178   21  163
   19980  371  113  465    3  585  420  287  169   34  101
   20000  447  196  435   14  410  426  224  221   20   11
   20020  549  271  415    9  448  472  122  281   45    0
   20040  498  375  352    6  370  506  102  392   85    0
   20060  575  271  443    0  319  424  148  304  141   71
   20080  392  276  454   14  354  430  235  211  158  137
   20100  352  234  433    8  338  407  165  244  287  147
   20120  298  191  383    2  267  352  203  278  199  199
   20140  298  188  391   32  103  351  172  224  212  150
   20160  388  244  313   84  143  353  244  302  168  165
   20180  529  286  324  133  171  310  233  121  130  174
   20200  550  204  284  114  148  300  163   88  178  247
   20220  406  206  324   85  133  209  218   95   71  259
   20240  451  261  221  123  190  247  246   37   30  353
   20260  550  257  184  289  118  224  185  125   18  376
   20280  473  288  298  262  129  183  304  176   20  366
   20300  457  362  269  370  134  218  278  144   44  286
   20320  376  268  299  356  134  227  262  230   94  341
   20340  463  401  274  334   83  247  236  118   78  356
   20360  361  375  260  279   54  124  216   95   45  459
   20380  348  304  252  190   65  166  128  117   57  416
   20400  411  256  296  296   74  180   88   99  112  277
   20420  419  229  283  356   52  156  129   74  142  288
   20440  413  306  285  348   33  203  107   45   83  294
   20460  383  419  320  411    4  150  115   19   89  217
   20480  349  357  282  437    2  133   67    4   30  419
   20500  248  271  295  461   10  147  150   12   27  339
   20520  256  302  256  418   38  120   94   17   67  373
   20540  187  329  274  304  120   64  116   29   77  325
   20560  136  386  318  312  121  113   97   48   50  265
   20580  143  339  329  281  136  110   57   31   80  287
   20600   95  241  296  227  126  131   58   68  174  338
   20620  139  345  267  252   91  223   63   49  255  362
   20640  126  360  407  200  111  317   35   95  279  340
   20660  143  461  532  361  131  194   39   81  305  397
   20680  186  540  390  321  158  253   29  104  443  424
   20700  100  546  386  358  197  324  115   76  367  452
   20720  182  380  445  180  273  331   79   52  416  434
   20740  190  317  339  207  157  323   79   15  272  379
   20760  206  359  308  233  199  381  163    3  318  325
   20780  267  344  258  322  160  306   69    9  430  362
   20800  255  383  419  353  137  373   59   42  365  406
   20820  217  426  304  467  119  312   69   58  420  293
   20840  269  437  304  376  188  321  103   91  283  287
   20860  201  405  320  311  250  379  105   94  329  343
   20880  157  364  315  281  368  302   98  110  430  340
   20900  106  433  283  253  377  333   52   43  354  506
   20920  170  279  342  399  355  376   24    8  218  420
   20940  386  342  449  381  355  412   22    2  145  414
   20960  318  413  379  485  348  435   65    6  280  309
   20980  323  366  300  428  286  394   86   15  278  300
   21000  386  483  282  358  464  237   49   41  213  226
   21020  327  504  316  328  347  203   40    6  168  289
   21040  245  405  313  428  269  160   95   12  191  185
   21060  152  538  357  506  366  229  254    4  217  226
   21080  112  480  350  378  416  253  232    6  343  156
   21100  166  386  254  308  246   96  137    8  312  147
   21120  275  355  137  341  234   77  228    1  215  161
   21140  229  488   37  346  310   92  318    8  182  225
   21160  142  426   50  528  181  163  286   24  181  158
   21180  113  402   45  529  226  121  309   70  143  188
   21200  114  394   34  416  248  176  354   98  151  165
   21220  128  321   27  513  193  224  301  182  145  159
   21240  125  422    0  477  197  241  214  121  191  127
   21260  131  414   39  436  219  247  201  135  348  118
   21280  111  467   44  423  160  222  144   48  358   56
   21300  128  570  105  317  189  229  131   41  351   74
   21320  179  436  132  417  334  186  122  102  312   49
   21340  160  441  207  484  330  199   84   65  344   61
   21360  153  539  282  425  323  289  186   45  304  144
   21380  119  462  299  495  408  375  355   95  254  102
   21400   80  447  364  500  390  278  314   95  180  118
   21420  288  456  319  486  347  348  399   81  252  287
   21440  329  415  280  402  267  348  401   71  225  369
   21460  398  427  294  491  314  417  317  160  343  449
   21480  313  445  356  501  242  420  249  205  400  336
   21500  263  301  432  490  289  446  157  146  415  329
   21520  367  228  391  392  313  365  199  151  217  238
   21540  287  183  316  572  306  284   73   80  327  288
   21560  255  261  373  380  314  400   91   50  424  360
   21580  185  324  386  432  394  335  121   83  494  286
   21600  181  313  281  435  270  304   75   52  379  251
   21620  200  325  217  374  253  251   91   83  416  216
   21640  228  362  230  446  396  234  192   98  350  262
   21660  238  316  193  401  348  176  219  113  301  169
   21680  226  399  257  336  335  234  189  117  363  198
   21700  311  424  304  296  309  225  226   98  351  145
   21720  319  561  299  314  219  178  181  173  380   44
   21740  270  469  159  317  268  263  122  107  390   77
   21760  259  507  187  255  340  304  183  109  478  188
   21780  295  320  207  244  305  282  238   88  378  247
   21800  244  354   91  244  306  168  295   56  337  258
   21820  171  322   91  143  353  256  314   85  342  216
   21840  238  285  157  208  384  166  316  101  386  223
   21860  227  274  215  341  455  108  351   35  344  320
   21880  194  290  189  295  468  144  224   25  368  351
   21900  314  325  256  315  477  166  211  103  406  320
   21920  333  358  357  260  570  155  304   72  287  344
   21940  330  381  352  327  576  183  355  196  324  311
   21960  399  525  306  240  549  203  424  143  360  270
   21980  426  435  381  268  487  287  392  155  379  279
   22000  414  254  378  183  489  347  378  194  451  250
   22020  468  271  391  134  448  263  434  193  453  191
   22040  402  333  204  151  387  483  431  219  459  146
   22060  406  344  223  135  524  393  444  294  496  225
   22080  329  327  267  198  597  575  509  191  434  257
   22100  286  336  225  155  408  447  419  127  387  283
   22120  212  483  304  291  474  484  440  165  376  388
   22140  200  501  302  315  566  494  516  147  325  457
   22160  284  459  276  276  534  467  504  171  390  495
   22180  219  569  229  183  339  420  447   91  508  449
   22200  254  407  215  123  350  484  448   57  526  484
   22220  289  434  235  167  207  480  397   32  640  439
   22240  230  418  150  171  286  479  457   27  625  360
   22260  402  307  105  251  255  542  441   26  560  339
   22280  432  432   94  180  245  486  600   37  491  263
   22300  438  448   56  134  266  543  459   83  549  408
   22320  306  362   85  109  265  435  449   91  422  263
   22340  339  288   81   46  150  457  399   72  444  291
   22360  397  215   95   53  226  419  317   42  533  265
   22380  509  274  137   21  305  380  350   16  508  255
   22400  503  259   68   88  386  477  492   29  390  297
   22420  402  315   84  101  521  352  505   60  355  289
   22440  369  475  116   27  435  347  313   47  358  231
   22460  488  497  142    3  439  476  410   98  249  261
   22480  339  497  121    7  430  494  314   64  222  148
   22500  507  549  236   12  425  404  401   42  261  142
   22520  502  499  357   13  479  421  389   16  244  128
   22540  357  507  347   79  410  374  386   41  257   29
   22560  442  440  316  142  348  278  322   18  235   14
   22580  478  399  345  127  287  280  350   26  287    3
   22600  479  324  168  338  297  333  519   54  230    0
   22620  491  334  218  387  336  257  418   23  259   12
   22640  401  427  175  371  311  293  407   48  229   33
   22660  546  413  372  337  273  230  527   74  281   98
   22680  396  363  315  280  279  291  422   64  296  168
   22700  400  304  260  380  350  249  309   63  241   97
   22720  329  293  424  248  309  316  388   54  185  162
   22740  442  282  455  244  357  385  367   33  214  202
   22760  376  281  380  317  318  314  287   30  262  221
   22780  357  259  365  406  380  336  269    9  281  210
   22800  428  309  335  450  301  281  281    2  358  221
   22820  329  253  390  540  369  268  308   32  406  298
   22840  376  314  402  594  416  242  320   43  526  246
   22860  239  333  459  561  388  307  325  132  342  273
   22880  299  316  387  465  466  313  353  163  322  229
   22900  349  360  443  415  396  402  394  310  312  346
   22920  433  350  411  462  418  407  337  300  242  285
   22940  383  229  321  308  294  457  376  386  273  330
   22960  324  270  355  331  301  416  272  434  319  309
   22980  293  387  408  377  287  517  387  457  281  336
   23000  339  415  301  410  227  464  468  455  340  333
   23020  358  335  318  417  285  487  528  403  248  351
   23040  322  239  307  451  216  410  452  312  201  368
   23060  172  341  377  374  265  433  514  240  272  297
   23080  177  337  265  422  356  344  529  213  267  356
   23100  294  276  204  462  275  334  463  256  227  292
   23120  285  353  304  400  275  235  492  340  204  323
   23140  408  333  356  448  173  348  546  270  138  249
   23160  368  246  275  429  177  525  475  304  115  252
   23180  429  211  214  393  213  607  419  258   65  208
   23200  365  216  132  472  161  427  350  284  129  288
   23220  467  308  222  492  132  363  373  279  203  318
   23240  364  317  301  380  221  464  379  340  239  335
   23260  318  264  248  379  297  390  348  325  253  240
   23280  370  316  210  447  370  439  295  167  209  204
   23300  457  228  267  284  329  528  444  283  211  121
   23320  321  145  353  365  367  554  411  329  272  187
   23340  417  171  380  443  318  551  369  307  283  258
   23360  475  179  382  366  290  595  339  227  259  274
   23380  412  256  449  354  353  543  380  278  368  347
   23400  399  365  493  436  447  517  354  284  411  335
   23420  249  235  450  463  330  743  332  314  383  374
   23440  229  182  307  400  341  609  289  359  508  346
   23460  325  153  316  444  436  587  259  341  422  207
   23480  397  151  386  456  336  497  313  375  321  225
   23500  372  230  388  316  302  472  352  399  475  194
   23520  366  330  437  291  327  470  330  398  334  173
   23540  375  275  405  331  378  385  397  482  391  286
   23560  404  253  405  393  477  305  296  320  389  294
   23580  340  336  437  450  404  389  252  410  429  290
   23600  310  386  368  575  384  394  175  293  403  279
   23620  322  290  378  537  403  535  203  288  366  331
   23640  245  223  368  404  284  497  190  396  250  367
   23660  348  170  271  403  446  469  216  379  276  299
   23680  217  156  371  365  498  519  249  336  280  285
   23700  269  258  390  318  349  578  266  479  282  219
   23720  296  367  415  388  332  432  314  346  244  202
   23740  226  342  501  377  421  389  293  233  199  245
   23760  313  380  412  350  410  262  374  246  281  237
   23780  449  361  468  313  357  352  453  359  281  240
   23800  415  426  560  336  310  388  366  387  286  214
   23820  362  300  576  387  277  427  325  370  306  171
   23840  342  284  364  472  257  424  243  256  302  271
   23860  300  303  323  302  300  301  325  261  297  260
   23880  319  408  281  379  325  267  256  445  317  203
   23900  450  342  275  394  535  272  294  454  285  300
   23920  467  344  264  373  662  277  297  533  197  387
   23940  429  365  221  308  430  188  396  420  141  429
   23960  411  318  242  279  470  287  349  482  200  353
   23980  437  334  229  228  485  202  385  459  181  227
   24000  480  442  245  175  418  246  359  397  148  281
   24020  500  481  252  201  375  162  495  394  179  270
   24040  459  441  288  191  536  236  422  389  228  303
   24060  442  413  361  188  427  193  391  440  194  371
   24080  462  479  407   85  394  202  500  309  341  393
   24100  488  428  407   68  477  124  485  388  351  466
   24120  470  386  382   96  477  108  474  368  309  471
   24140  390  429  409  117  431  203  448  420  337  563
   24160  388  439  295  123  309  293  384  388  407  568
   24180  236  499  316   91  418  274  495  502  374  450
   24200  327  502  440   94  377  193  390  541  323  402
   24220  416  385  380  121  340  220  424  471  203  574
   24240  355  341  541  232  301  221  349  427  211  440
   24260  253  464  425  202  283  153  343  519  336  534
   24280  290  406  323  242  271  156  428  413  379  571
   24300  209  411  240  206  216  207  596  365  406  370
   24320  238  419  359  178  271  211  506  397  348  434
   24340  260  280  372  258  318  157  568  421  220  546
   24360  251  334  337  195  285  287  510  465  149  410
   24380  331  281  355  149  315  259  451  389  143  494
   24400  358  301  493  194  319  241  404  333  134  350
   24420  241  289  580  185  382  361  382  397  207  357
   24440  167  265  462  210  332  206  365  184  160  338
   24460  129  322  461  320  197  154  290  220  133  385
   24480  149  386  490  260  130  284  357  200   91  339
   24500  212  261  513  327  117  260  435  268  147  215
   24520  377  393  545  356   83  413  400  318   90  207
   24540  477  365  406  342   75  472  318  262  155  267
   24560  410  278  359  247   77  390  245  247  232  183
   24580  424  270  415  255   71  309  343  196  324  187
   24600  331  263  415  242   63  491  352  297  354  132
   24620  425  228  502  283   58  547  522  406  387  111
   24640  307  309  509  187   71  421  463  278  395   36
   24660  351  325  480  293   90  449  313  313  474   20
   24680  326  414  341  252   65  458  312  244  416   44
   24700  280  303  364  227   66  478  285  249  413   39
   24720  324  318  391  359   66  546  367  180  314   28
   24740  484  307  314  261   13  529  286  168  442   87
   24760  484  362  260  273    0  567  294  214  385  174
   24780  356  447  364  326   26  319  303  123  307  111
   24800  218  282  401  273   56  320  293  143  280   80
   24820  282  293  439  218   89  394  278  234  373  113
   24840  231  253  390  262  162  424  262  184  394  142
   24860  303  281  372  237  374  337  200  215  283   91
   24880  235  402  419  267  298  323  248  232  338  112
   24900  260  385  401  266  401  349  393  148  335   72
   24920  334  259  467  297  466  349  216   86  309  144
   24940  324  313  498  298  420  292  171  116  347  194
   24960  334  318  482  349  526  324  145  162  322  146
   24980  380  419  409  432  421  378  238  180  342  158
   25000  424  480  333  286  528  399  321  112  409  176
   25020  400  426  375  399  470  440  310   72  342  193
   25040  373  389  371  321  549  391  346  157  275  178
   25060  363  467  294  430  391  475  304  210  307  127
   25080  288  302  292  291  321  410  295  218  372  134
   25100  315  228  360  273  456  377  305  157  424  145
   25120  354  375  274  339  466  485  212  112  420  172
   25140  276  338  296  389  412  423  271  192  380  202
   25160  297  424  296  386  328  449  218  227  428   87
   25180  299  379  336  512  435  263  202  249  463  111
   25200  299  330  255  399  285  231  190  284  365   38
   25220  255  343  346  349  299  283  203  285  349   27
   25240  228  335  362  419  403  404  231  308  372   71
   25260  319  406  425  320  498  489  212  237  328   77
   25280  406  371  316  382  448  457  146  171  353   67
   25300  455  290  314  353  389  488  305  236  384  188
   25320  360  212  219  286  438  661  292  348  291  179
   25340  363  174  202  326  453  545  236  389  292  361
   25360  306  162  240  315  394  433  178  452  218  294
   25380  286  220  267  276  472  349  186  390  175  270
   25400  315  169  233  303  365  269  220  318  222  304
   25420  329   98  271  292  250  380  243  226  190  171
   25440  315   82  379  272  329  364  319  292  256  245
   25460  382  205  337  312  351  287  285  234  288  310
   25480  349  218  406  247  312  329  278  275  388  266
   25500  355  263  415  273  310  303  163  192  375  360
   25520  338  203  462  286  247  251  103  252  424  358
   25540  385  218  283  139  172  257   61  219  424  432
   25560  266  132  437  131  231  368    0  251  438  405
   25580  241  232  424  166  243  270    0  232  351  303
   25600  332  255  353  274  262  379    3  173  241  347
   25620  320  246  304  190  307  399   16  204  314  413
   25640  380  270  320  178  267  401   15  298  242  300
   25660  463  253  268  176  335  305   56  142  281  301
   25680  462  333  239  213  299  202   66   46  216  253
   25700  470  227  189   76  189  152  103  125  240  225
   25720  385  227  236   60  177   90  202   59  230   93
   25740  541  154  333  111  165   55  228  145  223  103
   25760  451  137  284  119  182   24  241  186  294  168
   25780  366  105  200  145  139   62  231  379  216  103
   25800  306  117  263  155  169   64  243  413  249   62
   25820  280  123  301   98  180   64  275  342  222  141
   25840  362  137  249   62  222   41  312  286  217  220
   25860  240  140  289   77  182   98  265  291  325  274
   25880  262  134  310   49  163  128  353  371  251  281
   25900  404   96  308   95  138  201  212  420  369  357
   25920  339   88  285  135  199  173  302  459  301  323
   25940  310   63  253  302  199  200  274  372  264  272
   25960  267   12  247  226  174  152  338  353  318  248
   25980  345   11  283  299  192  125  272  316  245  214
   26000  434    6  436  320  249  234  297  350  223  211
   26020  334    7  479  345  239  207  198  403  198  107
   26040  316   68  352  186  285  181  156  376  234  226
   26060  328  233  440  286  306  216  217  287  196  290
   26080  263  402  508  376  241  298  147  270  255  249
   26100  322  461  394  286  222  247  172  328  296  230
   26120  286  616  367  267  186  223  101  356  333  113
   26140  236  543  364  193  154  180  164  271  228  207
   26160  297  480  263  206  205  152  246  220  206  168
   26180  259  384  282  302  219  113  297  281  242  186
   26200  214  412  370  270  195  179  473  408  324  190
   26220  133  292  458  148  135  260  459  222  275  161
   26240  229  405  468  222  189  142  365  199  372   79
   26260  210  317  476  205  199  149  412  240  259   86
   26280  123  248  356  290  357  166  415  325  211  113
   26300  147  343  420  175  297  259  370  312  184   69
   26320  165  230  373  228  323  370  311  372  286   34
   26340  184  233  310  170  253  254  209  308  247   25
   26360  195  262  253  141  360  393  111  294  264   17
   26380   77  303  377  181  245  361  194  399  233   26
   26400   58  381  445  216  224  375  154  455  174   65
   26420   67  358  351  340  248  337  138  420  166  128
   26440   28  405  444  216  312  345  224  378  164  167
   26460   46  324  446  258  200  399  171  397  208  224
   26480   47  269  324  109  158  285  212  390  151  189
   26500   15  296  140  159  180  330  202  316  189  212
   26520   29  322  192  136  195  293   74  490  279  179
   26540   34  351  209  119  156  417   95  423  247  212
   26560   98  377  190  132  212  347  126  388  252  149
   26580  226  395  220  182  176  459  143  450  243  140
   26600  405  462  401  208  278  430  279  309  301  143
   26620  599  372  323  209  289  413  179  301  242  190
   26640  532  440  394  207  341  356  185  267  214  245
   26660  556  435  386  226  361  475  236  410  280  249
   26680  509  409  485  266  473  459  203  357  244  228
   26700  308  386  453  398  499  409  232  295  174  275
   26720  351  345  543  356  454  390  170  389  181  297
   26740  395  267  513  369  506  382  185  385  267  294
   26760  280  389  435  399  434  278  199  322  225  240
   26780  308  243  306  336  368  295  112  320  281  205
   26800  366  243  345  284  294  320  106  284  201  206
   26820  350  161  391  220  413  361   84  284  200  205
   26840  320  210  376  199  406  259  122  317  167  140
   26860  435  305  315  375  306  275   83  327  189  234
   26880  490  246  271  434  439  394   92  382  245  281
   26900  378  278  297  409  407  333  218  369  262  381
   26920  300  259  421  343  411  362  105  425  378  357
   26940  344  287  417  292  413  233   64  451  462  382
   26960  243  339  278  374  349  234   97  285  381  419
   26980  259  353  289  386  337  291   16  270  436  407
   27000  209  384  387  432  381  375    1  220  389  443
   27020  161  355  382  448  418  280    0  267  388  332
   27040  271  349  335  447  452  228    2  165  300  333
   27060  318  336  390  392  371  323   76  183  467  385
   27080  256  253  326  415  399  320  188  216  484  278
   27100  222  226  247  310  311  308  348  389  355  291
   27120  303  288  383  339  273  245  464  213  328  293
   27140  262  254  490  384  345  396  435  114  286  175
   27160  366  296  394  317  387  406  463  155  461  265
   27180  296  283  425  305  299  448  462  136  396  374
   27200  243  299  302  273  266  342  379   44  308  266
   27220  249  348  303  305  396  414  312    7  313  207
   27240  242  274  237  248  413  308  188    1  289  132
   27260  246  208  245  217  310  493  191   30  308  141
   27280  295  233  295  291  223  437  255   24  408  214
   27300  160  300  273  291  205  485  373   61  369  237
   27320  155  256  227  347  348  433  375  195  351  217
   27340   89  238  220  373  248  526  248  361  318  343
   27360   46  351  195  295  272  436  263  598  389  308
   27380   66  340  193  340  402  382  225  545  434  326
   27400   70  342  180  334  378  408  244  519  402  280
   27420   90  443  193  362  418  428  318  358  409  187
   27440   85  441  178  285  470  490  351  507  383  120
   27460  170  437  209  239  404  495  255  345  377  116
   27480  213  400  204  219  272  440  321  402  233  114
   27500  178  447  181  230  290  413  296  359  319  103
   27520  133  416  202  254  304  417  282  323  205   85
   27540  181  504  191  499  178  503  418  307  206  116
   27560  196  461  141  526   96  465  414  260  174  189
   27580  223  437   35  607  149  462  435  295  209  173
   27600  277  501   61  522  188  437  511  413  229  236
   27620  200  476  211  565  126  454  486  394  194  348
   27640  207  490  290  486  278  536  446  368  199  299
   27660  105  500  287  392  196  523  458  294  456  350
   27680  197  471  269  330  235  415  434  352  412  249
   27700  106  466  235  457  260  361  475  261  451  252
   27720  161  488  178  429  272  430  506  265  227  261
   27740  122  419  228  386  313  418  413  215  190  345
   27760   89  415  435  410  357  292  383  266  316  391
   27780   74  444  416  428  269  324  283  302  303  429
   27800  129  379  438  354  410  299  342  362  369  365
   27820  134  355  361  339  356  364  367  297  235  279
   27840  102  404  369  390  346  265  326  338  163  230
   27860   77  365  420  381  392  218  320  382  299  237
   27880   74  396  387  265  395  281  333  368  314  206
   27900   50  518  474  256  385  366  382  263  386  272
   27920   42  518  326  278  459  310  399  433  374  281
   27940    5  337  284  194  311  426  366  507  375  362
   27960    5  433  322  191  264  381  410  525  245  407
   27980    9  388  504  189  226  472  332  452  229  328
   28000   47  466  468  126  311  394  278  346  289  352
   28020   49  513  371  123  218  395  269  527  327  383
   28040   61  572  396   88  174  279  325  605  405  387
   28060   27  391  314  132  269  280  409  463  377  288
   28080   60  438  244   89  349  385  434  497  383  257
   28100   89  551  322  111  357  252  434  459  372  202
   28120   76  526  253   86  300  298  281  394  538  136
   28140  134  503  199   62  303  338  230  400  351  124
   28160  100  451  144  116  278  310  171  592  246  117
   28180   62  357  161  168  322  279  135  382  302  163
   28200   75  275  185  239  323  220  131  361  345  368
   28220   12  217  200  295  401  274  119  389  272  259
   28240    9  291  174  340  525  302   84  461  285  284
   28260   12  326  308  339  459  378  120  525  203  301
   28280   73  243  280  230  404  321   88  528  292  302
   28300   98  405  306  235  441  261  212  370  173  394
   28320  228  415  299  270  500  254  270  469  249  421
   28340  259  530  348  319  548  249  290  391  272  270
   28360  295  448  289  224  530  239  319  331  312  309
   28380  269  441  312  384  401  289  327  212  276  339
   28400  309  493  281  342  446  193  265  277  237  358
   28420  163  410  190  308  519  109  411  353  287  274
   28440  204  299  200  248  494   99  362  417  212  287
   28460  318  234  133  326  364  117  349  344  275  366
   28480  335  236  140  412  266  148  287  401  303  449
   28500  427  104  141  349  344  160  225  345  364  367
   28520  364  108  198  284  403   80  235  320  268  298
   28540  313   72   88  217  352  201  333  326  287  266
   28560  411   29  168  478  365  205  438  302  281  268
   28580  278   30  152  442  372  264  391  285  419  147
   28600  326   68  104  440  250  301  401  200  420  159
   28620  230  126  130  369   93  327  487  206  490  176
   28640  274   57  291  308  141  255  456  123  403   86
   28660  171   29  327  314  296  301  351   73  264  119
   28680   82   32  256  336  296  305  315  199  348  151
   28700   43   20  305  283  338  306  310  242  272  147
   28720   25    2  230  306  334  280  353  330  191  181
   28740   30    4  255  338  302  445  398  239  227  183
   28760   58   23  328  252  387  361  309  301  172  232
   28780  102    0  300  368  329  354  247  171  113  254
   28800  119    0  388  388  399  273  304  180  174  326
   28820  153   21  257  228  320  281  283  288  217  209
   28840  126   85  344  294  328  394  220  212  265  298
   28860  168   88  392  308  544  391  303  240  194  290
   28880  151   87  426  274  389  224  420  188  189  431
   28900  102  113  322  285  363  162  314  226  259  324
   28920  107  118  405  385  326  129  273  213  345  448
   28940  171  202  331  297  234  101  261  207  389  386
   28960  227  270  393  336  414   73  232  208  295  371
   28980  250  249  333  257  366   45  292  206  314  357
   29000  229  233  551  408  294  135  289  101  354  227
   29020  321  221  510  347  242   93  359  130  392  313
   29040  353  244  477  311  184  180  429   91  335  383
   29060  234  253  516  370  180  255  512  142  310  290
   29080  307  162  524  336  145  212  455  133  231  261
   29100  252  201  423  316  193  321  494  181  222  233
   29120  138  165  432  284  211  458  319  215  126  190
   29140  151  111  436  325  217  314  336  160  125  191
   29160  198   61  449  305  285  192  383  223  203  273
   29180  178   83  562  190  197  273  369  184  219  322
   29200  119  116  454  135  282  164  385  115  136  270
   29220  137  140  438  195  364   80  420   96  164  315
   29240   97  241  219  211  325  143  241   80  141  322
   29260   75  169  290  146  380  286  263   47   62  297
   29280   47  165  411  100  241  301  385   83   69  276
   29300   55  119  532   77  237  352  542  146   62  288
   29320   33  144  395  171  215  327  498  217   62  191
   29340   86  152  478  193  145  456  493  277  120  236
   29360   98  166  451  247  143  307  280  182  126  289
   29380  237  252  382  273  163  223  248  120  197  333
   29400  326  194  278  232  225  201  167  170  247  423
   29420  361  187  315  178  307  107  233  147  190  331
   29440  281  112  295  319  187   79  306  167  321  311
   29460  233  121  303  370  106  107  311  175  327  334
   29480  167  109  289  277  165  167  305  341  289  407
   29500  102  227  329  290  210  217  293  283  277  327
   29520  246  216  291  293  170  257  165  208  323  331
   29540  248  127  371  259  194  359  169  236  221  291
   29560  193   46  399  275  177  252  210  257  186  261
   29580  193   48  259  159  203  336  267  248  289  284
   29600  211   86  312  139  203  218  271  171  201  362
   29620  288   72  279  191  198  237  363  138  282  342
   29640  349   69  151  208  145  257  233  160  338  395
   29660  269   21  147  131  232  347  133  137  272  275
   29680  269   17  152  103  316  407  157  166  347  210
   29700  320   10  208  105  321  214  153  202  281  207
   29720  228   38  245   48  296  295  183  280  343  206
   29740  238   17  158   52  264  309  166  245  288  284
   29760  308   65  160   63  276  265  202  174  299  302
   29780  248  161  325   73  216  270  132  188  296  436
   29800  314  246  323   47  208  317   64  202  311  416
   29820  393  163  311   34  381  213   25  181  220  378
   29840  383  142  388   43  415  227   35  129  166  434
   29860  451  315  425    8  451  172   50  159  149  411
   29880  361  269  370   20  398  249   51  335  185  374
   29900  480  245  468   43  422  332   99  251  175  347
   29920  597  189  487   57  518  244   96  293  222  430
   29940  507  228  420   59  384  269   57  280  342  371
   29960  342  157  369   47  362  167  104  316  209  350
   29980  322  173  489   51  406  156   45  315  269  355
   30000  434  215  349   97  349  261   10  317  373  321
