      20 1078  929 1088  874 1064  960 1048 1064  988  931
      40  881  878  967  953  946  988  961  977  963 1026
      60  933  834  870  926  986  992  931  866  947  868
      80  932 1039  877 1010  808  973  972  924  885  922
     100  853  995  981  856  786  840  873  861  859  930
     120  732  812  933  830  869  938  769  855  922  875
     140  780  855  947  920  766  843  766  848  939  819
     160  887  756  863  764  824  701  924  843  752  868
     180  911  792  843  811  764  827  760  860  816  809
     200  878  784  786  916  757  883  816  773  763  781
     220  768  716  853  756  670  631  770  788  791  842
     240  737  703  840  713  658  706  785  731  901  806
     260  677  690  852  805  759  759  818  804  777  719
     280  651  864  710  831  777  760  741  683  939  682
     300  710  839  633  808  705  573  586  685  827  632
     320  714  727  698  778  872  674  606  801  808  843
     340  682  904  773  746  802  628  596  733  670  757
     360  758  806  763  592  689  678  542  837  696  806
     380  655  598  713  702  787  706  559  621  658  576
     400  613  645  675  684  542  594  594  689  788  573
     420  539  495  593  747  598  615  726  767  685  665
     440  636  658  601  785  756  696  715  673  651  544
     460  720  581  608  858  693  685  697  603  613  613
     480  568  611  499  603  564  640  680  544  564  690
     500  631  625  539  577  614  653  700  645  722  640
     520  546  682  533  617  625  603  583  619  488  645
     540  615  583  578  573  574  689  584  528  528  540
     560  618  537  499  618  452  574  550  555  476  602
     580  609  469  482  504  605  616  536  535  514  499
     600  545  555  520  540  619  501  691  685  425  528
     620  493  427  434  664  566  447  628  540  495  706
     640  646  400  534  667  654  567  732  422  636  696
     660  653  460  394  586  668  611  619  541  512  619
     680  719  440  605  530  533  593  531  511  528  705
     700  581  572  567  540  552  423  454  490  562  496
     720  570  431  508  592  654  456  498  409  521  538
     740  530  460  488  549  481  476  485  421  391  440
     760  491  735  602  532  409  624  434  407  553  448
     780  517  669  617  605  442  463  589  455  573  535
     800  525  551  525  522  452  587  472  450  614  454
     820  386  528  517  646  590  567  558  498  494  440
     840  578  431  482  422  604  459  504  533  633  481
     860  519  376  604  488  477  525  456  454  716  518
     880  629  447  562  546  507  441  436  516  585  514
     900  557  448  537  488  488  484  362  483  582  517
     920  412  431  505  594  389  630  533  479  467  631
     940  419  444  510  535  431  469  608  411  552  558
     960  443  471  538  526  439  484  596  518  579  490
     980  682  592  506  531  548  493  513  351  504  573
    1000  608  597  529  416  471  432  385  292  469  513
    1020  504  399  543  412  373  425  439  386  451  510
    1040  476  432  462  455  521  494  497  366  510  470
    1060  411  454  361  518  421  478  620  410  431  399
    1080  500  338  478  432  559  526  590  413  445  370
    1100  536  300  409  467  405  440  492  386  398  318
    1120  507  462  426  486  475  513  499  440  326  306
    1140  443  428  505  510  497  486  333  468  311  399
    1160  478  484  475  487  464  569  564  392  282  395
    1180  472  393  455  436  482  495  468  485  286  441
    1200  499  340  422  297  529  469  617  437  376  429
    1220  431  534  510  376  422  468  640  324  347  400
    1240  497  455  405  529  526  319  479  416  412  412
    1260  612  350  573  462  465  430  479  524  402  445
    1280  433  455  389  399  412  426  526  451  426  495
    1300  391  483  392  329  502  581  376  440  392  546
    1320  465  403  516  377  470  579  479  468  317  569
    1340  425  398  521  455  492  460  371  402  350  609
    1360  388  437  424  517  584  424  466  416  255  447
    1380  333  361  512  538  552  554  471  421  265  437
    1400  498  475  343  407  423  451  423  413  267  372
    1420  482  506  274  539  477  507  412  436  371  457
    1440  515  480  366  537  376  495  461  520  384  544
    1460  484  405  408  459  382  400  405  390  474  492
    1480  437  339  291  475  371  456  399  334  412  535
    1500  484  438  358  586  415  461  450  276  524  472
    1520  523  417  430  502  301  543  386  348  579  509
    1540  527  422  473  521  288  524  403  425  436  513
    1560  349  490  494  367  306  375  388  393  542  410
    1580  449  496  554  317  411  441  345  420  520  365
    1600  504  623  329  334  413  373  314  332  469  430
    1620  511  539  385  390  300  350  318  413  432  495
    1640  528  571  506  307  319  389  296  422  577  335
    1660  581  529  417  385  272  378  341  329  523  359
    1680  546  600  474  503  229  420  468  379  573  356
    1700  476  419  605  524  187  387  447  395  575  417
    1720  409  408  487  638  207  402  525  502  443  424
    1740  507  383  344  531  303  342  499  474  434  434
    1760  448  418  516  489  289  351  598  501  548  476
    1780  560  372  540  462  390  365  447  514  413  330
    1800  450  375  458  473  359  367  466  609  356  322
    1820  434  466  562  479  353  458  304  503  436  396
    1840  436  542  585  498  382  461  492  548  431  359
    1860  568  542  585  645  364  504  348  438  481  381
    1880  436  478  595  387  428  468  374  506  518  380
    1900  480  503  592  448  497  519  412  469  389  379
    1920  460  388  567  463  436  571  348  549  389  450
    1940  438  558  592  350  420  418  337  350  375  415
    1960  479  501  510  282  442  487  387  301  442  491
    1980  478  365  520  330  436  462  377  379  266  442
    2000  479  513  422  458  350  449  375  474  268  446
    2020  403  433  457  287  363  416  413  514  296  400
    2040  437  417  460  359  422  443  492  313  314  407
    2060  392  505  340  382  370  528  465  361  369  274
    2080  408  501  506  434  269  431  312  429  414  313
    2100  468  425  456  413  223  410  360  451  404  442
    2120  440  312  514  362  283  525  312  364  424  436
    2140  450  391  438  463  402  374  313  338  465  369
    2160  461  455  673  392  459  531  349  428  394  413
    2180  421  367  477  438  423  545  342  433  375  498
    2200  393  440  497  393  452  514  412  324  403  431
    2220  346  407  615  425  464  443  515  309  404  421
    2240  303  424  501  378  371  385  362  330  392  436
    2260  404  436  619  435  477  386  393  510  242  418
    2280  343  412  497  354  411  318  431  445  386  471
    2300  511  432  415  439  404  407  441  451  259  413
    2320  571  393  365  608  386  333  438  365  327  443
    2340  481  357  391  631  296  297  416  408  415  414
    2360  447  505  428  468  332  386  461  337  390  501
    2380  318  386  407  311  342  570  472  439  385  494
    2400  367  413  541  339  398  368  598  509  338  458
    2420  288  347  464  340  456  474  633  526  322  385
    2440  311  382  530  372  406  456  474  577  309  437
    2460  338  463  468  476  494  386  423  415  289  414
    2480  362  436  422  511  415  394  428  369  273  431
    2500  301  290  405  372  480  424  451  423  394  621
    2520  284  411  370  377  354  417  456  315  359  482
    2540  430  542  470  426  328  491  375  311  340  485
    2560  407  458  327  291  314  378  323  387  393  418
    2580  431  492  334  425  394  331  448  314  418  401
    2600  361  466  322  401  501  305  510  243  377  314
    2620  455  469  208  302  344  227  549  282  382  409
    2640  435  463  275  430  349  250  478  343  416  264
    2660  322  564  429  332  447  385  419  469  477  253
    2680  383  612  416  368  392  440  417  494  520  311
    2700  359  468  423  260  529  406  435  449  628  369
    2720  511  543  554  288  561  411  581  557  477  427
    2740  540  429  484  344  509  493  426  443  463  401
    2760  593  358  425  434  595  584  338  416  468  437
    2780  449  454  314  341  519  359  358  396  530  390
    2800  404  480  456  395  518  420  418  418  540  370
    2820  341  446  446  388  552  535  416  396  404  328
    2840  317  309  432  411  421  475  364  443  342  447
    2860  362  484  424  419  474  491  428  356  403  222
    2880  399  393  409  372  445  585  449  353  459  288
    2900  378  391  540  435  426  457  481  557  549  364
    2920  419  432  310  438  474  379  635  498  460  563
    2940  332  445  239  438  502  392  580  369  522  514
    2960  355  486  413  453  351  477  433  385  496  606
    2980  373  675  462  560  500  487  476  409  502  612
    3000  420  556  414  409  568  645  485  392  418  651
    3020  456  463  393  461  544  494  454  325  481  530
    3040  419  424  400  496  385  425  441  394  526  550
    3060  438  441  427  464  453  503  512  465  294  525
    3080  357  438  459  411  527  600  450  490  432  504
    3100  418  389  489  385  522  541  419  348  423  425
    3120  275  266  427  433  501  430  491  334  397  354
    3140  397  430  582  532  418  486  622  299  581  380
    3160  434  465  550  476  387  400  543  353  593  423
    3180  335  561  478  450  384  638  631  345  419  459
    3200  315  373  455  353  495  464  576  291  424  338
    3220  424  490  438  418  519  519  553  362  531  468
    3240  351  493  403  454  464  527  693  293  422  372
    3260  329  431  444  457  483  463  511  369  385  455
    3280  310  408  344  507  521  480  529  399  333  489
    3300  218  310  413  469  455  426  475  360  510  442
    3320  331  416  480  460  454  456  563  436  432  331
    3340  391  451  460  401  443  554  576  273  360  489
    3360  398  385  487  407  460  454  487  461  203  490
    3380  473  382  462  370  398  511  428  379  305  506
    3400  430  490  449  447  334  499  374  357  385  461
    3420  503  500  354  373  298  465  470  350  548  588
    3440  534  371  307  337  312  518  359  460  471  494
    3460  586  448  383  352  265  487  342  367  483  469
    3480  549  428  493  375  302  615  395  252  514  480
    3500  566  483  437  441  344  515  260  390  491  594
    3520  600  413  531  332  350  527  331  331  365  483
    3540  639  518  500  362  379  564  349  344  452  630
    3560  540  419  464  443  437  463  449  266  450  537
    3580  429  395  368  415  373  401  320  286  444  587
    3600  520  578  594  374  470  431  404  339  472  537
    3620  470  500  568  388  459  514  332  250  343  537
    3640  435  587  415  380  521  490  427  374  436  535
    3660  365  523  397  348  464  518  384  388  505  432
    3680  528  420  383  347  424  470  530  406  385  518
    3700  465  515  343  410  436  453  476  426  345  484
    3720  438  516  326  432  311  466  505  494  318  369
    3740  497  518  357  373  271  486  497  496  405  385
    3760  467  480  372  395  270  429  498  410  422  395
    3780  428  506  479  429  298  394  664  394  401  318
    3800  401  490  542  430  433  442  531  506  477  317
    3820  416  394  541  411  325  453  486  473  402  301
    3840  333  383  526  538  304  486  399  527  443  394
    3860  483  448  545  386  390  445  478  404  485  377
    3880  450  511  551  424  319  414  452  346  538  306
    3900  391  543  398  465  349  421  482  422  481  293
    3920  417  486  555  520  248  395  370  478  540  451
    3940  433  584  442  418  346  366  512  488  426  482
    3960  371  445  381  427  348  339  374  408  511  459
    3980  366  509  500  399  422  495  365  499  513  545
    4000  427  460  466  315  358  476  365  538  529  506
    4020  492  504  407  431  367  498  509  434  476  483
    4040  552  371  529  471  381  476  426  472  360  440
    4060  411  380  537  437  392  452  382  426  390  551
    4080  382  479  444  487  462  497  384  298  322  498
    4100  336  454  500  389  452  614  395  454  362  374
    4120  400  476  491  353  359  455  431  433  421  401
    4140  551  420  531  516  419  361  529  591  525  422
    4160  583  457  420  527  310  340  492  473  398  398
    4180  541  455  511  531  321  391  525  447  486  323
    4200  448  446  494  486  322  465  380  322  489  376
    4220  541  544  402  472  387  477  437  437  430  439
    4240  568  560  508  437  303  506  377  517  472  398
    4260  433  415  482  397  270  455  452  532  407  477
    4280  420  479  498  455  247  406  402  522  346  335
    4300  379  351  450  414  228  425  436  426  267  329
    4320  425  351  549  432  395  414  400  593  338  530
    4340  457  365  566  479  464  375  419  503  320  418
    4360  472  407  496  453  457  419  300  445  274  536
    4380  461  389  346  420  420  359  257  540  369  484
    4400  412  505  385  538  412  421  197  582  428  471
    4420  427  365  373  451  464  418  431  445  391  394
    4440  429  405  420  456  516  445  506  406  449  450
    4460  514  455  485  385  545  423  397  343  513  352
    4480  414  539  503  352  459  429  362  345  488  387
    4500  417  480  464  393  432  431  360  340  556  525
    4520  430  433  466  553  328  402  341  284  422  482
    4540  476  383  487  506  273  385  463  366  377  458
    4560  401  360  510  425  206  438  366  478  426  387
    4580  467  465  473  418  309  504  402  495  453  470
    4600  569  477  425  377  487  575  430  354  510  498
    4620  537  438  449  364  448  475  528  341  398  485
    4640  507  364  300  437  431  442  271  285  439  459
    4660  405  406  359  425  452  591  288  344  424  493
    4680  442  444  434  568  429  411  363  274  416  478
    4700  341  513  428  354  375  347  290  311  336  382
    4720  441  412  455  190  424  334  366  305  359  387
    4740  450  361  245  417  405  318  347  361  404  498
    4760  522  345  350  543  382  339  305  401  292  480
    4780  421  350  571  422  346  289  386  384  298  405
    4800  417  447  464  405  329  260  387  393  254  337
    4820  542  477  500  415  318  417  303  369  323  346
    4840  478  471  444  424  321  548  344  417  326  378
    4860  445  408  605  342  243  552  449  584  268  349
    4880  438  389  518  418  338  468  492  482  316  260
    4900  530  322  467  365  429  412  392  429  426  387
    4920  519  298  400  259  372  491  355  502  432  357
    4940  547  376  353  418  409  580  498  497  382  378
    4960  454  226  467  413  370  454  435  514  537  484
    4980  458  253  432  503  334  337  550  314  497  476
    5000  437  255  398  426  473  416  459  440  553  333
    5020  472  365  347  515  500  351  514  510  438  367
    5040  544  478  380  385  422  379  367  390  552  320
    5060  445  431  293  379  520  322  363  432  515  320
    5080  462  440  364  378  522  368  391  367  490  319
    5100  356  455  425  393  496  406  478  372  414  436
    5120  408  451  336  434  483  416  393  382  407  416
    5140  426  476  460  346  434  462  387  400  472  273
    5160  476  361  372  298  490  516  312  342  449  404
    5180  452  442  461  337  419  553  474  330  355  419
    5200  379  441  386  287  378  584  477  333  407  377
    5220  362  369  330  248  481  543  447  272  449  456
    5240  409  293  470  306  494  435  521  413  405  407
    5260  403  336  432  413  498  409  600  507  343  398
    5280  420  399  615  311  439  420  435  393  275  395
    5300  390  445  493  368  370  376  461  535  485  344
    5320  426  415  456  454  485  466  578  296  374  403
    5340  394  489  516  354  523  516  533  358  345  495
    5360  455  408  375  364  461  605  374  278  381  493
    5380  415  410  368  402  487  469  493  355  483  503
    5400  441  424  334  363  594  435  469  426  587  440
    5420  471  459  350  315  377  416  443  377  522  366
    5440  428  403  339  410  449  324  382  376  522  270
    5460  450  503  345  377  390  324  426  393  546  347
    5480  463  491  292  428  431  349  390  425  424  386
    5500  443  477  330  379  445  329  300  452  384  361
    5520  499  420  364  399  424  333  451  489  506  407
    5540  455  385  354  407  394  269  338  381  531  337
    5560  327  370  416  542  313  377  424  404  477  401
    5580  385  438  337  558  424  321  309  458  517  319
    5600  410  509  318  437  487  367  386  389  427  281
    5620  359  450  374  529  477  349  476  525  525  349
    5640  411  426  306  523  449  285  486  418  507  398
    5660  477  488  382  564  538  164  611  503  505  303
    5680  413  460  377  525  397  337  544  484  429  205
    5700  389  517  281  397  390  435  402  470  360  205
    5720  455  494  265  431  384  563  405  622  309  312
    5740  528  478  251  420  497  447  568  613  315  243
    5760  473  543  309  362  504  540  545  583  363  241
    5780  482  483  315  469  430  452  541  451  418  304
    5800  578  657  421  376  362  534  303  481  401  353
    5820  511  506  347  382  258  542  404  531  431  572
    5840  425  445  382  349  412  427  441  459  409  425
    5860  314  490  538  469  415  435  449  414  523  414
    5880  462  622  641  457  380  466  468  405  589  507
    5900  409  543  585  543  484  471  453  376  548  441
    5920  378  490  413  436  317  378  452  511  525  508
    5940  459  561  420  478  319  605  518  394  523  371
    5960  488  550  365  538  319  555  569  454  499  479
    5980  332  497  390  440  318  425  561  456  426  450
    6000  463  523  443  408  336  588  512  452  373  383
    6020  300  406  471  454  326  612  531  432  436  306
    6040  349  432  560  346  337  539  544  483  532  427
    6060  382  514  572  417  304  518  441  314  498  379
    6080  473  537  534  439  444  467  430  430  615  338
    6100  387  618  480  355  350  396  395  330  507  479
    6120  455  446  449  412  443  347  452  324  474  392
    6140  492  506  593  389  407  390  418  409  577  448
    6160  465  478  597  455  441  427  372  297  489  519
    6180  477  347  399  348  485  363  402  306  451  544
    6200  509  492  399  356  486  438  396  308  470  507
    6220  479  477  490  393  470  427  591  295  578  488
    6240  394  442  365  420  440  387  410  289  410  328
    6260  452  429  410  347  525  399  400  298  528  314
    6280  517  527  337  269  483  399  350  306  490  365
    6300  354  695  341  314  501  404  329  306  433  371
    6320  389  515  402  363  495  403  587  343  540  414
    6340  540  359  342  349  445  364  574  337  443  360
    6360  422  408  327  313  266  326  504  393  414  445
    6380  419  366  422  318  357  414  445  344  437  436
    6400  345  471  478  394  318  365  422  332  496  529
    6420  394  405  433  352  285  349  346  347  424  580
    6440  505  461  475  331  246  411  354  309  504  379
    6460  387  482  309  384  227  317  307  380  457  324
    6480  412  397  400  329  204  334  367  389  452  508
    6500  482  397  425  365  328  381  438  266  330  343
    6520  363  391  500  460  370  323  420  296  359  467
    6540  384  470  480  376  470  333  392  378  276  363
    6560  484  486  444  374  444  437  354  316  225  333
    6580  492  376  386  457  336  313  359  369  291  443
    6600  421  462  302  507  375  315  397  314  302  391
    6620  384  341  268  547  391  344  419  471  348  392
    6640  477  359  375  471  419  336  396  433  494  481
    6660  433  268  293  526  491  310  498  485  467  484
    6680  561  292  357  494  368  297  464  552  482  456
    6700  502  362  399  401  449  297  454  511  463  396
    6720  520  425  452  397  510  327  443  521  500  445
    6740  424  424  462  302  492  423  409  515  393  513
    6760  368  366  395  345  461  509  440  500  554  470
    6780  314  394  539  388  549  474  325  469  427  537
    6800  261  545  531  455  450  408  391  439  346  469
    6820  187  494  507  544  488  349  444  522  353  445
    6840  207  313  340  509  425  330  361  511  398  389
    6860  266  359  415  487  313  374  303  431  412  424
    6880  346  386  383  452  401  285  349  410  462  450
    6900  347  317  386  553  358  261  404  404  532  350
    6920  550  328  402  426  342  262  572  333  448  349
    6940  408  290  459  399  374  300  423  232  397  358
    6960  379  305  547  552  356  414  403  234  384  455
    6980  412  414  449  521  470  443  345  305  394  302
    7000  338  408  431  454  343  380  367  247  425  339
    7020  361  449  540  443  276  421  464  306  528  441
    7040  384  474  420  396  370  298  414  271  417  463
    7060  340  424  325  243  436  311  311  333  517  489
    7080  353  366  398  347  446  428  372  256  557  478
    7100  355  367  334  396  527  438  425  316  456  524
    7120  268  372  333  318  396  443  353  313  537  552
    7140  290  391  436  336  376  486  290  300  411  634
    7160  386  391  414  406  433  392  405  273  478  457
    7180  453  480  359  369  385  492  468  321  461  385
    7200  412  407  445  347  461  428  481  404  406  313
    7220  552  412  556  416  524  359  476  399  360  411
    7240  505  397  515  320  566  367  436  419  426  389
    7260  431  351  512  370  392  363  523  381  347  451
    7280  558  332  455  303  399  319  569  394  398  436
    7300  502  459  263  215  415  306  547  385  467  428
    7320  456  516  276  285  432  419  474  309  475  374
    7340  403  462  380  332  449  439  270  296  423  401
    7360  482  598  394  451  458  419  364  331  271  391
    7380  441  429  487  378  388  389  452  404  337  307
    7400  399  416  458  476  537  387  522  391  435  328
    7420  564  468  379  397  398  377  356  397  362  306
    7440  523  383  403  473  381  309  436  454  347  438
    7460  473  396  517  480  463  446  348  396  414  383
    7480  318  332  432  435  455  521  442  430  530  409
    7500  405  239  551  368  455  392  447  389  539  330
    7520  332  305  493  268  496  442  424  319  367  434
    7540  333  464  464  298  399  370  482  447  344  452
    7560  346  458  348  363  368  322  280  399  324  450
    7580  454  508  337  388  339  365  395  467  322  414
    7600  401  475  416  520  502  364  579  302  298  321
    7620  427  519  437  399  406  403  541  478  303  517
    7640  354  496  349  441  356  487  408  376  440  452
    7660  349  549  324  412  518  396  400  330  402  489
    7680  385  424  411  296  506  327  396  383  428  486
    7700  401  345  329  362  420  404  400  396  463  548
    7720  497  273  350  317  508  399  481  371  442  408
    7740  355  282  328  308  366  366  406  328  443  511
    7760  452  370  252  402  372  445  339  343  506  401
    7780  340  390  222  367  470  382  479  305  533  489
    7800  290  465  315  316  396  407  380  330  377  413
    7820  335  497  411  458  434  349  323  220  421  455
    7840  278  499  423  544  495  359  325  279  392  485
    7860  384  512  254  371  492  312  385  310  414  561
    7880  527  542  403  429  404  309  308  308  388  459
    7900  414  480  375  516  375  311  269  362  387  442
    7920  268  415  334  447  416  342  309  347  361  426
    7940  337  378  295  598  368  428  321  273  503  336
    7960  337  381  267  479  433  459  319  369  569  426
    7980  286  345  272  578  362  428  390  370  481  318
    8000  268  354  291  521  482  389  462  374  452  483
    8020  222  462  246  405  317  407  464  237  438  553
    8040  164  385  346  448  227  314  452  193  503  330
    8060  388  506  282  471  303  460  636  239  480  453
    8080  481  445  219  458  373  429  445  340  404  467
    8100  426  495  226  425  361  270  376  476  503  424
    8120  466  551  220  377  324  373  352  444  346  438
    8140  485  529  164  390  318  303  337  537  423  422
    8160  292  362  217  434  432  428  464  478  348  483
    8180  268  374  183  417  361  372  373  417  319  428
    8200  256  337  239  334  365  469  367  459  326  436
    8220  309  442  288  368  409  462  400  514  398  495
    8240  309  393  316  339  417  405  351  418  428  371
    8260  464  370  366  326  361  410  341  452  343  461
    8280  356  409  252  378  414  375  498  523  519  438
    8300  414  272  269  287  368  409  505  447  441  474
    8320  441  277  321  436  429  422  595  465  427  515
    8340  474  319  285  416  409  330  513  484  363  530
    8360  338  247  348  382  521  299  505  443  548  494
    8380  318  314  307  360  430  335  421  393  630  388
    8400  394  383  327  250  391  323  434  268  480  425
    8420  421  410  393  280  428  411  534  305  453  395
    8440  444  349  359  287  551  358  501  382  432  444
    8460  415  364  478  263  462  305  431  310  567  400
    8480  401  394  569  280  518  348  254  318  498  459
    8500  450  331  422  270  445  334  252  369  508  436
    8520  390  348  450  424  533  400  306  416  412  327
    8540  395  502  381  455  427  397  320  467  419  358
    8560  365  369  394  440  417  444  210  388  425  321
    8580  462  409  373  415  365  421  293  321  397  312
    8600  437  364  324  424  455  488  227  464  418  313
    8620  313  455  521  349  336  455  283  304  450  439
    8640  527  577  362  264  239  448  396  354  369  436
    8660  518  416  525  317  317  458  420  460  389  400
    8680  448  467  595  258  323  375  302  379  476  457
    8700  357  336  506  284  455  480  383  372  487  480
    8720  470  348  460  376  372  369  418  254  390  342
    8740  482  183  380  402  415  328  321  388  307  442
    8760  413  429  354  410  441  338  303  490  316  510
    8780  296  447  324  347  395  330  393  535  315  528
    8800  389  363  472  475  449  362  419  518  264  436
    8820  437  388  432  482  396  396  429  427  270  431
    8840  409  481  428  411  362  362  407  487  390  461
    8860  347  352  562  367  299  428  423  444  355  368
    8880  361  386  334  363  296  485  414  456  284  370
    8900  384  373  284  303  291  654  371  550  335  435
    8920  381  443  270  320  393  510  420  415  319  454
    8940  309  382  372  382  353  484  425  422  302  435
    8960  427  462  304  360  368  357  351  489  337  407
    8980  586  484  306  371  411  476  472  584  273  399
    9000  582  426  372  468  349  448  437  551  322  408
    9020  565  405  400  407  321  504  454  470  446  467
    9040  512  385  277  463  271  406  505  393  352  471
    9060  501  437  282  380  232  359  527  448  301  423
    9080  451  447  409  457  371  398  475  489  335  320
    9100  399  310  426  516  402  369  487  473  345  372
    9120  379  378  437  422  430  351  544  550  338  552
    9140  442  404  423  535  386  471  497  505  359  566
    9160  387  231  467  472  430  358  469  392  295  444
    9180  306  285  409  453  361  405  452  551  332  393
    9200  333  341  478  422  326  447  539  432  319  350
    9220  496  358  415  596  431  458  512  426  330  460
    9240  424  386  392  533  345  427  440  572  325  386
    9260  320  344  410  525  366  445  457  453  411  435
    9280  410  270  364  498  422  377  387  447  335  371
    9300  461  295  356  501  365  416  379  399  325  465
    9320  456  288  265  378  323  340  314  267  393  513
    9340  480  398  249  466  339  319  402  287  472  476
    9360  518  434  329  476  475  408  415  270  337  451
    9380  492  450  402  474  393  393  546  369  519  568
    9400  525  414  436  496  437  304  622  383  514  328
    9420  407  525  376  410  441  324  481  406  504  390
    9440  393  448  412  408  495  368  576  361  473  423
    9460  427  525  282  363  338  374  502  439  440  461
    9480  401  549  226  472  325  309  402  385  285  393
    9500  390  503  149  474  456  367  448  401  363  438
    9520  411  541  267  417  301  297  442  385  368  370
    9540  545  616  251  331  432  301  414  360  359  400
    9560  521  536  154  531  546  324  491  411  320  394
    9580  538  482  192  465  490  373  454  444  464  457
    9600  526  373  198  399  629  433  365  381  475  539
    9620  502  401  222  316  504  494  348  443  333  456
    9640  572  512  204  324  454  494  334  557  416  512
    9660  449  521  272  436  383  457  447  629  317  537
    9680  419  497  386  438  474  440  411  455  237  416
    9700  349  520  437  322  404  458  423  458  342  417
    9720  459  492  418  367  341  376  330  512  336  594
    9740  453  425  451  328  430  390  284  447  267  420
    9760  478  406  343  458  367  395  253  377  316  528
    9780  321  461  282  319  438  228  402  405  368  471
    9800  424  335  300  414  403  250  427  443  357  479
    9820  448  386  315  581  480  337  344  486  357  452
    9840  404  406  432  408  409  358  353  531  431  489
    9860  380  452  392  441  423  323  346  487  470  445
    9880  485  452  344  218  470  321  493  507  483  441
    9900  415  314  420  288  267  285  426  470  478  511
    9920  421  352  414  372  319  304  420  451  373  390
    9940  411  251  564  291  359  348  416  488  324  442
    9960  516  312  419  383  404  482  469  473  364  416
    9980  576  358  428  332  414  408  444  511  295  407
   10000  512  505  465  531  274  415  448  459  451  317
   10020  470  451  458  336  359  391  363  385  359  209
   10040  406  402  517  323  392  406  407  426  374  177
   10060  386  390  487  458  324  385  356  441  384  212
   10080  422  390  384  447  320  380  363  457  342  316
   10100  389  425  389  373  301  442  408  381  340  344
   10120  486  390  416  280  305  382  406  405  181  430
   10140  490  450  381  326  312  432  411  333  256  436
   10160  491  420  327  379  319  320  408  373  432  423
   10180  399  357  280  441  329  396  305  425  404  340
   10200  374  380  318  348  351  472  348  414  419  286
   10220  322  413  340  331  319  438  327  450  434  377
   10240  474  395  490  455  219  452  328  434  418  420
   10260  523  446  601  415  289  502  357  423  493  358
   10280  485  498  477  308  290  553  389  401  651  560
   10300  429  402  447  373  299  387  336  442  512  556
   10320  423  371  441  461  485  530  343  359  542  418
   10340  443  528  417  597  381  327  347  328  639  390
   10360  529  371  351  488  339  499  360  442  533  401
   10380  481  289  408  401  360  521  380  299  481  538
   10400  431  405  523  420  309  557  392  423  458  496
   10420  357  397  364  450  365  380  323  286  472  621
   10440  434  444  399  377  328  494  514  354  392  435
   10460  493  448  497  491  356  358  434  322  386  464
   10480  499  362  511  528  312  379  301  328  509  352
   10500  540  430  449  516  464  324  303  452  461  324
   10520  519  382  457  500  544  348  342  372  408  353
   10540  485  416  468  474  545  320  385  397  446  486
   10560  534  357  419  498  463  341  440  459  409  534
   10580  527  401  371  441  541  384  495  410  455  381
   10600  408  470  406  523  430  331  498  382  374  367
   10620  407  415  412  483  609  327  362  421  494  359
   10640  419  461  429  592  583  414  524  484  414  305
   10660  371  581  448  606  427  346  413  360  494  340
   10680  335  394  535  510  440  291  432  377  488  264
   10700  330  543  516  600  426  255  546  311  490  386
   10720  362  387  382  390  408  324  432  444  418  336
   10740  363  470  312  488  415  358  396  632  424  453
   10760  370  451  422  425  472  292  549  557  535  480
   10780  479  470  393  328  423  363  496  457  377  375
   10800  389  385  433  354  528  361  372  394  273  325
   10820  488  375  499  538  416  369  383  367  224  378
   10840  561  421  482  432  427  348  376  346  260  508
   10860  487  422  402  536  368  370  511  365  281  357
   10880  495  410  406  527  416  326  581  297  224  396
   10900  500  344  456  504  380  403  510  255  337  327
   10920  473  390  567  335  348  377  355  326  548  291
   10940  564  362  362  286  395  343  410  313  423  289
   10960  545  352  413  395  390  418  377  462  434  390
   10980  548  282  365  486  317  537  469  433  463  430
   11000  558  351  452  486  427  458  576  535  428  381
   11020  589  308  456  401  440  527  468  450  416  432
   11040  436  323  429  428  493  391  366  472  410  396
   11060  653  271  436  301  400  686  522  509  312  423
   11080  588  311  427  311  322  608  445  480  359  483
   11100  522  281  474  366  341  599  519  491  483  521
   11120  441  232  541  337  331  461  517  515  524  516
   11140  525  289  400  412  520  486  415  428  429  453
   11160  462  308  360  394  501  576  332  578  349  448
   11180  486  343  410  499  473  465  252  600  481  602
   11200  455  471  338  442  510  446  258  610  468  332
   11220  356  430  292  503  408  402  379  537  376  324
   11240  382  415  439  391  333  501  449  511  481  365
   11260  448  408  431  423  311  468  405  444  610  356
   11280  397  478  529  405  359  498  409  468  582  369
   11300  475  473  500  494  334  481  361  367  514  276
   11320  431  410  384  369  335  436  550  417  541  288
   11340  392  491  339  455  340  403  495  431  503  305
   11360  358  374  357  451  337  541  396  521  536  310
   11380  378  394  431  337  444  492  380  564  489  292
   11400  316  402  413  303  440  414  475  587  470  350
   11420  491  380  387  411  519  431  434  518  409  330
   11440  385  530  420  474  506  507  485  520  309  327
   11460  497  503  365  355  480  531  427  450  285  275
   11480  427  494  322  454  535  324  406  366  369  385
   11500  413  460  365  315  487  233  445  456  448  497
   11520  443  357  388  343  525  294  395  405  420  469
   11540  426  462  386  446  472  451  314  385  363  338
   11560  438  412  257  446  467  424  420  468  292  381
   11580  325  429  285  393  477  454  416  398  435  313
   11600  265  364  395  344  379  383  367  362  433  304
   11620  407  279  270  402  416  462  489  325  498  396
   11640  369  441  307  511  514  368  429  437  459  446
   11660  448  480  367  440  450  434  482  398  414  422
   11680  409  518  173  410  494  434  440  449  430  478
   11700  417  440  190  415  529  402  458  361  357  488
   11720  375  406  325  239  359  453  396  367  356  472
   11740  388  516  287  275  455  516  488  355  360  372
   11760  447  379  293  377  416  488  426  279  485  394
   11780  432  397  363  471  377  519  453  169  393  373
   11800  495  403  283  401  482  554  423  224  271  434
   11820  428  323  312  278  505  433  374  305  313  382
   11840  376  364  376  523  418  636  300  309  387  496
   11860  415  493  429  628  485  529  323  378  355  349
   11880  440  388  387  555  483  451  314  318  328  372
   11900  531  310  313  437  433  390  446  429  354  481
   11920  582  236  378  439  444  359  453  364  421  424
   11940  437  336  411  489  327  364  414  526  378  404
   11960  343  320  326  492  367  374  431  518  422  363
   11980  390  373  233  345  257  457  386  484  373  467
   12000  523  490  252  510  338  371  359  436  376  483
   12020  507  413  371  576  406  474  470  342  464  394
   12040  416  367  467  620  450  423  333  311  421  410
   12060  435  328  478  477  494  488  440  281  348  470
   12080  300  406  341  551  395  547  458  323  290  406
   12100  455  413  370  498  317  488  467  372  333  402
   12120  369  482  315  327  376  471  349  397  305  422
   12140  309  394  314  403  562  531  348  261  390  415
   12160  343  397  364  307  528  471  333  288  370  396
   12180  361  441  378  406  440  408  318  338  451  341
   12200  461  348  404  474  481  462  416  356  400  402
   12220  414  276  373  417  434  537  432  266  389  402
   12240  378  379  500  364  474  366  412  215  295  333
   12260  502  379  431  345  426  437  391  218  230  450
   12280  578  459  456  423  470  427  340  316  356  466
   12300  342  408  472  340  416  381  295  394  332  370
   12320  300  353  531  383  479  413  313  439  304  385
   12340  366  412  508  440  524  418  302  388  290  264
   12360  304  376  462  397  459  366  302  386  292  321
   12380  411  291  398  347  435  392  270  374  350  420
   12400  375  454  467  273  287  335  302  282  419  365
   12420  573  387  494  330  297  381  329  299  408  357
   12440  532  261  502  384  409  295  240  322  445  349
   12460  504  296  476  370  275  235  313  340  322  440
   12480  480  325  369  423  362  332  305  359  388  439
   12500  379  386  342  341  342  372  250  244  334  374
   12520  380  404  470  430  343  428  262  377  413  341
   12540  442  338  348  395  320  316  257  375  414  245
   12560  309  338  347  328  341  348  361  505  452  372
   12580  346  283  329  324  399  317  420  393  467  405
   12600  374  236  403  342  409  219  435  461  357  408
   12620  293  211  356  328  349  432  371  437  368  396
   12640  227  278  403  423  436  342  422  393  343  529
   12660  338  295  350  510  481  373  468  536  497  592
   12680  295  383  560  462  502  355  350  498  471  539
   12700  340  329  414  430  381  399  388  500  535  566
   12720  490  350  438  331  288  297  313  378  323  476
   12740  456  309  329  360  290  183  444  399  478  343
   12760  449  385  313  293  518  264  400  576  460  350
   12780  407  300  492  292  446  387  342  434  442  311
   12800  418  231  315  395  364  432  428  565  476  299
   12820  336  253  383  319  314  287  341  332  530  294
   12840  455  235  365  353  302  360  494  375  551  255
   12860  291  305  365  368  326  327  408  297  478  334
   12880  347  377  484  371  397  405  280  423  488  417
   12900  387  306  400  361  390  395  346  432  419  436
   12920  529  418  446  381  389  405  439  483  361  426
   12940  553  339  355  292  337  442  441  517  515  472
   12960  497  378  388  353  375  399  402  465  412  478
   12980  482  464  321  361  271  422  436  444  462  446
   13000  475  371  401  319  355  419  302  457  432  425
   13020  401  551  350  316  271  356  274  447  350  536
   13040  528  326  389  332  347  265  290  528  361  468
   13060  509  338  428  320  406  357  345  509  438  598
   13080  338  461  373  381  427  407  331  488  493  662
   13100  560  480  317  364  486  411  375  400  413  641
   13120  485  515  271  422  538  444  381  412  562  444
   13140  478  423  293  365  446  485  321  501  565  342
   13160  500  385  267  498  408  577  321  511  405  364
   13180  453  350  397  438  332  368  235  408  370  455
   13200  465  395  390  498  356  415  264  428  370  372
   13220  428  509  343  475  461  399  217  355  347  387
   13240  422  465  349  414  357  344  239  436  379  490
   13260  527  450  364  517  307  340  252  466  454  501
   13280  520  429  309  526  396  355  205  453  451  511
   13300  476  397  351  322  369  368  277  460  366  441
   13320  512  460  447  433  361  354  318  364  392  385
   13340  568  297  364  357  330  398  358  418  352  522
   13360  423  344  443  314  283  595  290  443  334  524
   13380  464  536  412  323  287  412  391  434  350  464
   13400  439  410  495  360  302  416  433  532  398  384
   13420  507  376  446  299  330  485  424  406  389  448
   13440  505  429  429  384  315  615  450  395  480  374
   13460  492  488  331  372  358  588  380  379  392  408
   13480  370  345  276  389  320  483  433  382  310  435
   13500  285  349  326  389  322  427  356  504  387  472
   13520  416  454  240  494  367  313  491  473  398  423
   13540  347  479  300  556  343  244  446  429  317  418
   13560  523  450  331  307  305  339  417  292  469  345
   13580  483  421  309  425  415  494  452  327  308  318
   13600  444  469  477  424  361  491  394  322  378  430
   13620  404  415  317  419  390  373  371  461  313  373
   13640  318  399  394  451  409  350  462  456  266  298
   13660  317  497  299  403  383  377  407  358  303  328
   13680  290  384  361  455  493  256  422  331  336  480
   13700  400  392  387  516  419  240  411  323  326  303
   13720  399  315  314  551  245  305  337  288  312  375
   13740  370  332  342  393  267  351  458  219  320  440
   13760  407  393  380  362  298  402  540  252  351  400
   13780  484  360  417  392  320  298  526  414  377  340
   13800  469  409  522  206  307  397  369  417  303  464
   13820  459  548  513  270  332  377  380  494  275  453
   13840  393  500  506  341  368  409  409  581  407  355
   13860  448  619  447  352  285  410  345  535  365  313
   13880  418  550  449  435  356  446  298  511  356  279
   13900  311  501  438  359  479  417  433  394  330  315
   13920  363  536  503  345  385  366  275  524  333  390
   13940  374  455  482  447  311  403  275  458  360  405
   13960  450  466  396  359  271  528  278  442  352  467
   13980  531  385  368  512  203  406  413  413  366  495
   14000  477  399  360  409  274  309  307  432  399  532
   14020  320  312  357  477  266  458  495  555  468  583
   14040  445  428  459  408  315  429  524  576  549  488
   14060  522  360  386  320  345  411  477  380  585  533
   14080  485  280  310  449  309  383  375  415  454  473
   14100  464  343  509  393  201  442  423  304  513  494
   14120  393  344  404  402  226  463  400  374  547  548
   14140  338  309  433  385  196  377  424  493  376  505
   14160  444  304  406  422  300  479  442  517  341  582
   14180  318  367  405  368  305  431  493  537  312  492
   14200  281  278  462  435  412  460  524  489  360  305
   14220  298  346  458  371  399  409  322  475  399  434
   14240  383  449  379  350  311  418  264  452  287  383
   14260  384  408  502  318  368  471  420  406  320  376
   14280  347  370  496  374  259  416  314  403  251  477
   14300  431  455  404  472  453  405  351  450  249  498
   14320  399  409  355  481  420  398  352  414  307  488
   14340  390  455  360  446  392  332  427  348  317  400
   14360  423  381  368  389  290  367  452  317  307  432
   14380  383  353  356  517  367  349  442  416  405  484
   14400  494  354  422  466  334  411  462  398  414  535
   14420  545  415  414  400  285  469  502  417  335  595
   14440  624  356  503  438  417  480  424  362  287  501
   14460  453  307  442  336  378  383  475  408  242  505
   14480  475  376  372  406  335  287  477  519  164  359
   14500  534  420  410  404  251  272  487  469  238  409
   14520  447  412  504  457  322  349  472  386  312  405
   14540  503  462  366  507  405  485  405  534  284  390
   14560  438  570  295  556  465  566  422  393  291  420
   14580  428  434  331  580  402  478  653  324  272  402
   14600  359  470  338  414  364  380  604  286  468  337
   14620  406  369  388  513  349  400  549  342  393  462
   14640  388  328  434  357  386  400  560  299  446  463
   14660  356  254  469  365  385  521  469  303  425  432
   14680  441  281  598  430  418  372  447  309  454  470
   14700  364  314  394  508  385  368  464  379  373  459
   14720  324  287  402  415  394  336  505  327  359  601
   14740  438  426  350  413  401  272  547  317  222  608
   14760  499  528  436  405  369  221  429  270  260  534
   14780  342  333  408  349  395  247  468  311  342  465
   14800  312  301  427  406  356  322  504  509  392  476
   14820  275  382  327  428  408  427  490  494  585  556
   14840  347  384  362  571  442  580  507  482  541  555
   14860  331  415  506  417  446  389  479  389  485  561
   14880  387  326  318  404  403  365  411  346  441  573
   14900  342  327  327  451  439  318  462  324  445  530
   14920  352  277  441  519  406  254  424  291  413  564
   14940  382  409  351  392  494  503  395  342  356  533
   14960  395  290  357  583  489  449  412  381  290  495
   14980  460  336  329  437  504  457  510  482  395  493
   15000  349  447  361  395  492  628  511  523  294  423
   15020  463  499  392  473  442  543  475  534  332  458
   15040  549  375  366  407  440  493  433  579  424  462
   15060  557  370  288  351  491  400  435  475  410  523
   15080  387  396  323  352  331  384  436  492  405  529
   15100  365  475  417  427  264  496  549  504  383  454
   15120  364  413  345  296  322  502  400  438  252  493
   15140  470  414  421  350  309  495  393  387  261  588
   15160  430  266  387  346  396  553  437  630  307  595
   15180  454  333  426  282  365  453  451  424  362  418
   15200  525  287  482  329  418  393  373  506  313  220
   15220  426  360  536  265  389  474  401  564  319  286
   15240  428  237  509  302  442  600  466  473  263  420
   15260  518  271  413  365  545  531  422  402  439  433
   15280  490  392  302  359  445  417  469  423  382  437
   15300  344  424  288  404  430  433  457  433  436  544
   15320  231  349  395  429  445  468  413  452  350  449
   15340  288  373  507  508  446  456  424  417  482  397
   15360  313  314  492  519  564  519  397  411  430  458
   15380  378  351  303  527  513  381  492  582  508  433
   15400  372  363  399  533  522  448  522  462  525  332
   15420  322  296  544  489  492  390  561  414  493  438
   15440  268  330  470  464  353  372  491  421  487  319
   15460  273  340  295  541  402  371  452  484  454  334
   15480  413  383  340  535  495  372  388  506  505  360
   15500  348  369  314  514  337  520  506  562  356  322
   15520  268  374  416  403  265  454  473  419  396  358
   15540  352  279  362  597  281  480  412  407  509  293
   15560  386  479  446  526  398  423  511  400  553  291
   15580  436  498  435  492  359  507  456  431  547  393
   15600  549  424  454  397  294  514  400  517  545  393
   15620  440  384  396  469  472  378  455  461  496  439
   15640  437  355  499  354  368  319  378  492  370  427
   15660  570  405  590  407  354  351  475  601  466  356
   15680  487  325  403  358  371  386  388  548  470  357
   15700  463  301  435  381  364  438  477  637  515  463
   15720  372  438  339  451  316  447  437  523  547  465
   15740  491  612  554  479  268  410  391  439  557  447
   15760  366  438  451  428  371  444  309  434  348  429
   15780  418  468  432  335  426  403  339  458  381  425
   15800  416  517  359  214  400  473  415  443  411  413
   15820  475  489  349  353  391  529  453  463  350  379
   15840  449  405  469  407  431  358  497  431  314  449
   15860  462  521  469  465  388  334  494  308  375  497
   15880  406  496  426  511  325  397  450  337  412  426
   15900  517  533  409  528  201  445  429  421  386  414
   15920  385  456  396  540  217  478  544  369  456  450
   15940  321  519  450  451  236  546  521  421  397  375
   15960  296  242  417  466  362  418  502  429  335  199
   15980  452  280  380  556  446  412  347  549  450  273
   16000  396  278  510  420  410  374  503  540  400  305
   16020  443  355  403  437  414  394  427  478  502  322
   16040  498  289  371  381  517  480  468  515  399  374
   16060  431  307  381  486  556  560  465  391  310  316
   16080  575  304  359  470  534  444  446  390  497  240
   16100  401  263  256  473  610  299  310  404  521  258
   16120  353  329  288  409  598  306  297  496  440  245
   16140  395  469  306  497  548  365  472  562  433  351
   16160  333  352  285  471  351  452  499  484  385  362
   16180  210  318  248  460  413  350  577  449  401  421
   16200  215  412  359  380  406  261  490  435  421  482
   16220  324  346  398  442  509  408  420  540  319  518
   16240  324  359  423  328  522  407  336  434  392  554
   16260  333  348  430  326  478  505  384  390  355  534
   16280  393  324  430  336  507  573  432  446  424  579
   16300  387  327  451  384  470  501  414  472  357  503
   16320  382  457  499  250  475  364  436  542  361  410
   16340  501  360  521  347  465  488  415  448  373  477
   16360  401  535  615  455  517  516  438  462  619  516
   16380  335  497  412  390  598  389  505  582  458  319
   16400  343  354  480  492  554  394  396  535  483  407
   16420  401  379  483  463  388  537  367  532  375  439
   16440  398  389  519  354  349  489  359  588  393  408
   16460  506  403  521  277  349  361  503  410  522  488
   16480  468  417  365  301  323  389  406  424  435  362
   16500  489  325  357  370  322  466  413  485  454  428
   16520  479  359  265  390  356  412  477  446  409  485
   16540  339  456  215  545  472  343  306  395  383  374
   16560  291  442  329  458  544  313  326  321  384  469
   16580  299  370  276  455  344  396  331  331  422  581
   16600  329  428  244  484  482  489  332  322  401  463
   16620  427  499  340  455  420  488  439  259  401  398
   16640  371  560  297  431  493  447  405  324  352  426
   16660  361  412  424  390  524  542  414  258  398  345
   16680  598  492  301  442  504  481  325  337  273  393
   16700  484  407  211  328  511  476  374  467  352  446
   16720  493  511  274  275  438  445  412  313  498  451
   16740  486  428  349  465  487  430  392  312  386  544
   16760  457  540  301  396  548  494  351  353  368  500
   16780  466  484  371  419  487  418  300  262  335  415
   16800  412  431  327  494  467  467  183  278  304  348
   16820  416  520  297  450  387  488  340  264  406  418
   16840  548  423  400  340  471  539  317  310  375  373
   16860  494  470  429  324  497  485  389  416  365  343
   16880  456  369  404  349  422  447  417  446  388  411
   16900  468  454  366  358  515  505  368  411  445  519
   16920  556  468  393  494  493  546  351  416  472  486
   16940  558  403  273  456  465  347  271  471  502  475
   16960  571  468  358  400  362  375  294  383  558  430
   16980  589  361  308  379  405  439  344  511  400  471
   17000  530  343  409  306  370  444  462  444  411  380
   17020  508  305  396  301  268  391  331  458  496  455
   17040  556  396  365  416  224  432  398  484  404  385
   17060  511  380  352  362  398  437  483  509  405  528
   17080  427  405  415  419  364  361  357  559  528  582
   17100  513  499  265  410  266  328  396  516  361  486
   17120  541  439  281  383  310  325  398  534  415  433
   17140  471  423  335  470  334  362  494  564  340  483
   17160  446  414  293  420  415  383  500  599  203  601
   17180  557  403  325  421  492  253  502  419  379  480
   17200  547  396  426  484  474  398  439  434  369  403
   17220  536  259  479  448  339  362  390  361  303  431
   17240  589  406  376  487  447  503  350  435  322  423
   17260  650  269  265  498  405  489  472  508  318  341
   17280  625  293  326  391  249  595  471  402  212  401
   17300  501  267  321  493  322  446  348  418  288  368
   17320  420  386  264  505  365  491  521  490  287  384
   17340  376  303  326  575  389  463  386  379  271  340
   17360  563  382  472  553  337  423  383  257  369  303
   17380  566  350  441  447  375  410  357  282  511  339
   17400  562  406  504  496  397  379  312  299  452  344
   17420  545  521  505  491  404  390  372  330  450  341
   17440  427  535  602  577  371  399  399  409  353  361
   17460  419  493  445  492  354  321  266  403  473  355
   17480  476  667  474  522  299  369  372  368  358  335
   17500  463  389  480  521  236  196  438  311  357  270
   17520  336  408  379  595  319  286  432  491  296  307
   17540  326  433  399  532  396  364  449  436  305  303
   17560  381  378  445  437  399  296  468  335  453  241
   17580  381  390  433  562  349  354  416  483  474  262
   17600  368  397  346  345  386  459  379  485  321  370
   17620  371  420  311  345  510  472  402  432  282  477
   17640  352  429  346  284  339  451  432  310  243  420
   17660  243  475  421  238  364  363  423  321  203  352
   17680  316  469  350  298  393  441  374  398  312  326
   17700  286  398  369  325  360  533  468  423  436  360
   17720  300  491  353  330  399  362  315  382  357  338
   17740  299  471  475  314  466  369  357  460  353  552
   17760  442  445  443  381  403  409  502  402  442  516
   17780  389  419  398  355  366  486  360  413  436  525
   17800  501  308  483  288  472  538  293  470  475  387
   17820  526  399  486  320  458  590  410  452  433  383
   17840  539  355  457  503  374  459  445  499  458  389
   17860  405  459  348  441  379  329  428  522  415  404
   17880  350  456  377  489  389  355  372  407  484  394
   17900  374  410  468  394  442  446  356  387  412  319
   17920  321  286  395  415  356  393  396  376  381  324
   17940  334  299  489  382  399  448  527  484  513  280
   17960  396  397  432  448  256  317  380  472  504  260
   17980  463  299  522  405  202  389  395  476  471  344
   18000  368  453  476  362  344  268  424  590  507  413
   18020  433  479  463  357  335  372  363  535  483  438
   18040  427  467  547  367  345  437  393  351  367  413
   18060  380  286  389  411  382  396  426  377  299  421
   18080  450  413  459  405  402  521  472  393  315  324
   18100  470  441  315  451  417  409  327  514  374  470
   18120  497  334  377  476  428  509  313  523  307  376
   18140  322  431  302  466  460  387  289  521  431  388
   18160  301  328  304  489  409  392  313  445  423  436
   18180  374  417  252  390  351  284  244  395  443  330
   18200  466  483  330  497  412  307  264  536  282  439
   18220  462  477  366  600  477  278  290  426  279  436
   18240  486  319  398  475  469  378  301  335  267  414
   18260  538  428  397  492  457  381  395  333  306  358
   18280  455  393  460  558  444  339  368  416  454  284
   18300  393  328  362  566  400  325  452  321  378  230
   18320  453  285  351  376  334  381  295  276  438  254
   18340  466  388  435  539  387  408  365  322  448  343
   18360  498  444  439  461  320  466  491  356  244  382
   18380  422  405  315  383  313  464  391  422  307  241
   18400  380  372  254  356  382  436  397  370  272  287
   18420  316  431  340  335  497  324  421  464  380  368
   18440  293  418  335  412  512  476  435  544  331  410
   18460  375  427  408  501  575  489  356  430  308  495
   18480  340  427  440  475  583  491  426  449  347  328
   18500  358  401  396  561  429  286  306  487  315  374
   18520  352  305  472  504  401  398  403  482  308  455
   18540  390  406  465  430  307  449  376  430  349  440
   18560  431  347  478  518  351  468  491  425  369  462
   18580  311  299  492  471  376  520  374  365  406  450
   18600  525  433  466  509  359  423  400  406  551  350
   18620  496  433  455  584  366  252  318  367  559  389
   18640  474  498  512  488  348  359  316  393  490  304
   18660  502  384  471  440  425  536  267  425  482  439
   18680  429  313  355  468  377  412  375  405  361  477
   18700  548  398  376  448  383  508  359  366  366  397
   18720  563  345  355  400  402  441  448  429  397  346
   18740  608  372  360  479  286  359  444  392  459  323
   18760  498  321  375  502  319  384  483  402  511  266
   18780  444  392  373  545  379  473  541  250  483  292
   18800  466  415  345  497  454  428  445  355  373  314
   18820  464  374  399  412  481  390  456  369  276  287
   18840  548  410  399  390  609  278  372  412  393  445
   18860  455  437  324  392  522  381  361  318  501  323
   18880  484  322  424  444  458  342  357  361  566  271
   18900  432  273  373  362  353  393  431  366  509  305
   18920  449  338  469  362  444  387  479  421  569  380
   18940  492  349  464  413  519  421  490  455  523  438
   18960  375  288  415  424  551  481  462  271  499  373
   18980  420  287  349  427  458  606  543  414  414  453
   19000  553  285  430  495  543  553  459  371  326  355
   19020  485  476  410  351  494  439  546  446  448  306
   19040  420  552  370  369  391  354  517  332  346  362
   19060  509  452  495  390  357  378  504  516  373  408
   19080  395  536  500  426  462  441  556  419  397  342
   19100  460  509  480  414  495  485  521  424  407  429
   19120  398  449  519  391  389  370  562  400  430  362
   19140  492  381  607  427  453  371  482  305  436  553
   19160  349  444  518  258  411  445  492  450  330  494
   19180  358  421  395  255  344  428  435  556  475  364
   19200  292  392  504  340  351  440  470  447  371  424
   19220  237  434  358  367  369  326  559  346  471  359
   19240  367  518  374  489  326  359  407  400  490  350
   19260  472  526  408  480  285  370  403  373  430  323
   19280  459  370  376  420  396  422  441  383  466  452
   19300  459  435  453  378  456  325  336  507  499  472
   19320  554  411  291  505  344  466  502  406  515  424
   19340  494  497  422  421  360  483  481  351  467  442
   19360  440  443  278  524  221  305  428  395  426  446
   19380  382  463  296  493  266  401  425  360  472  549
   19400  521  441  350  397  357  479  445  381  407  552
   19420  417  366  372  381  477  395  449  421  374  408
   19440  349  559  348  512  404  446  579  425  414  439
   19460  390  524  326  464  396  452  491  307  485  420
   19480  407  529  367  438  398  477  400  305  524  382
   19500  475  553  405  413  401  408  312  434  494  273
   19520  497  585  389  372  384  511  411  377  507  408
   19540  373  406  438  419  556  357  359  423  546  425
   19560  368  454  402  446  432  437  400  399  572  449
   19580  407  401  360  511  361  526  423  459  420  432
   19600  526  414  388  338  436  410  537  395  456  479
   19620  412  397  437  330  411  465  521  402  430  481
   19640  393  419  489  368  435  619  408  276  422  453
   19660  361  471  408  354  485  397  491  250  557  517
   19680  411  475  540  464  463  468  499  374  592  445
   19700  302  377  542  393  400  591  387  365  490  419
   19720  349  380  434  489  251  419  523  450  335  359
   19740  438  595  378  526  292  485  582  368  454  413
   19760  306  456  436  338  306  451  527  420  392  346
   19780  469  429  475  241  440  498  517  346  421  538
   19800  506  541  464  374  416  398  584  270  579  323
   19820  378  463  393  382  407  465  505  254  529  326
   19840  376  537  495  408  489  434  496  350  453  455
   19860  429  511  440  482  662  454  515  210  532  539
   19880  445  400  351  455  399  379  527  330  489  452
   19900  440  372  320  457  492  480  509  371  318  399
   19920  351  551  321  512  490  470  424  335  307  561
   19940  347  594  314  483  358  499  309  238  417  427
   19960  327  538  431  367  227  431  374  292  491  461
   19980  446  449  425  440  331  532  273  201  407  365
   20000  485  412  403  452  481  450  393  283  428  385
