      20     0.000096844     0.000096428     0.976500000
      40     0.000191910     0.000190615     0.968860000
      60     0.000280504     0.000278196     0.939150000
      80     0.000366879     0.000363394     0.910940000
     100     0.000451553     0.000446767     0.882660000
     120     0.000533790     0.000527666     0.880710000
     140     0.000610849     0.000603371     0.843920000
     160     0.000676485     0.000667843     0.830650000
     180     0.000745710     0.000735797     0.824490000
     200     0.000814673     0.000803418     0.797950000
     220     0.000875614     0.000863213     0.796900000
     240     0.000941266     0.000927497     0.781640000
     260     0.000998542     0.000983576     0.761530000
     280     0.001060689     0.001044362     0.729870000
     300     0.001116899     0.001099027     0.735630000
     320     0.001166652     0.001147590     0.718270000
     340     0.001222796     0.001202340     0.704380000
     360     0.001272373     0.001250532     0.688040000
     380     0.001319178     0.001295770     0.664480000
     400     0.001366603     0.001341716     0.669320000
     420     0.001402146     0.001375795     0.643290000
     440     0.001433213     0.001405979     0.639340000
     460     0.001470636     0.001442223     0.636100000
     480     0.001517611     0.001487880     0.632030000
     500     0.001555804     0.001524728     0.617180000
     520     0.001587868     0.001555787     0.599550000
     540     0.001614547     0.001580886     0.585870000
     560     0.001642981     0.001607938     0.590390000
     580     0.001671892     0.001636312     0.588580000
     600     0.001701400     0.001664830     0.582000000
     620     0.001740708     0.001702593     0.579740000
     640     0.001765354     0.001726357     0.573160000
     660     0.001784221     0.001744587     0.567050000
     680     0.001796909     0.001756648     0.564190000
     700     0.001820404     0.001778323     0.541990000
     720     0.001828389     0.001785990     0.541960000
     740     0.001847248     0.001804430     0.547990000
     760     0.001869614     0.001826186     0.541520000
     780     0.001887121     0.001842871     0.520520000
     800     0.001909948     0.001863643     0.524250000
     820     0.001922899     0.001875845     0.520500000
     840     0.001942955     0.001895079     0.525230000
     860     0.001969444     0.001920657     0.518690000
     880     0.001984728     0.001934601     0.497290000
     900     0.001996423     0.001944858     0.494910000
     920     0.002019104     0.001966846     0.503370000
     940     0.002030772     0.001977825     0.488910000
     960     0.002045951     0.001991686     0.480690000
     980     0.002049603     0.001996041     0.485570000
    1000     0.002064141     0.002009924     0.475220000
    1020     0.002074532     0.002018726     0.468460000
    1040     0.002092818     0.002036711     0.471140000
    1060     0.002108045     0.002050960     0.474500000
    1080     0.002116748     0.002059912     0.474930000
    1100     0.002120390     0.002061920     0.462770000
    1120     0.002142635     0.002082583     0.464970000
    1140     0.002149656     0.002089537     0.467880000
    1160     0.002165310     0.002104248     0.454060000
    1180     0.002155338     0.002094766     0.463200000
    1200     0.002154042     0.002093498     0.453600000
    1220     0.002161193     0.002099846     0.459770000
    1240     0.002171842     0.002110136     0.454860000
    1260     0.002177147     0.002114733     0.449820000
    1280     0.002175271     0.002111883     0.443000000
    1300     0.002181418     0.002117935     0.429600000
    1320     0.002178525     0.002114026     0.436210000
    1340     0.002182508     0.002118201     0.441950000
    1360     0.002182100     0.002118208     0.449830000
    1380     0.002187248     0.002123371     0.441150000
    1400     0.002198205     0.002133349     0.440800000
    1420     0.002202718     0.002137705     0.443880000
    1440     0.002197717     0.002133362     0.439420000
    1460     0.002215030     0.002149172     0.422360000
    1480     0.002225845     0.002159311     0.435060000
    1500     0.002229047     0.002162897     0.440440000
    1520     0.002234827     0.002169456     0.441850000
    1540     0.002225680     0.002159379     0.430340000
    1560     0.002218606     0.002151824     0.433370000
    1580     0.002234414     0.002166904     0.429150000
    1600     0.002225628     0.002158021     0.424670000
    1620     0.002227404     0.002160153     0.434170000
    1640     0.002223023     0.002156456     0.432670000
    1660     0.002220799     0.002154475     0.428530000
    1680     0.002223463     0.002156479     0.431220000
    1700     0.002233901     0.002166778     0.444420000
    1720     0.002236258     0.002168233     0.434550000
    1740     0.002232565     0.002165019     0.431760000
    1760     0.002242411     0.002174430     0.434190000
    1780     0.002232918     0.002165591     0.438900000
    1800     0.002229817     0.002162648     0.439600000
    1820     0.002229441     0.002162477     0.440700000
    1840     0.002217445     0.002150846     0.419630000
    1860     0.002216949     0.002150221     0.427990000
    1880     0.002215652     0.002149054     0.430320000
    1900     0.002223908     0.002155429     0.422220000
    1920     0.002227489     0.002159435     0.433910000
    1940     0.002218822     0.002152231     0.436130000
    1960     0.002208008     0.002141414     0.425860000
    1980     0.002209593     0.002143285     0.433680000
    2000     0.002212528     0.002146734     0.441420000
    2020     0.002232177     0.002165227     0.445170000
    2040     0.002235743     0.002168842     0.444400000
    2060     0.002250538     0.002183294     0.431670000
    2080     0.002255670     0.002187584     0.426700000
    2100     0.002256419     0.002187781     0.430290000
    2120     0.002254357     0.002187249     0.437890000
    2140     0.002254246     0.002186491     0.430160000
    2160     0.002256400     0.002187204     0.423370000
    2180     0.002268029     0.002198249     0.428490000
    2200     0.002258158     0.002189365     0.430570000
    2220     0.002278340     0.002208287     0.436390000
    2240     0.002281475     0.002212287     0.424720000
    2260     0.002270902     0.002201134     0.417570000
    2280     0.002277184     0.002206909     0.417700000
    2300     0.002286059     0.002214922     0.414030000
    2320     0.002264157     0.002193325     0.406420000
    2340     0.002270385     0.002200359     0.433320000
    2360     0.002266794     0.002197485     0.432760000
    2380     0.002279903     0.002210852     0.421390000
    2400     0.002279050     0.002208952     0.411670000
    2420     0.002277652     0.002207124     0.416850000
    2440     0.002269528     0.002198365     0.414240000
    2460     0.002272884     0.002202210     0.418020000
    2480     0.002267800     0.002198213     0.424170000
    2500     0.002270024     0.002199521     0.402890000
    2520     0.002280763     0.002209760     0.421970000
    2540     0.002290397     0.002219297     0.423700000
    2560     0.002286631     0.002215489     0.414860000
    2580     0.002269134     0.002198670     0.419410000
    2600     0.002284933     0.002213438     0.419780000
    2620     0.002281154     0.002209377     0.413600000
    2640     0.002286029     0.002214209     0.417990000
    2660     0.002283093     0.002212109     0.421930000
    2680     0.002274036     0.002202820     0.412560000
    2700     0.002293838     0.002221564     0.412140000
    2720     0.002288511     0.002215677     0.406340000
    2740     0.002294908     0.002221687     0.407650000
    2760     0.002286799     0.002214445     0.419770000
    2780     0.002300931     0.002228225     0.408120000
    2800     0.002298608     0.002226070     0.412340000
    2820     0.002296570     0.002224578     0.415920000
    2840     0.002292500     0.002219650     0.411650000
    2860     0.002292821     0.002219755     0.412230000
    2880     0.002297874     0.002225057     0.405950000
    2900     0.002300376     0.002226533     0.407940000
    2920     0.002302905     0.002228674     0.412030000
    2940     0.002297908     0.002224657     0.420190000
    2960     0.002292616     0.002221198     0.421650000
    2980     0.002292196     0.002220251     0.416580000
    3000     0.002279535     0.002209319     0.423000000
    3020     0.002288984     0.002217989     0.420360000
    3040     0.002296722     0.002225450     0.416170000
    3060     0.002296663     0.002225101     0.416590000
    3080     0.002294852     0.002223520     0.421810000
    3100     0.002310599     0.002238432     0.413620000
    3120     0.002331519     0.002257673     0.416040000
    3140     0.002319032     0.002246511     0.420580000
    3160     0.002315604     0.002243455     0.420350000
    3180     0.002309917     0.002238035     0.421220000
    3200     0.002309610     0.002237456     0.418620000
    3220     0.002294843     0.002222673     0.409580000
    3240     0.002305642     0.002232377     0.412750000
    3260     0.002274842     0.002203669     0.410920000
    3280     0.002268396     0.002197277     0.420820000
    3300     0.002249109     0.002178464     0.421620000
    3320     0.002249441     0.002180884     0.435510000
    3340     0.002230022     0.002163500     0.436200000
    3360     0.002246717     0.002179034     0.421410000
    3380     0.002245161     0.002177300     0.427470000
    3400     0.002235251     0.002166834     0.422460000
    3420     0.002235036     0.002167060     0.425550000
    3440     0.002235296     0.002166841     0.435380000
    3460     0.002238768     0.002170364     0.434170000
    3480     0.002242822     0.002175200     0.437490000
    3500     0.002240355     0.002173112     0.431500000
    3520     0.002240475     0.002173407     0.445450000
    3540     0.002234648     0.002167943     0.438630000
    3560     0.002234374     0.002167075     0.428240000
    3580     0.002235885     0.002167807     0.416580000
    3600     0.002224116     0.002155802     0.414400000
    3620     0.002239289     0.002169025     0.408160000
    3640     0.002232732     0.002161945     0.420040000
    3660     0.002234729     0.002165555     0.427370000
    3680     0.002231356     0.002163078     0.438780000
    3700     0.002247175     0.002179231     0.433270000
    3720     0.002244388     0.002176926     0.431130000
    3740     0.002241228     0.002173153     0.418860000
    3760     0.002230665     0.002163031     0.427270000
    3780     0.002244067     0.002174982     0.419760000
    3800     0.002252224     0.002183236     0.428030000
    3820     0.002240125     0.002172790     0.432940000
    3840     0.002230747     0.002164075     0.428880000
    3860     0.002225365     0.002158211     0.427230000
    3880     0.002227919     0.002159841     0.436650000
    3900     0.002240930     0.002173496     0.433090000
    3920     0.002243270     0.002175090     0.424780000
    3940     0.002250446     0.002181916     0.431760000
    3960     0.002248167     0.002180295     0.435870000
    3980     0.002259732     0.002191765     0.437500000
    4000     0.002259849     0.002191193     0.426750000
    4020     0.002249196     0.002180355     0.422400000
    4040     0.002253251     0.002184449     0.424900000
    4060     0.002260344     0.002190996     0.423420000
    4080     0.002260053     0.002190909     0.425220000
    4100     0.002247480     0.002177924     0.418180000
    4120     0.002250374     0.002180768     0.422870000
    4140     0.002255655     0.002185817     0.429460000
    4160     0.002248672     0.002180684     0.437130000
    4180     0.002251067     0.002182508     0.433290000
    4200     0.002251376     0.002182808     0.427800000
    4220     0.002261927     0.002193642     0.431850000
    4240     0.002278484     0.002209407     0.419000000
    4260     0.002274321     0.002204944     0.421890000
    4280     0.002261424     0.002192405     0.419740000
    4300     0.002265018     0.002195101     0.415930000
    4320     0.002263821     0.002193288     0.422240000
    4340     0.002247745     0.002179121     0.435660000
    4360     0.002233559     0.002166552     0.426470000
    4380     0.002219210     0.002152402     0.437490000
    4400     0.002223144     0.002156709     0.436180000
    4420     0.002236016     0.002169087     0.437110000
    4440     0.002235208     0.002168806     0.437570000
    4460     0.002242220     0.002174408     0.430100000
    4480     0.002246917     0.002179488     0.431350000
    4500     0.002248234     0.002180156     0.427160000
    4520     0.002246299     0.002179119     0.426150000
    4540     0.002242689     0.002174670     0.428640000
    4560     0.002241531     0.002173390     0.422410000
    4580     0.002238809     0.002170995     0.422990000
    4600     0.002258799     0.002189876     0.429800000
    4620     0.002253829     0.002184983     0.429010000
    4640     0.002254934     0.002185326     0.423240000
    4660     0.002257415     0.002186937     0.410970000
    4680     0.002254937     0.002185552     0.423080000
    4700     0.002264333     0.002193260     0.411720000
    4720     0.002269765     0.002198087     0.414540000
    4740     0.002266320     0.002195573     0.416920000
    4760     0.002272268     0.002200268     0.406060000
    4780     0.002276142     0.002203782     0.406480000
    4800     0.002273812     0.002202181     0.416060000
    4820     0.002295086     0.002222208     0.414070000
    4840     0.002285445     0.002214654     0.424740000
    4860     0.002281120     0.002211540     0.426480000
    4880     0.002285833     0.002215588     0.408960000
    4900     0.002296439     0.002224149     0.409020000
    4920     0.002289570     0.002217094     0.407200000
    4940     0.002276205     0.002204118     0.403610000
    4960     0.002271163     0.002199417     0.413500000
    4980     0.002282102     0.002209954     0.418110000
    5000     0.002283914     0.002212623     0.417130000
    5020     0.002268621     0.002197646     0.413330000
    5040     0.002274154     0.002202861     0.422470000
    5060     0.002282745     0.002210669     0.408120000
    5080     0.002277609     0.002205919     0.415760000
    5100     0.002273255     0.002202029     0.410580000
    5120     0.002270400     0.002199535     0.404950000
    5140     0.002281586     0.002209943     0.409740000
    5160     0.002300959     0.002227823     0.412820000
    5180     0.002287690     0.002215323     0.414500000
    5200     0.002296008     0.002223356     0.407760000
    5220     0.002286310     0.002214354     0.412880000
    5240     0.002304418     0.002231213     0.420580000
    5260     0.002305971     0.002233957     0.425980000
    5280     0.002308744     0.002237746     0.422620000
    5300     0.002303114     0.002231294     0.416630000
    5320     0.002291323     0.002219980     0.410850000
    5340     0.002297120     0.002225236     0.416140000
    5360     0.002307130     0.002235356     0.427120000
    5380     0.002288448     0.002216961     0.411660000
    5400     0.002281571     0.002209803     0.418210000
    5420     0.002277269     0.002206178     0.413660000
    5440     0.002286353     0.002216008     0.422450000
    5460     0.002288080     0.002217650     0.415810000
    5480     0.002292214     0.002220479     0.409410000
    5500     0.002295072     0.002222950     0.414810000
    5520     0.002282481     0.002210815     0.422580000
    5540     0.002289073     0.002217653     0.417780000
    5560     0.002290229     0.002219156     0.415110000
    5580     0.002298593     0.002226359     0.417380000
    5600     0.002304702     0.002232145     0.416290000
    5620     0.002311151     0.002236622     0.400470000
    5640     0.002315730     0.002240982     0.409600000
    5660     0.002306170     0.002231942     0.405030000
    5680     0.002305309     0.002233033     0.418530000
    5700     0.002313102     0.002240660     0.423230000
    5720     0.002318972     0.002246487     0.405970000
    5740     0.002322442     0.002249330     0.409240000
    5760     0.002328316     0.002254635     0.407400000
    5780     0.002309795     0.002237046     0.414070000
    5800     0.002310013     0.002235870     0.399690000
    5820     0.002323774     0.002249398     0.413560000
    5840     0.002330859     0.002256229     0.405000000
    5860     0.002332201     0.002257902     0.400090000
    5880     0.002322161     0.002246462     0.400460000
    5900     0.002321253     0.002245213     0.406460000
    5920     0.002300604     0.002227274     0.417180000
    5940     0.002297762     0.002225337     0.417310000
    5960     0.002277900     0.002205774     0.399440000
    5980     0.002287308     0.002213195     0.403160000
    6000     0.002309209     0.002233916     0.409540000
    6020     0.002302692     0.002229217     0.409000000
    6040     0.002324035     0.002248928     0.405060000
    6060     0.002322541     0.002248436     0.410370000
    6080     0.002323529     0.002249127     0.417200000
    6100     0.002326017     0.002252462     0.417770000
    6120     0.002318170     0.002244290     0.405410000
    6140     0.002333822     0.002259328     0.412610000
    6160     0.002308635     0.002235633     0.408200000
    6180     0.002311515     0.002238445     0.419330000
    6200     0.002311387     0.002238089     0.409550000
    6220     0.002313982     0.002239298     0.406550000
    6240     0.002305883     0.002232086     0.407450000
    6260     0.002312104     0.002238815     0.405080000
    6280     0.002321353     0.002247171     0.411280000
    6300     0.002324863     0.002251540     0.413520000
    6320     0.002324514     0.002251202     0.409040000
    6340     0.002332032     0.002257703     0.413870000
    6360     0.002338179     0.002264677     0.419470000
    6380     0.002323128     0.002250754     0.415340000
    6400     0.002336245     0.002262668     0.420300000
    6420     0.002344012     0.002270413     0.412860000
    6440     0.002325714     0.002253466     0.414970000
    6460     0.002318204     0.002245856     0.409970000
    6480     0.002323075     0.002250346     0.414490000
    6500     0.002318306     0.002245352     0.410640000
    6520     0.002314917     0.002241426     0.415620000
    6540     0.002311571     0.002238849     0.413750000
    6560     0.002314956     0.002241413     0.404000000
    6580     0.002319344     0.002244792     0.397330000
    6600     0.002324973     0.002249488     0.391780000
    6620     0.002330283     0.002253762     0.403480000
    6640     0.002316942     0.002242285     0.413210000
    6660     0.002316769     0.002243564     0.414650000
    6680     0.002318440     0.002244699     0.410650000
    6700     0.002311353     0.002237071     0.408690000
    6720     0.002295209     0.002222923     0.414830000
    6740     0.002303370     0.002231521     0.407680000
    6760     0.002297407     0.002224875     0.413210000
    6780     0.002271041     0.002199011     0.407400000
    6800     0.002284459     0.002211804     0.422230000
    6820     0.002293722     0.002223159     0.431160000
    6840     0.002300507     0.002229876     0.414750000
    6860     0.002315150     0.002242700     0.413490000
    6880     0.002323334     0.002249661     0.417560000
    6900     0.002330571     0.002257888     0.421590000
    6920     0.002331580     0.002256871     0.402770000
    6940     0.002317855     0.002243697     0.404290000
    6960     0.002326477     0.002251584     0.406390000
    6980     0.002312224     0.002238065     0.411590000
    7000     0.002309343     0.002236923     0.417050000
    7020     0.002306654     0.002232410     0.398430000
    7040     0.002288902     0.002215957     0.402640000
    7060     0.002292230     0.002217647     0.402330000
    7080     0.002299162     0.002224191     0.402140000
    7100     0.002315540     0.002240185     0.406990000
    7120     0.002289867     0.002216859     0.412560000
    7140     0.002279987     0.002208073     0.417560000
    7160     0.002275789     0.002203838     0.404990000
    7180     0.002279830     0.002207327     0.416260000
    7200     0.002280798     0.002209556     0.421070000
    7220     0.002268175     0.002197773     0.421160000
    7240     0.002271028     0.002200283     0.412930000
    7260     0.002295241     0.002222422     0.410960000
    7280     0.002287623     0.002215883     0.418990000
    7300     0.002282612     0.002212292     0.422800000
    7320     0.002285706     0.002215473     0.423220000
    7340     0.002285350     0.002213702     0.415780000
    7360     0.002290795     0.002219930     0.426370000
    7380     0.002300355     0.002229544     0.417080000
    7400     0.002301657     0.002229684     0.414130000
    7420     0.002294144     0.002222343     0.417850000
    7440     0.002293292     0.002220800     0.413040000
    7460     0.002277582     0.002205849     0.420650000
    7480     0.002279437     0.002207775     0.420440000
    7500     0.002279828     0.002208963     0.434450000
    7520     0.002269274     0.002198605     0.420210000
    7540     0.002280607     0.002208397     0.414030000
    7560     0.002266734     0.002195487     0.415550000
    7580     0.002256101     0.002185990     0.425910000
    7600     0.002262972     0.002191909     0.412310000
    7620     0.002265047     0.002194023     0.424080000
    7640     0.002256983     0.002186405     0.419020000
    7660     0.002274071     0.002201932     0.414840000
    7680     0.002270808     0.002198835     0.418850000
    7700     0.002257492     0.002187034     0.419310000
    7720     0.002257883     0.002187895     0.414470000
    7740     0.002259235     0.002189241     0.418600000
    7760     0.002264165     0.002192813     0.415110000
    7780     0.002267917     0.002196301     0.418190000
    7800     0.002266965     0.002195519     0.421080000
    7820     0.002257819     0.002188649     0.431710000
    7840     0.002259661     0.002190670     0.434280000
    7860     0.002266541     0.002198104     0.437740000
    7880     0.002280224     0.002210465     0.427220000
    7900     0.002288516     0.002218433     0.418840000
    7920     0.002282283     0.002211630     0.414500000
    7940     0.002284168     0.002212703     0.417710000
    7960     0.002291122     0.002219496     0.430930000
    7980     0.002279494     0.002208927     0.413220000
    8000     0.002290027     0.002219111     0.412250000
    8020     0.002278257     0.002207251     0.414750000
    8040     0.002292821     0.002221407     0.418150000
    8060     0.002293541     0.002221938     0.412580000
    8080     0.002294805     0.002223158     0.418040000
    8100     0.002300832     0.002228175     0.417000000
    8120     0.002307059     0.002234454     0.414810000
    8140     0.002299318     0.002227759     0.433500000
    8160     0.002303087     0.002230885     0.421720000
    8180     0.002308163     0.002235589     0.420550000
    8200     0.002324838     0.002252072     0.415100000
    8220     0.002321722     0.002248185     0.408080000
    8240     0.002322604     0.002248734     0.410690000
    8260     0.002333246     0.002259713     0.415360000
    8280     0.002345534     0.002270776     0.402910000
    8300     0.002331520     0.002256961     0.403250000
    8320     0.002325645     0.002249757     0.391100000
    8340     0.002322279     0.002246721     0.396160000
    8360     0.002307702     0.002233854     0.410300000
    8380     0.002315709     0.002242251     0.409660000
    8400     0.002315391     0.002241806     0.416110000
    8420     0.002313877     0.002239783     0.408860000
    8440     0.002311628     0.002238233     0.421310000
    8460     0.002315658     0.002243080     0.420370000
    8480     0.002315159     0.002241844     0.412640000
    8500     0.002317109     0.002243101     0.407740000
    8520     0.002314775     0.002241202     0.415680000
    8540     0.002323625     0.002248692     0.421700000
    8560     0.002320331     0.002246745     0.407760000
    8580     0.002313279     0.002239197     0.414010000
    8600     0.002315236     0.002240957     0.406190000
    8620     0.002316230     0.002243008     0.407920000
    8640     0.002306823     0.002232596     0.401660000
    8660     0.002282723     0.002211169     0.420710000
    8680     0.002292485     0.002221464     0.439040000
    8700     0.002298240     0.002227027     0.420730000
    8720     0.002296045     0.002224112     0.406700000
    8740     0.002300548     0.002227892     0.415730000
    8760     0.002286911     0.002215589     0.423660000
    8780     0.002294364     0.002223574     0.417890000
    8800     0.002315104     0.002243039     0.416500000
    8820     0.002310123     0.002237377     0.415010000
    8840     0.002302391     0.002231519     0.420300000
    8860     0.002331209     0.002258584     0.406570000
    8880     0.002313478     0.002241153     0.410490000
    8900     0.002307221     0.002233766     0.404900000
    8920     0.002295955     0.002224463     0.428320000
    8940     0.002272556     0.002203045     0.431710000
    8960     0.002271471     0.002201556     0.414340000
    8980     0.002263826     0.002194444     0.422510000
    9000     0.002276259     0.002206053     0.427880000
    9020     0.002276937     0.002207636     0.419970000
    9040     0.002283148     0.002212493     0.417230000
    9060     0.002284651     0.002213806     0.416780000
    9080     0.002281532     0.002209599     0.404620000
    9100     0.002280525     0.002208188     0.414730000
    9120     0.002279874     0.002207483     0.406070000
    9140     0.002279603     0.002207193     0.410250000
    9160     0.002271229     0.002199966     0.415280000
    9180     0.002276705     0.002205128     0.406230000
    9200     0.002268935     0.002197831     0.413330000
    9220     0.002273558     0.002202315     0.417810000
    9240     0.002272199     0.002202519     0.422230000
    9260     0.002265452     0.002196143     0.414530000
    9280     0.002262629     0.002193169     0.416990000
    9300     0.002256063     0.002186789     0.417840000
    9320     0.002265920     0.002196258     0.430060000
    9340     0.002261237     0.002192708     0.424150000
    9360     0.002269684     0.002200259     0.421550000
    9380     0.002283407     0.002213228     0.419870000
    9400     0.002287692     0.002217147     0.416780000
    9420     0.002294584     0.002223930     0.426150000
    9440     0.002288975     0.002217785     0.418810000
    9460     0.002284701     0.002214001     0.421060000
    9480     0.002287261     0.002217221     0.416810000
    9500     0.002288680     0.002218156     0.425870000
    9520     0.002288829     0.002218397     0.419230000
    9540     0.002289538     0.002218243     0.411370000
    9560     0.002287281     0.002215750     0.418120000
    9580     0.002292379     0.002220284     0.411960000
    9600     0.002282948     0.002212264     0.424510000
    9620     0.002269182     0.002199314     0.427460000
    9640     0.002269467     0.002199877     0.416340000
    9660     0.002257104     0.002187750     0.423890000
    9680     0.002267775     0.002197647     0.422810000
    9700     0.002283173     0.002212285     0.411710000
    9720     0.002277032     0.002206628     0.414000000
    9740     0.002276147     0.002205977     0.418280000
    9760     0.002262422     0.002193131     0.425290000
    9780     0.002265769     0.002196090     0.414950000
    9800     0.002249762     0.002179837     0.413690000
    9820     0.002257266     0.002187105     0.417120000
    9840     0.002266403     0.002195464     0.419480000
    9860     0.002262821     0.002192773     0.425360000
    9880     0.002264391     0.002194630     0.430090000
    9900     0.002267920     0.002199360     0.428450000
    9920     0.002281589     0.002211854     0.424690000
    9940     0.002281469     0.002210464     0.408970000
    9960     0.002269827     0.002199862     0.418800000
    9980     0.002273726     0.002204356     0.425550000
   10000     0.002280774     0.002210182     0.420000000
   10020     0.002287960     0.002217436     0.423670000
   10040     0.002297627     0.002226332     0.425640000
   10060     0.002285101     0.002215254     0.425770000
   10080     0.002282931     0.002212147     0.424770000
   10100     0.002305932     0.002234978     0.434480000
   10120     0.002304649     0.002233350     0.406550000
   10140     0.002302313     0.002229452     0.405670000
   10160     0.002306483     0.002233835     0.416200000
   10180     0.002304318     0.002232037     0.422910000
   10200     0.002294018     0.002222466     0.424760000
   10220     0.002288051     0.002217112     0.418760000
   10240     0.002269882     0.002199330     0.413280000
   10260     0.002261957     0.002192020     0.421400000
   10280     0.002239990     0.002171097     0.420970000
   10300     0.002246655     0.002176835     0.427510000
   10320     0.002250659     0.002181385     0.425660000
   10340     0.002241265     0.002172962     0.415430000
   10360     0.002246127     0.002176870     0.428140000
   10380     0.002251253     0.002181997     0.433780000
   10400     0.002249157     0.002179952     0.427970000
   10420     0.002252700     0.002182756     0.419000000
   10440     0.002254851     0.002184752     0.421740000
   10460     0.002254174     0.002184251     0.421220000
   10480     0.002260820     0.002191781     0.436080000
   10500     0.002259587     0.002191383     0.440170000
   10520     0.002272617     0.002203058     0.431010000
   10540     0.002279948     0.002209551     0.424250000
   10560     0.002255745     0.002186680     0.422200000
   10580     0.002258400     0.002188708     0.420940000
   10600     0.002249131     0.002179529     0.425530000
   10620     0.002242550     0.002173858     0.422940000
   10640     0.002256913     0.002188473     0.432370000
   10660     0.002270836     0.002201605     0.425510000
   10680     0.002272145     0.002202260     0.414860000
   10700     0.002262761     0.002192827     0.419090000
   10720     0.002246842     0.002177784     0.428920000
   10740     0.002242312     0.002174206     0.436450000
   10760     0.002250330     0.002181840     0.426530000
   10780     0.002262824     0.002193555     0.436590000
   10800     0.002257588     0.002188601     0.436500000
   10820     0.002260724     0.002191764     0.436260000
   10840     0.002267860     0.002199091     0.439090000
   10860     0.002283074     0.002212530     0.419720000
   10880     0.002287525     0.002217310     0.423920000
   10900     0.002262493     0.002192649     0.423780000
   10920     0.002261401     0.002191479     0.425780000
   10940     0.002272038     0.002202270     0.433150000
   10960     0.002275234     0.002204271     0.416650000
   10980     0.002269081     0.002198545     0.418240000
   11000     0.002266156     0.002196233     0.429390000
   11020     0.002272563     0.002203618     0.430350000
   11040     0.002281681     0.002211624     0.432300000
   11060     0.002276504     0.002207995     0.426180000
   11080     0.002270308     0.002201432     0.426900000
   11100     0.002266135     0.002196570     0.418620000
   11120     0.002283617     0.002213398     0.417900000
   11140     0.002288970     0.002216884     0.414660000
   11160     0.002300746     0.002229237     0.425500000
   11180     0.002282132     0.002211479     0.413940000
   11200     0.002284115     0.002212529     0.418230000
   11220     0.002290144     0.002218378     0.419750000
   11240     0.002295695     0.002222445     0.409970000
   11260     0.002292474     0.002220376     0.421040000
   11280     0.002279978     0.002208862     0.418610000
   11300     0.002256173     0.002186415     0.421530000
   11320     0.002253824     0.002184538     0.420440000
   11340     0.002253660     0.002184441     0.432460000
   11360     0.002258568     0.002189775     0.417150000
   11380     0.002260981     0.002191398     0.433880000
   11400     0.002272771     0.002201962     0.420240000
   11420     0.002261317     0.002192085     0.432880000
   11440     0.002265513     0.002196179     0.422490000
   11460     0.002258971     0.002190272     0.436270000
   11480     0.002262309     0.002193992     0.423740000
   11500     0.002277338     0.002207491     0.423760000
   11520     0.002264937     0.002193987     0.416700000
   11540     0.002275575     0.002204358     0.416950000
   11560     0.002287305     0.002216988     0.429740000
   11580     0.002277739     0.002207926     0.419510000
   11600     0.002279388     0.002209134     0.424690000
   11620     0.002280909     0.002210616     0.424790000
   11640     0.002265136     0.002194946     0.414150000
   11660     0.002284279     0.002213495     0.423990000
   11680     0.002291754     0.002220546     0.427930000
   11700     0.002281675     0.002211299     0.421830000
   11720     0.002284903     0.002214461     0.415900000
   11740     0.002296094     0.002224964     0.424010000
   11760     0.002293664     0.002223108     0.415910000
   11780     0.002284178     0.002213786     0.419650000
   11800     0.002280741     0.002210599     0.427010000
   11820     0.002281659     0.002212213     0.429220000
   11840     0.002276142     0.002206171     0.422060000
   11860     0.002271146     0.002199531     0.418790000
   11880     0.002277038     0.002205795     0.421010000
   11900     0.002275984     0.002204692     0.418720000
   11920     0.002268530     0.002197099     0.406910000
   11940     0.002277510     0.002205391     0.412640000
   11960     0.002266518     0.002195777     0.409500000
   11980     0.002274225     0.002202431     0.419660000
   12000     0.002274709     0.002202661     0.408330000
   12020     0.002272565     0.002200134     0.417460000
   12040     0.002274242     0.002202845     0.419780000
   12060     0.002290157     0.002217937     0.420050000
   12080     0.002294850     0.002223228     0.419750000
   12100     0.002309059     0.002236457     0.422370000
   12120     0.002307427     0.002234228     0.413010000
   12140     0.002304237     0.002232135     0.419620000
   12160     0.002303985     0.002232397     0.412240000
   12180     0.002300210     0.002226541     0.398170000
   12200     0.002297892     0.002224459     0.415210000
   12220     0.002287725     0.002214244     0.406310000
   12240     0.002268961     0.002196780     0.410870000
   12260     0.002268181     0.002195518     0.403880000
   12280     0.002256938     0.002185348     0.420730000
   12300     0.002233686     0.002164449     0.426570000
   12320     0.002239493     0.002170663     0.426720000
   12340     0.002251297     0.002182549     0.432420000
   12360     0.002262245     0.002193142     0.432050000
   12380     0.002246184     0.002178471     0.431250000
   12400     0.002231592     0.002163504     0.421570000
   12420     0.002236643     0.002168776     0.430490000
   12440     0.002260387     0.002191510     0.426080000
   12460     0.002269404     0.002200099     0.416800000
   12480     0.002268392     0.002198307     0.423790000
   12500     0.002284938     0.002214060     0.433300000
   12520     0.002275567     0.002205981     0.432150000
   12540     0.002265791     0.002196432     0.420920000
   12560     0.002263688     0.002193316     0.411600000
   12580     0.002261564     0.002190527     0.410360000
   12600     0.002268971     0.002198171     0.420250000
   12620     0.002267738     0.002196793     0.413960000
   12640     0.002260399     0.002190933     0.423530000
   12660     0.002270528     0.002200897     0.432310000
   12680     0.002265679     0.002195494     0.416510000
   12700     0.002260510     0.002190504     0.418000000
   12720     0.002269285     0.002198340     0.419920000
   12740     0.002272141     0.002201780     0.420590000
   12760     0.002290609     0.002218507     0.423930000
   12780     0.002299646     0.002227072     0.412400000
   12800     0.002293481     0.002222286     0.426120000
   12820     0.002285988     0.002215951     0.425670000
   12840     0.002273271     0.002203445     0.426720000
   12860     0.002286854     0.002216700     0.411990000
   12880     0.002272272     0.002201056     0.417250000
   12900     0.002253736     0.002184256     0.436860000
   12920     0.002253870     0.002185191     0.420010000
   12940     0.002252684     0.002183152     0.425110000
   12960     0.002253019     0.002184002     0.415590000
   12980     0.002253516     0.002184090     0.422760000
   13000     0.002253934     0.002185426     0.429230000
   13020     0.002236961     0.002168701     0.419510000
   13040     0.002250196     0.002181304     0.437880000
   13060     0.002247029     0.002179453     0.433170000
   13080     0.002253033     0.002184495     0.429830000
   13100     0.002262933     0.002194053     0.420500000
   13120     0.002281600     0.002211207     0.426990000
   13140     0.002275993     0.002205575     0.420080000
   13160     0.002267766     0.002197376     0.427130000
   13180     0.002259476     0.002190318     0.417620000
   13200     0.002260920     0.002191769     0.423020000
   13220     0.002271607     0.002201840     0.418830000
   13240     0.002271762     0.002202433     0.409840000
   13260     0.002267061     0.002195904     0.414730000
   13280     0.002268973     0.002197740     0.419440000
   13300     0.002268837     0.002197099     0.414830000
   13320     0.002268389     0.002197301     0.416640000
   13340     0.002272757     0.002201868     0.415760000
   13360     0.002272756     0.002202428     0.416110000
   13380     0.002277734     0.002206811     0.413140000
   13400     0.002276740     0.002204890     0.411980000
   13420     0.002277780     0.002206631     0.412910000
   13440     0.002284238     0.002212382     0.415220000
   13460     0.002297031     0.002225196     0.419110000
   13480     0.002302298     0.002230565     0.427870000
   13500     0.002300459     0.002227804     0.410850000
   13520     0.002299138     0.002226520     0.417020000
   13540     0.002305303     0.002232473     0.417740000
   13560     0.002305646     0.002232568     0.418740000
   13580     0.002312753     0.002240823     0.414510000
   13600     0.002327565     0.002254093     0.412110000
   13620     0.002326784     0.002252693     0.406570000
   13640     0.002324681     0.002250150     0.407640000
   13660     0.002323865     0.002249611     0.415450000
   13680     0.002317061     0.002244663     0.419260000
   13700     0.002314906     0.002242364     0.423730000
   13720     0.002323249     0.002251600     0.424610000
   13740     0.002329552     0.002257043     0.417650000
   13760     0.002331668     0.002257933     0.409180000
   13780     0.002332336     0.002257193     0.397530000
   13800     0.002321525     0.002245884     0.398030000
   13820     0.002333607     0.002257840     0.397680000
   13840     0.002332546     0.002256423     0.401550000
   13860     0.002320542     0.002245311     0.409560000
   13880     0.002317814     0.002242352     0.408770000
   13900     0.002325017     0.002249834     0.413900000
   13920     0.002322989     0.002246801     0.407610000
   13940     0.002306680     0.002231718     0.398170000
   13960     0.002296652     0.002222104     0.405360000
   13980     0.002287996     0.002213778     0.400010000
   14000     0.002276028     0.002203239     0.412210000
   14020     0.002271780     0.002199213     0.418900000
   14040     0.002281460     0.002209634     0.413220000
   14060     0.002295166     0.002223143     0.412940000
   14080     0.002287795     0.002216000     0.408660000
   14100     0.002301661     0.002228522     0.413470000
   14120     0.002313381     0.002239971     0.408900000
   14140     0.002314901     0.002241126     0.409940000
   14160     0.002301083     0.002228367     0.416110000
   14180     0.002313456     0.002240235     0.416270000
   14200     0.002310622     0.002236782     0.403880000
   14220     0.002314279     0.002241003     0.413380000
   14240     0.002301715     0.002229251     0.414070000
   14260     0.002293041     0.002220136     0.415350000
   14280     0.002309796     0.002236213     0.409420000
   14300     0.002303562     0.002231083     0.413320000
   14320     0.002299834     0.002226518     0.407700000
   14340     0.002312130     0.002237953     0.406460000
   14360     0.002309538     0.002236082     0.410550000
   14380     0.002321259     0.002246231     0.404100000
   14400     0.002314553     0.002240122     0.404040000
   14420     0.002317243     0.002243098     0.409860000
   14440     0.002327613     0.002252177     0.406230000
   14460     0.002326729     0.002251974     0.396550000
   14480     0.002309806     0.002236158     0.408720000
   14500     0.002307928     0.002235056     0.409710000
   14520     0.002296619     0.002224026     0.404590000
   14540     0.002312091     0.002238332     0.409890000
   14560     0.002297564     0.002225411     0.409150000
   14580     0.002312448     0.002240008     0.414920000
   14600     0.002309193     0.002236831     0.421970000
   14620     0.002303000     0.002231920     0.420600000
   14640     0.002308853     0.002236108     0.419930000
   14660     0.002303477     0.002231280     0.413720000
   14680     0.002309756     0.002237367     0.413390000
   14700     0.002311432     0.002239254     0.411550000
   14720     0.002309731     0.002236706     0.400520000
   14740     0.002294992     0.002221888     0.404970000
   14760     0.002300808     0.002226837     0.403660000
   14780     0.002317893     0.002242554     0.402630000
   14800     0.002312358     0.002237805     0.407190000
   14820     0.002301528     0.002227552     0.404450000
   14840     0.002313511     0.002238221     0.401620000
   14860     0.002306407     0.002231939     0.402410000
   14880     0.002300511     0.002226173     0.406800000
   14900     0.002316318     0.002241836     0.409130000
   14920     0.002328426     0.002253758     0.413730000
   14940     0.002325761     0.002250537     0.396360000
   14960     0.002320347     0.002244124     0.402100000
   14980     0.002322552     0.002247037     0.411000000
   15000     0.002324835     0.002249708     0.405780000
   15020     0.002343620     0.002268233     0.409320000
   15040     0.002336940     0.002260855     0.400900000
   15060     0.002352355     0.002275356     0.401710000
   15080     0.002353045     0.002276837     0.398020000
   15100     0.002345322     0.002268798     0.401000000
   15120     0.002330894     0.002254881     0.398950000
   15140     0.002333327     0.002256728     0.399290000
   15160     0.002334181     0.002259133     0.410990000
   15180     0.002327348     0.002250167     0.396360000
   15200     0.002316251     0.002241365     0.408760000
   15220     0.002309674     0.002235766     0.404000000
   15240     0.002296855     0.002223577     0.410400000
   15260     0.002298697     0.002224804     0.401970000
   15280     0.002300956     0.002227167     0.401270000
   15300     0.002302185     0.002229505     0.414220000
   15320     0.002290380     0.002217474     0.409450000
   15340     0.002283493     0.002211578     0.417940000
   15360     0.002289109     0.002217737     0.421340000
   15380     0.002289785     0.002217553     0.414310000
   15400     0.002279235     0.002207925     0.416140000
   15420     0.002276192     0.002205006     0.417130000
   15440     0.002272283     0.002200544     0.409290000
   15460     0.002280736     0.002209055     0.418370000
   15480     0.002290279     0.002218990     0.421800000
   15500     0.002274593     0.002204161     0.416250000
   15520     0.002276103     0.002205574     0.422950000
   15540     0.002282456     0.002211167     0.417360000
   15560     0.002274612     0.002204907     0.423450000
   15580     0.002272964     0.002203877     0.426160000
   15600     0.002276009     0.002206185     0.420280000
   15620     0.002287280     0.002216921     0.430890000
   15640     0.002281025     0.002211371     0.423690000
   15660     0.002287338     0.002217440     0.434900000
   15680     0.002305742     0.002234631     0.423590000
   15700     0.002286980     0.002216053     0.405070000
   15720     0.002293595     0.002220550     0.415460000
   15740     0.002290152     0.002218071     0.416470000
   15760     0.002286657     0.002215221     0.428390000
   15780     0.002283204     0.002212366     0.414530000
   15800     0.002271837     0.002201021     0.414210000
   15820     0.002288316     0.002217507     0.417000000
   15840     0.002277805     0.002206959     0.419960000
   15860     0.002272573     0.002202291     0.417830000
   15880     0.002286695     0.002215636     0.425450000
   15900     0.002293190     0.002221494     0.419800000
   15920     0.002293095     0.002220938     0.416680000
   15940     0.002296399     0.002224414     0.409250000
   15960     0.002302485     0.002229005     0.407010000
   15980     0.002318560     0.002243806     0.413520000
   16000     0.002321831     0.002247796     0.410200000
   16020     0.002327390     0.002252623     0.407420000
   16040     0.002321586     0.002246750     0.406310000
   16060     0.002314864     0.002240834     0.413670000
   16080     0.002317432     0.002243508     0.413040000
   16100     0.002311268     0.002238301     0.422570000
   16120     0.002320687     0.002247325     0.406660000
   16140     0.002326551     0.002252860     0.414080000
   16160     0.002330775     0.002256565     0.406430000
   16180     0.002322480     0.002248228     0.413480000
   16200     0.002336901     0.002261004     0.406650000
   16220     0.002332526     0.002256186     0.404980000
   16240     0.002328260     0.002252597     0.409660000
   16260     0.002314400     0.002239365     0.399930000
   16280     0.002307058     0.002232582     0.409310000
   16300     0.002317261     0.002243575     0.412920000
   16320     0.002320016     0.002245523     0.408220000
   16340     0.002309551     0.002234413     0.408450000
   16360     0.002321199     0.002246051     0.412180000
   16380     0.002321359     0.002246393     0.400600000
   16400     0.002325126     0.002250114     0.410170000
   16420     0.002319473     0.002245809     0.417640000
   16440     0.002327271     0.002253172     0.398910000
   16460     0.002329832     0.002253971     0.404330000
   16480     0.002345629     0.002268652     0.394560000
   16500     0.002337581     0.002260771     0.396570000
   16520     0.002341710     0.002264897     0.395980000
   16540     0.002346419     0.002269178     0.398410000
   16560     0.002341956     0.002264836     0.401250000
   16580     0.002322152     0.002245653     0.400070000
   16600     0.002334740     0.002257229     0.399520000
   16620     0.002330963     0.002255390     0.404610000
   16640     0.002331462     0.002256361     0.408670000
   16660     0.002336541     0.002260079     0.395990000
   16680     0.002335400     0.002258825     0.390190000
   16700     0.002317347     0.002241595     0.398160000
   16720     0.002310279     0.002234198     0.400980000
   16740     0.002310327     0.002235919     0.415700000
   16760     0.002306584     0.002233491     0.411400000
   16780     0.002310114     0.002237142     0.409250000
   16800     0.002313718     0.002241179     0.421150000
   16820     0.002319886     0.002247852     0.418850000
   16840     0.002321644     0.002249696     0.427420000
   16860     0.002320144     0.002247664     0.414840000
   16880     0.002323495     0.002249345     0.398790000
   16900     0.002331561     0.002255422     0.397050000
   16920     0.002324536     0.002248686     0.403640000
   16940     0.002331686     0.002256490     0.406230000
   16960     0.002335698     0.002260024     0.401070000
   16980     0.002337012     0.002260327     0.394970000
   17000     0.002337110     0.002260584     0.398010000
   17020     0.002342221     0.002266055     0.405990000
   17040     0.002349189     0.002273347     0.408200000
   17060     0.002339944     0.002264554     0.404080000
   17080     0.002343982     0.002267214     0.400710000
   17100     0.002326022     0.002250170     0.399670000
   17120     0.002320694     0.002244673     0.388280000
   17140     0.002320982     0.002245029     0.399740000
   17160     0.002307361     0.002231505     0.398030000
   17180     0.002305127     0.002230107     0.398810000
   17200     0.002295251     0.002220893     0.402530000
   17220     0.002292778     0.002218542     0.403090000
   17240     0.002276294     0.002203511     0.407140000
   17260     0.002283414     0.002210406     0.404340000
   17280     0.002285020     0.002213131     0.417990000
   17300     0.002285945     0.002214698     0.427860000
   17320     0.002291938     0.002220457     0.420430000
   17340     0.002285387     0.002214273     0.429630000
   17360     0.002292513     0.002221142     0.418460000
   17380     0.002295727     0.002224190     0.420800000
   17400     0.002300565     0.002228447     0.415280000
   17420     0.002292743     0.002220385     0.407570000
   17440     0.002298455     0.002225641     0.406830000
   17460     0.002308785     0.002236289     0.416790000
   17480     0.002299850     0.002227861     0.417450000
   17500     0.002316108     0.002243145     0.412550000
   17520     0.002313943     0.002240988     0.406010000
   17540     0.002309733     0.002236906     0.410370000
   17560     0.002320400     0.002247398     0.418460000
   17580     0.002325785     0.002252437     0.417770000
   17600     0.002321267     0.002247318     0.405390000
   17620     0.002323776     0.002249401     0.407190000
   17640     0.002314692     0.002240654     0.411390000
   17660     0.002308757     0.002234755     0.415660000
   17680     0.002301195     0.002228502     0.412790000
   17700     0.002310275     0.002236600     0.401010000
   17720     0.002312289     0.002238756     0.409490000
   17740     0.002309587     0.002236205     0.401640000
   17760     0.002314383     0.002239938     0.392140000
   17780     0.002329866     0.002253958     0.390970000
   17800     0.002331748     0.002257152     0.402070000
   17820     0.002335415     0.002260923     0.396210000
   17840     0.002333077     0.002259054     0.408940000
   17860     0.002331126     0.002256158     0.395970000
   17880     0.002323542     0.002248688     0.409730000
   17900     0.002319505     0.002245317     0.405260000
   17920     0.002327724     0.002253849     0.408690000
   17940     0.002318080     0.002244033     0.403350000
   17960     0.002305991     0.002231651     0.401940000
   17980     0.002303257     0.002228813     0.406170000
   18000     0.002305705     0.002231756     0.398880000
   18020     0.002306278     0.002231801     0.398130000
   18040     0.002296838     0.002223194     0.413880000
   18060     0.002291514     0.002219659     0.414190000
   18080     0.002283478     0.002211945     0.410930000
   18100     0.002285431     0.002212881     0.405050000
   18120     0.002301344     0.002228439     0.418330000
   18140     0.002291541     0.002219206     0.425190000
   18160     0.002286064     0.002214761     0.417750000
   18180     0.002283459     0.002211277     0.414330000
   18200     0.002286227     0.002213510     0.409920000
   18220     0.002279917     0.002208057     0.413190000
   18240     0.002283060     0.002210188     0.417590000
   18260     0.002294468     0.002221787     0.406600000
   18280     0.002277384     0.002206360     0.416160000
   18300     0.002283733     0.002212919     0.425790000
   18320     0.002292841     0.002220534     0.412980000
   18340     0.002304434     0.002231519     0.413390000
   18360     0.002296720     0.002224746     0.420040000
   18380     0.002295414     0.002223451     0.414830000
   18400     0.002291717     0.002218728     0.409210000
   18420     0.002289880     0.002217932     0.421820000
   18440     0.002285917     0.002214292     0.416060000
   18460     0.002305957     0.002232879     0.412720000
   18480     0.002300927     0.002228350     0.416640000
   18500     0.002280477     0.002207877     0.408430000
   18520     0.002278576     0.002206151     0.412070000
   18540     0.002268576     0.002197390     0.416070000
   18560     0.002269933     0.002198645     0.425620000
   18580     0.002261194     0.002191939     0.425410000
   18600     0.002258749     0.002189138     0.430910000
   18620     0.002243972     0.002175605     0.426730000
   18640     0.002241146     0.002173003     0.433390000
   18660     0.002240350     0.002173170     0.426210000
   18680     0.002239740     0.002172282     0.420520000
   18700     0.002248857     0.002181150     0.432750000
   18720     0.002248543     0.002181038     0.429910000
   18740     0.002239475     0.002173010     0.427450000
   18760     0.002238709     0.002172032     0.431790000
   18780     0.002248529     0.002180975     0.424220000
   18800     0.002238263     0.002170034     0.426750000
   18820     0.002240209     0.002171598     0.430800000
   18840     0.002240579     0.002172616     0.428590000
   18860     0.002255860     0.002187311     0.435180000
   18880     0.002261651     0.002193405     0.439610000
   18900     0.002253110     0.002185058     0.426610000
   18920     0.002258796     0.002190294     0.431520000
   18940     0.002274158     0.002204916     0.422830000
   18960     0.002299838     0.002229625     0.429150000
   18980     0.002309171     0.002237737     0.416630000
   19000     0.002310953     0.002239551     0.425400000
   19020     0.002320537     0.002248094     0.428350000
   19040     0.002315769     0.002243051     0.413990000
   19060     0.002318227     0.002245071     0.415400000
   19080     0.002323533     0.002249819     0.415000000
   19100     0.002323191     0.002248578     0.399150000
   19120     0.002319705     0.002245057     0.402050000
   19140     0.002318934     0.002244416     0.400280000
   19160     0.002305883     0.002232557     0.409910000
   19180     0.002304293     0.002230988     0.410070000
   19200     0.002320303     0.002246165     0.412010000
   19220     0.002324315     0.002250038     0.407030000
   19240     0.002303987     0.002229687     0.402840000
   19260     0.002291175     0.002218980     0.409600000
   19280     0.002286107     0.002213089     0.409020000
   19300     0.002293249     0.002220691     0.422020000
   19320     0.002284248     0.002212110     0.413790000
   19340     0.002284426     0.002213051     0.422810000
   19360     0.002281315     0.002209923     0.412310000
   19380     0.002294181     0.002221328     0.403050000
   19400     0.002292879     0.002220597     0.409020000
   19420     0.002282351     0.002210686     0.418440000
   19440     0.002287721     0.002215769     0.416030000
   19460     0.002284100     0.002213037     0.425900000
   19480     0.002291001     0.002219051     0.412220000
   19500     0.002288284     0.002215656     0.412690000
   19520     0.002288684     0.002215090     0.403480000
   19540     0.002303366     0.002229947     0.405980000
   19560     0.002300015     0.002227260     0.418210000
   19580     0.002296221     0.002224954     0.420690000
   19600     0.002293921     0.002222654     0.427630000
   19620     0.002293639     0.002221597     0.422110000
   19640     0.002296045     0.002224908     0.411700000
   19660     0.002303613     0.002230851     0.413870000
   19680     0.002298328     0.002226539     0.425940000
   19700     0.002287593     0.002216781     0.423350000
   19720     0.002294913     0.002224020     0.426720000
   19740     0.002292129     0.002221521     0.431920000
   19760     0.002294209     0.002223726     0.416630000
   19780     0.002289858     0.002218877     0.414940000
   19800     0.002294813     0.002224023     0.421270000
   19820     0.002295263     0.002224257     0.417910000
   19840     0.002279508     0.002208480     0.413400000
   19860     0.002301623     0.002229721     0.418850000
   19880     0.002296646     0.002225377     0.420090000
   19900     0.002300708     0.002229630     0.412520000
   19920     0.002302663     0.002230436     0.404540000
   19940     0.002292079     0.002220529     0.407830000
   19960     0.002296553     0.002223389     0.411690000
   19980     0.002298650     0.002224651     0.405430000
   20000     0.002305314     0.002230546     0.406790000
