      20  897  992  788  951  853  980  930 1079 1009  882
      40  974  934  834  895  983  911  882  934  980  923
      60  965  932  858  885  828  798  790  932  955  809
      80  937  819  752  721  731  860  836  896  840  846
     100  876  783  758  815  785  688  841  816  731  849
     120  733  764  777  734  708  790  696  643  624  889
     140  689  653  734  700  710  707  828  704  672  825
     160  706  685  558  600  664  697  733  747  709  750
     180  670  665  578  639  721  664  747  732  691  572
     200  768  470  682  682  638  472  622  705  651  564
     220  594  455  550  660  592  480  666  714  500  629
     240  699  433  522  714  627  537  602  631  535  552
     260  713  378  499  605  567  506  559  521  648  549
     280  633  452  610  537  542  555  515  661  513  457
     300  535  534  509  634  479  491  486  663  423  482
     320  512  432  561  602  507  425  430  584  556  314
     340  673  427  486  564  535  429  522  571  435  426
     360  653  490  439  549  341  463  464  539  555  481
     380  528  323  469  432  461  464  443  515  524  537
     400  509  398  548  487  358  493  396  526  462  552
     420  534  365  611  438  344  373  410  462  491  520
     440  535  417  535  395  365  431  443  616  376  478
     460  531  455  429  362  429  463  673  531  373  353
     480  461  490  399  350  334  421  580  613  409  303
     500  501  403  343  378  177  448  545  357  422  349
     520  432  461  409  311   73  373  368  475  388  477
     540  374  499  366  233  109  498  509  446  476  468
     560  347  609  390  365  216  361  450  448  499  467
     580  376  489  301  268  220  427  356  397  407  423
     600  487  435  376  239  302  367  347  467  402  344
     620  448  288  412  242  336  400  328  584  410  353
     640  440  310  359  364  319  446  401  409  350  510
     660  430  392  402  251  386  447  445  550  507  480
     680  476  257  418  208  448  440  492  378  329  337
     700  329  252  420  273  418  462  405  459  333  365
     720  398  295  366  318  446  376  228  507  279  287
     740  430  193  404  473  384  447  288  419  294  264
     760  372  243  279  353  413  364  206  427  357  322
     780  449  150  407  309  346  490  229  406  313  255
     800  485  188  389  353  430  362  225  410  406  223
     820  500  194  372  370  252  486  228  375  365  241
     840  410  280  389  376  239  408  216  262  435  336
     860  300  306  394  329  238  332  232  306  464  514
     880  584  219  363  289  287  483  388  262  455  428
     900  453  218  507  333  363  360  318  329  445  258
     920  485  279  470  344  269  358  325  279  543  176
     940  388  328  537  432  311  361  289  276  493  137
     960  362  251  443  470  334  515  323  309  432   70
     980  399  368  387  459  359  352  317  313  296   87
    1000  316  237  336  386  225  341  498  276  210  125
    1020  374  230  419  392  194  342  397  358  191  204
    1040  412  225  474  479  157  277  293  414  314  243
    1060  336  158  390  499  142  323  218  344  357  239
    1080  295  171  331  369  113  220  262  341  356  159
    1100  257  226  484  397  137  271  288  210  438  225
    1120  300  249  539  296   83  277  315  252  366  190
    1140  287  267  507  345  138  141  257  304  341  204
    1160  264  244  414  231  121  204  243  359  287  264
    1180  205  222  336  292  134  227  174  370  241  249
    1200  171  211  382  294  101  160  187  404  206  273
    1220  143  186  377  244   77  173  139  414  270  158
    1240  210  180  420  292   89   99  148  349  277  225
    1260  343  137  348  365  138  151  166  281  281  256
    1280  326  209  270  311  161   76  234  301  286  183
    1300  267  207  290  364  282   83  301  308  330  205
    1320  187  349  440  338  373  206  271  439  369  159
    1340  208  269  377  403  351  261  248  412  379  191
    1360  274  322  200  317  300  334  182  437  392  214
    1380  268  262  216  250  337  261  203  448  391  174
    1400  262  142  210  334  314  315  206  319  344  333
    1420  247  188  278  390  369  262  309  367  339  358
    1440  248  306  314  338  342  319  305  285  342  343
    1460  256  380  380  379  459  269  332  410  340  320
    1480  304  454  285  255  270  221  311  428  528  200
    1500  196  456  138  238  305  205  295  463  513  209
    1520  153  438  271  277  274  226  301  357  489  209
    1540  234  512  224  237  480  385  281  263  511  201
    1560  258  413  219  434  379  273  347  306  391  353
    1580  271  523  181  441  378  252  266  388  426  327
    1600  265  359  169  461  467  246  332  357  434  361
    1620  207  323  285  512  398  300  310  304  283  374
    1640  224  532  240  519  397  306  310  258  364  327
    1660  219  518  262  438  359  237  305  319  443  306
    1680  162  441  332  504  367  256  343  325  409  388
    1700  216  307  391  488  327  178  406  314  400  259
    1720  259  322  446  350  418  173  427  311  358  254
    1740  273  282  377  400  343  184  308  393  330  301
    1760  204  315  409  345  264  312  228  334  289  231
    1780  239  412  448  434  337  247  268  379  199  291
    1800  255  468  359  272  308  291  161  305  171  429
    1820  210  464  308  267  332  206  202  359  190  305
    1840  211  469  463  308  364  175  250  513  176  299
    1860  155  432  378  332  318  232  224  304  203  217
    1880  249  423  418  250  269  182  160  416  280  212
    1900  293  407  382  280  370  305  266  433  391  259
    1920  343  429  327  328  384  202  259  335  269  277
    1940  271  297  329  355  365  230  327  339  183  179
    1960  300  281  297  276  348  170  246  272  266  168
    1980  342  211  170  271  397  285  387  251  155  296
    2000  312  270  270  355  352  318  436  288  173  209
    2020  308  259  215  338  279  225  441  299  271  317
    2040  348  280  184  184  247  298  352  436  267  240
    2060  344  257  139  174  215  300  392  513  225  301
    2080  384  256  103  321  285  229  393  451  407  270
    2100  374  287  178  216  252  282  296  440  420  182
    2120  306  213  270  220  366  267  251  305  364  157
    2140  296  206  230  222  307  282  148  235  294  184
    2160  165  289  281  226  273  354  104  261  393  220
    2180  189  409  170  241  325  472  212  287  226  244
    2200  235  217  161  256  413  398  351  273  188  324
    2220  176  267  231  169  454  333  396  314  184  386
    2240  163  239  263  167  387  418  366  290  298  288
    2260  165  155  326  183  362  374  414  311  426  307
    2280  174  266  281  263  307  403  465  198  299  249
    2300  233  285  233  124  246  375  485  320  367  318
    2320  196  361  388  111  214  385  404  236  359  273
    2340  248  423  320   91  273  410  350  255  301  410
    2360  320  302  349  107  359  446  326  411  393  259
    2380  316  327  368  205  254  299  359  227  324  264
    2400  266  263  414  208  198  231  227  412  299  376
    2420  279  239  376  266  245  318  293  324  271  311
    2440  250  210  538  304  282  328  213  318  304  249
    2460  286  272  520  252  264  208  306  273  317  175
    2480  303  262  446  253  165  212  352  246  456  140
    2500  339  219  351  210  325  385  279  259  478  159
    2520  276  189  247  121  303  298  212  429  533  330
    2540  348  167  274  122  336  289  263  296  321  212
    2560  233   84  348   62  365  231  320  288  413  481
    2580  263  104  309   82  311  196  350  281  541  384
    2600  270  183  316  122  259  139  344  263  474  404
    2620  324  372  332  139  270  109  386  239  415  343
    2640  265  442  294  307  228  172  309  281  351  301
    2660  345  402  207  267  176  190  353  360  468  264
    2680  237  367  270  306  406  255  359  297  335  308
    2700  250  252  177  285  478  317  317  320  318  368
    2720  223  129  159  298  422  292  303  221  416  357
    2740  245  209  161  245  419  319  246  214  423  459
    2760  204  285  204  343  394  461  287  176  459  436
    2780  257  353  348  327  431  354  217  135  410  364
    2800  216  292  241  395  460  455  289  105  369  451
    2820  214  323  275  293  394  410  183   90  385  515
    2840  268  313  138  196  348  400  239   45  385  529
    2860  228  326  183  125  344  384  289   60  507  472
    2880  192  308  251  149  255  432  203   76  563  513
    2900  110  387  217  205  245  411  224  169  632  510
    2920  116  413  203  147  275  472  223  180  447  423
    2940  102  389  194  239  302  396  276  123  415  561
    2960   31  364  189  163  300  401  358  109  364  544
    2980   28  476  232  194  339  364  402  176  466  548
    3000   28  432  134  353  318  457  458  140  375  478
    3020   71  509  229  367  393  344  335   97  440  487
    3040  113  342  230  342  415  288  371  180  344  461
    3060  216  354  310  340  429  351  437  146  213  401
    3080  194  474  380  397  367  388  448  164  339  291
    3100  257  507  388  364  493  440  437  186  398  375
    3120  185  384  455  279  338  330  449  157  395  234
    3140  239  398  461  388  385  427  465  166  301  258
    3160  249  376  377  418  383  433  469  286  324  215
    3180  365  385  390  413  434  326  460  287  242  204
    3200  356  428  386  374  513  418  500  254  204  202
    3220  514  386  343  447  270  394  553  230  273  231
    3240  310  440  232  316  317  462  411  366  398  185
    3260  503  253  278  396  226  422  346  302  367  296
    3280  462  312  330  407  171  368  322  268  391   94
    3300  473  309  261  355  210  208  388  190  344  215
    3320  395  315  221  350  182  291  282  103  331  230
    3340  371  255  317  314  235  327  375  171  318  193
    3360  422  210  334  475  255  301  320  264  342  226
    3380  507  220  416  337  344  320  402  137  212  285
    3400  405  263  460  310  456  396  355  211  271  257
    3420  323  482  377  272  379  325  407  131  297  323
    3440  393  394  292  219  312  386  258  168  253  295
    3460  579  319  354  333  356  298  474  165  196  269
    3480  530  326  384  322  447  253  335  150  137  352
    3500  593  240  322  271  496  226  380  171  107  416
    3520  467  197  299  367  504  277  349  139   91  361
    3540  360  232  345  286  390  315  283  207   48  452
    3560  423  255  192  308  372  284  192  138   65  366
    3580  308  250  232  331  505  157  285  105   72  490
    3600  391  285  250  325  508  194  304   89   84  458
    3620  351  335  256  335  341  243  362   57  184  446
    3640  570  371  331  222  340  255  264  125  223  428
    3660  458  300  399  296  282  387  349  171  168  452
    3680  441  394  424  367  319  327  310  178  189  317
    3700  556  364  429  388  299  288  284  313  179  333
    3720  515  369  356  206  222  389  307  265  240  265
    3740  455  368  317  295  272  249  416  248  225  322
    3760  368  282  267  316  344  186  405  193  255  363
    3780  426  265  227  260  280  337  349  195  324  438
    3800  278  388  286  257  302  417  285  311  284  415
    3820  406  401  245  367  316  329  355  380  311  384
    3840  452  454  290  321  305  351  385  389  367  348
    3860  430  367  302  371  371  307  284  297  370  218
    3880  369  255  279  349  312  370  262  365  321  300
    3900  389  268  282  313  399  279  281  391  322  322
    3920  289  240  288  251  546  291  367  288  274  437
    3940  276  246  261  294  481  278  266  350  276  341
    3960  261  186  309  367  375  379  208  276  404  356
    3980  347  361  342  360  393  502  304  294  448  291
    4000  325  247  272  427  427  463  371  354  396  370
    4020  405  270  260  390  467  486  490  400  386  364
    4040  301  316  265  343  455  433  371  325  274  430
    4060  311  231  292  338  358  392  355  279  318  368
    4080  311  377  361  335  470  409  333  266  405  351
    4100  253  408  318  239  402  475  320  452  228  269
    4120  312  381  442  264  371  430  303  360  235  244
    4140  283  292  387  290  379  406  348  271  218  342
    4160  300  381  379  307  262  356  407  370  274  357
    4180  353  308  448  397  225  306  378  301  288  285
    4200  310  257  471  350  165  380  380  305  292  279
    4220  343  272  483  338  176  315  272  323  306  294
    4240  488  383  405  294  424  327  266  412  285  287
    4260  507  395  401  279  439  336  263  471  264  330
    4280  387  361  464  404  487  301  311  484  310  409
    4300  285  311  408  426  390  440  341  555  264  449
    4320  350  299  400  439  416  528  300  413  209  403
    4340  417  336  410  288  369  425  296  379  299  458
    4360  310  251  360  283  404  355  209  316  342  520
    4380  207  234  382  294  390  356  180  393  278  342
    4400  293  283  385  286  392  385  216  391  372  288
    4420  271  358  349  307  401  467  452  355  299  291
    4440  268  408  237  275  464  522  560  408  355  267
    4460  274  354  345  367  525  359  448  574  397  247
    4480  348  311  382  421  460  335  412  642  416  154
    4500  225  300  378  427  401  334  408  507  505  222
    4520  264  286  266  417  374  273  449  489  426  326
    4540  255  357  313  376  349  223  427  419  328  402
    4560  221  281  240  389  362  247  309  303  287  391
    4580  140  346  179  455  401  374  297  292  308  538
    4600  151  367  187  384  476  426  393  321  150  303
    4620  165  324  168  373  516  377  468  277  290  307
    4640  134  236  229  327  354  316  436  309  300  377
    4660  168  279  219  326  372  403  495  318  270  360
    4680  141  232  287  258  242  375  488  334  311  459
    4700  266  223  200  214  170  358  454  263  301  313
    4720  113  189  250  212  255  369  486  412  183  239
    4740  205  349  210  160  363  281  485  427  211  175
    4760  205  294  210  126  423  393  403  378  338  314
    4780  238  279  195  159  370  383  429  327  254  298
    4800  203  294  350  290  360  307  433  384  201  396
    4820  364  447  270  327  430  216  536  406  181  517
    4840  381  433  421  341  486  265  437  356  244  505
    4860  305  473  407  237  381  165  394  267  332  441
    4880  295  319  441  349  354  135  412  314  509  444
    4900  272  267  416  212  480   73  434  434  445  522
    4920  307  331  580  296  405  116  445  483  506  519
    4940  279  289  465  274  369  151  607  352  486  463
    4960  356  242  516  340  383  201  475  366  599  427
    4980  522  294  464  265  430  149  466  245  440  451
    5000  374  401  449  216  393  193  381  223  509  357
    5020  366  432  481  229  400  155  431  179  459  382
    5040  326  422  400  161  428  106  466  258  436  551
    5060  348  388  373  146  378  272  339  239  562  311
    5080  332  380  310  220  402  224  357  226  570  501
    5100  419  264  342  195  525  201  336  284  604  505
    5120  438  270  371  307  456  251  351  310  517  431
    5140  475  214  430  279  559  304  373  284  493  486
    5160  565  296  475  309  493  417  344  233  460  468
    5180  432  298  496  446  419  312  291  362  377  334
    5200  560  345  445  443  333  321  166  343  374  374
    5220  553  382  524  474  222  296  194  329  341  463
    5240  417  397  390  399  300  286  292  310  337  475
    5260  344  409  381  472  343  332  288  387  238  370
    5280  338  350  313  498  408  311  344  298  260  433
    5300  351  265  293  413  347  241  297  343  314  377
    5320  415  296  271  391  338  215  259  258  254  458
    5340  300  290  351  382  423  311  206  258  211  427
    5360  420  273  424  418  344  347  161  277  267  404
    5380  353  255  378  400  328  377  174  293  265  324
    5400  204  370  401  452  303  374  165  322  164  355
    5420  257  499  419  387  319  271  157  344  216  404
    5440  248  478  428  452  339  409  171  193  233  445
    5460  182  398  376  340  295  423  125  203  307  365
    5480  166  331  437  299  338  376  182  303  335  332
    5500  168  258  328  273  322  436  247  213  412  223
    5520  268  361  403  253  463  444  226  363  405  355
    5540  320  225  436  279  499  330  241  329  508  413
    5560  348  213  337  217  380  457  131  436  558  250
    5580  311  335  408  277  514  611  177  446  433  244
    5600  496  278  298  251  447  380  131  391  317  366
    5620  357  242  285  415  386  353  172  396  352  313
    5640  235  284  517  343  354  444  219  299  276  290
    5660  116  260  494  245  340  266  213  368  267  239
    5680  214  415  467  218  432  299  192  416  205  242
    5700  150  279  385  186  455  335  267  370  335  211
    5720  200  316  415  193  289  377  247  297  415  218
    5740  262  304  336  204  343  528  233  352  192  278
    5760  288  406  447  241  295  473  282  391  272  241
    5780  347  379  410  324  231  354  242  442  266  257
    5800  405  349  422  267  277  279  314  384  333  318
    5820  431  216  362  314  245  300  282  399  289  304
    5840  316  182  398  319  244  362  278  260  334  339
    5860  303  218  522  304  243  308  199  255  329  327
    5880  355  183  365  427  306  203  215  188  218  279
    5900  356  206  387  327  318  192  238  184  145  274
    5920  562  157  451  353  332  284  244  302  165  297
    5940  488  220  255  369  390  286  326  181  133  244
    5960  444  244  237  356  320  211  340  189  161  212
    5980  410  219  274  216  364  182  313  270  151  241
    6000  312  171  210  222  237  151  250  178  199  156
    6020  239  196  283  147  191  123  241  188  228  182
    6040  148  194  346  190  172  217  296  352  160  219
    6060  115  229  347  214  310  230  365  329  270  328
    6080  192   72  363  197  318  343  426  376  265  279
    6100  214  118  321  148  281  361  227  392  222  360
    6120  103  191  292  165  318  246  266  342  236  299
    6140  189  278  352   92  366  344  244  380  219  380
    6160  187  282  462  112  318  468  263  387  210  392
    6180  249  279  413  109  296  421  411  313  190  364
    6200  313  251  423  108  228  441  528  425  212  533
    6220  423  252  382  118  171  373  414  408  341  478
    6240  520  137  493  161  301  331  415  391  352  380
    6260  459  120  441  176  357  347  407  481  379  362
    6280  399   96  433  226  421  354  536  355  299  404
    6300  357  106  288  265  376  423  391  191  329  516
    6320  425   94  386  334  547  464  354  215  281  573
    6340  459  146  383  434  512  298  379  314  271  542
    6360  403  170  325  371  553  300  401  420  285  479
    6380  377  263  308  443  425  384  323  508  264  436
    6400  483  299  271  382  368  360  246  418  266  473
    6420  463  197  397  324  347  480  338  292  320  566
    6440  368  231  264  359  299  456  268  283  217  502
    6460  382  228  205  297  300  450  415  243  227  466
    6480  367  237  152  285  272  452  519  245  232  361
    6500  303  323  334  296  327  444  341  206  227  403
    6520  356  423  271  215  382  282  266  193  196  395
    6540  245  516  311  264  436  337  315  192  213  304
    6560  418  396  322  237  415  296  428  234  233  226
    6580  393  301  230  355  387  319  367  236  204  213
    6600  395  298  264  254  310  296  423  282  187  142
    6620  350  324  355  270  367  283  506  248  171  100
    6640  347  300  274  318  381  180  464  160   74   85
    6660  345  326  248  280  372   98  476  244  117  126
    6680  362  548  183  337  374   74  497  253  112  214
    6700  323  432  266  335  431  189  488  178  163  265
    6720  301  444  200  211  364  166  413  217  190  278
    6740  370  448  291  320  303  282  375  222  279  248
    6760  414  509  263  290  155  270  322  279  257  341
    6780  523  615  299  345  162  278  427  243  214  320
    6800  484  541  192  349  158  367  465  360  254  265
    6820  375  489  296  350  125  289  497  230  311  292
    6840  391  383  240  296  244  270  434  369  372  287
    6860  397  520  288  331  298  290  406  395  301  279
    6880  482  374  324  273  344  419  354  372  355  437
    6900  326  374  277  257  233  349  488  358  341  490
    6920  336  436  264  217  290  331  376  250  338  549
    6940  479  385  348  356  297  343  382  336  198  416
    6960  409  450  295  326  228  291  330  360  227  311
    6980  262  480  296  260  312  277  467  408  173  366
    7000  289  460  372  261  267  263  433  308  211  399
    7020  382  516  493  286  251  244  362  306  166  387
    7040  394  462  431  352  317  208  318  327  222  421
    7060  286  380  346  422  351  383  362  298  212  335
    7080  403  431  296  299  385  376  312  296  270  431
    7100  483  410  220  440  459  303  208  365  217  440
    7120  399  407  246  461  416  185  283  398  202  493
    7140  316  398  266  406  498  224  282  357  217  409
    7160  203  326  246  432  388  175  290  426  283  400
    7180  237  449  315  427  252  197  381  359  286  450
    7200  211  390  307  536  331  298  425  362  208  272
    7220  208  306  260  395  324  339  425  317  279  267
    7240  188  321  325  454  455  446  375  300  312  332
    7260  103  287  260  247  449  329  435  405  235  391
    7280  100  383  365  200  266  296  335  461  185  405
    7300  187  398  319  360  298  179  303  400  258  357
    7320  133  391  346  427  278  165  417  365  256  410
    7340  157  332  289  558  332  137  405  668  222  384
    7360  185  479  346  454  376  230  417  493  335  372
    7380  384  380  323  487  374  251  440  378  295  422
    7400  337  444  285  433  418  277  350  404  292  524
    7420  401  443  334  398  400  238  415  369  346  407
    7440  358  336  408  448  396  274  481  373  349  298
    7460  364  411  338  298  336  272  375  329  354  352
    7480  523  369  317  255  412  267  344  293  300  324
    7500  429  373  299  319  387  306  336  368  255  333
    7520  523  254  228  449  250  350  498  476  280  380
    7540  388  422  258  391  268  270  421  440  218  380
    7560  416  385  310  406  263  307  409  528  271  309
    7580  377  314  342  419  369  333  248  392  239  249
    7600  261  325  348  526  364  277  198  374  291  193
    7620  492  275  285  406  308  193  182  342  249  276
    7640  432  305  230  426  336  170   88  294  217  335
    7660  557  418  220  382  250  185   68  242  118  284
    7680  574  423  254  377  308  189   67  228  213  420
    7700  360  380  345  334  291  273  123  274  246  433
    7720  328  412  250  306  281  256  163  331  280  327
    7740  293  456  339  268  229  269  205  229  373  210
    7760  281  507  321  359  371  202  295  260  485  205
    7780  293  331  341  392  387  204  346  254  498  313
    7800  407  389  259  292  285  287  233  237  485  256
    7820  294  341  291  440  203  169  260  303  488  323
    7840  210  366  319  434  193  222  271  231  453  418
    7860  190  377  432  491  303  126  270  299  382  398
    7880  215  481  396  362  179  146  298  180  451  388
    7900  300  368  287  430  244  149  321  149  377  293
    7920  219  417  283  287  311   64  223  160  238  304
    7940  262  438  431  340  399  105  226  169  317  348
    7960  311  401  350  349  427  188  263  155  404  471
    7980  319  426  401  430  292  172  262  254  363  460
    8000  364  402  276  544  216  107  208  460  276  464
    8020  256  415  337  529  161   38  328  465  194  523
    8040  399  339  314  424   60   23  379  524  182  480
    8060  375  411  426  330   94   11  358  427  217  404
    8080  422  425  418  320  161   22  395  406  232  432
    8100  442  319  357  429  239   74  316  441  148  379
    8120  448  277  365  400  234  267  304  530  150  366
    8140  358  247  339  338  192  348  230  477  160  366
    8160  358  338  315  261  190  325  310  519  190  460
    8180  310  371  277  292  177  365  239  514  144  456
    8200  342  355  247  297  202  418  187  434  218  448
    8220  284  497  247  347  329  387  312  364  217  468
    8240  296  452  329  331  298  323  289  284  260  359
    8260  179  440  319  300  227  299  320  392  287  368
    8280   94  346  261  327  298  360  361  323  270  449
    8300  185  372  339  389  312  424  388  472  307  416
    8320  174  487  285  251  301  367  300  440  213  521
    8340  180  331  301  325  218  456  206  355  212  594
    8360  210  357  273  389  122  448  227  372  303  476
    8380  236  306  367  401  165  433  278  391  220  338
    8400  308  387  236  380  248  467  252  461  229  383
    8420  364  431  297  329  345  301  161  333  247  307
    8440  318  292  438  369  320  315  163  352  179  199
    8460  383  291  379  350  223  465  316  438  255  344
    8480  295  341  371  363  271  375  380  307  297  294
    8500  256  397  288  381  294  311  441  528  311  295
    8520  313  413  286  339  263  246  376  514  367  271
    8540  323  351  343  328  222  263  441  376  321  187
    8560  306  425  451  332  278  315  454  269  251  245
    8580  395  311  437  346  217  276  488  302  297  209
    8600  315  434  467  331  276  261  396  353  441  268
    8620  421  538  445  268  232  180  239  534  350  159
    8640  408  471  481  316  167  211  286  524  399  274
    8660  297  371  416  379  253  305  239  527  298  318
    8680  393  364  511  430  223  273  257  537  280  326
    8700  440  415  554  341  280  407  248  495  292  218
    8720  429  329  478  401  293  387  214  485  454  196
    8740  553  495  343  300  223  442  152  428  453  293
    8760  439  396  588  398  194  505  159  356  388  380
    8780  463  359  522  402  176  495  196  429  287  341
    8800  473  410  617  377  170  362  358  376  368  402
    8820  450  392  468  385  210  459  390  464  461  367
    8840  455  399  549  470  313  434  341  462  373  409
    8860  467  446  447  411  374  258  534  414  458  394
    8880  494  470  516  432  333  210  463  419  440  342
    8900  453  430  472  527  432  216  498  433  440  321
    8920  528  467  537  457  307  361  424  421  347  298
    8940  473  478  522  415  181  271  371  495  309  413
    8960  445  377  559  402  177  252  402  421  343  284
    8980  270  347  515  390  231  290  409  507  342  247
    9000  379  320  484  328  248  248  398  420  259  314
    9020  485  426  448  325  243  285  461  493  361  259
    9040  314  459  384  396  221  327  361  573  415  301
    9060  391  414  423  378  260  266  449  471  467  339
    9080  292  376  463  485  288  226  376  412  421  315
    9100  360  301  428  425  271  190  411  462  421  364
    9120  362  282  443  387  372  253  400  463  356  318
    9140  304  429  478  394  259  272  365  455  284  307
    9160  341  376  522  421  310  167  344  426  225  245
    9180  242  422  519  402  290  276  433  458  329  219
    9200  201  443  417  509  444  258  363  478  516  256
    9220  286  447  404  439  356  186  345  325  409  279
    9240  256  402  513  429  279  115  290  387  357  342
    9260  338  365  482  528  410  162  217  165  410  453
    9280  359  388  527  483  350   88  246  141  263  509
    9300  405  307  488  464  395  144  465  286  371  402
    9320  365  320  440  427  330  206  500  325  389  340
    9340  432  434  413  408  306  186  461  300  439  357
    9360  453  382  393  456  323  192  472  470  372  341
    9380  417  344  382  533  213  130  564  390  483  356
    9400  489  329  385  592  259  145  538  508  414  370
    9420  546  323  316  655  186  166  381  392  428  384
    9440  544  342  309  586  192  234  503  336  363  329
    9460  462  299  320  402  205  275  472  370  415  314
    9480  618  335  273  328  332  249  378  370  429  288
    9500  587  354  181  440  342  182  563  332  296  218
    9520  547  383  254  364  318  107  436  307  314  315
    9540  416  415  222  315  306   88  261  242  283  352
    9560  398  290  360  510  376  168  336  249  219  334
    9580  302  206  268  421  274  300  343  355  200  215
    9600  352  238  349  388  372  303  435  372  197  192
    9620  225  222  380  452  413  460  523  265  166  187
    9640  315  321  379  403  397  513  421  318  193  114
    9660  297  220  283  317  341  417  354  251  353  118
    9680  284  238  159  372  298  341  317  238  292  169
    9700  357  360  105  288  343  257  413  252  176  225
    9720  363  234  109  253  292  355  295  340  146  347
    9740  270  266   71  192  173  321  338  333  148  409
    9760  238  240  109  331  201  310  275  414  126  294
    9780  206  258  163  388  157  298  279  385   63  342
    9800  210  290  121  528  294  334  329  458   79  323
    9820  248  377  138  303  263  369  235  506   79  230
    9840  179  396  172  205  144  303  133  395  146  149
    9860  267  470  252  286  220  329  202  382  124  315
    9880  279  418  351  214  237  236  168  512  232  256
    9900  299  386  356  212  328  324  175  514  187  209
    9920  187  448  355  188  452  289  286  475  196  184
    9940  164  452  350  305  343  348  153  389  250  179
    9960  227  444  350  221  326  441  288  445  388  249
    9980  255  435  492  121  238  272  219  523  320  353
   10000  200  455  260  191  317  294  141  526  353  341
   10020  207  286  403  291  297  375  170  538  272  309
   10040  308  276  330  294  254  339  193  452  228  246
   10060  356  290  338  254  256  406  269  483  197  235
   10080  338  261  316  148  298  388  242  447  267  344
   10100  393  259  271  189  377  377  179  557  274  261
   10120  447  301  242  215  328  420  191  415  308  288
   10140  392  292  294  306  233  412  130  410  225  218
   10160  363  339  421  254  246  414  100  392  267  190
   10180  326  304  446  442  289  452   88  376  334  154
   10200  382  415  295  383  288  333  122  509  317  118
   10220  294  374  324  302  229  350  118  370  407  126
   10240  270  240  331  283  208  350  176  338  461   85
   10260  255  255  321  215  236  281  217  274  402   60
   10280  186  331  342  278  230  235  233  364  400   76
   10300  122  478  473  324  103  146  396  379  408   92
   10320  177  280  485  362  153  242  318  314  370  181
   10340  124  253  448  369  248  287  309  351  291  164
   10360  180  246  402  366  184  258  242  310  353  140
   10380   97  241  505  386  279  340  330  380  536  230
   10400   54  237  475  395  301  255  356  558  574  357
   10420  220  233  454  433  288  215  215  630  419  312
   10440  315  165  439  374  236  169  273  539  357  328
   10460  239  238  281  535  150  297  322  404  373  207
   10480  238  348  328  501  228  292  337  328  512  184
   10500  153  209  402  587  203  215  311  247  432  122
   10520  230  337  310  587  294  193  252  285  440  126
   10540  304  224  392  512  384  189  302  188  379  140
   10560  250  323  265  473  400  176  202  216  326  173
   10580  354  429  284  405  289  164  235  308  350  217
   10600  292  298  300  377  304   88  222  297  293  324
   10620  257  291  286  393  313   68  327  194  245  271
   10640  208  352  218  389  351  104  390  210  262  235
   10660  284  397  278  397  378  103  327  226  173  229
   10680  219  327  267  308  250  125  237  372  158  217
   10700  210  273  209  308  145  145  182  473  204  293
   10720  235  338  298  248  248  195  326  435  233  306
   10740  186  374  222  262  352  196  215  373  191  260
   10760  160  241  264  286  384  219  306  455  161  327
   10780  115  157  245  317  377  224  295  274  239  430
   10800  163  197  208  290  284  231  212  236  210  540
   10820  212  280  241  327  344  219  229  311  231  458
   10840  265  360  303  164  405  207  175  416  256  444
   10860  165  261  256  153  392  119  309  430  243  401
   10880  231  342  252  273  405  139  277  363  265  370
   10900  277  413  138  294  365  197  313  407  313  332
   10920  246  370   72  281  261  181  209  532  193  295
   10940  246  308   46  381  225  209  242  339  260  282
   10960  239  259   40  339  258  375  211  383  178  297
   10980  320  204   28  349  328  434  228  425  171  244
   11000  320  223  112  386  265  464  340  374  210  262
   11020  311  166  215  446  318  398  229  323  228  414
   11040  274  148  217  363  248  346  232  405  366  338
   11060  248  277  334  419  479  302  326  470  297  367
   11080  330  305  350  333  320  351  202  469  341  326
   11100  314  295  301  305  286  465  242  547  317  254
   11120  299  331  348  338  385  369  191  562  301  272
   11140  290  465  489  424  308  388  193  586  327  412
   11160  290  461  458  315  277  307  181  482  265  297
   11180  271  471  412  281  347  259  169  406  332  295
   11200  310  524  405  240  328  195  179  369  387  283
   11220  249  451  355  408  319  218  177  362  318  429
   11240  310  407  320  410  267  195  182  455  327  442
   11260  354  446  396  375  317  272  140  400  307  462
   11280  301  392  239  375  328  342  214  249  264  390
   11300  466  405  170  282  263  292  231  332  271  321
   11320  378  461  149  347  406  265  268  301  313  293
   11340  386  414  230  389  461  236  189  436  355  381
   11360  397  455  234  411  404  355  183  397  407  369
   11380  321  416  256  294  316  194  260  349  288  294
   11400  388  329  303  305  317  224  215  312  368  238
   11420  281  423  238  187  279  179  200  360  440  233
   11440  315  363  299  144  263  244  265  381  423  244
   11460  244  330  252  193  457  313  257  428  416  240
   11480  332  253  207  290  430  306  192  404  324  267
   11500  351  347  212  378  373  239  209  385  329  372
   11520  446  391  214  445  224  303  315  564  399  267
   11540  457  272  232  501  315  277  338  405  475  279
   11560  628  182  280  378  178  269  350  343  503  218
   11580  539  243  321  382  191  355  264  345  413  253
   11600  449  258  358  436   80  445  206  283  291  215
   11620  348  185  415  392  135  415  277  260  363  269
   11640  441  186  341  464  173  503  323  228  464  303
   11660  436  172  308  549  121  306  331  223  309  345
   11680  496  183  286  482  175  283  402  305  237  202
   11700  458  224  228  471  139  357  341  401  246  255
   11720  446  227  263  488  219  477  318  620  260  313
   11740  439  193  240  401  246  380  363  534  382  413
   11760  416  136  421  416  230  279  387  550  376  468
   11780  395  156  493  413  265  192  331  492  406  476
   11800  429  274  471  359  312  156  333  490  351  558
   11820  340  293  555  453  287  192  355  542  268  537
   11840  393  221  459  413  290  215  285  434  270  455
   11860  376  371  445  320  223  276  324  371  269  529
   11880  410  232  300  364   84  282  321  352  380  497
   11900  502  352  323  314   87  294  290  434  455  381
   11920  444  402  308  319  128  207  312  396  480  336
   11940  469  387  261  272  115  249  338  387  491  396
   11960  440  351  266  380  244  230  501  310  378  432
   11980  394  277  342  348  243  157  511  319  405  423
   12000  408  360  320  396  141  134  334  345  399  477
   12020  377  447  204  311  101  178  333  326  438  570
   12040  375  369  364  306  119  163  391  272  449  570
   12060  396  334  483  479  141  138  534  277  514  495
   12080  445  270  463  323  214  107  343  271  504  485
   12100  491  294  458  344  344  171  435  197  413  499
   12120  418  409  370  395  282  278  597  143  489  526
   12140  360  467  366  460  221  337  444  163  529  570
   12160  379  403  383  428  353  390  339  192  489  619
   12180  395  391  403  334  285  349  332  255  352  432
   12200  393  272  491  405  194  440  411  267  282  365
   12220  406  434  289  380  236  451  491  284  328  274
   12240  276  412  342  343  203  456  525  324  334  341
   12260  272  316  402  265  121  502  496  273  394  309
   12280  253  325  383  274  164  500  487  255  395  343
   12300  170  284  358  323  119  443  431  376  513  391
   12320  293  214  354  326  146  400  526  448  297  390
   12340  317  408  394  382  156  359  490  461  347  294
   12360  331  446  367  435  223  417  454  271  330  350
   12380  328  495  413  428  216  336  404  349  241  346
   12400  373  351  311  405  154  258  438  405  362  204
   12420  409  340  258  456  256  254  423  368  292  275
   12440  371  344  326  356  302  231  293  495  317  205
   12460  354  268  460  227  176  253  337  329  374  134
   12480  280  237  460  198  286  442  435  398  328  246
   12500  254  230  599  169  277  416  534  434  352  385
   12520  265  401  553  206  274  302  490  384  469  502
   12540  301  276  489  284  293  441  410  329  337  381
   12560  307  398  504  312  266  409  461  273  287  384
   12580  379  424  373  397  189  346  451  274  269  391
   12600  441  379  391  226  175  421  399  303  222  374
   12620  343  439  429  263  229  492  291  347  173  433
   12640  356  373  337  348  153  525  225  361  256  452
   12660  276  487  315  271   99  566  249  435  234  404
   12680  397  495  445  215  178  505  318  323  285  375
   12700  408  404  496  258  254  438  366  374  267  365
   12720  317  518  546  257  172  337  325  431  248  394
   12740  326  410  599  226  212  347  300  382  324  395
   12760  347  423  503  313  315  277  401  342  397  259
   12780  289  376  479  401  378  330  521  527  338  288
   12800  308  326  707  399  243  408  297  369  403  283
   12820  333  348  537  343  244  336  321  286  455  325
   12840  367  386  526  338  313  510  386  373  418  356
   12860  360  446  532  277  216  531  274  260  298  454
   12880  365  439  499  320  310  483  324  187  358  361
   12900  402  483  485  375  289  447  328  319  218  376
   12920  401  471  530  411  219  390  314  351  182  312
   12940  278  418  482  288  258  473  295  357  184  314
   12960  378  354  417  348  245  403  407  342   80  301
   12980  413  367  369  347  221  365  363  426  167  294
   13000  417  476  375  320  209  386  353  311  189  390
   13020  400  551  479  421  146  365  364  329  180  323
   13040  258  508  351  259   72  444  431  325  165  196
   13060  498  468  389  182  142  372  330  361  293  245
   13080  469  553  390  158  235  392  338  406  219  186
   13100  415  422  397  106  169  406  401  529  214  364
   13120  450  568  343  147  175  395  452  377  238  444
   13140  471  364  320  145  229  434  459  355  203  350
   13160  368  269  273  161  267  431  323  382  260  317
   13180  370  192  325  123  228  324  361  493  257  378
   13200  383  314  448  216  272  434  330  360  258  464
   13220  312  226  400  221  191  438  358  442  299  439
   13240  444  324  347  332  231  405  279  478  239  397
   13260  387  307  266  309  279  400  284  409  169  448
   13280  318  328  377  277  272  301  366  486  268  478
   13300  494  426  317  353  499  363  330  493  165  401
   13320  464  380  234  277  535  352  304  443  118  384
   13340  546  401  298  182  588  273  338  376  174  381
   13360  518  390  272  223  443  270  396  398  302  334
   13380  488  381  353  272  443  366  351  459  326  412
   13400  489  312  181  292  564  435  282  418  246  316
   13420  484  270  166  289  434  473  400  443  235  372
   13440  412  349  172  334  431  440  283  364  210  383
   13460  608  286  173  174  437  406  368  304  210  324
   13480  572  285  180  129  495  393  353  316  275  338
   13500  346  277  258  126  359  387  356  345  351  398
   13520  507  252  300  238  401  440  515  291  446  364
   13540  505  287  315  223  444  431  499  212  415  306
   13560  447  343  340  254  513  355  362  280  343  229
   13580  484  479  330  197  431  366  498  310  277  228
   13600  395  412  442  230  430  431  508  388  241  265
   13620  372  347  358  160  456  429  458  335  302  225
   13640  299  238  493  105  491  367  478  299  367  216
   13660  217  357  466  217  507  358  375  310  459  284
   13680  157  271  482  266  519  401  456  407  408  333
   13700  212  278  460  280  509  471  443  482  393  391
   13720  309  165  361  302  391  431  425  519  394  298
   13740  297  155  439  414  277  372  395  405  477  380
   13760  341  216  390  547  376  388  471  361  646  458
   13780  351  264  404  501  349  311  383  568  528  389
   13800  384  241  223  395  385  342  379  492  533  399
   13820  376  177  357  450  258  289  457  424  420  320
   13840  289  241  361  437  232  287  345  480  542  240
   13860  236  309  344  309  244  241  364  455  614  249
   13880  326  308  326  324  299  307  405  367  361  285
   13900  397  437  500  326  237  227  350  403  337  236
   13920  281  467  405  239  330  228  342  372  451  320
   13940  324  426  415  330  223  292  406  382  386  305
   13960  379  320  412  340  212  310  449  385  385  238
   13980  406  423  431  296  117  362  341  361  405  381
   14000  457  288  300  290   99  516  321  473  388  388
   14020  480  474  505  271   64  447  427  380  283  330
   14040  338  366  447  328   75  310  450  434  320  449
   14060  285  320  434  241  144  412  502  422  183  397
   14080  365  333  391  299  255  537  537  444  184  355
   14100  322  428  466  235  364  493  498  493  223  346
   14120  364  310  434  195  377  442  430  367  324  429
   14140  295  342  363  350  323  537  388  310  361  491
   14160  310  446  290  353  349  532  360  324  347  387
   14180  480  400  416  439  416  483  328  323  271  458
   14200  381  270  426  407  324  432  346  357  416  497
   14220  497  191  423  471  331  398  441  344  372  412
   14240  573  249  391  428  417  408  316  418  314  338
   14260  385  343  367  428  545  388  366  374  360  214
   14280  318  289  332  334  398  379  427  253  341  193
   14300  435  279  362  357  475  350  382  248  386  216
   14320  378  178  427  374  525  333  302  291  528  335
   14340  356  356  383  480  525  274  296  255  501  261
   14360  323  294  364  519  571  296  278  255  420  256
   14380  297  393  269  590  477  308  252  269  513  315
   14400  300  521  336  488  446  460  253  381  485  344
   14420  493  384  393  376  466  398  279  393  382  312
   14440  467  359  365  429  415  357  272  381  414  232
   14460  432  352  271  393  498  297  288  418  354  301
   14480  323  303  293  423  459  256  283  500  392  390
   14500  502  301  393  458  470  218  282  452  329  291
   14520  410  284  146  477  331  241  242  406  300  300
   14540  496  299  305  460  313  229  202  493  311  295
   14560  426  270  320  502  365  250  263  473  398  271
   14580  503  330  376  378  415  240  353  438  449  272
   14600  479  331  266  311  383  239  368  515  425  245
   14620  420  321  264  300  345  177  307  438  400  154
   14640  393  331  234  258  231  224  276  427  601  193
   14660  333  221  287  214  235  338  287  465  579  251
   14680  428  251  233  259  252  312  306  470  423  175
   14700  451  291  194  226  322  196  332  401  437  247
   14720  246  327  182  276  287  286  416  329  469  246
   14740  218  370  236  235  292  246  414  343  432  184
   14760  244  320  244  236  244  354  433  292  464  248
   14780  261  382  239  280  319  386  461  239  357  279
   14800  259  286  158  386  393  310  390  261  355  392
   14820  303  382  271  440  357  287  424  340  284  278
   14840  297  166  236  359  303  323  486  400  282  257
   14860  241  119  311  454  316  267  393  481  245  362
   14880  332  123  283  391  369  265  398  592  342  491
   14900  363  104  321  545  293  250  296  501  322  525
   14920  369  159  437  513  321  286  409  350  425  486
   14940  402  241  456  477  359  296  414  361  345  427
   14960  470  232  498  436  296  328  467  341  416  428
   14980  403  278  472  480  432  248  359  340  284  307
   15000  498  184  471  400  463  304  393  415  200  333
   15020  378  217  377  384  412  156  345  438  300  315
   15040  338  251  264  282  341  210  388  316  398  368
   15060  308  312  273  299  280  160  429  206  511  394
   15080  254  313  246  391  362  198  592  231  383  413
   15100  248  327  345  314  371  265  338  332  576  485
   15120  426  431  327  381  318  265  431  281  412  389
   15140  406  377  393  430  241  264  381  323  420  443
   15160  433  327  460  293  275  237  305  319  330  558
   15180  409  312  485  247  280  258  322  262  265  501
   15200  437  336  430  312  282  177  288  322  282  534
   15220  350  264  427  308  342  146  239  408  290  427
   15240  307  344  491  226  300  224  244  383  189  361
   15260  352  368  373  239  353  214  395  462  258  399
   15280  324  477  407  201  319  255  308  462  296  358
   15300  263  402  513  360  330  312  304  372  363  288
   15320  293  463  485  373  292  295  260  472  385  333
   15340  299  447  308  252  443  296  318  351  215  398
   15360  322  467  276  226  333  213  258  318  266  399
   15380  267  444  360  251  294  174  212  285  377  299
   15400  261  471  352  204  207  390  208  291  384  355
   15420  362  410  355  199  242  371  286  326  392  379
   15440  388  504  300  176  289  435  280  333  378  351
   15460  301  470  387  100  312  347  165  428  389  462
   15480  295  460  361  209  346  266  101  312  294  238
   15500  299  576  356  231  379  354  179  271  473  217
   15520  251  459  223  380  380  422  200  310  457  265
   15540  197  469  208  359  310  386  290  359  351  452
   15560  260  470  247  420  407  306  365  265  340  423
   15580  279  409  279  415  378  370  313  292  383  385
   15600  351  441  426  434  378  358  250  384  372  343
   15620  290  439  382  372  382  297  301  415  293  457
   15640  312  368  282  431  326  271  270  313  257  437
   15660  306  310  152  452  350  322  344  285  208  624
   15680  221  364  175  229  383  509  321  259  141  518
   15700  267  399  209  248  304  350  231  377  202  348
   15720  309  350  330  336  382  353  222  383  248  382
   15740  271  240  339  363  355  452  311  331  187  420
   15760  358  131  388  379  348  494  112  450  156  492
   15780  314  164  521  455  403  394  135  428  150  366
   15800  300  279  409  260  243  388  173  407  177  361
   15820  165  462  395  275  239  307  180  255   56  368
   15840  151  469  523  334  250  508  182  421  106  452
   15860  271  345  491  348  188  449  204  393   60  533
   15880  300  262  517  382  233  568  121  351   64  619
   15900  333  283  523  353  218  565  111  354  137  494
   15920  311  311  406  428  211  554  133  409  122  448
   15940  341  359  402  524  227  376  150  343  125  447
   15960  312  378  340  408  197  514  118  307  155  563
   15980  311  322  445  385  199  363  117  481   42  373
   16000  301  299  390  438  301  451  112  471   24  452
   16020  233  215  370  396  310  354  175  513    2  367
   16040  168  277  422  283  395  355  200  504    5  377
   16060  184  237  351  358  285  360  261  591   41  448
   16080  116  258  401  428  270  264  350  471  149  440
   16100  138  283  333  325  310  386  299  364  280  386
   16120  106  410  353  352  287  354  326  355  448  301
   16140   90  409  368  327  319  372  321  385  413  308
   16160  142  316  425  318  417  500  261  354  439  356
   16180  107  364  347  269  345  410  299  428  355  302
   16200  174  271  289  221  325  359  237  486  425  258
   16220  331  334  180  315  440  413  311  490  513  141
   16240  357  303  228  316  475  446  187  437  402  223
   16260  374  367  161  262  496  308  256  442  427  226
   16280  381  302  169  287  465  272  284  419  363  194
   16300  365  253   76  332  445  241  400  431  379  253
   16320  333  274  192  441  416  216  292  343  333  206
   16340  326  240  175  360  533  309  306  292  295  225
   16360  277  215  150  462  582  278  278  333  316  343
   16380  291  270  253  389  457  277  199  331  353  266
   16400  249  261  310  495  440  260  272  376  379  314
   16420  424  307  392  527  447  373  313  436  308  295
   16440  471  251  430  488  512  421  261  297  278  310
   16460  502  346  379  473  513  425  244  343  197  285
   16480  327  321  405  424  459  286  214  522  306  161
   16500  341  344  446  328  507  338  257  372  240  176
   16520  382  189  545  247  593  387  383  486  257  220
   16540  381  207  433  281  313  514  376  398  218  243
   16560  401  241  329  281  311  424  467  312  238  257
   16580  436  335  231  391  231  445  390  269  274  309
   16600  383  322  269  431  220  441  426  215  253  437
   16620  326  412  322  370  325  393  412  224  275  346
   16640  177  344  334  453  483  498  395  297  316  434
   16660  176  267  294  347  517  460  346  315  288  375
   16680  131  339  235  397  441  524  303  394  268  362
   16700  132  398  376  307  368  529  407  434  170  362
   16720   72  498  361  334  392  503  476  487  276  269
   16740  113  537  321  343  368  497  428  475  379  293
   16760  123  603  388  379  330  374  455  552  301  352
   16780  257  455  455  396  238  384  442  447  238  421
   16800  282  464  411  322  297  247  445  362  255  360
   16820  238  372  480  367  254  261  473  432  236  359
   16840  266  475  486  387  347  325  369  473  247  311
   16860  203  377  458  294  450  271  385  411  207  317
   16880  326  383  286  283  448  335  423  428  234  420
   16900  231  346  349  233  382  324  439  376  272  371
   16920  233  424  376  257  218  232  455  309  282  332
   16940  333  489  248  262  184  282  558  329  336  296
   16960  331  330  233  240  233  336  541  393  337  322
   16980  293  393  155  167  374  346  503  288  310  344
   17000  292  339  233  173  324  392  511  333  261  284
   17020  220  283  363  103  361  366  488  234  235  354
   17040  312  341  386   96  419  522  482  358  207  295
   17060  326  349  335   98  497  389  466  351  219  379
   17080  285  362  383   60  447  440  561  271  303  390
   17100  296  600  359   72  496  394  448  374  242  450
   17120  357  302  428   75  512  520  448  363  226  307
   17140  316  477  585  135  484  548  504  467  365  325
   17160  293  454  550  139  517  565  443  299  407  388
   17180  302  401  430  118  447  500  295  263  361  351
   17200  236  446  411  190  426  463  320  253  448  454
   17220  398  461  384  154  390  417  374  221  419  521
   17240  303  414  463  232  436  497  349  292  379  533
   17260  264  400  478  232  461  340  348  288  397  544
   17280  294  537  466  262  553  232  283  274  417  347
   17300  292  476  427  400  630  305  339  222  331  345
   17320  355  348  462  445  446  357  361  268  304  385
   17340  465  333  440  590  425  270  451  202  400  296
   17360  383  218  397  634  377  323  391  327  505  282
   17380  309  222  280  659  474  361  352  220  557  336
   17400  320  252  232  567  338  346  321  290  672  266
   17420  346  267  206  487  338  429  379  342  460  271
   17440  483  310  222  468  392  331  275  386  509  327
   17460  467  259  361  462  420  420  407  327  399  265
   17480  513  231  238  460  364  369  302  442  457  251
   17500  493  316  212  454  334  492  500  579  467  239
   17520  405  244  227  606  294  477  387  441  397  266
   17540  451  178  238  512  314  441  411  467  277  350
   17560  476  305  219  466  336  431  393  400  280  361
   17580  378  239  152  514  468  358  392  387  399  425
   17600  481  226  250  485  464  399  483  346  250  301
   17620  592  226  224  388  499  345  409  234  334  329
   17640  555  175  336  366  413  289  316  205  320  332
   17660  438  220  251  335  383  277  360  213  247  412
   17680  449  215  245  336  340  446  381  363  250  444
   17700  464  242  222  504  460  409  403  246  300  399
   17720  480  274  303  295  526  481  448  227  328  310
   17740  414  273  248  327  524  379  434  300  336  382
   17760  324  267  367  461  367  397  454  433  377  437
   17780  307  378  426  525  429  350  452  301  419  354
   17800  290  349  373  422  368  339  565  283  296  336
   17820  334  363  485  430  427  309  528  336  277  368
   17840  391  275  458  326  446  373  401  287  393  419
   17860  368  225  425  333  391  284  381  197  401  351
   17880  447  254  348  322  561  290  300  219  443  281
   17900  373  346  540  313  405  360  459  299  427  321
   17920  331  330  528  310  348  389  386  407  404  307
   17940  340  486  389  331  273  328  250  305  369  242
   17960  275  394  293  376  337  378  369  227  310  272
   17980  205  291  467  440  404  463  434  276  257  251
   18000  350  187  521  417  288  476  470  269  335  432
   18020  307  246  553  355  376  477  439  196  447  322
   18040  201  285  402  307  330  385  353  255  428  345
   18060  189  418  335  210  190  343  488  248  390  496
   18080  237  443  289  265  312  404  625  259  383  458
   18100  261  347  337  331  430  389  547  172  324  461
   18120  278  406  392  245  324  491  502  125  260  456
   18140  355  497  579  246  332  492  473   90  287  493
   18160  255  359  508  267  222  409  456  107  473  630
   18180  297  356  420  306  277  346  306   69  460  601
   18200  411  268  375  241  329  356  298  145  485  460
   18220  317  199  393  224  360  455  346  176  484  488
   18240  241  173  404  138  474  557  471  143  486  384
   18260  230  249  519  149  366  521  369   65  460  418
   18280  277  281  514   90  419  429  293   92  453  392
   18300  209  262  460  121  471  501  357   67  369  411
   18320  145  266  425  108  328  569  302   47  386  471
   18340  171  200  459  187  293  648  287   49  260  386
   18360  225  305  361  247  355  600  371   32  296  433
   18380  414  275  307  145  286  493  396   55  408  249
   18400  319  180  216  131  277  473  316  117  511  315
   18420  281  216  380  207  335  456  243  119  291  393
   18440  363  276  370  104  313  487  201  312  330  446
   18460  375  288  354  105  218  491  221  302  427  445
   18480  431  172  342  163  299  362  207  209  463  314
   18500  437  158  346  237  226  305  160  107  501  308
   18520  549  130  333  246  182  332  220  116  410  238
   18540  500  131  360  289  148  323  285  121  503  262
   18560  464  153  448  316  165  311  238  117  483  316
   18580  502  163  423  302  270  309  306  219  497  314
   18600  360  282  431  232  344  281  396  265  295  303
   18620  377  463  362  313  274  363  420  248  360  270
   18640  430  403  249  425  205  311  454  262  340  414
   18660  384  267  267  266  256  363  453  281  327  488
   18680  333  211  439  332  381  485  445  187  366  388
   18700  383  260  404  388  272  430  409  272  414  380
   18720  325  310  309  313  312  355  292  257  318  337
   18740  409  305  314  252  314  249  206  146  375  344
   18760  356  328  237  219  459  239  281  195  421  314
   18780  308  261  250  402  411  304  441  217  307  310
   18800  455  353  225  420  298  368  397  160  249  279
   18820  511  497  298  350  363  405  458  140  392  287
   18840  411  470  385  290  301  415  407  106  404  438
   18860  446  496  410  375  352  403  289  189  337  424
   18880  361  538  405  388  394  279  295  225  209  469
   18900  374  478  303  273  363  271  439  286  232  540
   18920  367  417  220  454  310  212  507  296  176  396
   18940  300  599  197  380  342  196  408  307  250  374
   18960  255  468  250  365  273  122  401  286  340  412
   18980  271  441  287  337  147  138  400  403  324  266
   19000  392  352  247  327  262  227  371  349  314  302
   19020  341  508  348  283  458  332  422  276  417  411
   19040  337  341  404  422  517  335  466  289  432  368
   19060  299  458  421  440  508  367  498  389  439  328
   19080  416  353  251  288  490  435  423  373  369  443
   19100  376  419  248  258  418  398  287  345  450  336
   19120  363  384  306  325  442  334  350  344  360  366
   19140  263  322  308  294  445  431  386  239  317  331
   19160  340  314  461  329  366  446  346  365  385  295
   19180  280  246  305  293  384  436  428  405  246  293
   19200  337  190  305  364  341  403  441  392  316  252
   19220  452  232  219  500  272  412  335  323  354  232
   19240  369  287  219  430  331  329  441  339  240  225
   19260  343  216  250  498  231  302  367  269  325  323
   19280  425  207  335  542  279  237  304  260  338  227
   19300  367  250  308  340  311  162  342  156  384  153
   19320  304  321  369  381  457  245  427  125  464  135
   19340  207  260  293  466  354  238  420  124  465  214
   19360  381  312  300  538  369  266  502  161  433  275
   19380  385  283  227  569  328  305  477  271  396  324
   19400  407  291  212  495  279  354  444  450  321  434
   19420  442  209  145  463  255  278  432  442  275  480
   19440  433  170  164  405  163  274  462  365  300  394
   19460  509  206  240  476  181  182  434  481  329  261
   19480  496  216  305  482  219  206  411  288  226  287
   19500  496  235  201  402  184  229  498  357  204  248
   19520  447   97   84  305  219  227  370  380  155  386
   19540  370  103  138  410  249  317  256  393  118  458
   19560  403   77  161  452  157  323  258  380  196  464
   19580  318  105  206  401  181  385  205  521  262  431
   19600  326  170  164  521  155  317  213  331  409  523
   19620  269  146   71  430   67  292  204  342  439  482
   19640  281  221  144  490   16  288  137  264  226  339
   19660  272  203  235  496   52  389  165  217  231  279
   19680  335  239  174  505   67  388  169  260  255  280
   19700  390  279  139  436   44  382  204  215  233  237
   19720  318  267  234  325   82  420  248  246  386  305
   19740  241  319  338  289   75  357  212  358  250  268
   19760  240  431  358  274  150  355  259  418  282  278
   19780  308  379  371  302   86  348  169  419  262  238
   19800  389  309  297  416  119  396  183  407  281  178
   19820  398  233  230  381  210  392  159  521  269  201
   19840  444  265  294  145  190  415  175  518  329  250
   19860  403  202  280  293  170  426  120  471  266  265
   19880  460  254  234  417  195  426  134  458  234  363
   19900  459  313  174  438  141  340  329  446  251  498
   19920  531  426  228  430  171  503  350  438  169  394
   19940  536  464  210  395  162  539  388  284  264  332
   19960  340  439  212  401  193  507  387  469  284  271
   19980  302  340  204  415  286  516  312  468  339  305
   20000  284  371  139  379  400  415  318  382  349  446
   20020  313  521  161  401  367  431  392  363  402  453
   20040  306  331  260  490  378  426  409  290  482  378
   20060  220  306  284  523  352  306  556  271  407  562
   20080  265  311  254  472  379  418  427  268  317  476
   20100  227  332  238  554  468  328  438  296  320  479
   20120  328  275  194  489  543  273  399  407  384  490
   20140  423  292  269  538  362  332  296  412  336  408
   20160  267  305  192  470  456  339  233  334  359  431
   20180  199  373  199  392  453  372  196  424  452  419
   20200  159  247  194  371  489  399  209  422  535  398
   20220  150  131  261  300  371  419  237  466  431  281
   20240  118  176  302  301  271  450  434  416  628  251
   20260  153  198  300  342  278  425  356  359  465  323
   20280  187  248  319  343  274  364  454  308  454  397
   20300  146  298  273  370  233  327  598  360  432  299
   20320  218  200  287  347  212  328  376  318  415  418
   20340  187   98  301  280  123  314  309  400  338  514
   20360  163   12  390  315  176  430  285  416  253  492
   20380  140   90  386  298  204  470  275  365  295  466
   20400  150  207  375  293  290  407  320  302  263  401
   20420  157  453  446  257  259  316  294  387  300  319
   20440  157  451  464  266  262  544  357  450  233  382
   20460  151  366  376  309  282  555  315  480  216  358
   20480  211  375  299  270  256  523  329  548  219  323
   20500  307  408  158  353  129  561  287  439  234  337
   20520  297  380  153  309  126  616  272  427  295  425
   20540  237  353  148  196  173  456  367  439  455  325
   20560  212  399  210  233  230  420  360  500  485  463
   20580  204  377  200  196  296  463  417  411  446  481
   20600  255  567  252  181  268  479  374  414  421  431
   20620  340  515  152  187  398  546  297  473  244  521
   20640  342  474   37  312  467  375  170  521  257  336
   20660  260  418  156  313  479  387  299  496  150  331
   20680  303  363  129  191  485  513  295  413  172  371
   20700  306  381  203  120  397  514  389  432  182  440
   20720  393  491  158   86  396  325  396  450  167  312
   20740  379  423  136   90  373  449  317  442  198  301
   20760  386  453  146   61  432  478  302  438  234  336
   20780  326  437  258   85  425  525  313  342  217  367
   20800  412  303  288  131  393  441  338  310  278  284
   20820  410  406  278  239  392  381  335  480  285  256
   20840  433  374  316  178  357  315  279  415  260  306
   20860  430  360  352  283  380  365  318  448  222  331
   20880  520  340  312  257  371  366  376  554  332  336
   20900  492  314  355  246  412  290  300  430  249  248
   20920  317  477  335  272  459  264  293  401  216  279
   20940  422  291  283  330  396  212  407  446  233  431
   20960  341  383  268  332  286  181  331  423  345  406
   20980  354  475  222  319  278  131  264  456  302  397
   21000  311  463  149  334  314  247  351  475  236  309
   21020  360  388  190  487  336  283  237  391  168  343
   21040  295  542  354  466  368  268  328  366  220  316
   21060  291  394  233  508  514  217  323  396  273  132
   21080  226  470  343  530  459  212  402  535  412  168
   21100  196  560  341  456  386  246  403  579  270  243
   21120  253  445  359  487  348  224  410  466  385  198
   21140  341  435  394  427  373  298  444  371  336  171
   21160  315  497  317  475  330  268  463  352  299  296
   21180  314  540  279  488  288  350  488  312  299  354
   21200  333  446  342  464  456  281  442  372  296  274
   21220  372  438  408  362  459  251  467  470  267  206
   21240  398  274  424  427  296  297  382  413  350  190
   21260  409  359  450  422  347  276  362  495  276  231
   21280  340  274  601  339  295  281  382  504  324  205
   21300  394  299  481  480  355  165  307  506  293  314
   21320  349  289  479  404  364  182  207  387  346  412
   21340  407  227  467  409  429  246  402  342  314  444
   21360  315  187  471  338  320  265  303  368  347  363
   21380  397  204  417  274  286  281  300  357  260  472
   21400  347  250  375  388  290  375  318  448  195  467
   21420  372  319  289  424  266  464  381  355  222  505
   21440  498  329  298  373  375  347  484  214  313  379
   21460  535  336  284  524  422  524  436  412  331  312
   21480  486  343  462  330  428  375  519  346  392  315
   21500  590  272  382  473  419  475  496  369  394  233
   21520  560  239  460  532  419  476  435  440  496  175
   21540  352  226  480  467  365  366  475  389  373  206
   21560  552  306  445  318  317  365  515  278  393  350
   21580  490  286  442  318  344  371  511  307  395  387
   21600  534  266  493  367  379  389  529  189  429  436
   21620  412  323  528  255  329  432  629  268  366  493
   21640  391  309  550  309  465  296  312  302  437  475
   21660  402  475  540  397  535  288  293  310  363  375
   21680  396  487  699  522  412  476  370  315  405  314
   21700  398  474  473  441  306  449  299  279  276  402
   21720  379  429  522  477  240  512  258  297  208  396
   21740  374  425  469  582  333  434  273  278  282  406
   21760  257  572  533  577  324  342  363  293  271  368
   21780  289  362  459  518  275  310  291  252  223  433
   21800  401  309  414  541  214  373  273  251  208  504
   21820  361  330  510  512  373  264  271  360  193  551
   21840  465  295  411  369  336  304  113  306  373  490
   21860  463  233  473  496  315  237  154  200  308  366
   21880  336  422  580  550  317  192  167  149  329  482
   21900  396  536  637  529  295  346  204  190  261  436
   21920  434  508  583  574  254  328  258  304  286  531
   21940  491  399  580  436  280  264  331  237  383  597
   21960  457  449  527  444  228  247  330  238  249  549
   21980  388  483  453  436  307  194  233  191  349  434
   22000  302  470  389  488  376  322  154  191  251  380
   22020  339  414  407  574  294  258  165  226  305  432
   22040  327  416  313  481  335  177  188  246  263  418
   22060  304  390  432  540  314  161   98  230  230  377
   22080  438  379  454  529  385  277  134  341  256  441
   22100  381  293  310  422  388  326  120  321  148  338
   22120  362  357  379  484  300  218  236  389  129  309
   22140  341  433  266  514  354  195  388  377   59  421
   22160  399  379  326  575  356  223  386  275   76  312
   22180  436  320  264  466  298  299  349  305  106  309
   22200  402  556  254  619  331  315  276  286   34  394
   22220  319  428  364  562  218  238  224  249   28  305
   22240  283  565  196  432  273  254  202  212   44  446
   22260  290  406  279  434  289  267  275  202  105  473
   22280  294  376  322  340  314  348  312  205   93  504
   22300  326  441  394  437  170  396  325  229   89  549
   22320  372  440  347  441  103  327  367  290   56  432
   22340  369  352  312  481  105  336  229  301  137  339
   22360  353  300  306  365  189  211  252  185  191  420
   22380  353  278  235  425  231  250  249  248  211  317
   22400  320  297  317  315  255  328  145  209  218  290
   22420  424  287  351  307  294  300  204  207  250  266
   22440  471  370  291  269  194  336  271  256  278  256
   22460  452  378  447  279  233  388  161  136  412  296
   22480  466  352  359  337  229  297  184  188  495  237
   22500  465  326  280  302  311  273  265  200  384  364
   22520  369  416  373  298  184  255  358  204  394  201
   22540  369  238  371  454  150  272  334  225  332  188
   22560  388  226  302  322  133  234  284  258  349  254
   22580  417  325  321  298  139  281  413  230  319  306
   22600  520  288  447  277   97  429  412  228  278  274
   22620  374  363  471  248  216  412  480  312  416  403
   22640  471  282  350  263  209  444  427  260  458  547
   22660  431  289  286  362  300  346  401  272  314  435
   22680  450  287  364  309  412  285  400  281  280  463
   22700  431  384  234  317  437  275  391  299  228  507
   22720  361  318  207  342  391  352  443  244  230  422
   22740  351  262  235  372  410  297  356  160  298  424
   22760  398  319  183  332  371  321  294  206  295  434
   22780  345  170  231  353  368  241  402  439  310  407
   22800  317  214  242  351  432  213  337  391  445  352
   22820  368  236  339  372  435  292  459  369  478  368
   22840  238  271  354  313  528  488  327  499  464  296
   22860  228  223  266  260  460  393  443  424  424  448
   22880  321  248  282  236  358  357  428  305  432  394
   22900  215  292  336  241  436  407  452  399  402  365
   22920  255  468  384  267  411  341  366  379  356  330
   22940  360  471  405  314  343  266  333  287  363  402
   22960  408  399  452  313  413  303  305  364  295  487
   22980  413  373  391  413  327  218  251  389  369  432
   23000  397  392  423  442  303  279  297  465  321  522
   23020  310  425  459  386  321  275  376  355  327  569
   23040  390  324  471  332  379  270  360  402  317  484
   23060  453  431  399  425  396  228  397  379  278  518
   23080  450  268  341  364  434  141  308  383  124  527
   23100  393  223  376  246  396  139  292  559  150  524
   23120  393  196  386  273  472  258  272  408  114  568
   23140  328  287  381  453  421  360  309  521  140  367
   23160  358  264  410  286  333  447  316  444  198  430
   23180  330  332  499  229  384  367  255  428  155  426
   23200  254  387  512  290  341  254  312  474  135  439
   23220  316  328  272  396  348  311  283  516  204  379
   23240  325  374  286  314  399  252  359  467  202  229
   23260  398  410  377  325  343  260  294  305  249  201
   23280  298  401  470  400  341  235  331  396  437  304
   23300  311  445  489  413  416  271  425  316  354  206
   23320  321  398  335  589  331  263  334  241  409  268
   23340  396  413  314  496  332  252  266  235  542  296
   23360  305  323  383  488  413  215  312  401  427  280
   23380  396  287  366  540  361  216  312  294  444  258
   23400  418  295  358  446  589  168  261  334  378  233
   23420  314  509  285  361  396  141  273  363  447  269
   23440  348  483  370  232  523  162  415  318  315  239
   23460  342  428  326  389  432  181  383  338  313  376
   23480  313  393  303  314  446  223  467  307  259  363
   23500  381  352  340  354  561  281  383  501  226  365
   23520  390  245  398  294  533  228  357  358  201  309
   23540  262  327  458  464  446  264  366  422  191  475
   23560  248  465  474  398  443  243  355  390  288  501
   23580  307  314  488  371  424  270  385  381  314  328
   23600  262  344  457  502  348  227  268  323  362  221
   23620   97  295  301  450  293  241  380  428  339  270
   23640  115  365  306  561  297  135  397  356  366  406
   23660   92  454  323  385  281  159  381  298  316  352
   23680   99  386  283  422  272  150  374  366  392  452
   23700  212  336  240  468  245   99  368  230  526  354
   23720  157  361  119  529  192   30  352  283  421  471
   23740  248  392  232  478  205   65  401  317  454  416
   23760  212  477  227  304  245   72  463  377  492  410
   23780  189  323  205  377  139   97  513  285  590  468
   23800  255  422  236  393  196  190  298  303  584  416
   23820  206  405  351  439  199  219  401  251  481  381
   23840  265  291  233  409  132  230  399  286  475  384
   23860  245  414  280  403  181  169  404  359  446  368
   23880  320  264  379  367  247  192  497  348  384  278
   23900  297  384  465  482  333  141  541  455  394  389
   23920  216  331  482  551  277  233  413  493  355  427
   23940  258  320  370  395  295  294  394  447  307  393
   23960  314  244  354  400  452  265  399  399  359  461
   23980  318  302  347  304  379  298  305  393  380  479
   24000  260  377  410  396  255  301  337  324  470  384
   24020  307  389  331  454  342  284  364  308  494  455
   24040  343  263  405  414  328  352  348  286  547  413
   24060  365  246  446  429  274  299  283  458  531  435
   24080  440  297  454  370  294  278  291  356  397  415
   24100  381  353  395  303  427  313  330  458  462  493
   24120  400  307  279  371  467  173  402  403  374  422
   24140  319  333  300  335  445  348  398  294  467  372
   24160  402  264  388  329  412  462  441  390  423  402
   24180  380  249  398  371  534  413  399  542  387  494
   24200  366  264  318  444  480  305  461  409  517  397
   24220  367  284  314  423  358  279  347  451  474  500
   24240  295  403  304  459  321  330  415  304  456  405
   24260  293  354  274  436  447  357  459  275  421  357
   24280  246  268  342  409  411  227  455  291  390  414
   24300  305  277  369  379  371  277  349  349  335  380
   24320  309  237  368  498  448  247  392  256  261  434
   24340  421  245  296  386  360  200  453  290  308  378
   24360  427  183  237  392  422  128  469  296  404  433
   24380  363  228  280  420  362  207  373  203  344  338
   24400  259  166  244  358  510  192  489  247  336  338
   24420  404  194  132  339  427  257  483  219  322  443
   24440  304  222  237  291  318  449  542  266  302  368
   24460  469  270  273  302  365  247  500  212  319  444
   24480  459  262  230  288  346  180  496  208  294  365
   24500  407  255  244  403  355  252  325  281  332  420
   24520  403  177   91  272  345  251  270  280  337  295
   24540  355  298  155  252  494  372  287  190  366  383
   24560  361  310  175  304  458  342  240  274  381  405
   24580  475  164   57  403  318  289  276  183  360  321
   24600  424  202   62  323  349  235  405  146  465  416
   24620  502  242   90  315  406  235  383   51  574  312
   24640  345  270  105  253  395  175  455   71  487  333
   24660  394  444   63  199  361  251  516   60  447  365
   24680  372  463   70  215  374  241  494  107  423  303
   24700  313  413   37  239  350  214  474  262  463  302
   24720  398  424   40  263  355  172  378  365  422  329
   24740  270  460  129  384  339  256  409  380  421  356
   24760  265  290   83  398  401  242  536  503  558  378
   24780  245  236   80  422  478  230  563  375  402  442
   24800  273  255  114  377  452  232  482  191  437  429
   24820  280  383  198  324  469  241  476  245  442  448
   24840  289  332  222  401  363  157  482  204  502  450
   24860  378  356  134  368  348  149  490  274  475  380
   24880  432  336  213  342  408  138  523  200  446  370
   24900  336  423  148  286  465  150  361  289  416  340
   24920  291  426  155  228  303  236  337  357  421  242
   24940  235  435  143  216  176  316  355  286  415  367
   24960  252  295  164  191  136  405  428  268  429  330
   24980  274  340   84  188  227  500  421  266  423  302
   25000  195  398   53  311  241  378  356  343  321  335
   25020  275  331   86  352  197  366  320  299  401  372
   25040  419  323   99  410  176  381  428  219  358  303
   25060  349  325  156  361  159  395  432  254  391  366
   25080  246  383  204  361   84  358  336  270  364  388
   25100  225  441  258  386  134  391  350  200  440  289
   25120  274  473  264  433  128  504  407  266  271  274
   25140  276  388  365  478  134  380  384  395  306  288
   25160  260  307  312  409  143  479  429  451  302  267
   25180  354  335  260  432   49  403  465  294  352  259
   25200  360  362  375  392   95  412  424  381  350  301
   25220  405  279  305  339  200  287  477  382  294  264
   25240  313  312  389  379  165  395  403  416  330  203
   25260  264  369  299  331  122  337  323  501  361  293
   25280  406  397  464  506  151  302  412  549  316  226
   25300  269  325  450  498   89  379  382  486  335  122
   25320  277  244  423  360  156  323  415  552  325  132
   25340  347  212  301  430  177  349  379  538  325  224
   25360  311  364  304  396  158  472  456  550  244  210
   25380  469  351  398  323  219  388  299  560  338  280
   25400  470  357  457  364  257  414  222  542  399  273
   25420  459  410  361  378  341  410  325  484  474  290
   25440  460  392  424  303  307  472  243  411  376  301
   25460  343  439  402  434  311  366  316  332  315  227
   25480  308  549  398  455  346  270  359  445  382  241
   25500  263  428  308  343  216  260  506  442  326  226
   25520  324  366  305  584  175  228  532  387  511  295
   25540  247  381  252  491  126  282  425  448  583  185
   25560  394  388  186  428  223  167  368  384  651  257
   25580  461  421  256  385  335  137  391  445  500  202
   25600  509  432  414  446  327  182  378  418  520  128
   25620  429  528  474  362  329  265  474  367  457  140
   25640  459  537  426  331  298  204  380  342  476  198
   25660  484  407  383  300  255  165  354  278  444  247
   25680  583  454  395  354  211  150  311  292  496  225
   25700  513  411  331  445  332  164  318  291  501  242
   25720  598  467  324  421  284  194  317  264  599  251
   25740  446  430  256  321  412  220  334  216  502  173
   25760  457  436  402  313  371  153  402  258  483  159
   25780  393  457  329  356  349  204  304  275  635  213
   25800  374  493  361  377  346  213  349  271  479  368
   25820  335  395  263  359  340  194  340  229  377  279
   25840  352  372  300  427  303  253  277  257  300  366
   25860  259  373  281  432  321  255  316  222  326  336
   25880  279  728  211  445  349  300  337  307  310  415
   25900  295  581  261  492  287  317  355  268  390  394
   25920  342  491  276  407  329  405  327  218  469  375
   25940  291  485  204  355  296  374  229  119  459  295
   25960  328  518  152  392  248  347  183  150  502  369
   25980  385  540  108  343  292  299  176  270  401  329
   26000  344  333  240  392  238  222  131  304  427  398
   26020  203  362  312  388  245  176  159  300  402  390
   26040  275  376  196  374  311  180  211  293  347  392
   26060  355  412  305  447  274  144  199  261  426  355
   26080  248  410  181  363  244  176  251  256  315  387
   26100  214  431  308  299  307  229  379  437  404  328
   26120  148  381  385  272  323  156  291  286  406  326
   26140  168  330  371  245  209  158  248  330  543  259
   26160  199  389  259  218  171  145  132  351  503  262
   26180  149  391  276  314   99  252  235  303  367  196
   26200  247  511  300  391  158  391  273  430  341  265
   26220  209  441  388  293  256  308  323  360  264  285
   26240  174  405  348  422  307  215  353  299  306  200
   26260  266  424  322  430  316  189  404  378  274  180
   26280  289  368  320  331  353  381  501  400  232  188
   26300  211  354  350  334  491  441  460  340  337  161
   26320  175  213  411  388  381  417  379  330  295  171
   26340  151  168  373  508  391  396  391  277  296  150
   26360  136  209  396  490  353  365  295  338  371  232
   26380  212  127  385  492  376  341  333  412  449  231
   26400  316   88  301  476  444  408  270  419  397  244
   26420  295   74  292  499  341  357  230  418  371  259
   26440  361  136  311  368  434  453  212  391  329  216
   26460  238  283  390  338  339  412  263  536  273  262
   26480  163  171  425  303  363  360  373  426  214  213
   26500  164  234  221  292  449  374  297  399  258  305
   26520  288  127  179  242  434  377  263  421  293  351
   26540  221  135  292  234  339  367  175  342  410  266
   26560  183  109  364  307  340  486  108  412  389  187
   26580  135  202  455  412  362  531   27  398  394  227
   26600  147  161  518  318  356  433   19  450  332  379
   26620  170  200  420  327  410  358   70  401  268  271
   26640  265  326  405  383  468  295   66  380  274  346
   26660  317  301  434  449  459  165  104  269  268  408
   26680  250  302  442  426  305  183   66  300  234  373
   26700  442  376  484  428  332   76   85  316  243  229
   26720  348  331  434  485  170   75   59  213  290  214
   26740  444  322  277  504  244   34   83  384  259  267
   26760  337  402  245  533  288   87  160  335  330  253
   26780  411  337  147  537  251  186  138  297  339  381
   26800  308  370  157  463  143  334  208  202  448  393
   26820  292  328  238  429  242  300  269  297  363  267
   26840  252  284  243  418  200  366  322  325  425  354
   26860  247  306  237  463  390  508  253  289  459  375
   26880  235  339  256  459  385  538  244  279  492  413
   26900  186  226  257  322  465  471  149  333  415  402
   26920  184  288  278  337  508  477  202  338  358  297
   26940  279  331  258  335  392  486  179  381  505  238
   26960  241  340  300  489  370  476  255  445  538  340
   26980  271  246  266  504  335  556  271  372  534  201
   27000  264  276  203  324  496  547  394  469  415  158
   27020  377  417  230  388  441  483  422  310  395  192
   27040  321  407  342  420  464  426  320  269  476  252
   27060  428  291  344  474  348  483  398  397  236  232
   27080  276  370  266  427  432  468  296  344  251  261
   27100  288  425  142  370  437  459  370  360  306  299
   27120  340  368  119  399  612  436  321  389  314  342
   27140  369  279   84  581  488  491  338  465  271  362
   27160  260  269  143  420  522  401  268  392  226  335
   27180  182  217   85  373  252  426  397  299  279  275
   27200  115  205  210  207  328  400  396  245  377  358
   27220  160  142  274  369  305  410  445  311  423  434
   27240  229  261  294  379  499  356  370  500  477  416
   27260  349  309  344  342  347  290  417  514  497  431
   27280  307  301  370  367  319  370  459  470  480  408
   27300  310  425  441  426  358  351  386  412  385  331
   27320  258  386  457  416  439  403  508  393  241  443
   27340  319  372  580  536  456  283  508  410  251  343
   27360  353  290  494  430  353  306  494  413  318  397
   27380  310  290  575  401  267  295  591  408  285  385
   27400  323  318  567  432  320  191  421  359  337  453
   27420  365  403  537  428  352  292  374  209  413  382
   27440  402  375  524  393  354  344  411  358  321  309
   27460  396  427  362  299  495  216  392  227  273  409
   27480  419  351  282  256  407  319  491  330  272  374
   27500  436  354  346  257  495  328  492  342  281  369
   27520  506  337  265  255  456  443  404  382  247  394
   27540  407  304  255  332  430  368  348  444  301  478
   27560  400  387  279  341  373  322  278  474  314  448
   27580  424  405  296  366  498  410  338  380  349  469
   27600  424  332  334  325  428  356  345  449  375  482
   27620  420  383  344  312  402  313  343  407  280  256
   27640  646  390  497  289  418  399  313  387  415  307
   27660  566  458  448  216  373  268  369  447  348  458
   27680  483  429  396  279  453  192  331  306  343  325
   27700  489  330  399  295  579  314  389  276  426  344
   27720  431  322  297  258  423  315  374  198  373  258
   27740  282  313  370  349  401  358  324  230  335  218
   27760  365  389  463  381  337  306  317  274  342  281
   27780  366  403  412  404  393  388  382  362  306  350
   27800  459  480  476  450  295  416  237  241  345  356
   27820  426  462  347  427  400  330  265  164  352  311
   27840  437  361  293  384  366  253  308  186  372  426
   27860  531  262  233  323  400  370  254  232  485  344
   27880  352  401  234  284  464  448  223  322  447  232
   27900  315  465  228  309  414  446  252  335  411  254
   27920  343  362  366  220  401  365  248  265  533  237
   27940  365  421  413  198  328  395  335  175  429  181
   27960  324  410  410  244  282  432  419  113  438  317
   27980  308  326  532  215  260  361  403  172  538  279
   28000  313  343  602  345  250  400  463  184  480  336
   28020  262  386  524  384  389  381  492  330  464  383
   28040  285  343  506  409  273  390  473  384  552  328
   28060  370  410  403  363  237  369  574  381  426  197
   28080  343  284  483  459  208  254  458  444  340   95
   28100  341  320  462  392  246  374  380  339  391  178
   28120  313  332  466  338  210  386  441  309  289  173
   28140  485  367  502  261  139  527  494  302  373  159
   28160  433  367  440  161  119  418  496  395  274  163
   28180  457  355  447  165  145  302  564  264  285  148
   28200  478  434  417  148  252  365  463  429  296  227
   28220  374  419  448  121  305  493  453  289  243  298
   28240  429  414  354  212  291  465  401  277  263  329
   28260  319  440  405  277  316  374  350  210  264  312
   28280  361  287  361  206  350  290  374  333  214  275
   28300  373  366  430  243  370  304  336  452  261  263
   28320  376  276  382  242  403  324  427  461  387  305
   28340  309  271  321  279  367  158  373  578  399  332
   28360  330  190  373  238  486  174  427  512  245  476
   28380  310  117  437  277  471  230  324  483  293  386
   28400  316  251  400  263  356  372  443  455  374  410
   28420  407  185  451  309  444  384  335  391  348  357
   28440  312  252  414  299  385  420  412  380  307  308
   28460  286  402  387  234  400  372  326  413  223  334
   28480  128  404  393  221  430  299  298  384  270  223
   28500  168  326  247  174  549  305  345  379  391  290
   28520  276  280  163  257  562  258  293  322  359  295
   28540  279  410  239  207  455  263  308  476  337  293
   28560  355  407  113  231  418  324  316  344  264  360
   28580  290  416  233  247  440  401  359  394  335  360
   28600  293  382  218  155  416  432  383  488  324  355
   28620  250  464  205  236  402  261  419  543  449  467
   28640  270  437  314  308  350  385  375  604  382  390
   28660  215  502  320  311  291  478  340  521  352  373
   28680  336  445  423  295  311  365  345  400  431  420
   28700  374  439  346  295  331  346  348  457  468  520
   28720  381  487  235  234  244  417  339  454  511  518
   28740  289  486  283  225  382  423  231  392  473  473
   28760  291  561  250  254  282  327  239  379  510  303
   28780  233  400  313  243  294  348  286  508  526  243
   28800  215  553  295  390  226  383  270  530  442  299
   28820  138  554  318  268  199  333  357  408  453  378
   28840  103  446  344  253  202  374  357  349  488  313
   28860   89  357  388  259   85  388  313  315  406  359
   28880  291  392  279  314  122  526  328  274  357  264
   28900  311  374  383  352  143  494  314  262  412  306
   28920  245  279  376  302  251  513  276  216  285  318
   28940  309  481  384  282  272  388  298  214  368  249
   28960  283  356  424  201  334  322  296  171  340  341
   28980  274  310  403  249  297  343  286  103  181  245
   29000  234  263  418  311  306  286  349   59   90  285
   29020  228  359  342  362  280  309  205  130  135  375
   29040  233  408  389  406  287  317  296   84  179  263
   29060  216  362  413  525  289  377  294   80  195  327
   29080  253  287  383  510  222  412  320  139  148  322
   29100  234  300  469  360  271  350  314  179  158  497
   29120  304  244  456  271  265  266  260  235  151  289
   29140  204  220  438  188  218  324  238  245  199  240
   29160  236  252  512  278  229  311  295  210  281  263
   29180  276  263  454  344  286  195  289  237  284  350
   29200  363  456  509  328  385  260  295  374  326  390
   29220  240  453  397  378  289  401  225  407  289  487
   29240  195  645  262  329  240  434  261  309  321  444
   29260  223  540  352  259  184  428  306  292  162  361
   29280  318  521  377  261  217  422  322  372  170  392
   29300  202  539  324  317  324  488  345  374  211  359
   29320  322  468  401  299  441  406  505  415  326  375
   29340  363  600  435  343  404  428  371  396  349  422
   29360  383  477  559  407  355  513  383  386  333  377
   29380  283  451  549  378  375  429  436  416  248  412
   29400  188  532  574  412  326  347  405  303  135  248
   29420  138  562  601  349  285  403  354  189  122  398
   29440  165  478  565  464  321  428  235  308  170  423
   29460  206  499  396  360  413  533  159  337  110  397
   29480  193  381  456  387  475  434   79  282  169  416
   29500  120  426  313  362  381  433  135  267  163  407
   29520   79  366  147  276  458  384   95  209  221  415
   29540  108  498  234  202  361  332  119  260  310  417
   29560  138  470  222  218  345  414  179  308  277  374
   29580  155  449  258  259  430  437  205  365  260  313
   29600  143  371  212  257  334  375  136  308  344  327
   29620   75  325  176  139  326  253   91  359  394  362
   29640  107  463  199  129  351  369  132  297  311  325
   29660  124  406  191  161  398  325  133  308  393  330
   29680  227  438  123  113  467  353  153  316  413  394
   29700  254  331   85  116  451  307  237  397  348  334
   29720  162  424   59  309  476  333  265  390  281  257
   29740  165  418   42  227  524  429  295  402  294  304
   29760  174  433   51  272  472  446  371  419  343  274
   29780  250  363  156  289  507  439  342  438  292  356
   29800  221  326  196  352  528  422  325  373  301  308
   29820  262  198  169  378  381  338  325  295  281  235
   29840  258  228  260  392  515  374  285  265  361  279
   29860  261  197  230  307  460  401  187  281  334  312
   29880  210  221  298  269  376  318  243  270  451  252
   29900  287  241  362  177  350  379  225  263  455  236
   29920  248  389  367  199  404  418  168  159  444  251
   29940  283  508  327  231  280  345  163  169  315  259
   29960  385  379  174  180  397  434  161  146  293  310
   29980  365  322  194  111  438  403  207  236  329  346
   30000  259  383  171  294  354  427  280  269  301  225
