      20 1087 1005  897  898 1015 1053  967 1025 1023  884
      40  963  991 1014  969  903  976  910 1023 1109  999
      60  972  945  965  847  954  997  986 1110  991  902
      80  907  896  954  987  954 1080  984  985  995  890
     100  980  981  908 1014  873  991  786 1011  963  990
     120  906  922  857  893  928  873  936  883  902  800
     140  878  920  820  940  733  855  934  724  889  850
     160  836  753  682  898  613  828  899  752  876  803
     180  907  824  779  880  784  893  777  764  881  808
     200  926  679  836  740  681  828  699  838  978  797
     220  846  736  918  651  722  807  700  883  723  797
     240  794  687  810  750  893  942  802  737  817  809
     260  633  618  704  759  802  786  854  809  793  761
     280  581  581  666  790  671  884  831  672  676  684
     300  600  583  634  755  751  776  798  570  705  781
     320  699  698  589  609  783  803  831  565  741  717
     340  644  617  626  541  810  702  782  591  734  509
     360  726  684  598  652  691  709  790  508  615  563
     380  639  707  584  603  650  712  740  680  640  763
     400  633  645  555  695  640  743  711  679  641  627
     420  739  734  568  600  626  568  653  618  512  704
     440  534  567  566  729  590  732  680  626  532  608
     460  526  710  551  685  670  643  782  519  534  600
     480  498  565  662  650  688  721  681  610  547  625
     500  600  623  617  699  656  594  595  782  602  635
     520  599  415  503  579  791  580  483  628  404  680
     540  552  436  583  426  587  601  639  700  469  492
     560  549  518  546  460  565  574  639  623  558  603
     580  675  480  619  513  536  541  624  647  603  597
     600  650  552  614  538  647  454  728  541  549  657
     620  580  513  584  551  563  474  672  557  543  648
     640  564  455  534  565  456  545  564  644  517  593
     660  432  520  419  480  504  506  632  536  537  702
     680  584  460  410  485  438  564  687  538  490  785
     700  525  477  363  403  458  617  478  617  471  722
     720  486  373  446  320  489  446  553  602  333  506
     740  594  356  359  247  445  462  574  564  446  421
     760  451  507  276  312  583  320  527  515  378  361
     780  506  411  388  271  370  411  535  586  296  370
     800  530  384  406  366  460  418  687  683  295  455
     820  614  363  323  333  454  486  600  539  358  470
     840  543  402  277  326  346  558  669  544  364  418
     860  521  298  291  481  452  585  587  479  424  366
     880  570  356  297  345  536  487  517  406  357  380
     900  452  317  326  322  485  369  509  414  352  312
     920  638  297  354  315  525  448  460  586  376  325
     940  552  283  317  391  616  458  477  519  421  335
     960  441  374  492  215  522  416  506  528  576  367
     980  484  299  361  277  489  397  439  544  647  435
    1000  510  280  336  276  540  344  561  562  562  479
    1020  357  351  469  318  405  438  516  596  629  488
    1040  433  293  521  292  482  380  542  567  506  408
    1060  419  231  438  360  525  417  562  526  543  501
    1080  428  379  522  293  418  423  533  522  511  481
    1100  458  398  449  226  415  243  548  501  504  388
    1120  437  389  510  260  392  247  473  571  368  420
    1140  443  527  564  382  358  347  405  607  350  321
    1160  414  526  530  411  344  247  381  556  344  410
    1180  397  460  548  461  222  322  438  534  487  454
    1200  431  329  465  359  240  316  364  501  368  453
    1220  510  387  310  303  226  334  505  482  535  303
    1240  444  429  299  414  195  370  417  510  372  235
    1260  349  530  245  409  207  407  309  502  362  240
    1280  368  511  394  404  177  378  298  428  332  161
    1300  382  525  372  407  212  361  279  439  458  181
    1320  386  383  389  423  265  366  283  594  376  245
    1340  336  337  371  457  202  478  356  473  423  249
    1360  319  502  308  518  138  408  451  322  350  159
    1380  461  488  442  455   49  540  283  374  299  104
    1400  514  463  516  427   69  435  252  360  223  144
    1420  563  360  460  548   66  650  393  387  185  246
    1440  460  350  398  474   62  592  290  501  224  286
    1460  485  548  332  431  106  486  457  407  243  190
    1480  357  587  334  452  134  457  341  446  203  151
    1500  378  358  389  457  134  457  202  364  213  202
    1520  390  427  461  383  170  570  196  432  311  142
    1540  467  464  421  439  207  499  259  419  336  334
    1560  366  524  421  263  421  494  323  332  342  307
    1580  305  447  359  298  426  389  293  387  217  243
    1600  370  447  314  401  516  353  306  321  308  399
    1620  391  410  448  450  365  342  250  339  346  395
    1640  381  472  485  392  478  270  276  440  367  542
    1660  409  434  542  284  479  292  252  376  385  484
    1680  392  465  425  454  517  416  295  397  355  494
    1700  248  384  422  539  321  302  323  377  314  426
    1720  243  380  381  392  470  296  193  392  332  377
    1740  225  320  586  458  447  303  177  372  285  510
    1760  361  295  652  446  350  310  219  324  315  420
    1780  471  250  675  540  439  188  180  404  373  471
    1800  450  153  587  562  565  101  166  385  317  415
    1820  494  218  505  500  625  229  173  426  272  494
    1840  492  280  626  576  445  348  171  445  262  551
    1860  430  285  481  603  492  312  352  438  345  482
    1880  490  441  539  462  409  384  273  380  339  392
    1900  407  522  418  452  320  432  289  379  303  432
    1920  496  565  488  390  374  322  242  403  375  485
    1940  534  565  587  441  356  291  169  418  347  421
    1960  514  466  476  453  401  247  267  434  362  364
    1980  409  567  408  397  338  288  188  480  324  442
    2000  447  487  460  369  399  387  315  434  418  403
    2020  562  531  319  362  406  275  255  422  338  433
    2040  504  484  337  264  308  310  403  353  334  434
    2060  640  410  351  302  401  311  460  336  404  562
    2080  488  468  347  367  419  393  384  463  446  571
    2100  488  454  382  341  372  391  404  473  343  465
    2120  482  442  294  319  427  374  387  403  416  550
    2140  576  592  354  323  429  397  363  418  389  509
    2160  472  417  345  373  440  334  447  253  317  491
    2180  543  472  242  185  381  356  402  250  343  402
    2200  506  447  250  152  379  294  513  283  369  543
    2220  567  420  311  191  403  315  561  413  460  576
    2240  659  435  448  167  425  405  597  324  498  423
    2260  550  428  425  178  435  358  441  289  385  451
    2280  455  443  453  149  471  307  423  344  421  385
    2300  407  327  395  169  298  273  437  422  317  374
    2320  354  364  359  413  381  242  371  411  289  253
    2340  342  283  478  409  367  278  623  375  262  257
    2360  521  321  538  541  420  429  618  468  251  343
    2380  526  451  346  614  424  338  553  439  333  239
    2400  462  351  439  440  346  317  504  559  275  232
    2420  545  193  452  484  361  477  439  638  320  268
    2440  635  245  465  544  333  424  542  574  236  410
    2460  458  459  313  463  322  408  475  508  254  414
    2480  446  427  387  502  276  407  462  577  435  429
    2500  555  341  339  468  440  477  387  487  372  336
    2520  509  362  372  503  343  463  439  500  429  351
    2540  606  269  378  380  344  401  441  443  325  331
    2560  549  334  352  396  278  385  348  361  399  296
    2580  437  369  363  379  256  262  377  405  285  301
    2600  489  199  451  477  226  291  552  236  311  336
    2620  469  171  447  432  216  376  567  266  318  353
    2640  652  249  337  248  209  346  408  205  275  342
    2660  505  256  435  380  291  356  313  215  290  330
    2680  431  248  467  393  200  383  355  289  299  371
    2700  597  285  342  354  190  245  353  245  250  388
    2720  560  349  378  380  238  337  408  253  242  443
    2740  461  340  398  379  230  213  363  372  341  461
    2760  448  254  446  333  286  346  372  347  313  317
    2780  473  345  396  225  405  350  281  429  263  398
    2800  489  292  416  305  413  324  336  466  336  380
    2820  513  278  366  388  303  279  275  420  331  244
    2840  433  170  351  312  328  293  304  398  357  256
    2860  555  217  410  313  314  335  306  444  314  366
    2880  470  261  448  362  374  383  502  404  243  331
    2900  435  283  542  466  419  396  520  431  181  389
    2920  410  363  454  429  529  315  389  339  247  418
    2940  296  464  469  395  490  313  399  275  255  388
    2960  489  397  585  463  510  271  425  308  322  301
    2980  493  412  564  434  649  348  410  324  247  293
    3000  480  373  390  395  452  297  427  345  215  314
    3020  471  577  352  429  449  185  431  355  162  328
    3040  438  535  415  380  481  201  422  243  257  452
    3060  452  353  509  455  483  196  461  330  191  460
    3080  408  301  532  453  371  227  456  358  165  525
    3100  382  471  398  545  380  208  351  337  254  529
    3120  410  521  462  457  426  314  365  315  243  606
    3140  324  336  439  487  367  302  325  254  293  417
    3160  533  452  293  299  390  260  388  309  333  417
    3180  492  413  432  424  363  370  420  332  456  449
    3200  557  498  372  512  384  349  352  328  439  426
    3220  590  462  333  471  399  260  253  338  500  421
    3240  491  338  408  394  394  221  366  332  319  277
    3260  469  302  477  493  398  232  432  250  384  381
    3280  460  384  483  492  267  292  489  301  467  356
    3300  566  370  498  363  293  145  333  317  502  305
    3320  524  362  551  365  353  173  297  378  397  417
    3340  506  357  502  348  540  180  280  394  274  466
    3360  499  433  466  264  618  219  293  428  265  450
    3380  455  407  422  224  535  255  278  445  273  321
    3400  373  496  551  264  512  288  314  425  228  295
    3420  324  466  478  384  438  301  255  379  221  281
    3440  466  355  469  336  260  207  247  372  264  330
    3460  568  496  638  332  284  280  326  456  256  211
    3480  408  534  459  370  341  404  443  395  276  200
    3500  472  487  601  290  361  329  404  485  485  202
    3520  528  487  616  375  301  310  320  452  450  210
    3540  543  482  448  414  368  342  298  456  464  151
    3560  438  376  504  372  506  394  310  416  424  168
    3580  389  338  438  403  615  440  415  464  267  230
    3600  536  334  494  403  693  231  417  422  360  179
    3620  472  380  467  326  619  165  369  447  457  249
    3640  530  420  481  286  528   88  433  521  407  284
    3660  388  478  583  342  699  129  467  398  294  434
    3680  379  563  473  324  563  160  414  450  332  396
    3700  456  478  449  307  526  182  357  528  351  330
    3720  428  397  451  266  527  243  462  504  430  360
    3740  308  518  433  347  564  372  354  509  331  279
    3760  368  504  541  274  511  375  356  422  318  317
    3780  289  449  404  241  520  422  339  429  345  250
    3800  416  566  415  221  549  431  353  402  445  388
    3820  407  435  510  234  613  499  393  297  423  443
    3840  280  325  338  212  570  415  439  374  467  366
    3860  267  414  441  270  554  409  333  394  321  371
    3880  294  508  492  373  472  494  444  407  295  293
    3900  385  365  521  365  445  399  616  408  367  257
    3920  377  417  484  477  473  340  493  393  350  235
    3940  478  525  492  461  495  522  500  360  397  305
    3960  470  535  311  411  437  327  534  522  372  380
    3980  333  465  348  348  460  350  495  703  393  363
    4000  426  491  353  409  385  343  404  593  312  461
    4020  384  486  294  299  391  350  471  500  320  380
    4040  283  520  299  163  375  380  541  533  352  364
    4060  250  450  299  340  368  367  527  515  372  370
    4080  200  446  385  315  305  381  468  530  280  399
    4100  295  424  309  311  347  361  526  543  307  269
    4120  314  444  217  280  378  400  528  392  381  278
    4140  362  421  270  300  452  217  489  386  417  298
    4160  328  405  284  239  466  377  417  518  388  305
    4180  256  337  260  163  500  345  336  448  422  430
    4200  178  362  206  412  463  310  389  416  428  304
    4220  184  306  238  358  406  365  391  344  519  245
    4240  200  307  181  472  343  471  402  338  439  292
    4260  295  245  215  475  377  392  548  395  545  365
    4280  428  238  212  401  378  406  524  475  478  332
    4300  438  198  220  303  445  385  554  321  528  362
    4320  484  257  181  312  365  359  527  341  449  352
    4340  441  220  337  354  472  424  477  378  429  412
    4360  463  226  451  429  483  251  474  399  441  281
    4380  457  351  421  413  379  319  474  462  509  267
    4400  555  270  416  379  388  242  559  334  403  311
    4420  567  188  571  441  409  344  348  422  366  280
    4440  518  234  425  440  483  257  316  434  387  242
    4460  390  163  445  455  431  307  290  299  345  277
    4480  418  258  450  408  346  178  348  215  449  302
    4500  335  248  352  350  438  366  359  238  464  428
    4520  340  305  234  395  552  374  314  163  544  384
    4540  350  270  227  566  429  241  344  111  417  441
    4560  343  204  163  557  399  267  281  174  377  394
    4580  355  295  290  483  319  278  370  171  302  393
    4600  285  177  358  619  275  374  466  358  294  321
    4620  308  227  397  656  324  247  432  232  285  367
    4640  334  219  499  560  364  279  428  258  400  190
    4660  331  183  483  565  357  271  407  338  267  376
    4680  415  219  377  487  396  228  574  251  211  548
    4700  432  176  497  601  456  382  454  192  301  530
    4720  378  214  413  550  361  415  405  270  260  478
    4740  416  233  537  499  244  373  425  357  331  567
    4760  443  186  540  443  357  565  543  337  269  536
    4780  462  256  393  449  399  467  551  237  366  544
    4800  535  158  419  519  427  465  515  154  422  517
    4820  383  202  535  507  540  469  537  161  342  385
    4840  328  188  488  358  404  363  492  135  366  514
    4860  354  158  485  373  369  296  353  169  355  595
    4880  394  201  487  375  407  235  426  143  336  497
    4900  320  163  511  253  346  340  471  201  411  533
    4920  236  328  553  357  397  240  430  293  519  610
    4940  381  296  488  285  325  319  455  397  461  586
    4960  369  334  440  313  292  299  501  367  474  489
    4980  385  407  466  341  428  297  580  275  528  477
    5000  332  403  449  473  483  291  419  185  511  418
    5020  378  357  403  366  445  281  465  204  444  464
    5040  532  299  523  395  423  204  441  138  488  433
    5060  415  376  491  347  471  275  452  187  552  434
    5080  540  352  534  391  498  204  391  166  514  435
    5100  357  270  442  419  407  242  309  110  384  444
    5120  343  394  477  422  483  189  416  103  476  404
    5140  388  465  382  327  470  231  353  142  359  239
    5160  477  363  465  337  421  178  409  215  329  299
    5180  361  342  295  258  440  189  385  189  294  334
    5200  373  351  456  273  417  118  454  234  339  452
    5220  322  323  427  345  401  138  513  183  328  359
    5240  462  326  345  499  466  176  555  177  291  474
    5260  382  327  387  442  405  197  509  228  234  388
    5280  432  399  400  430  405  162  380  382  240  311
    5300  434  334  309  487  399  266  417  333  229  353
    5320  391  189  327  566  323  283  470  417  251  250
    5340  461  260  319  578  375  281  482  374  395  228
    5360  383  363  258  456  446  363  570  307  457  232
    5380  324  314  257  517  397  458  512  235  342  270
    5400  335  420  322  463  501  370  415  334  372  287
    5420  485  346  356  488  354  452  419  255  501  283
    5440  347  231  376  463  459  487  456  241  489  388
    5460  269  296  407  580  402  429  409  269  509  501
    5480  221  393  504  610  379  455  497  231  511  450
    5500  189  466  456  464  361  468  457  306  512  355
    5520  320  504  498  454  398  494  409  321  632  395
    5540  308  609  441  580  409  550  537  205  495  305
    5560  297  478  434  583  450  465  561  322  422  359
    5580  278  492  454  505  450  551  474  371  341  375
    5600  279  495  508  639  387  584  346  396  272  507
    5620  343  515  415  605  502  549  325  371  277  484
    5640  399  482  409  706  377  501  546  381  340  478
    5660  430  601  514  543  417  518  430  407  274  516
    5680  437  386  674  567  521  550  343  276  334  483
    5700  456  300  614  614  344  491  425  305  435  572
    5720  495  362  534  593  374  505  406  258  403  569
    5740  389  311  535  534  493  471  399  342  445  507
    5760  403  404  485  542  405  439  350  364  410  491
    5780  474  384  453  532  358  400  437  379  412  493
    5800  414  362  452  413  414  494  352  407  292  448
    5820  487  442  480  507  473  371  414  387  288  497
    5840  403  501  516  513  405  433  392  316  258  484
    5860  250  392  668  518  415  378  464  374  311  430
    5880  392  290  662  543  455  434  416  237  382  341
    5900  545  432  589  413  406  408  373  220  364  500
    5920  476  518  462  442  386  319  378  206  332  530
    5940  491  506  448  493  415  355  393  247  321  500
    5960  494  461  496  575  375  518  362  196  421  529
    5980  583  398  419  487  369  620  416  297  366  461
    6000  433  484  312  334  377  537  358  409  372  414
    6020  504  511  350  518  501  386  363  293  347  408
    6040  497  310  364  506  516  418  301  357  328  399
    6060  464  362  411  538  356  447  257  323  306  464
    6080  381  242  440  406  355  423  232  277  301  331
    6100  587  386  385  399  340  342  188  234  290  398
    6120  552  388  520  488  376  347  153  255  355  342
    6140  540  469  510  456  336  308  204  378  299  356
    6160  501  303  475  407  352  302  306  387  420  335
    6180  517  208  445  408  409  275  248  346  460  316
    6200  558  219  387  457  582  343  115  282  428  242
    6220  515  350  377  324  591  326  103  252  477  227
    6240  453  393  366  344  442  378   90  273  397  300
    6260  468  415  282  242  472  466  236  251  411  128
    6280  482  505  453  295  368  389  263  353  266  120
    6300  523  489  366  432  400  395  307  363  303   79
    6320  321  535  390  345  425  347  246  383  368   40
    6340  388  430  510  411  432  382  240  458  279   37
    6360  502  439  418  405  401  392  345  314  293   66
    6380  389  465  441  280  421  349  435  334  261   65
    6400  502  565  352  288  397  452  438  406  319   89
    6420  525  389  376  317  458  427  332  321  316  188
    6440  453  419  564  380  471  515  387  333  198  148
    6460  618  304  549  417  453  346  337  478  227   89
    6480  495  353  522  436  557  550  262  450  176  208
    6500  447  399  464  537  517  452  346  431  201  200
    6520  417  416  443  493  487  431  306  516  204  324
    6540  523  453  349  438  317  458  263  545  227  255
    6560  476  386  418  447  289  475  348  463  336  226
    6580  329  365  397  376  358  502  338  505  435  190
    6600  321  417  392  447  336  460  300  502  448  203
    6620  418  358  430  503  349  580  216  514  457  261
    6640  459  381  494  627  385  418  183  395  511  417
    6660  385  477  445  503  490  379  226  442  479  408
    6680  307  389  390  321  507  272  255  449  416  324
    6700  433  518  270  336  388  467  269  450  488  260
    6720  406  564  337  388  310  561  372  450  414  338
    6740  399  521  313  429  280  518  361  456  381  318
    6760  484  428  396  349  226  436  338  475  497  230
    6780  359  470  358  408  310  412  475  404  589  322
    6800  431  415  374  387  277  457  585  353  473  212
    6820  352  480  480  362  305  340  577  416  388  273
    6840  441  518  426  469  311  367  572  320  433  230
    6860  490  406  256  512  268  284  469  321  414  330
    6880  466  438  250  366  277  410  390  480  289  276
    6900  628  449  330  208  318  421  535  448  351  252
    6920  550  456  370  217  284  347  450  493  177  258
    6940  426  357  262  188  335  380  488  473  324  373
    6960  647  317  134  142  380  287  397  382  410  271
    6980  421  203  138   90  315  261  379  302  359  300
    7000  441  274  129   62  314  280  454  229  468  423
    7020  465  342   84   27  393  224  448  311  360  525
    7040  424  265  176   68  418  273  479  296  322  477
    7060  461  256  232   73  447  325  400  306  427  398
    7080  488  281  240   73  454  528  399  282  324  402
    7100  285  228  179   93  517  221  289  207  381  454
    7120  191  311  236   98  473  242  400  171  509  491
    7140  238  347  237   62  397  214  465  192  448  545
    7160  312  291  277  117  438  292  574  184  404  588
    7180  210  376  140  254  570  261  469  177  344  545
    7200  187  274  176  244  574  328  517  172  257  487
    7220  329  246  284  297  465  361  485   89  149  631
    7240  327  254  321  267  484  278  554   81  179  483
    7260  226  363  300  255  428  334  491   65  150  448
    7280  241  351  320  296  457  363  365   94  126  372
    7300  248  326  328  330  400  394  367   53  146  455
    7320  281  299  290  460  367  430  273   58  221  364
    7340  279  270  267  351  349  296  330   76  192  331
    7360  339  303  281  343  394  376  319  149  181  301
    7380  370  247  331  300  425  406  452  212  108  246
    7400  299  229  347  250  361  424  293  272  172  308
    7420  243  309  491  407  474  341  364  294  116  322
    7440  300  334  375  406  583  363  334  344  172  483
    7460  363  258  281  415  539  436  334  261  103  560
    7480  321  303  286  455  398  347  370  318   80  514
    7500  329  188  228  383  451  366  364  371  157  487
    7520  288  177  237  339  473  438  490  384  184  509
    7540  299  141  196  314  426  408  590  292  334  444
    7560  293  203  172  183  467  338  554  231  326  596
    7580  363  317  182  136  298  302  533  302  441  583
    7600  404  350  269  210  318  225  404  405  414  468
    7620  408  358  158  249  231  387  410  242  402  586
    7640  347  336  172  313  272  246  372  224  426  669
    7660  306  408  496  393  253  291  381  197  476  652
    7680  460  300  386  382  245  329  383  223  414  569
    7700  380  442  370  434  380  396  301  216  406  581
    7720  497  391  440  424  304  290  571  333  429  564
    7740  370  317  441  354  239  345  477  440  383  664
    7760  331  295  334  454  287  361  429  315  328  620
    7780  251  359  321  387  224  412  608  322  329  589
    7800  285  320  335  412  194  430  560  346  348  569
    7820  396  171  406  355  146  301  550  360  279  528
    7840  314  162  406  458  196  378  762  292  308  673
    7860  364  227  417  471  274  284  481  250  114  654
    7880  358  184  442  378  406  297  512  338  185  661
    7900  330  143  522  363  422  253  522  377  173  665
    7920  455  143  406  286  522  174  495  382  211  597
    7940  403  221  280  238  406  197  433  351  176  560
    7960  446  195  222  225  529  220  511  365  415  611
    7980  493  332  278  111  496  207  424  262  455  490
    8000  416  357  260  194  542  195  490  266  374  557
    8020  485  390  347  254  474  302  438  334  454  411
    8040  403  317  246  287  355  388  383  358  409  488
    8060  403  413  227  217  284  436  489  263  350  517
    8080  474  346  216  231  340  397  515  250  397  531
    8100  434  486  271  254  392  357  510  208  340  456
    8120  424  490  271  241  426  423  509  169  460  540
    8140  495  418  311  282  316  553  467  141  424  331
    8160  536  480  232  521  315  475  490  184  365  362
    8180  547  523  213  387  416  495  558  180  426  500
    8200  581  585  261  434  454  556  488  157  459  401
    8220  580  390  291  369  297  568  466   98  577  363
    8240  549  358  214  329  379  530  642   95  470  280
    8260  521  391  191  414  403  599  580  111  481  276
    8280  468  302  224  375  349  547  511   66  467  337
    8300  510  276  239  435  391  433  444   82  470  333
    8320  478  157  195  495  339  374  553   57  433  383
    8340  394  113  258  567  397  371  484   66  503  409
    8360  394  190  321  511  462  462  486  148  462  375
    8380  362  199  269  565  407  479  528  190  460  293
    8400  354  236  359  412  260  435  539  244  427  371
    8420  382  200  175  474  254  366  533  226  408  295
    8440  320  117  194  555  340  453  527  239  359  292
    8460  422  186  190  435  355  438  565  338  341  341
    8480  453  197  293  435  382  407  596  273  324  322
    8500  460  199  355  461  444  315  557  391  322  197
    8520  463  177  334  408  394  468  558  436  173  226
    8540  444  199  477  425  346  483  576  431  127  205
    8560  482  195  368  383  296  472  553  494  126  208
    8580  494  191  449  449  389  382  517  539   68  191
    8600  570  171  334  422  282  340  499  589   26  201
    8620  554  180  383  457  231  262  424  456   32   92
    8640  429  194  359  384  205  263  495  434    3  125
    8660  609  236  315  505  287  276  486  386    3  151
    8680  600  281  359  521  350  247  371  365   41   95
    8700  483  227  301  512  325  182  598  415   34  101
    8720  444  255  467  567  358  253  704  403   22   79
    8740  422  261  451  419  474  402  484  465   40  100
    8760  528  216  285  435  362  392  539  382  123   24
    8780  454  223  356  367  439  362  484  336  289   39
    8800  546  229  444  480  391  346  467  313  419   85
    8820  412  128  379  537  395  372  548  322  440  135
    8840  507  298  269  444  461  333  527  318  622  155
    8860  430  321  212  410  422  385  436  349  490  125
    8880  509  399  310  330  421  388  357  309  663  184
    8900  302  300  397  380  507  328  357  381  464  155
    8920  350  287  263  353  408  204  385  315  477  142
    8940  419  320  383  293  367  294  503  453  399  186
    8960  510  308  348  336  367  159  338  374  359  409
    8980  543  365  319  449  489  108  407  348  534  470
    9000  390  464  378  282  561   76  334  406  539  553
    9020  441  439  464  454  672   76  274  437  497  447
    9040  466  388  482  355  587   80  439  375  423  525
    9060  527  396  406  407  485   91  514  355  439  701
    9080  394  386  449  352  406  114  313  432  456  587
    9100  415  378  345  370  448  167  382  472  559  523
    9120  427  433  475  395  504  180  417  509  482  535
    9140  417  348  364  448  571  243  597  466  536  570
    9160  453  338  255  329  535  230  426  341  437  523
    9180  364  310  259  280  674  232  294  426  359  492
    9200  335  353  205  339  632  359  503  571  458  530
    9220  271  362  412  500  545  361  474  431  375  557
    9240  297  353  361  392  472  490  407  480  318  554
    9260  309  435  386  451  424  427  422  478  429  434
    9280  529  336  326  410  441  454  400  345  316  357
    9300  364  348  359  515  470  285  515  286  410  524
    9320  275  429  344  438  513  327  497  430  239  432
    9340  307  551  366  388  504  273  495  314  229  379
    9360  245  515  418  418  454  318  440  311  186  426
    9380  293  320  450  517  491  324  355  378  157  518
    9400  334  449  354  369  390  318  336  293  119  430
    9420  293  437  368  378  461  421  342  349  159  358
    9440  413  488  370  378  387  501  385  353  190  421
    9460  396  510  298  454  336  311  406  310  263  425
    9480  359  528  252  376  332  354  374  272  270  417
    9500  387  490  299  339  511  326  330  345  183  269
    9520  513  539  197  266  478  274  245  263  120  271
    9540  393  529  246  248  420  331  243  379  127  416
    9560  322  525  210  504  377  269  505  563  118  483
    9580  407  442  245  436  449  369  480  456  148  473
    9600  403  417  300  427  438  308  444  349  171  344
    9620  369  359  232  397  435  253  367  433  185  431
    9640  323  394  325  498  345  327  342  460  232  316
    9660  423  346  187  328  263  348  382  419  240  340
    9680  418  465  244  337  327  376  496  416  149  277
    9700  312  318  225  370  370  332  445  506  147  414
    9720  333  340  282  443  282  328  444  563   88  389
    9740  433  338  202  428  348  312  580  539   53  419
    9760  424  429  169  321  381  408  470  486   18  361
    9780  436  491  273  428  362  439  355  503    3  237
    9800  354  579  265  389  351  367  273  551    2  236
    9820  341  447  189  481  267  286  257  519    5  366
    9840  295  411  318  551  339  289  243  414   10  489
    9860  365  432  252  379  263  299  311  378   13  414
    9880  322  476  364  451  223  316  357  387   72  472
    9900  345  458  418  411  250  223  260  301   58  500
    9920  339  485  475  314  202  208  449  239   57  337
    9940  336  486  329  307  275  244  475  296   82  403
    9960  362  423  416  334  400  180  423  410  107  253
    9980  292  352  353  392  396  195  503  439  170  308
   10000  261  323  383  474  407  227  356  377   95  340
   10020  334  355  392  458  448  180  402  448  139  383
   10040  365  343  415  514  394  175  337  462  273  361
   10060  414  450  284  339  325  386  238  529  277  493
   10080  417  522  324  405  391  407  296  569  251  499
   10100  442  455  341  302  284  301  319  562  273  457
   10120  435  404  372  258  360  239  298  550  457  369
   10140  193  443  399  281  404  290  375  488  297  452
   10160  229  457  340  232  438  328  248  378  193  544
   10180  234  371  358  327  475  302  244  312  262  468
   10200  284  402  233  282  582  220  214  418  335  427
   10220  299  519  319  324  542  251  382  635  263  475
   10240  397  384  303  346  515  306  282  507  284  422
   10260  320  403  244  292  493  260  396  450  264  279
   10280  274  435  317  339  566  284  428  317  254  318
   10300  158  380  242  430  476  207  389  632  232  419
   10320  113  409  240  357  303  254  511  627  308  381
   10340   99  401  254  412  345  248  514  674  315  363
   10360  174  412  308  384  522  325  382  578  268  435
   10380  259  291  414  439  494  303  328  521  350  395
   10400  276  462  414  488  486  266  257  397  318  571
   10420  193  446  441  434  362  254  401  435  207  521
   10440  324  404  388  322  432  361  408  492  144  376
   10460  322  423  402  444  408  347  305  479  323  334
   10480  244  358  406  533  440  363  258  522  349  301
   10500  179  297  379  524  413  317  215  510  329  252
   10520  179  209  362  521  361  153  267  499  277  274
   10540  262  382  516  516  258  118  305  461  200  301
   10560  277  403  359  507  306  264  240  438  198  536
   10580  260  332  321  465  338  281  258  396  222  489
   10600  281  312  329  505  421  228  283  301  328  461
   10620  352  350  267  360  506  334  236  241  348  378
   10640  380  313  261  337  479  450  283  297  245  420
   10660  385  349  363  392  421  375  301  377  297  533
   10680  339  261  350  469  515  375  388  377  267  462
   10700  308  285  371  488  564  360  414  449  329  506
   10720  152  320  398  476  528  242  426  571  327  484
   10740  305  392  277  438  433  313  423  475  425  473
   10760  241  435  269  476  303  409  343  444  402  465
   10780  340  458  351  449  293  460  343  395  376  592
   10800  237  648  307  343  373  360  467  454  359  400
   10820  296  570  433  371  393  452  481  501  318  424
   10840  381  509  459  351  415  484  450  517  318  496
   10860  369  524  402  361  379  464  555  432  384  539
   10880  290  458  445  367  387  475  447  453  484  570
   10900  361  549  398  388  468  487  419  372  455  482
   10920  446  481  362  412  350  463  627  457  477  555
   10940  446  378  391  401  305  480  597  394  497  450
   10960  325  410  393  464  286  412  509  428  498  447
   10980  346  367  406  310  272  346  487  349  274  494
   11000  531  303  312  230  294  467  467  256  283  574
   11020  505  302  329  304  261  478  547  294  256  533
   11040  391  349  403  380  290  468  451  379  353  502
   11060  389  306  397  366  321  502  444  389  292  616
   11080  418  446  444  392  300  490  332  338  450  578
   11100  437  374  490  324  312  454  345  343  441  510
   11120  415  326  677  307  310  350  344  385  333  624
   11140  439  343  508  436  531  343  379  434  412  461
   11160  360  456  455  400  543  306  256  358  391  384
   11180  383  389  531  501  489  285  385  596  352  411
   11200  374  420  415  449  508  340  361  586  344  567
   11220  558  480  397  493  528  353  341  670  364  514
   11240  581  586  214  557  482  381  388  480  329  638
   11260  545  434  369  483  351  572  353  509  282  604
   11280  527  498  450  546  476  531  406  609  242  524
   11300  502  406  327  609  464  472  415  555  245  500
   11320  376  493  397  623  501  510  325  454  389  474
   11340  299  461  364  561  514  459  370  472  337  438
   11360  385  575  284  483  672  346  406  485  360  427
   11380  355  485  285  427  536  384  372  510  368  468
   11400  317  553  310  484  548  454  433  586  488  550
   11420  354  622  212  433  449  544  447  429  414  427
   11440  402  481  208  396  638  426  399  452  462  517
   11460  438  551  265  480  495  368  382  396  421  387
   11480  424  526  306  480  329  478  338  395  445  385
   11500  393  573  257  505  337  440  367  364  404  422
   11520  346  547  345  455  379  468  448  522  394  396
   11540  400  619  243  515  417  462  469  527  337  588
   11560  471  645  215  509  362  401  458  613  224  561
   11580  367  528  195  529  419  322  624  564  229  459
   11600  471  609  262  432  426  384  504  556  322  401
   11620  469  636  218  381  459  537  547  535  356  400
   11640  482  626  227  348  380  578  452  376  445  489
   11660  311  578  313  404  361  601  401  400  402  493
   11680  278  554  420  350  310  548  492  504  258  535
   11700  235  446  405  371  277  503  536  625  333  562
   11720  237  452  365  400  323  400  535  480  313  670
   11740  328  509  379  319  238  482  455  413  565  536
   11760  455  545  309  426  288  451  393  427  476  466
   11780  401  525  377  451  268  448  425  498  444  499
   11800  507  533  483  360  248  379  443  611  476  447
   11820  502  466  408  287  171  486  434  494  502  337
   11840  330  493  445  303  234  347  466  500  460  326
   11860  394  444  473  288  248  308  486  428  404  403
   11880  450  429  440  424  277  266  475  470  461  348
   11900  441  489  390  416  277  372  415  378  447  244
   11920  387  406  356  395  246  300  410  544  488  335
   11940  401  508  455  479  219  257  510  519  400  309
   11960  497  487  460  469  185  228  402  462  564  288
   11980  494  508  305  482  318  337  440  512  502  395
   12000  438  496  495  446  329  346  557  436  534  330
   12020  409  400  403  367  315  409  591  470  527  424
   12040  450  418  381  289  251  333  481  398  570  314
   12060  411  371  404  264  220  387  439  377  476  351
   12080  348  294  438  181  275  379  532  301  329  320
   12100  396  324  361  223  252  437  416  308  419  512
   12120  448  380  257  229  240  508  490  355  234  378
   12140  420  392  210  195  254  497  419  367  259  366
   12160  370  404  248  217  248  527  400  361  313  346
   12180  445  449  243  203  250  463  513  294  429  449
   12200  354  488  304   98  296  459  450  370  456  456
   12220  343  478  398  115  306  397  507  253  360  457
   12240  406  356  329   60  288  423  534  259  374  312
   12260  543  361  207   36  259  292  681  280  453  399
   12280  570  432  211   36  252  311  499  192  325  322
   12300  465  354  262   57  256  269  501  138  511  371
   12320  547  218  389   28  302  312  459  240  409  223
   12340  525  209  264   12  314  318  487  268  371  240
   12360  578  257  458   46  417  299  488  348  354  291
   12380  468  344  440   73  376  238  473  342  363  261
   12400  506  378  477   85  354  297  464  328  321  343
   12420  452  359  466  162  295  284  572  219  432  295
   12440  385  526  350  227  313  336  568  354  485  318
   12460  390  489  326  247  330  366  619  397  313  303
   12480  431  520  473  300  356  291  501  384  397  277
   12500  404  402  731  334  270  175  355  361  384  349
   12520  455  355  646  390  259  161  467  400  453  305
   12540  447  493  541  427  307  248  311  410  416  404
   12560  343  431  460  349  342  155  327  403  297  283
   12580  286  374  418  391  245  210  302  272  376  303
   12600  358  418  341  337  405  239  358  348  275  330
   12620  387  380  336  320  369  307  374  346  356  297
   12640  381  429  398  212  291  306  503  364  377  433
   12660  427  367  346  321  402  162  343  263  505  408
   12680  386  417  289  380  443  188  297  271  501  370
   12700  387  398  346  360  402  192  262  343  580  275
   12720  359  418  353  351  364  207  328  391  483  375
   12740  247  362  363  387  433  282  387  374  501  399
   12760  160  470  402  299  437  276  420  300  511  343
   12780  200  386  329  274  452  329  544  422  327  230
   12800  283  499  358  310  437  300  648  319  368  171
   12820  261  408  262  322  360  329  558  406  393  170
   12840  138  348  244  328  431  352  569  393  438  141
   12860  116  344  183  321  374  354  520  379  593  107
   12880  208  431  208  235  281  452  578  432  528  126
   12900  222  499  271  184  280  384  591  325  630  133
   12920  393  466  267  272  350  332  529  318  433   93
   12940  387  490  231  325  359  357  339  263  536  117
   12960  341  466  253  346  424  413  417  270  546  259
   12980  235  500  393  475  396  397  419  357  450  302
   13000  348  363  406  378  419  370  494  263  363  303
   13020  398  446  263  410  295  305  401  396  441  282
   13040  409  384  336  400  376  288  460  334  495  395
   13060  259  341  358  375  376  363  434  280  466  443
   13080  282  464  395  393  412  331  384  308  454  286
   13100  238  388  486  381  334  344  431  324  441  275
   13120  184  475  462  456  290  243  452  386  345  334
   13140  198  477  402  346  344  292  426  482  493  335
   13160  267  409  402  383  298  335  458  548  417  215
   13180  223  280  427  359  404  303  403  429  404  180
   13200  241  422  513  398  430  387  446  286  338  229
   13220  246  480  467  299  589  406  490  319  465  304
   13240  191  380  377  282  604  365  473  250  394  262
   13260  140  395  392  317  520  334  420  315  387  342
   13280  260  324  424  385  446  394  429  439  327  321
   13300  290  374  350  414  482  312  391  366  414  412
   13320  333  290  333  454  341  257  448  389  348  302
   13340  328  196  305  340  332  316  336  416  339  271
   13360  374  174  287  429  355  329  318  267  352  251
   13380  348  240  330  436  434  356  307  303  403  349
   13400  337  255  260  373  382  443  259  275  600  344
   13420  476  367  258  577  300  375  139  287  558  334
   13440  565  455  326  497  367  320  146  256  378  265
   13460  404  438  282  554  486  335  173  290  373  232
   13480  442  483  315  504  398  445  168  247  499  219
   13500  371  525  318  449  322  400  240  257  520  143
   13520  424  387  320  305  488  351  262  238  374  207
   13540  375  545  229  386  494  417  332  283  429  303
   13560  425  547  264  431  485  361  418  389  527  206
   13580  444  520  292  472  354  302  286  463  485  188
   13600  472  380  308  455  376  283  304  337  391  181
   13620  423  562  302  490  403  325  346  276  486  170
   13640  404  540  201  467  370  353  394  367  500  218
   13660  425  694  285  410  266  308  370  378  503  197
   13680  398  670  248  469  453  346  483  296  368  207
   13700  378  561  291  471  358  399  342  276  421  180
   13720  448  608  364  500  306  342  403  358  364  103
   13740  419  611  383  415  431  379  407  353  341  212
   13760  402  572  533  494  478  400  429  346  308  240
   13780  512  489  336  557  416  384  384  228  374  260
   13800  435  605  362  488  387  318  437  285  236  364
   13820  293  498  361  523  472  259  563  353  272  238
   13840  244  581  354  502  458  260  493  424  235  282
   13860  292  477  410  551  461  238  385  457  198  224
   13880  276  625  416  541  493  295  351  384  232  234
   13900  231  611  387  513  469  282  319  349  207  461
   13920  410  554  460  445  520  182  700  412  165  414
   13940  489  563  490  479  574  154  584  259   86  330
   13960  467  529  472  394  541  183  467  349  133  378
   13980  562  559  467  396  533  152  480  355  260  343
   14000  480  359  545  545  591  184  424  427  249  319
   14020  430  477  433  438  573  218  409  271  269  398
   14040  429  332  497  453  399  183  501  238  307  343
   14060  511  291  459  428  541  312  602  243  299  417
   14080  576  287  391  495  401  292  639  249  261  492
   14100  581  333  365  488  422  278  586  314  187  431
   14120  596  374  386  557  424  445  438  385  296  490
   14140  419  413  367  432  543  373  529  355  278  506
   14160  483  373  412  438  431  367  466  380  314  536
   14180  390  343  378  449  419  287  343  356  285  546
   14200  307  326  316  379  380  240  298  326  270  505
   14220  328  311  316  392  476  317  298  411  293  419
   14240  372  350  286  276  489  409  358  446  271  423
   14260  449  350  194  335  453  440  397  283  230  504
   14280  403  410  341  386  505  474  353  339  167  494
   14300  394  343  365  376  489  417  260  416  119  507
   14320  427  287  251  365  462  337  252  303  159  597
   14340  436  359  298  446  395  338  382  354  169  504
   14360  419  321  295  364  380  281  395  381  148  451
   14380  399  250  316  405  372  259  354  464  188  429
   14400  392  282  348  447  550  306  423  466  233  452
   14420  396  355  372  469  564  380  344  320  204  485
   14440  407  401  396  423  590  433  306  367  186  511
   14460  513  285  480  464  498  366  322  402  223  484
   14480  524  451  299  537  468  359  346  306  342  520
   14500  382  461  441  408  504  401  283  337  292  485
   14520  510  427  405  362  425  359  233  366  338  378
   14540  363  446  500  411  547  478  126  324  374  491
   14560  518  431  324  374  548  412   57  320  374  366
   14580  494  434  267  419  396  487  145  402  396  302
   14600  537  455  389  407  468  456  189  317  298  419
   14620  482  337  399  480  336  416  198  439  308  436
   14640  416  351  460  473  334  510  307  409  377  424
   14660  515  299  485  406  323  482  231  440  566  360
   14680  551  243  323  353  325  410  349  444  442  284
   14700  675  252  256  269  362  373  287  427  375  342
   14720  505  400  230  384  393  574  370  400  428  252
   14740  508  454  232  443  508  679  340  500  411  233
   14760  487  393  362  281  393  532  320  570  362  227
   14780  482  265  338  243  367  519  321  634  366  255
   14800  416  303  302  362  347  445  334  450  329  438
   14820  491  353  323  322  317  433  349  521  281  395
   14840  392  318  448  391  319  477  379  430  397  400
   14860  453  286  342  426  344  451  380  492  478  426
   14880  411  259  373  521  310  342  257  376  416  373
   14900  542  238  590  523  282  449  257  375  486  362
   14920  448  373  475  477  303  590  447  508  473  313
   14940  471  457  383  558  252  550  454  427  361  363
   14960  336  423  414  395  275  498  330  408  409  370
   14980  425  232  440  425  336  325  317  392  487  313
   15000  329  303  362  524  285  358  239  372  480  296
   15020  313  413  435  486  365  460  175  409  434  315
   15040  310  404  401  475  380  546  245  373  381  435
   15060  384  319  255  414  285  531  146  435  379  401
   15080  500  406  276  507  302  626  170  434  293  378
   15100  496  387  228  540  326  384  238  330  349  481
   15120  439  348  176  459  274  328  234  358  465  386
   15140  353  323   91  490  216  272  274  314  326  425
   15160  305  233  113  469  353  249  321  234  358  298
   15180  456  234  226  442  324  216  326  307  301  310
   15200  418  216  291  397  393  253  296  400  405  253
   15220  411  219  354  462  336  294  352  259  509  287
   15240  387  261  263  469  251  287  279  285  430  312
   15260  282  253  328  631  260  289  354  362  487  167
   15280  353  290  391  627  202  349  299  331  455  228
   15300  391  373  413  400  316  281  246  370  400  279
   15320  321  467  326  479  433  311  400  352  386  303
   15340  260  487  370  374  386  483  312  424  396  212
   15360  290  425  306  423  246  410  400  453  376  200
   15380  361  411  292  304  448  404  347  449  412  189
   15400  243  472  293  281  552  651  340  508  420  156
   15420  166  396  221  331  508  525  380  498  392  124
   15440  188  372  205  277  543  527  287  594  287  153
   15460  182  348  257  458  443  500  299  530  346  170
   15480  270  199  212  492  440  542  354  508  365  226
   15500  391  283  191  386  592  518  294  549  422  247
   15520  462  286  183  417  531  445  302  600  401  275
   15540  489  280  205  372  437  382  381  558  327  219
   15560  361  226  202  474  444  327  267  648  423  145
   15580  589  385  174  430  400  446  190  556  347   73
   15600  549  388  212  373  382  493  389  481  275  133
   15620  442  430  235  376  371  489  405  495  331   84
   15640  464  461  274  342  540  504  419  472  414   69
   15660  549  436  415  479  454  479  416  450  298   27
   15680  496  353  299  593  312  533  385  505  211   43
   15700  342  463  314  561  244  496  454  484  313   33
   15720  372  529  393  455  392  556  450  464  385   77
   15740  418  515  450  427  282  634  479  428  336  145
   15760  463  555  490  473  325  459  466  379  399  270
   15780  428  536  488  549  313  491  466  450  437  387
   15800  405  401  534  452  301  468  373  476  517  369
   15820  356  397  466  376  353  468  378  546  515  442
   15840  333  495  407  399  387  496  338  391  445  381
   15860  291  378  377  423  374  554  446  646  393  423
   15880  318  489  235  440  362  529  447  625  284  432
   15900  344  427  338  546  378  444  531  580  203  458
   15920  428  464  258  562  454  557  505  537  260  335
   15940  458  527  204  454  472  557  424  435  308  429
   15960  443  549  188  486  396  510  322  448  413  353
   15980  482  492  197  410  276  425  504  507  453  395
   16000  364  348  228  432  254  351  461  438  561  366
   16020  315  318  312  437  305  395  466  526  532  475
   16040  245  440  413  422  404  409  449  446  533  380
   16060  347  375  538  359  363  302  526  334  582  369
   16080  259  426  475  514  328  359  482  449  471  410
   16100  154  394  494  537  440  414  339  439  317  366
   16120  122  489  479  511  334  314  330  401  364  282
   16140  138  432  498  406  460  417  373  418  381  202
   16160  125  408  590  255  434  345  326  344  435  296
   16180   71  303  444  380  452  392  351  412  387  360
   16200   80  394  452  332  384  554  427  438  494  212
   16220  204  563  426  343  329  452  300  422  400  338
   16240  337  539  372  328  407  420  334  328  405  273
   16260  429  442  505  376  283  343  289  360  399  212
   16280  382  460  627  465  290  346  308  425  452  141
   16300  430  421  428  490  253  252  370  318  389  105
   16320  509  466  410  508  309  293  319  317  481  207
   16340  460  476  467  358  371  240  254  393  485  284
   16360  383  330  536  400  330  159  312  381  539  310
   16380  570  400  593  506  287  134  253  507  500  209
   16400  376  502  584  447  325  214  263  489  601  208
   16420  447  460  529  399  356  148  434  481  492  247
   16440  410  466  571  307  434  220  339  497  387  295
   16460  323  398  505  403  379  324  240  428  340  231
   16480  397  512  405  445  381  293  197  380  279  238
   16500  333  404  394  436  454  353  159  457  296  181
   16520  403  390  455  381  445  334  156  363  353   89
   16540  367  533  431  527  426  386  149  355  389   91
   16560  307  425  501  617  392  282  132  427  299  104
   16580  351  480  483  464  359  213  162  442  315   80
   16600  366  455  498  319  380  155  282  504  360  115
   16620  415  308  475  466  414  115  343  567  421   82
   16640  435  364  596  487  329   82  254  604  351  121
   16660  406  371  574  587  256   83  274  671  249  157
   16680  471  702  582  493  293   79  267  499  386  241
   16700  435  453  451  690  265   80  247  380  480  322
   16720  484  445  547  573  283  166  282  552  315  257
   16740  502  382  447  400  149  282  282  570  343  289
   16760  461  408  418  506  225  249  279  482  371  268
   16780  370  497  439  608  250  250  432  689  266  242
   16800  251  440  294  544  272  253  340  588  295  113
   16820  294  493  357  471  218  308  451  504  265  291
   16840  185  489  294  484  263  282  464  463  230  285
   16860  113  428  367  419  247  238  499  500  380  300
   16880  118  563  340  416  260  210  415  524  407  443
   16900  211  539  236  360  231  161  492  394  451  426
   16920  154  481  163  402  365  226  513  482  382  349
   16940  164  499  131  524  391  179  475  469  337  308
   16960   57  545  147  523  392  138  373  406  275  325
   16980   97  411  263  447  351  125  474  602  305  322
   17000  106  494  464  505  311  142  473  499  237  376
   17020  116  433  296  485  400  178  389  465  195  415
   17040  235  346  282  410  358  215  308  416  220  324
   17060  312  412  294  438  426  291  400  465  252  345
   17080  306  505  320  388  509  241  379  512  245  371
   17100  258  488  270  347  490  201  465  485  174  352
   17120  363  405  280  399  464  346  515  553  144  300
   17140  437  425  215  409  547  285  447  402   47  236
   17160  366  300  227  356  493  354  395  368   15  308
   17180  356  224  247  407  459  165  400  307   34  334
   17200  345  313  245  371  536  216  497  364   93  513
   17220  339  406  183  403  548  168  303  329  150  433
   17240  435  453  248  454  517   95  319  360  218  438
   17260  438  360  197  301  498   60  346  297  187  407
   17280  361  291  365  266  552   27  301  414  274  368
   17300  380  303  376  255  552   44  356  342  395  220
   17320  492  364  438  124  590   76  306  331  416  410
   17340  434  491  424  162  450   76  197  413  504  339
   17360  399  406  403  189  435   78  153  389  495  309
   17380  345  402  322  174  474  182  234  377  454  562
   17400  287  367  219  134  425  168  319  398  381  484
   17420  314  374  275  116  385  176  243  373  393  440
   17440  344  300  348  173  466  164  363  377  469  392
   17460  290  333  350  128  337   87  370  283  372  502
   17480  284  391  463  125  383   49  305  301  379  418
   17500  264  345  431   79  329   40  337  361  377  313
   17520  348  341  421   86  375   83  283  308  383  259
   17540  303  368  403   60  469   60  266  237  519  256
   17560  265  344  382   75  407   91  312  146  399  303
   17580  188  478  461   92  346  145  351  141  300  421
   17600  211  474  448   97  347  136  339  192  348  492
   17620  114  535  470   35  319  170  373  199  422  426
   17640  166  490  514   64  327  269  538  151  506  388
   17660  198  381  432   84  334  328  562   71  328  476
   17680  267  389  584  118  408  316  445   61  466  482
   17700  233  402  487   77  349  279  395   53  476  291
   17720  271  525  550   97  265  427  395   34  488  348
   17740  173  500  505   72  306  457  394   44  507  371
   17760  153  444  442  145  376  293  439  102  483  410
   17780  135  403  348  113  288  455  426  118  436  500
   17800  132  370  465  106  298  436  585  210  500  621
   17820  206  388  601  122  322  426  455  271  410  637
   17840  178  397  543  113  279  280  461  247  436  547
   17860  180  364  434  156  304  280  516  263  330  474
   17880  276  397  518  156  350  231  437  258  356  484
   17900  294  305  522  147  280  363  390  240  333  363
   17920  352  392  464  158  289  418  429  334  415  317
   17940  244  361  570  100  235  445  407  302  524  251
   17960  281  226  581   76  215  457  366  224  329  252
   17980  317  239  535   95  107  515  401  305  215  386
   18000  334  212  587   52  127  418  357  332  265  314
   18020  227  243  566  128  147  498  374  438  363  337
   18040  275  298  459  117  259  519  362  464  326  257
   18060  319  471  369   87  266  456  476  411  375  297
   18080  425  502  567  136  194  523  421  317  490  283
   18100  412  328  457  180  143  615  484  306  455  258
   18120  457  411  451  114   90  610  415  306  564  309
   18140  399  419  344  163  148  514  442  346  452  276
   18160  275  449  336  283  248  566  363  324  507  298
   18180  360  478  316  328  241  448  377  256  407  179
   18200  470  438  282  229  277  512  493  223  386  268
   18220  485  389  390  173  358  588  362  188  400  270
   18240  390  467  391  201  365  413  425  267  375  285
   18260  339  487  343  239  392  511  447  308  276  254
   18280  417  486  397  178  453  442  348  388  398  255
   18300  418  521  472  136  385  395  233  296  362  289
   18320  451  506  376  219  464  396  241  323  350  290
   18340  414  481  431  287  480  383  284  400  409  239
   18360  477  392  434  318  433  448  340  344  302  224
   18380  461  454  450  280  474  407  317  257  338  164
   18400  372  385  403  348  337  429  333  320  282  147
   18420  332  422  637  476  298  398  282  371  266  166
   18440  300  328  521  369  320  368  230  315  285  174
   18460  319  355  582  375  272  405  223  307  347  217
   18480  276  523  424  355  247  442  293  269  367  216
   18500  316  517  425  393  205  385  401  293  292  468
   18520  507  391  513  444  208  419  392  205  253  361
   18540  377  473  541  390  236  582  443  264  363  486
   18560  390  412  660  510  325  463  391  270  424  313
   18580  363  546  594  594  320  432  406  187  433  342
   18600  556  454  531  481  334  413  383  268  328  346
   18620  441  547  400  404  403  545  407  202  359  341
   18640  333  459  309  404  282  490  404  291  374  249
   18660  391  261  408  469  272  482  321  386  342  309
   18680  351  365  526  631  247  500  501  550  311  189
   18700  344  452  402  524  227  433  403  461  318  133
   18720  363  399  420  342  195  371  438  541  457  144
   18740  300  527  399  342  237  413  463  452  386  112
   18760  297  426  413  282  135  396  287  429  444  107
   18780  265  427  281  188   53  375  352  359  363   85
   18800  328  487  170  296   29  322  333  451  301  114
   18820  252  527  123  314   44  298  295  398  140  115
   18840  265  543   32  340  124  266  296  321  161  202
   18860  331  346   16  325  253  180  324  328  198  220
   18880  364  386   29  349  230  280  321  296  353  229
   18900  375  319    7  367  295  222  367  369  427  178
   18920  346  432   33  387  262  256  402  411  346  215
   18940  300  484   19  371  163  183  391  346  299  161
   18960  344  539   40  387  204  272  533  451  236  180
   18980  365  430  152  342  276  215  461  364  213  169
   19000  332  474  188  320  283  197  551  329  205   96
   19020  351  503  190  296  371  153  452  349  352   53
   19040  377  532  210  307  381  150  398  417  337   46
   19060  344  378  431  362  419  301  363  580  358   48
   19080  494  467  439  250  415  250  241  543  304   41
   19100  362  454  530  257  541  264  231  621  473   38
   19120  375  423  448  403  489  315  396  604  455   45
   19140  498  401  411  425  433  261  465  621  439   75
   19160  626  408  480  480  370  281  339  606  249  101
   19180  391  495  393  561  443  267  302  539  302  132
   19200  447  410  546  470  532  305  265  539  368  177
   19220  365  382  479  432  541  448  196  447  269  204
   19240  464  381  392  453  541  360  231  439  327  191
   19260  493  361  525  349  553  388  282  424  273  229
   19280  581  369  521  426  558  255  303  395  241  297
   19300  553  385  590  344  561  235  346  397  275  303
   19320  426  361  435  323  527  307  240  477  191  287
   19340  544  379  514  368  503  189  170  407  141  430
   19360  588  356  498  399  567  322  155  505  103  245
   19380  387  316  446  361  454  291  227  418  110  305
   19400  442  334  547  478  396  242  374  462   51  428
   19420  484  348  527  419  415  371  351  411   46  306
   19440  495  395  481  467  325  322  298  487   59  353
   19460  488  415  425  458  261  344  346  507   65  513
   19480  445  490  384  415  268  369  348  474   43  409
   19500  489  441  430  353  473  433  361  482   16  395
   19520  477  468  377  336  536  282  425  404   33  370
   19540  588  319  436  330  508  311  539  403   58  319
   19560  515  233  431  307  417  302  441  400   88  296
   19580  518  268  344  352  427  230  331  328  135  275
   19600  443  367  504  321  508  208  273  308  159  372
   19620  365  238  487  386  503  205  242  368  225  339
   19640  449  350  451  450  547  212  381  468  161  420
   19660  391  229  393  491  491  318  404  412  157  352
   19680  415  146  345  411  369  388  360  420  164  268
   19700  398  169  469  385  298  293  297  396  202  332
   19720  315  164  416  325  425  301  327  456  353  290
   19740  290  193  316  351  287  322  383  578  375  251
   19760  360  297  402  271  327  377  267  512  400  218
   19780  340  231  487  345  384  394  279  508  309  248
   19800  331  324  403  368  374  333  304  552  246  277
   19820  387  279  385  352  388  278  308  525  229  308
   19840  347  292  498  348  502  397  305  562  244  297
   19860  341  222  354  363  489  335  303  564  410  276
   19880  467  310  276  277  411  362  236  448  336  387
   19900  467  296  368  238  460  409   74  457  300  376
   19920  364  274  454  390  457  412   65  536  171  473
   19940  519  290  430  309  372  356   81  519  200  463
   19960  552  186  554  258  441  394  127  525  222  459
   19980  503  257  578  274  418  414  167  494  286  383
   20000  444  263  625  326  361  366  137  483  380  387
   20020  445  264  515  487  379  438  164  440  439  515
   20040  487  468  505  568  335  458  145  454  390  508
   20060  555  404  333  546  421  348   74  571  403  516
   20080  451  429  433  519  465  313   67  467  418  501
   20100  506  340  480  566  414  226  199  536  339  503
   20120  510  324  479  592  395  302  212  440  520  567
   20140  524  544  333  535  491  258  254  285  408  484
   20160  588  432  377  550  412  292  307  339  407  504
   20180  492  572  362  552  374  257  312  355  270  440
   20200  627  597  441  462  480  345  340  470  267  544
   20220  406  479  355  444  571  273  347  474  290  554
   20240  434  319  346  426  493  319  310  313  358  470
   20260  574  302  392  482  508  290  362  472  467  403
   20280  543  320  331  454  443  280  381  536  334  566
   20300  508  331  288  373  411  289  334  386  262  477
   20320  421  348  276  494  443  361  341  288  352  376
   20340  554  391  341  607  483  390  331  249  351  377
   20360  481  422  240  466  378  544  329  317  426  455
   20380  516  273  303  524  318  429  377  348  414  375
   20400  594  244  239  595  258  380  356  237  393  393
   20420  480  251  209  488  317  364  392  333  258  278
   20440  437  299  222  405  527  437  401  373  196  275
   20460  416  282  139  362  422  474  364  497  325  305
   20480  469  285  240  580  478  379  283  483  341  239
   20500  558  273  211  553  535  405  214  496  375  240
   20520  555  259  255  506  545  448  106  471  449  347
   20540  543  271  344  494  515  530   65  347  438  266
   20560  497  293  287  544  430  393  106  308  479  271
   20580  617  288  217  637  364  438   58  302  432  389
   20600  412  302  154  564  395  472   41  297  446  339
   20620  397  320  197  612  492  393   59  360  480  407
   20640  501  271   72  545  424  410   14  446  554  443
   20660  325  376   70  427  409  443    0  268  608  366
   20680  391  454   44  505  351  434    2  330  480  346
   20700  455  366   75  446  426  635   40  421  477  423
   20720  491  376  147  481  485  612   78  331  500  384
   20740  443  364  126  493  577  622   66  348  552  316
   20760  399  211  136  455  470  564   69  382  359  397
   20780  482  314  231  435  345  512  136  355  477  483
   20800  403  450  337  411  300  524  140  422  565  381
   20820  458  539  396  378  386  493  110  460  531  198
   20840  522  381  363  472  384  487  172  317  566  221
   20860  548  349  395  457  411  466  316  386  406  254
   20880  511  423  357  357  398  457  338  467  641  169
   20900  439  478  385  411  502  550  305  317  568  202
   20920  367  524  440  315  378  498  280  339  586  393
   20940  297  513  457  444  323  487  185  310  578  476
   20960  265  477  407  557  339  438  247  360  526  370
   20980  306  431  435  506  491  415  180  286  461  288
   21000  387  526  330  412  565  450  214  265  474  302
   21020  434  520  371  429  489  370  185  136  438  387
   21040  401  480  452  438  382  438  173  175  490  387
   21060  379  438  461  524  512  535  207  136  555  455
   21080  322  614  385  555  396  488  254  220  500  436
   21100  396  492  384  491  384  536  244  158  436  519
   21120  429  543  404  509  418  481  283  153  385  587
   21140  509  373  316  466  371  408  271  235  463  545
   21160  443  485  130  448  365  447  271  310  544  540
   21180  446  471  305  469  315  541  289  345  552  533
   21200  335  424  264  407  452  485  288  276  545  449
   21220  280  536  283  484  475  465  340  145  486  474
   21240  301  566  347  612  406  491  374  122  403  504
   21260  321  526  255  369  521  361  255  194  582  347
   21280  299  491  252  351  399  407  327  250  530  350
   21300  310  596  226  350  281  451  426  425  512  255
   21320  227  507  285  401  307  367  478  375  435  444
   21340  343  494  295  480  271  356  437  316  531  521
   21360  485  453  288  361  261  526  481  285  521  467
   21380  372  532  346  389  391  452  448  251  502  406
   21400  255  427  369  342  368  306  604  311  535  442
   21420  211  432  337  383  226  406  463  306  530  482
   21440  243  443  378  369  219  373  470  482  619  411
   21460  211  345  356  250  301  350  516  446  446  428
   21480  236  489  400  244  276  408  340  388  366  374
   21500  172  486  284  183  248  586  328  423  424  416
   21520  196  520  361  180  395  584  302  414  463  397
   21540  281  462  419  306  500  529  432  378  346  358
   21560  237  399  414  285  506  536  375  425  413  324
   21580  247  547  262  242  512  355  388  474  450  260
   21600  235  479  351  319  517  409  337  454  552  292
   21620  249  497  252  462  433  384  238  397  458  315
   21640  207  608  270  441  413  398  265  298  449  314
   21660  311  537  243  433  455  389  229  381  479  322
   21680  334  482  344  492  471  288  240  415  581  366
   21700  230  273  495  493  584  342  187  391  509  427
   21720  276  399  477  453  706  476  228  419  493  446
   21740  280  423  457  497  669  454  250  346  424  408
   21760  269  447  392  445  608  404  260  501  570  423
   21780  287  489  431  383  618  434  157  532  521  452
   21800  270  526  447  382  573  301  179  424  595  476
   21820  296  570  515  446  515  350  208  333  542  351
   21840  419  523  520  478  565  401  181  278  511  428
   21860  386  388  341  397  348  259  287  311  430  519
   21880  284  448  368  450  491  295  280  335  577  437
   21900  305  303  371  505  575  330  313  455  547  496
   21920  438  329  349  529  498  431  307  499  500  407
   21940  418  350  324  537  625  455  292  422  491  439
   21960  346  349  260  543  558  392  319  349  458  454
   21980  249  312  331  556  524  398  267  422  379  401
   22000  304  334  300  554  458  410  253  397  347  316
   22020  284  306  285  726  621  426  280  396  455  343
   22040  254  357  243  557  543  438  273  484  431  240
   22060  377  519  310  560  491  475  414  439  572  225
   22080  398  408  249  582  382  379  245  265  459  181
   22100  415  411  241  526  368  369  233  339  488  182
   22120  456  315  186  543  397  455  307  406  352  257
   22140  474  534  125  517  357  441  307  535  351  290
   22160  477  299   81  462  365  406  216  509  500  378
   22180  452  312   42  493  329  458  212  362  474  352
   22200  407  376   62  480  366  343  177  465  467  245
   22220  350  304   78  568  319  287  346  506  325  271
   22240  278  290  164  589  401  305  232  345  315  238
   22260  286  324  273  584  410  305  230  423  430  266
   22280  300  219  327  482  228  311  302  330  480  341
   22300  200  289  377  555  257  285  388  392  500  297
   22320  297  336  337  514  244  263  236  342  386  267
   22340  327  294  366  505  292  321  286  408  364  180
   22360  310  322  352  620  319  305  346  448  340  417
   22380  242  433  440  500  181  185  361  399  320  241
   22400  389  266  360  631  325  272  225  551  285  273
   22420  418  358  386  496  248  307  296  478  369  234
   22440  497  352  338  536  355  359  323  493  392  149
   22460  361  379  414  614  445  247  369  371  458  157
   22480  306  482  469  549  422  290  388  431  439  213
   22500  309  370  459  599  433  350  389  470  576  247
   22520  190  399  479  623  369  267  437  591  519  235
   22540  209  606  336  679  307  341  409  644  463  208
   22560  114  538  425  671  284  382  299  471  369  129
   22580  208  397  301  393  275  350  293  366  442  180
   22600  133  506  505  443  207  270  274  366  419  129
   22620  198  498  514  415  202  291  181  354  361  230
   22640  191  524  454  528  266  259  182  406  379  208
   22660  211  437  416  505  267  381  218  580  246  232
   22680  243  419  510  673  482  305  243  513  317  195
   22700  206  481  384  630  356  230  231  505  433  108
   22720  192  548  421  455  495  263  220  466  477   47
   22740  123  426  533  518  408  299  156  427  392   33
   22760  223  469  384  481  394  342  240  339  350   30
   22780  229  354  470  320  393  367  203  429  375   71
   22800  200  253  622  326  388  356  172  404  423   47
   22820  291  371  401  261  344  443  239  447  415   29
   22840  299  344  600  260  338  402  240  626  416   30
   22860  277  543  561  483  394  418  342  471  344   17
   22880  335  331  560  472  427  477  337  480  350    5
   22900  322  313  565  494  486  365  291  603  407    4
   22920  436  282  463  467  372  573  134  530  477   59
   22940  490  325  509  393  369  488  154  433  453  174
   22960  456  273  564  589  375  473  129  462  481  269
   22980  398  322  347  467  293  404  164  412  502  368
   23000  450  324  408  389  251  575  157  423  447  326
   23020  498  381  230  441  293  495  267  409  302  574
   23040  429  375  318  500  307  435  308  351  313  493
   23060  502  274  283  445  348  491  249  359  425  400
   23080  513  237  342  434  351  413  386  407  413  378
   23100  492  228  417  447  421  436  315  415  473  421
   23120  396  223  433  421  449  615  340  365  509  474
   23140  394  216  442  479  343  527  389  266  657  417
   23160  262  179  377  626  433  436  339  181  394  366
   23180  388  210  339  401  340  471  393  130  471  458
   23200  310  207  355  317  377  418  411  230  498  390
   23220  271  109  403  234  409  478  347  240  668  320
   23240  331  157  447  304  379  389  396  270  634  388
   23260  210  182  266  406  486  517  518  189  539  303
   23280  305  187  269  525  425  447  593  154  585  251
   23300  380  290  405  459  431  674  560  130  644  315
   23320  435  229  364  570  323  714  610  174  620  364
   23340  375  206  276  583  417  621  445  213  527  548
   23360  336  163  326  524  450  524  476  227  605  591
   23380  325  249  328  574  389  552  446  252  529  448
   23400  334  212  447  519  537  579  514  166  580  423
   23420  303  262  357  444  597  493  494  154  608  554
   23440  423  358  350  486  467  447  496  193  603  529
   23460  464  384  370  451  460  440  486  251  735  426
   23480  539  227  251  484  445  395  377  136  574  576
   23500  475  139  199  460  424  401  503   98  543  521
   23520  459   47  211  432  430  532  605  192  437  454
   23540  344   64  332  528  485  443  440  213  567  618
   23560  308  206  331  426  443  410  292  218  588  590
   23580  524  275  336  474  563  411  415  128  683  583
   23600  364  356  288  467  466  401  329   92  493  427
   23620  351  491  325  473  626  311  344   88  477  496
   23640  382  395  381  433  572  322  317  103  521  461
   23660  374  507  483  479  667  469  408  154  346  485
   23680  305  442  459  471  536  310  359  173  302  362
   23700  242  512  496  463  661  319  474  258  326  378
   23720  341  496  542  511  535  437  454  312  383  455
   23740  387  470  480  383  648  401  411  231  442  445
   23760  398  419  504  352  589  348  477  268  338  448
   23780  375  345  511  405  448  386  440  361  374  441
   23800  397  294  468  366  446  365  442  437  450  447
   23820  376  442  467  525  380  519  460  424  537  386
   23840  210  496  526  303  366  411  425  444  448  441
   23860  220  537  446  286  448  397  466  311  600  407
   23880  304  471  340  303  392  371  420  255  486  388
   23900  320  547  524  325  423  340  380  317  510  366
   23920  548  389  752  516  560  464  581  412  477  394
   23940  573  399  752  564  460  531  583  449  495  407
   23960  476  474  554  490  432  490  466  416  555  470
   23980  465  427  645  551  330  533  360  385  526  429
   24000  472  428  480  303  320  480  361  418  396  431
   24020  455  492  495  423  298  462  354  333  384  518
   24040  402  489  421  574  372  348  446  233  531  617
   24060  326  381  418  416  586  419  303  241  533  634
   24080  366  403  415  470  525  456  368  283  635  501
   24100  349  369  302  395  485  486  469  391  526  436
   24120  286  383  229  448  535  618  435  482  522  302
   24140  281  304  312  505  489  530  460  623  452  395
   24160  394  313  238  434  504  577  331  516  356  420
   24180  381  333  225  433  431  563  389  401  415  340
   24200  294  381  285  486  499  525  431  324  429  278
   24220  376  348  313  434  632  381  491  306  373  361
   24240  370  247  260  442  614  416  519  237  291  370
   24260  450  313  244  299  486  398  375  475  343  422
   24280  565  385  325  412  365  402  438  456  443  327
   24300  376  378  236  458  481  333  527  441  491  312
   24320  310  293  234  368  475  387  451  396  490  280
   24340  243  277  266  365  414  528  387  469  478  346
   24360  243  275  281  384  439  503  403  581  627  344
   24380  263  309  277  346  345  466  492  456  512  319
   24400  293  296  368  377  454  355  527  441  507  289
   24420  403  229  246  403  391  417  504  424  476  386
   24440  284  142  344  540  279  433  533  490  444  297
   24460  206  235  442  483  276  315  552  443  457  312
   24480  243  242  365  410  256  424  393  449  515  373
   24500  194  218  399  492  282  363  368  403  613  336
   24520  342  180  401  485  295  408  364  362  604  352
   24540  197  284  441  617  336  384  419  338  535  358
   24560  188  157  299  500  370  532  426  372  498  427
   24580  163  122  343  372  321  424  344  433  461  394
   24600  130  129  331  417  299  402  240  376  422  369
   24620  141  144  405  482  317  450  341  488  322  362
   24640  205  150  495  408  223  584  284  406  457  339
   24660  145  208  364  497  270  548  329  399  369  333
   24680  168  141  375  490  281  445  417  418  360  370
   24700  160  225  398  564  475  476  495  217  361  309
   24720   91  258  477  416  438  471  440  234  416  285
   24740   58  276  454  380  472  465  389  317  525  210
   24760    8  223  447  475  532  662  501  282  382  202
   24780   24  168  491  317  511  675  415  252  497  181
   24800   28  181  415  279  517  643  439  306  505  180
   24820    4  162  513  356  459  557  354  442  542  139
   24840    9  174  384  441  439  528  342  325  524  197
   24860    6  246  412  334  357  588  446  512  460  190
   24880   21  332  380  355  343  468  489  453  592  297
   24900   37  422  430  377  503  402  461  396  514  348
   24920  207  280  411  368  387  449  432  441  560  437
   24940  294  395  478  366  422  508  394  483  507  392
   24960  354  370  369  352  469  566  401  462  647  307
   24980  320  288  334  409  442  514  449  440  594  278
   25000  430  404  311  329  380  525  478  321  560  232
   25020  356  368  413  239  425  516  421  397  402  270
   25040  242  470  380  348  451  564  432  353  520  280
   25060  268  336  343  502  443  499  414  303  529  284
   25080  511  374  427  389  395  417  368  334  543  286
   25100  483  404  356  365  357  435  467  345  646  357
   25120  349  359  375  258  309  443  358  348  491  488
   25140  388  275  377  305  379  436  400  406  541  483
   25160  366  351  505  368  288  421  394  269  386  475
   25180  287  180  543  221  265  525  422  167  376  526
   25200  411  131  531  207  317  442  401  220  386  483
   25220  410  257  397  202  254  451  445  164  352  617
   25240  460  348  377  178  287  466  425  113  460  583
   25260  477  360  415  254  233  430  522  207  510  494
   25280  526  313  346  322  316  434  565  281  521  615
   25300  333  317  355  248  274  349  371  367  485  483
   25320  396  310  388  302  340  382  558  307  390  668
   25340  357  334  371  309  353  458  466  327  391  413
   25360  481  252  439  308  373  462  402  269  579  335
   25380  381  286  345  369  343  272  354  271  503  404
   25400  380  239  376  295  350  339  342  215  439  338
   25420  273  294  454  247  400  333  468  313  398  400
   25440  369  209  355  302  518  375  337  258  291  417
   25460  332  293  337  350  489  331  441  292  349  479
   25480  335  296  330  344  430  337  350  269  373  582
   25500  292  351  378  294  498  444  356  392  214  447
   25520  421  324  377  183  549  402  368  344  278  497
   25540  463  257  311  233  337  353  391  246  278  467
   25560  494  397  324  241  439  351  412  465  109  490
   25580  373  376  280  161  623  289  374  444  175  486
   25600  345  480  197  230  470  293  355  506  162  552
   25620  379  490  205  240  493  260  281  475  232  366
   25640  303  272  191  259  437  345  296  419  245  484
   25660  294  335  271  138  362  345  362  502  227  490
   25680  367  283  340  125  385  355  485  525  132  409
   25700  414  296  301  178  457  325  430  440  201  424
   25720  415  387  285  298  570  441  392  432  214  413
   25740  393  316  373  305  472  431  476  397  157  460
   25760  497  328  445  209  489  428  529  420   98  332
   25780  367  442  377  261  607  374  625  460   63  381
   25800  382  451  299  307  522  299  446  331   65  373
   25820  392  448  352  347  476  312  445  303  113  484
   25840  387  411  413  443  462  252  415  260   67  445
   25860  310  454  311  283  489  145  401  218   98  473
   25880  229  463  326  431  518  232  345  322  102  370
   25900  132  476  361  331  387  246  354  287  115  366
   25920  163  452  344  224  327  171  386  351  161  486
   25940  157  506  313  368  373  193  330  394  175  488
   25960  111  626  346  291  289  194  490  386  155  416
   25980   27  511  271  305  329  120  403  351  200  439
   26000    4  540  287  399  280  131  254  288  139  614
   26020    0  593  275  366  337  174  425  336  170  558
   26040   10  524  351  251  243  118  502  239  172  481
   26060   22  485  217  329  277  164  413  276  252  635
   26080   31  473  200  395  316   98  488  200  261  572
   26100   29  372  268  383  247   42  366  106  320  533
   26120   26  483  339  199  187   52  397  132  254  386
   26140   24  363  283  188  254   35  441  202  346  440
   26160   36  432  283  156  274   24  429  140  324  549
   26180   55  425  272  157  323    5  394  121  543  503
   26200   88  443  193  107  238   22  378  132  444  334
   26220   87  433  208  119  215   46  368  110  422  396
   26240  141  448  190  114  384   36  472  164  378  387
   26260  145  353  259  165  399   44  492  193  402  386
   26280  213  420  351   94  299  104  600  251  406  329
   26300  117  398  481   26  249  198  407  254  385  438
   26320  162  333  457   11  318  184  517  211  355  475
   26340  154  332  421   14  281  240  618  240  391  451
   26360  164  265  472   17  164  385  443  234  448  302
   26380  158  143  314   45  172  470  518  193  539  240
   26400  154  215  348   50  279  434  369  283  438  263
   26420  277  224  508   84  313  233  528  307  357  333
   26440  236  261  384  143  329  195  394  425  389  353
   26460  210  228  426  330  442  261  368  410  452  275
   26480  238  331  413  395  479  185  458  265  408  167
   26500  239  224  412  384  483   65  506  333  468  129
   26520  396  276  386  361  330  135  482  355  412  125
   26540  391  224  392  421  411  139  440  393  571   89
   26560  328  248  472  427  400  105  327  410  518  114
   26580  340  327  470  292  348   90  309  337  409  200
   26600  473  416  453  219  446   72  339  367  280  276
   26620  484  466  296  142  406   53  412  297  384  313
   26640  612  436  293  252  461   79  446  277  322  302
   26660  449  399  293  402  460   23  517  342  310  414
   26680  520  399  381  382  459    4  477  291  367  275
   26700  463  445  261  381  436    7  521  267  336  308
   26720  351  345  270  430  406    0  495  236  391  323
   26740  484  200  255  398  509   30  514  241  505  264
   26760  426  298  268  352  491   37  482  277  507  493
   26780  379  206  298  368  458   18  470  275  416  567
   26800  449  192  464  359  408   15  462  184  408  607
   26820  539  250  473  407  349    2  548  396  403  372
   26840  558  337  465  373  311   16  597  454  289  341
   26860  403  301  481  391  343   12  585  472  241  415
   26880  451  368  457  306  443    4  469  380  238  343
   26900  393  390  487  293  430   10  442  583  353  236
   26920  589  402  546  200  446   16  345  424  373  150
   26940  474  322  502  247  408   33  456  488  280  263
   26960  496  253  548  222  462   40  477  491  349  249
   26980  563  346  536  263  362   56  361  647  201  309
   27000  510  365  609  318  342  157  299  662  314  339
   27020  425  456  485  313  284  277  361  630  246  330
   27040  537  339  468  261  382  243  269  505  222  318
   27060  470  349  505  142  496  455  286  605  203  385
   27080  382  395  438   58  514  346  369  601  217  395
   27100  459  365  422   47  475  426  333  541  323  371
   27120  375  338  504   98  524  396  433  514  298  387
   27140  320  261  434  114  526  431  405  429  202  364
   27160  388  355  409  223  428  437  375  400  237  404
   27180  357  162  432  202  421  407  458  533  214  273
   27200  287  245  417  117  451  424  497  564  279  311
   27220  283  140  446  153  486  555  469  651  264  354
   27240  324  254  472  166  359  525  417  557  266  423
   27260  201  267  367  108  320  525  290  407  309  390
   27280  148  261  341  173  304  533  204  386  214  352
   27300  141  304  472  182  273  448  270  512  206  340
   27320  172  294  444  178  371  375  340  527  171  269
   27340  303  278  358  153  346  375  353  518  131  312
   27360  419  221  331  104  339  535  327  457  132  349
   27380  364  253  320  135  336  451  172  430  211  469
   27400  366  322  347  116  131  520  247  549  228  437
   27420  278  322  406  111  166  559  438  480  319  365
   27440  242  371  377  157  220  562  511  494  332  256
   27460  289  376  460  176  276  453  488  686  344  429
   27480  314  396  485  179  281  523  398  560  442  456
   27500  324  253  600  304  274  575  480  465  363  390
   27520  237  364  489  354  288  486  583  442  445  393
   27540  165  371  469  323  393  455  479  525  379  355
   27560  197  396  472  302  298  455  590  456  359  310
   27580  159  360  384  280  333  350  495  514  342  292
   27600  207  369  436  299  272  538  387  499  338  424
   27620  284  324  330  251  275  415  443  461  269  369
   27640  422  345  340  265  411  555  512  510  297  369
   27660  299  306  432  257  294  475  462  547  278  377
   27680  252  329  594  274  346  394  393  391  241  394
   27700  232  395  592  367  265  481  266  435  406  261
   27720  272  375  494  398  294  434  235  378  430  403
   27740  318  265  572  414  298  488  267  407  398  270
   27760  336  396  539  365  312  561  258  367  353  252
   27780  406  418  529  352  265  557  192  278  505  361
   27800  340  455  545  343  317  401  165  345  469  358
   27820  262  400  436  291  379  329  143  348  390  317
   27840  161  484  485  406  279  288  201  459  354  362
   27860  110  487  583  499  308  366  257  474  369  375
   27880  142  376  474  484  314  482  238  517  412  312
   27900  248  381  466  385  301  418  419  521  342  370
   27920  307  452  400  470  235  423  495  479  344  477
   27940  463  378  493  448  245  399  387  553  338  417
   27960  496  433  432  380  319  317  420  405  340  417
   27980  463  457  429  400  456  344  303  452  382  435
   28000  402  434  484  318  406  418  341  502  394  496
   28020  363  407  474  230  407  336  389  549  308  489
   28040  321  319  575  281  543  330  395  551  303  518
   28060  432  296  599  269  597  177  414  418  245  544
   28080  403  338  541  204  529  239  355  503  281  538
   28100  518  486  467  209  543  324  383  384  257  592
   28120  395  456  383  260  555  405  428  462  254  548
   28140  358  336  318  262  486  425  417  583  199  557
   28160  345  260  380  282  523  334  422  519  195  575
   28180  204  391  460  278  569  339  489  566  187  516
   28200  163  318  379  365  482  407  378  496  190  519
   28220  183  283  396  369  557  365  378  470  268  521
   28240  275  221  369  335  532  350  423  393  372  574
   28260  268  231  313  382  497  244  558  384  363  632
   28280  324  112  295  290  616  435  434  323  392  515
   28300  199  124  275  282  530  379  348  355  381  570
   28320  164   90  249  309  488  307  407  419  308  515
   28340  254   30  302  331  527  285  470  481  426  487
   28360  280   40  305  329  523  271  441  408  477  566
   28380  329   45  329  492  549  275  435  337  526  552
   28400  387   28  475  450  418  299  445  347  414  572
   28420  373   45  507  493  576  287  307  360  407  491
   28440  334  127  533  409  475  395  232  435  531  392
   28460  306  213  428  361  483  381  264  456  497  578
   28480  278  372  570  397  413  398  240  361  379  512
   28500  314  316  380  329  369  329  154  317  418  490
   28520  285  326  304  448  454  304  116  394  451  505
   28540  225  272  308  409  510  362  183  381  354  585
   28560  265  256  429  477  416  328  245  280  379  428
   28580  218  273  365  503  360  409  315  342  359  545
   28600  286  228  370  387  332  390  249  332  386  582
   28620  254  160  481  329  418  242  369  441  398  623
   28640  304  108  289  262  363  427  367  348  382  513
   28660  323  136  232  263  347  377  406  382  320  426
   28680  376  157  234  360  260  359  447  356  308  622
   28700  520   68  221  461  303  469  309  457  250  529
   28720  469  122  247  465  198  402  428  446  319  530
   28740  438  223  346  321  217  432  461  323  283  482
   28760  276  328  367  310  209  360  357  427  363  437
   28780  257  422  377  386  210  270  388  374  315  457
   28800  249  498  446  501  321  309  365  567  347  579
   28820  241  386  357  398  332  370  330  331  350  533
   28840  270  487  225  332  249  452  323  223  356  443
   28860  198  434  178  438  211  423  358  251  278  520
   28880  216  399  190  350  183  384  305  287  298  505
   28900  238  331  178  432  293  406  274  318  315  375
   28920  284  309  187  401  368  342  289  428  311  388
   28940  211  445  319  402  294  427  352  351  402  362
   28960  218  382  372  460  305  450  450  321  421  340
   28980  258  490  252  518  318  334  485  313  399  384
   29000  195  434  284  507  322  318  537  381  422  414
   29020  215  384  334  465  396  397  535  348  552  370
   29040  110  458  278  356  362  330  411  362  406  357
   29060  139  507  319  435  341  381  370  320  392  335
   29080  123  523  347  485  499  318  371  219  294  283
   29100  181  402  422  568  507  273  320  203  376  426
   29120  205  471  258  496  448  370  318  283  333  486
   29140  171  493  244  617  427  366  395  286  278  406
   29160  120  525  299  604  477  440  382  323  354  362
   29180  142  416  379  569  417  433  429  279  291  510
   29200  187  523  357  609  312  468  447  402  379  389
   29220  153  311  432  571  520  429  481  527  378  321
   29240  246  399  316  469  442  358  476  543  515  340
   29260  169  444  354  534  416  408  475  598  336  338
   29280  198  424  215  540  380  426  453  650  489  250
   29300  214  315  245  440  398  390  371  591  483  227
   29320  187  341  213  436  457  420  394  587  341  141
   29340  189  286  216  511  416  397  481  573  272  196
   29360  164  327  175  471  442  347  480  586  283  289
   29380  183  436  160  448  371  420  362  651  356  307
   29400  167  399  197  403  282  366  276  493  353  450
   29420  151  294  327  441  171  418  242  553  267  523
   29440  165  404  434  551  282  412  328  461  407  415
   29460   89  419  355  410  302  355  378  390  468  605
   29480   60  433  440  405  227  359  413  426  405  564
   29500   58  406  376  375  180  418  478  477  362  426
   29520   44  556  375  394  225  486  291  358  409  487
   29540   34  375  265  296  264  437  283  300  492  424
   29560   52  304  402  387  363  389  392  371  370  413
   29580  129  259  384  520  356  443  353  445  287  499
   29600  129  256  330  489  370  419  422  531  425  502
   29620   78  254  411  371  350  372  344  432  391  411
   29640   29  218  263  367  359  357  393  438  388  301
   29660   55  330  173  453  479  272  420  408  363  454
   29680   45  448  121  551  588  305  533  355  322  428
   29700   56  355  197  380  503  365  438  428  343  338
   29720  107  265  161  436  531  429  448  399  329  446
   29740  139  456  196  361  476  528  380  328  192  512
   29760  206  447  316  302  427  494  382  565  186  544
   29780  378  412  305  265  445  408  340  491  241  455
   29800  293  358  305  241  426  421  229  448  179  465
   29820  289  378  375  267  383  503  202  504  198  536
   29840  243  363  444  286  391  514  285  478  283  447
   29860  223  400  366  302  423  497  438  594  230  319
   29880  281  228  317  369  281  487  374  769  243  377
   29900  313  362  288  371  265  494  248  684  208  267
   29920  414  249  305  375  237  456  252  575  228  267
   29940  464  356  338  366  393  494  362  548  212  309
   29960  499  398  361  306  417  562  302  635  244  358
   29980  475  377  442  249  298  475  297  603  262  319
   30000  463  305  409  308  417  424  353  594  231  310
