      20     0.000094578     0.000094111     0.963530000
      40     0.000181297     0.000179625     0.905470000
      60     0.000256684     0.000253387     0.864660000
      80     0.000329987     0.000324693     0.821310000
     100     0.000395549     0.000387904     0.776730000
     120     0.000458770     0.000448590     0.728910000
     140     0.000507816     0.000495455     0.704590000
     160     0.000558133     0.000543056     0.680280000
     180     0.000602024     0.000584439     0.653630000
     200     0.000642376     0.000622418     0.625180000
     220     0.000686375     0.000663295     0.602070000
     240     0.000717854     0.000691997     0.568830000
     260     0.000745853     0.000717101     0.555610000
     280     0.000777084     0.000745952     0.544230000
     300     0.000806152     0.000772092     0.519840000
     320     0.000823520     0.000786982     0.510130000
     340     0.000849081     0.000809860     0.506070000
     360     0.000870137     0.000827279     0.486680000
     380     0.000879264     0.000835203     0.485700000
     400     0.000892764     0.000846987     0.461610000
     420     0.000908599     0.000860402     0.443590000
     440     0.000924556     0.000873497     0.445750000
     460     0.000937721     0.000884909     0.431510000
     480     0.000947710     0.000892262     0.426770000
     500     0.000959424     0.000902820     0.420250000
     520     0.000965562     0.000907992     0.419990000
     540     0.000963458     0.000906190     0.417090000
     560     0.000979629     0.000921031     0.414610000
     580     0.000984993     0.000925918     0.408070000
     600     0.000995009     0.000933104     0.391750000
     620     0.001003145     0.000938795     0.389360000
     640     0.001001538     0.000936642     0.394420000
     660     0.001014730     0.000947862     0.385350000
     680     0.001019869     0.000951811     0.375720000
     700     0.001022235     0.000951903     0.365950000
     720     0.001023566     0.000951120     0.364020000
     740     0.001017569     0.000945266     0.378400000
     760     0.001025126     0.000952507     0.386460000
     780     0.001029089     0.000957186     0.392220000
     800     0.001029117     0.000957260     0.379460000
     820     0.001030480     0.000957854     0.371580000
     840     0.001027520     0.000955011     0.374840000
     860     0.001027050     0.000955560     0.375780000
     880     0.001032099     0.000960163     0.367530000
     900     0.001037071     0.000962781     0.376560000
     920     0.001035813     0.000963103     0.380360000
     940     0.001027118     0.000955247     0.367870000
     960     0.001019417     0.000947881     0.366370000
     980     0.001015441     0.000944183     0.364230000
    1000     0.001026940     0.000955509     0.373960000
    1020     0.001021423     0.000950633     0.372850000
    1040     0.001021534     0.000949139     0.361230000
    1060     0.001018996     0.000946319     0.370600000
    1080     0.001015809     0.000944571     0.371560000
    1100     0.001009162     0.000938973     0.376430000
    1120     0.001009571     0.000939419     0.377340000
    1140     0.001013267     0.000942172     0.371950000
    1160     0.001020571     0.000948277     0.364380000
    1180     0.001023149     0.000950966     0.378880000
    1200     0.001022071     0.000949325     0.374480000
    1220     0.001030248     0.000957092     0.376070000
    1240     0.001019211     0.000947768     0.375190000
    1260     0.001026234     0.000955565     0.377860000
    1280     0.001026751     0.000955237     0.385590000
    1300     0.001027002     0.000956324     0.377560000
    1320     0.001023505     0.000953218     0.379240000
    1340     0.001040465     0.000966668     0.369390000
    1360     0.001042677     0.000967732     0.362720000
    1380     0.001050003     0.000974453     0.359650000
    1400     0.001048299     0.000969737     0.350430000
    1420     0.001053857     0.000974381     0.355600000
    1440     0.001053562     0.000975097     0.358090000
    1460     0.001051555     0.000972549     0.360220000
    1480     0.001051149     0.000974340     0.361390000
    1500     0.001054156     0.000976454     0.357450000
    1520     0.001046523     0.000970354     0.351210000
    1540     0.001048196     0.000970243     0.355690000
    1560     0.001050637     0.000972429     0.364880000
    1580     0.001048944     0.000971294     0.367790000
    1600     0.001058315     0.000980856     0.356050000
    1620     0.001055160     0.000979157     0.357370000
    1640     0.001059389     0.000983421     0.355590000
    1660     0.001053089     0.000976357     0.354580000
    1680     0.001057941     0.000980142     0.340840000
    1700     0.001057492     0.000978094     0.347480000
    1720     0.001055465     0.000974514     0.361300000
    1740     0.001061548     0.000979992     0.358060000
    1760     0.001056249     0.000976912     0.353950000
    1780     0.001057316     0.000978425     0.354690000
    1800     0.001061444     0.000980999     0.344540000
    1820     0.001071834     0.000988961     0.340140000
    1840     0.001065559     0.000983904     0.347660000
    1860     0.001063491     0.000981981     0.342550000
    1880     0.001072620     0.000990228     0.345290000
    1900     0.001072083     0.000991048     0.348680000
    1920     0.001068114     0.000988502     0.348540000
    1940     0.001065508     0.000984893     0.346090000
    1960     0.001055077     0.000975220     0.335360000
    1980     0.001056011     0.000975462     0.346140000
    2000     0.001058550     0.000977041     0.342570000
    2020     0.001067184     0.000983703     0.336160000
    2040     0.001069800     0.000985323     0.343070000
    2060     0.001063572     0.000982050     0.353430000
    2080     0.001061718     0.000981376     0.355570000
    2100     0.001055320     0.000977397     0.354670000
    2120     0.001052356     0.000975079     0.356420000
    2140     0.001050264     0.000972059     0.338670000
    2160     0.001051431     0.000971900     0.340020000
    2180     0.001041336     0.000963403     0.343780000
    2200     0.001040858     0.000963789     0.349000000
    2220     0.001045058     0.000965408     0.356680000
    2240     0.001059023     0.000977879     0.354690000
    2260     0.001060622     0.000979634     0.348060000
    2280     0.001045454     0.000966109     0.351950000
    2300     0.001033030     0.000956603     0.369530000
    2320     0.001036213     0.000962251     0.375410000
    2340     0.001039904     0.000965408     0.369340000
    2360     0.001038240     0.000964361     0.364770000
    2380     0.001042338     0.000966398     0.362750000
    2400     0.001044939     0.000967905     0.355200000
    2420     0.001034232     0.000958586     0.360820000
    2440     0.001031656     0.000957431     0.351810000
    2460     0.001037234     0.000963160     0.364510000
    2480     0.001046861     0.000971392     0.351230000
    2500     0.001046857     0.000972382     0.358870000
    2520     0.001043308     0.000968200     0.363100000
    2540     0.001051362     0.000973886     0.357260000
    2560     0.001041884     0.000965983     0.358470000
    2580     0.001042425     0.000968242     0.373040000
    2600     0.001039611     0.000965254     0.374630000
    2620     0.001044912     0.000969044     0.364940000
    2640     0.001047747     0.000972106     0.367090000
    2660     0.001048606     0.000971905     0.360500000
    2680     0.001040573     0.000964661     0.360230000
    2700     0.001033956     0.000958952     0.365060000
    2720     0.001028407     0.000954934     0.365150000
    2740     0.001021281     0.000949148     0.363230000
    2760     0.001022412     0.000950143     0.374230000
    2780     0.001013852     0.000943922     0.382970000
    2800     0.001016863     0.000945396     0.374810000
    2820     0.001024600     0.000952729     0.379520000
    2840     0.001027439     0.000956876     0.377880000
    2860     0.001023330     0.000953094     0.370090000
    2880     0.001028602     0.000958267     0.369760000
    2900     0.001037244     0.000965040     0.366450000
    2920     0.001046295     0.000973198     0.370150000
    2940     0.001047998     0.000973261     0.362790000
    2960     0.001043513     0.000970085     0.373410000
    2980     0.001040241     0.000966611     0.357500000
    3000     0.001048354     0.000972677     0.357580000
    3020     0.001045806     0.000969647     0.357730000
    3040     0.001047461     0.000972369     0.364390000
    3060     0.001044611     0.000969118     0.371120000
    3080     0.001035106     0.000959249     0.358890000
    3100     0.001044006     0.000967684     0.368370000
    3120     0.001027178     0.000953979     0.369840000
    3140     0.001025081     0.000954064     0.370990000
    3160     0.001026417     0.000954641     0.369620000
    3180     0.001024080     0.000952361     0.365310000
    3200     0.001016262     0.000944861     0.371110000
    3220     0.001022194     0.000950144     0.375400000
    3240     0.001011139     0.000940417     0.374890000
    3260     0.001010485     0.000942413     0.386010000
    3280     0.001000516     0.000933598     0.383960000
    3300     0.000997699     0.000930941     0.392480000
    3320     0.000995245     0.000928013     0.391200000
    3340     0.000987148     0.000922113     0.391320000
    3360     0.000991939     0.000926067     0.384020000
    3380     0.000982436     0.000917287     0.394170000
    3400     0.000982485     0.000917832     0.393210000
    3420     0.000993366     0.000926760     0.389470000
    3440     0.001001351     0.000934347     0.388280000
    3460     0.001006765     0.000939453     0.388920000
    3480     0.000996697     0.000930890     0.392550000
    3500     0.000994481     0.000929435     0.391000000
    3520     0.001007738     0.000940174     0.385010000
    3540     0.001017686     0.000949500     0.385170000
    3560     0.001008385     0.000941495     0.374820000
    3580     0.001016201     0.000948726     0.384520000
    3600     0.001017728     0.000949324     0.378250000
    3620     0.001016330     0.000947033     0.375420000
    3640     0.001013892     0.000944989     0.387040000
    3660     0.001011779     0.000942874     0.385020000
    3680     0.001013207     0.000944818     0.395380000
    3700     0.001008337     0.000940576     0.386430000
    3720     0.000993008     0.000927197     0.390590000
    3740     0.000994251     0.000928578     0.395860000
    3760     0.001009135     0.000942387     0.400930000
    3780     0.001012140     0.000943985     0.389490000
    3800     0.001018518     0.000949240     0.397460000
    3820     0.001023475     0.000954713     0.384070000
    3840     0.001020148     0.000952122     0.385660000
    3860     0.001021144     0.000952627     0.378000000
    3880     0.001026067     0.000956819     0.378200000
    3900     0.001030219     0.000959083     0.374610000
    3920     0.001027247     0.000956030     0.379280000
    3940     0.001026520     0.000954909     0.367350000
    3960     0.001030154     0.000957424     0.369740000
    3980     0.001038013     0.000964736     0.356860000
    4000     0.001039549     0.000966345     0.371310000
    4020     0.001037408     0.000965091     0.371170000
    4040     0.001042642     0.000969569     0.365990000
    4060     0.001053214     0.000978512     0.363600000
    4080     0.001054238     0.000978381     0.367310000
    4100     0.001046382     0.000972541     0.362800000
    4120     0.001030948     0.000959275     0.373420000
    4140     0.001028802     0.000957051     0.373660000
    4160     0.001025424     0.000953989     0.365760000
    4180     0.001031165     0.000956502     0.350290000
    4200     0.001023648     0.000950725     0.360060000
    4220     0.001028107     0.000955478     0.369750000
    4240     0.001025070     0.000953024     0.370130000
    4260     0.001021103     0.000949349     0.376890000
    4280     0.001015453     0.000944398     0.379660000
    4300     0.001021117     0.000949963     0.388240000
    4320     0.001015386     0.000944573     0.377300000
    4340     0.001014111     0.000945053     0.369630000
    4360     0.001018104     0.000947564     0.367250000
    4380     0.001031553     0.000959544     0.368450000
    4400     0.001038421     0.000965268     0.356360000
    4420     0.001045196     0.000970044     0.347620000
    4440     0.001045067     0.000967711     0.352600000
    4460     0.001040657     0.000964757     0.364120000
    4480     0.001041895     0.000966367     0.360120000
    4500     0.001042089     0.000967184     0.360650000
    4520     0.001051082     0.000974625     0.357850000
    4540     0.001049434     0.000973603     0.360100000
    4560     0.001048935     0.000972260     0.356580000
    4580     0.001046083     0.000969420     0.343710000
    4600     0.001038617     0.000961679     0.357750000
    4620     0.001035756     0.000959227     0.354130000
    4640     0.001043003     0.000966248     0.361050000
    4660     0.001047646     0.000969925     0.355210000
    4680     0.001043869     0.000966134     0.353320000
    4700     0.001057715     0.000977048     0.352350000
    4720     0.001059029     0.000977615     0.343600000
    4740     0.001064550     0.000981308     0.342010000
    4760     0.001058598     0.000977787     0.341400000
    4780     0.001072917     0.000990689     0.338830000
    4800     0.001074799     0.000992011     0.334850000
    4820     0.001075163     0.000991816     0.338880000
    4840     0.001072896     0.000990316     0.341350000
    4860     0.001073259     0.000989740     0.342250000
    4880     0.001064748     0.000984220     0.347520000
    4900     0.001064901     0.000983993     0.352710000
    4920     0.001071034     0.000988219     0.351390000
    4940     0.001070928     0.000989049     0.351680000
    4960     0.001067071     0.000984458     0.338420000
    4980     0.001063253     0.000981492     0.335790000
    5000     0.001063724     0.000982325     0.335810000
    5020     0.001063283     0.000981667     0.344910000
    5040     0.001058408     0.000978683     0.345860000
    5060     0.001060155     0.000980392     0.346520000
    5080     0.001045524     0.000967115     0.349130000
    5100     0.001038531     0.000961924     0.355800000
    5120     0.001037445     0.000960604     0.357580000
    5140     0.001025259     0.000950762     0.373330000
    5160     0.001027981     0.000954827     0.367210000
    5180     0.001034463     0.000961250     0.369330000
    5200     0.001024506     0.000951627     0.362420000
    5220     0.001027985     0.000954330     0.368690000
    5240     0.001023567     0.000950723     0.367300000
    5260     0.001024464     0.000952417     0.365410000
    5280     0.001030561     0.000957638     0.365240000
    5300     0.001038512     0.000964269     0.356470000
    5320     0.001039974     0.000964938     0.372100000
    5340     0.001033465     0.000959536     0.373080000
    5360     0.001042786     0.000969198     0.368100000
    5380     0.001023984     0.000953383     0.366750000
    5400     0.001017825     0.000946588     0.376720000
    5420     0.001016124     0.000944528     0.376350000
    5440     0.001022379     0.000949332     0.374910000
    5460     0.001017533     0.000945142     0.384330000
    5480     0.001020514     0.000949019     0.384140000
    5500     0.001018628     0.000948848     0.378270000
    5520     0.001017326     0.000948074     0.381050000
    5540     0.001031496     0.000959878     0.374840000
    5560     0.001016813     0.000946352     0.365920000
    5580     0.001023274     0.000952152     0.368910000
    5600     0.001015497     0.000945034     0.368450000
    5620     0.001027433     0.000955204     0.368220000
    5640     0.001031050     0.000959339     0.365310000
    5660     0.001038639     0.000964542     0.359140000
    5680     0.001029802     0.000956031     0.355510000
    5700     0.001024329     0.000951197     0.353940000
    5720     0.001024295     0.000951739     0.366120000
    5740     0.001033370     0.000959362     0.365820000
    5760     0.001042975     0.000968267     0.373090000
    5780     0.001035589     0.000963045     0.377340000
    5800     0.001048576     0.000973698     0.364910000
    5820     0.001047275     0.000971253     0.364290000
    5840     0.001053649     0.000976499     0.344040000
    5860     0.001055964     0.000977541     0.358840000
    5880     0.001052446     0.000974834     0.350470000
    5900     0.001046027     0.000969557     0.353620000
    5920     0.001033808     0.000958435     0.352470000
    5940     0.001021468     0.000948144     0.361290000
    5960     0.001026342     0.000952565     0.364760000
    5980     0.001021301     0.000947580     0.359980000
    6000     0.001005613     0.000936277     0.369140000
    6020     0.001009660     0.000939794     0.372240000
    6040     0.001017733     0.000946568     0.375960000
    6060     0.001020021     0.000947443     0.356210000
    6080     0.001029515     0.000955198     0.362620000
    6100     0.001030785     0.000957205     0.353660000
    6120     0.001019936     0.000947204     0.351900000
    6140     0.001030286     0.000955747     0.362280000
    6160     0.001035162     0.000961445     0.374530000
    6180     0.001037628     0.000962852     0.361160000
    6200     0.001045180     0.000969736     0.358010000
    6220     0.001035679     0.000961458     0.349720000
    6240     0.001037222     0.000962011     0.355480000
    6260     0.001036087     0.000961295     0.358200000
    6280     0.001040161     0.000965000     0.365980000
    6300     0.001038818     0.000963185     0.364320000
    6320     0.001038820     0.000962032     0.349170000
    6340     0.001041980     0.000965360     0.361730000
    6360     0.001033440     0.000957261     0.358220000
    6380     0.001024828     0.000949962     0.367340000
    6400     0.001026552     0.000952787     0.361150000
    6420     0.001029679     0.000955708     0.365610000
    6440     0.001029797     0.000957921     0.363890000
    6460     0.001031018     0.000959756     0.380820000
    6480     0.001027529     0.000956790     0.371890000
    6500     0.001028167     0.000955357     0.370820000
    6520     0.001037451     0.000962881     0.360820000
    6540     0.001029551     0.000955973     0.361940000
    6560     0.001024168     0.000950588     0.372890000
    6580     0.001023333     0.000950665     0.374480000
    6600     0.001027516     0.000955189     0.378760000
    6620     0.001031586     0.000958066     0.376070000
    6640     0.001037570     0.000964325     0.374520000
    6660     0.001031488     0.000959131     0.378170000
    6680     0.001032941     0.000961850     0.375970000
    6700     0.001031620     0.000961407     0.377210000
    6720     0.001025677     0.000955340     0.359290000
    6740     0.001025828     0.000954179     0.360590000
    6760     0.001030674     0.000958249     0.370950000
    6780     0.001036511     0.000964129     0.361450000
    6800     0.001041625     0.000967365     0.375020000
    6820     0.001035884     0.000961573     0.370840000
    6840     0.001031334     0.000958802     0.370970000
    6860     0.001022291     0.000950410     0.371190000
    6880     0.001012992     0.000943016     0.375310000
    6900     0.001013904     0.000944250     0.376720000
    6920     0.001018577     0.000948704     0.374990000
    6940     0.001021859     0.000950866     0.372550000
    6960     0.001020597     0.000951700     0.382990000
    6980     0.001024158     0.000955755     0.379200000
    7000     0.001027070     0.000957731     0.370450000
    7020     0.001014292     0.000945625     0.378980000
    7040     0.001016867     0.000947761     0.379820000
    7060     0.001025664     0.000956326     0.372640000
    7080     0.001034787     0.000963015     0.360880000
    7100     0.001033299     0.000960773     0.356480000
    7120     0.001022179     0.000950489     0.368670000
    7140     0.001023538     0.000952249     0.381670000
    7160     0.001018871     0.000948816     0.378040000
    7180     0.001030456     0.000959654     0.381740000
    7200     0.001032373     0.000961020     0.369770000
    7220     0.001039574     0.000966253     0.369070000
    7240     0.001037532     0.000964208     0.371340000
    7260     0.001028820     0.000956280     0.369380000
    7280     0.001030749     0.000957725     0.374070000
    7300     0.001028602     0.000955066     0.370420000
    7320     0.001031000     0.000957322     0.378500000
    7340     0.001025657     0.000953177     0.368710000
    7360     0.001018660     0.000945645     0.364290000
    7380     0.001028449     0.000953808     0.362940000
    7400     0.001031212     0.000955857     0.355020000
    7420     0.001037169     0.000960366     0.363980000
    7440     0.001036982     0.000961589     0.365650000
    7460     0.001031137     0.000955914     0.365320000
    7480     0.001039055     0.000963902     0.367640000
    7500     0.001040139     0.000963211     0.362190000
    7520     0.001049159     0.000972233     0.371140000
    7540     0.001046518     0.000969754     0.368570000
    7560     0.001045905     0.000969856     0.363410000
    7580     0.001045891     0.000969264     0.365580000
    7600     0.001039854     0.000963557     0.352330000
    7620     0.001046697     0.000968971     0.364030000
    7640     0.001052819     0.000974015     0.365160000
    7660     0.001046898     0.000970319     0.367720000
    7680     0.001058726     0.000980835     0.351670000
    7700     0.001056026     0.000977746     0.344050000
    7720     0.001051131     0.000971528     0.350640000
    7740     0.001046187     0.000967415     0.349790000
    7760     0.001043326     0.000964488     0.348340000
    7780     0.001043162     0.000964025     0.359870000
    7800     0.001031670     0.000954228     0.359050000
    7820     0.001032300     0.000956206     0.361950000
    7840     0.001038862     0.000962764     0.370680000
    7860     0.001028386     0.000955670     0.366560000
    7880     0.001027923     0.000954314     0.366030000
    7900     0.001024449     0.000951868     0.365450000
    7920     0.001024570     0.000951427     0.360460000
    7940     0.001023326     0.000949378     0.373450000
    7960     0.001017862     0.000946138     0.374860000
    7980     0.001013818     0.000942464     0.378500000
    8000     0.001022793     0.000950326     0.371160000
    8020     0.001029506     0.000957875     0.364560000
    8040     0.001035147     0.000963357     0.374700000
    8060     0.001037245     0.000962962     0.369190000
    8080     0.001041804     0.000968031     0.365680000
    8100     0.001032864     0.000960571     0.368410000
    8120     0.001038100     0.000962371     0.367380000
    8140     0.001037428     0.000961832     0.361090000
    8160     0.001040470     0.000963430     0.362140000
    8180     0.001030341     0.000956543     0.371970000
    8200     0.001025012     0.000952857     0.369370000
    8220     0.001018146     0.000947486     0.362110000
    8240     0.001003045     0.000934725     0.376890000
    8260     0.001001405     0.000932716     0.385270000
    8280     0.000998850     0.000931255     0.389030000
    8300     0.001003564     0.000934697     0.378340000
    8320     0.000996910     0.000927997     0.387530000
    8340     0.001001815     0.000933084     0.384180000
    8360     0.001008185     0.000939189     0.377580000
    8380     0.001008680     0.000939971     0.381120000
    8400     0.001019208     0.000949448     0.376720000
    8420     0.001015129     0.000946252     0.373340000
    8440     0.001022841     0.000952187     0.372970000
    8460     0.001011569     0.000942256     0.382310000
    8480     0.001001836     0.000932673     0.373900000
    8500     0.000999438     0.000930186     0.379400000
    8520     0.001004041     0.000935730     0.378560000
    8540     0.000987300     0.000921690     0.377900000
    8560     0.000989306     0.000923409     0.371220000
    8580     0.000989520     0.000923780     0.380230000
    8600     0.000998375     0.000930938     0.392670000
    8620     0.001008503     0.000940409     0.385980000
    8640     0.001019308     0.000950428     0.374640000
    8660     0.001027938     0.000957967     0.380920000
    8680     0.001031570     0.000960670     0.368910000
    8700     0.001036011     0.000963409     0.366460000
    8720     0.001037619     0.000962904     0.354320000
    8740     0.001021918     0.000948213     0.368420000
    8760     0.001025318     0.000952412     0.352600000
    8780     0.001034784     0.000959741     0.365450000
    8800     0.001041443     0.000964549     0.364460000
    8820     0.001056053     0.000978288     0.355460000
    8840     0.001060461     0.000982199     0.353430000
    8860     0.001054672     0.000977106     0.363840000
    8880     0.001048646     0.000971915     0.368620000
    8900     0.001047170     0.000970841     0.358060000
    8920     0.001047856     0.000971725     0.354850000
    8940     0.001050798     0.000973334     0.352820000
    8960     0.001052947     0.000975579     0.356940000
    8980     0.001043356     0.000966725     0.359300000
    9000     0.001046298     0.000970584     0.356560000
    9020     0.001055869     0.000977812     0.362480000
    9040     0.001049829     0.000974605     0.365110000
    9060     0.001029767     0.000956542     0.359410000
    9080     0.001029018     0.000955899     0.359170000
    9100     0.001009400     0.000938393     0.370110000
    9120     0.001019489     0.000949262     0.384430000
    9140     0.001011800     0.000942217     0.391840000
    9160     0.001008880     0.000941165     0.374740000
    9180     0.001012511     0.000945256     0.385780000
    9200     0.001017895     0.000948810     0.374900000
    9220     0.001033485     0.000962257     0.356530000
    9240     0.001030223     0.000957598     0.357250000
    9260     0.001032581     0.000959388     0.354740000
    9280     0.001029683     0.000955370     0.362610000
    9300     0.001017393     0.000945087     0.375550000
    9320     0.001028030     0.000955906     0.387650000
    9340     0.001014627     0.000944522     0.377310000
    9360     0.001008234     0.000940024     0.380030000
    9380     0.001018418     0.000950252     0.374320000
    9400     0.001020735     0.000951188     0.374050000
    9420     0.001030970     0.000958738     0.377490000
    9440     0.001025416     0.000952665     0.374480000
    9460     0.001031936     0.000959195     0.364480000
    9480     0.001033175     0.000960659     0.368820000
    9500     0.001038954     0.000965199     0.367410000
    9520     0.001027749     0.000953978     0.367990000
    9540     0.001042327     0.000966505     0.361330000
    9560     0.001035733     0.000959521     0.363350000
    9580     0.001044767     0.000966685     0.365030000
    9600     0.001047285     0.000971002     0.357200000
    9620     0.001050172     0.000972544     0.357770000
    9640     0.001051924     0.000974124     0.350470000
    9660     0.001048692     0.000970108     0.361170000
    9680     0.001050937     0.000973169     0.357290000
    9700     0.001053885     0.000977493     0.350310000
    9720     0.001049853     0.000974526     0.359840000
    9740     0.001043138     0.000967890     0.357700000
    9760     0.001029250     0.000956785     0.364950000
    9780     0.001025901     0.000953286     0.370950000
    9800     0.001029019     0.000954977     0.376020000
    9820     0.001029374     0.000955367     0.370360000
    9840     0.001032216     0.000958337     0.370710000
    9860     0.001029291     0.000956861     0.359970000
    9880     0.001024094     0.000952317     0.362540000
    9900     0.001034460     0.000961482     0.362240000
    9920     0.001036227     0.000960754     0.363900000
    9940     0.001033816     0.000960259     0.362540000
    9960     0.001029793     0.000955805     0.369630000
    9980     0.001034004     0.000959457     0.362410000
   10000     0.001037138     0.000961995     0.353660000
   10020     0.001032611     0.000957991     0.350980000
   10040     0.001032393     0.000956687     0.359050000
   10060     0.001028733     0.000953644     0.359440000
   10080     0.001029183     0.000952995     0.358120000
   10100     0.001026054     0.000951733     0.370470000
   10120     0.001032080     0.000957703     0.375070000
   10140     0.001034418     0.000959910     0.368530000
   10160     0.001038357     0.000963316     0.378950000
   10180     0.001022631     0.000949892     0.371560000
   10200     0.001020795     0.000948909     0.373530000
   10220     0.001026586     0.000953776     0.369480000
   10240     0.001033694     0.000961017     0.365600000
   10260     0.001038125     0.000963516     0.361910000
   10280     0.001046397     0.000970106     0.359140000
   10300     0.001049394     0.000973230     0.353500000
   10320     0.001061462     0.000982921     0.355890000
   10340     0.001061929     0.000982375     0.366860000
   10360     0.001061595     0.000982235     0.354250000
   10380     0.001067572     0.000987140     0.349960000
   10400     0.001057446     0.000977952     0.355940000
   10420     0.001054724     0.000976884     0.362470000
   10440     0.001059230     0.000981497     0.352140000
   10460     0.001074799     0.000993275     0.352060000
   10480     0.001057088     0.000978185     0.346580000
   10500     0.001065762     0.000986268     0.350110000
   10520     0.001055242     0.000976251     0.340710000
   10540     0.001043964     0.000966108     0.350890000
   10560     0.001033145     0.000955397     0.349690000
   10580     0.001037572     0.000961029     0.354740000
   10600     0.001045151     0.000967051     0.356580000
   10620     0.001043629     0.000965898     0.364450000
   10640     0.001041846     0.000964849     0.362050000
   10660     0.001030898     0.000956216     0.369390000
   10680     0.001031119     0.000958295     0.366850000
   10700     0.001024467     0.000951909     0.380580000
   10720     0.001019394     0.000947593     0.374170000
   10740     0.001024749     0.000951418     0.369580000
   10760     0.001024309     0.000951100     0.365430000
   10780     0.001014371     0.000941949     0.371590000
   10800     0.001008936     0.000937392     0.380380000
   10820     0.001023327     0.000952415     0.373640000
   10840     0.001023192     0.000952958     0.381800000
   10860     0.001027112     0.000955235     0.377390000
   10880     0.001014361     0.000944390     0.363760000
   10900     0.001020661     0.000949632     0.376340000
   10920     0.001017569     0.000946094     0.368660000
   10940     0.001017394     0.000946210     0.383820000
   10960     0.001009793     0.000939403     0.382710000
   10980     0.001017835     0.000947654     0.394100000
   11000     0.001021005     0.000952010     0.383090000
   11020     0.001029102     0.000960467     0.379300000
   11040     0.001037398     0.000967013     0.377440000
   11060     0.001026408     0.000956117     0.370670000
   11080     0.001022189     0.000950974     0.372950000
   11100     0.001021790     0.000950104     0.370190000
   11120     0.001021406     0.000948599     0.378580000
   11140     0.001027576     0.000953697     0.377230000
   11160     0.001023902     0.000951464     0.365660000
   11180     0.001028844     0.000955114     0.367930000
   11200     0.001037804     0.000962973     0.366800000
   11220     0.001031554     0.000958343     0.385730000
   11240     0.001028190     0.000956368     0.367470000
   11260     0.001030729     0.000958602     0.376070000
   11280     0.001032686     0.000960554     0.367010000
   11300     0.001040859     0.000966758     0.367670000
   11320     0.001040727     0.000964770     0.373600000
   11340     0.001046474     0.000971003     0.367220000
   11360     0.001048350     0.000971214     0.364420000
   11380     0.001035159     0.000959317     0.357110000
   11400     0.001043795     0.000966845     0.364500000
   11420     0.001033553     0.000958713     0.365110000
   11440     0.001032232     0.000957374     0.358230000
   11460     0.001035901     0.000961386     0.367780000
   11480     0.001036432     0.000961492     0.368480000
   11500     0.001037181     0.000961980     0.354220000
   11520     0.001047197     0.000970583     0.354350000
   11540     0.001038738     0.000963644     0.356660000
   11560     0.001029552     0.000954853     0.358060000
   11580     0.001030033     0.000955790     0.368730000
   11600     0.001023850     0.000951851     0.368520000
   11620     0.001020235     0.000949148     0.384570000
   11640     0.001012344     0.000943002     0.374600000
   11660     0.001012538     0.000945134     0.390330000
   11680     0.001024971     0.000955319     0.383820000
   11700     0.001017501     0.000948177     0.377820000
   11720     0.001027483     0.000956280     0.367770000
   11740     0.001020079     0.000950107     0.379320000
   11760     0.001025610     0.000953827     0.377930000
   11780     0.001026084     0.000954216     0.387960000
   11800     0.001024289     0.000953139     0.382170000
   11820     0.001023755     0.000952861     0.395000000
   11840     0.001025932     0.000954985     0.392130000
   11860     0.001020127     0.000950422     0.385450000
   11880     0.001024392     0.000953991     0.372870000
   11900     0.001020054     0.000950834     0.374170000
   11920     0.001015094     0.000946192     0.366290000
   11940     0.001011270     0.000942908     0.373250000
   11960     0.001019645     0.000949852     0.367390000
   11980     0.001024066     0.000952586     0.366990000
   12000     0.001009983     0.000940321     0.372160000
   12020     0.001017038     0.000945817     0.375480000
   12040     0.001027266     0.000955424     0.372450000
   12060     0.001022873     0.000951362     0.374910000
   12080     0.001021565     0.000949948     0.376230000
   12100     0.001029356     0.000958197     0.364720000
   12120     0.001033753     0.000960021     0.372680000
   12140     0.001038893     0.000964736     0.372360000
   12160     0.001033789     0.000961518     0.369350000
   12180     0.001024281     0.000953335     0.373330000
   12200     0.001030868     0.000960492     0.371710000
   12220     0.001029574     0.000959726     0.371920000
   12240     0.001029772     0.000958678     0.368790000
   12260     0.001030166     0.000959088     0.360400000
   12280     0.001030200     0.000958445     0.357630000
   12300     0.001035733     0.000961296     0.351840000
   12320     0.001030973     0.000956374     0.347500000
   12340     0.001024925     0.000948473     0.358110000
   12360     0.001029433     0.000953299     0.367510000
   12380     0.001028347     0.000954552     0.363370000
   12400     0.001025167     0.000951726     0.370130000
   12420     0.001029646     0.000953608     0.368080000
   12440     0.001030799     0.000955032     0.360940000
   12460     0.001037412     0.000962598     0.371770000
   12480     0.001038855     0.000965306     0.372280000
   12500     0.001039740     0.000965978     0.356610000
   12520     0.001037182     0.000963567     0.356170000
   12540     0.001036322     0.000961608     0.361650000
   12560     0.001038022     0.000962298     0.351210000
   12580     0.001045043     0.000968419     0.357730000
   12600     0.001054550     0.000976938     0.350210000
   12620     0.001049558     0.000973323     0.366610000
   12640     0.001054567     0.000979169     0.360020000
   12660     0.001064598     0.000988200     0.359240000
   12680     0.001072678     0.000992134     0.349180000
   12700     0.001072909     0.000991649     0.355890000
   12720     0.001066520     0.000986500     0.352430000
   12740     0.001066359     0.000986649     0.352350000
   12760     0.001058456     0.000978724     0.347800000
   12780     0.001060947     0.000980161     0.343650000
   12800     0.001050107     0.000968274     0.349850000
   12820     0.001051467     0.000970605     0.353220000
   12840     0.001052543     0.000969923     0.351010000
   12860     0.001049665     0.000969411     0.360220000
   12880     0.001045310     0.000965652     0.352800000
   12900     0.001042341     0.000964447     0.371860000
   12920     0.001042240     0.000965633     0.359830000
   12940     0.001034056     0.000959709     0.367580000
   12960     0.001030749     0.000955475     0.361820000
   12980     0.001032519     0.000957256     0.366410000
   13000     0.001047445     0.000970041     0.370770000
   13020     0.001042141     0.000966126     0.364220000
   13040     0.001035086     0.000959488     0.368820000
   13060     0.001035223     0.000961136     0.358600000
   13080     0.001044121     0.000968565     0.365110000
   13100     0.001041878     0.000967928     0.364010000
   13120     0.001046332     0.000970797     0.353760000
   13140     0.001046822     0.000971270     0.364000000
   13160     0.001034597     0.000960220     0.348210000
   13180     0.001041242     0.000965038     0.353060000
   13200     0.001040186     0.000963151     0.350050000
   13220     0.001034569     0.000958221     0.369100000
   13240     0.001040512     0.000964521     0.371990000
   13260     0.001044703     0.000967478     0.370200000
   13280     0.001041239     0.000964401     0.371860000
   13300     0.001048414     0.000972261     0.374470000
   13320     0.001045185     0.000970574     0.372630000
   13340     0.001040004     0.000966807     0.359440000
   13360     0.001037135     0.000965286     0.364710000
   13380     0.001024889     0.000954268     0.359220000
   13400     0.001019204     0.000948722     0.373860000
   13420     0.001015198     0.000944762     0.365350000
   13440     0.001008559     0.000938481     0.378830000
   13460     0.001011566     0.000941714     0.380510000
   13480     0.001009217     0.000938933     0.384320000
   13500     0.001005720     0.000936059     0.383380000
   13520     0.001005789     0.000937453     0.387200000
   13540     0.001000461     0.000933432     0.388940000
   13560     0.001013598     0.000945215     0.383010000
   13580     0.001026181     0.000953940     0.376020000
   13600     0.001023712     0.000952226     0.382510000
   13620     0.001024878     0.000953894     0.379680000
   13640     0.001031888     0.000961645     0.382030000
   13660     0.001034249     0.000963087     0.380920000
   13680     0.001032866     0.000961969     0.376350000
   13700     0.001034768     0.000962127     0.359490000
   13720     0.001038368     0.000963940     0.355460000
   13740     0.001029790     0.000957645     0.360190000
   13760     0.001029303     0.000955547     0.364690000
   13780     0.001028275     0.000954958     0.367230000
   13800     0.001024584     0.000951256     0.366690000
   13820     0.001020854     0.000949189     0.375860000
   13840     0.001025275     0.000952516     0.369210000
   13860     0.001023173     0.000951084     0.359300000
   13880     0.001028363     0.000954142     0.361700000
   13900     0.001045415     0.000970098     0.373950000
   13920     0.001035018     0.000961819     0.368190000
   13940     0.001034813     0.000962047     0.375750000
   13960     0.001030208     0.000958227     0.371870000
   13980     0.001027952     0.000955735     0.372860000
   14000     0.001020244     0.000949891     0.381090000
   14020     0.001023724     0.000952715     0.381290000
   14040     0.001028851     0.000956888     0.379630000
   14060     0.001023279     0.000951552     0.367820000
   14080     0.001027516     0.000954812     0.373700000
   14100     0.001026847     0.000954570     0.372040000
   14120     0.001026045     0.000954073     0.369000000
   14140     0.001024572     0.000953574     0.372960000
   14160     0.001018014     0.000948310     0.383420000
   14180     0.001020085     0.000950901     0.381820000
   14200     0.001006345     0.000939543     0.381980000
   14220     0.001020381     0.000952092     0.381830000
   14240     0.001022747     0.000952982     0.383170000
   14260     0.001028922     0.000957823     0.371920000
   14280     0.001034354     0.000962500     0.373950000
   14300     0.001036256     0.000963751     0.366540000
   14320     0.001034722     0.000960637     0.362060000
   14340     0.001034752     0.000959866     0.361650000
   14360     0.001042528     0.000967101     0.359320000
   14380     0.001050627     0.000974593     0.358120000
   14400     0.001047012     0.000969880     0.358480000
   14420     0.001049948     0.000972150     0.364270000
   14440     0.001045306     0.000969243     0.363180000
   14460     0.001047235     0.000970951     0.365320000
   14480     0.001049499     0.000972745     0.366590000
   14500     0.001045010     0.000969140     0.365460000
   14520     0.001034438     0.000959554     0.374180000
   14540     0.001041168     0.000966614     0.381470000
   14560     0.001045384     0.000971471     0.364830000
   14580     0.001057231     0.000981383     0.374640000
   14600     0.001044098     0.000969391     0.360010000
   14620     0.001043898     0.000969126     0.353130000
   14640     0.001055359     0.000978257     0.352660000
   14660     0.001056670     0.000976952     0.358520000
   14680     0.001050062     0.000972921     0.364990000
   14700     0.001045634     0.000968488     0.364210000
   14720     0.001044645     0.000967801     0.347350000
   14740     0.001046552     0.000967240     0.350270000
   14760     0.001049403     0.000968406     0.351860000
   14780     0.001040812     0.000961158     0.359470000
   14800     0.001043120     0.000963983     0.359500000
   14820     0.001032731     0.000955628     0.364530000
   14840     0.001045040     0.000966320     0.374750000
   14860     0.001050500     0.000973047     0.362890000
   14880     0.001041498     0.000966092     0.358090000
   14900     0.001039690     0.000963477     0.365410000
   14920     0.001047648     0.000971756     0.356280000
   14940     0.001052573     0.000976177     0.356260000
   14960     0.001056401     0.000979441     0.365590000
   14980     0.001052482     0.000975738     0.358660000
   15000     0.001051040     0.000974521     0.355870000
   15020     0.001044957     0.000967784     0.352500000
   15040     0.001046067     0.000968804     0.356120000
   15060     0.001046930     0.000968677     0.359380000
   15080     0.001042093     0.000966767     0.361870000
   15100     0.001044791     0.000969801     0.357940000
   15120     0.001039326     0.000965000     0.359760000
   15140     0.001028056     0.000953054     0.356910000
   15160     0.001027635     0.000952563     0.356330000
   15180     0.001013307     0.000941777     0.360350000
   15200     0.001018964     0.000947572     0.360060000
   15220     0.001017387     0.000944903     0.374810000
   15240     0.001016851     0.000946332     0.372920000
   15260     0.001025935     0.000953311     0.373600000
   15280     0.001030705     0.000958073     0.375960000
   15300     0.001035397     0.000962016     0.370180000
   15320     0.001032814     0.000959350     0.355520000
   15340     0.001032295     0.000958659     0.364700000
   15360     0.001035396     0.000962153     0.359380000
   15380     0.001027066     0.000953411     0.368920000
   15400     0.001024838     0.000952009     0.376350000
   15420     0.001017319     0.000946387     0.369130000
   15440     0.001018992     0.000946730     0.380350000
   15460     0.001014840     0.000943132     0.379910000
   15480     0.001009939     0.000939838     0.380330000
   15500     0.001021321     0.000951175     0.382170000
   15520     0.001017818     0.000948717     0.375370000
   15540     0.001020172     0.000950128     0.381920000
   15560     0.001018420     0.000949913     0.371600000
   15580     0.001010094     0.000941756     0.383040000
   15600     0.001008622     0.000938363     0.383480000
   15620     0.001009440     0.000939749     0.387250000
   15640     0.001011173     0.000941416     0.386520000
   15660     0.001010406     0.000940655     0.384460000
   15680     0.001018272     0.000947888     0.380510000
   15700     0.001023272     0.000952614     0.381110000
   15720     0.001035155     0.000964564     0.381190000
   15740     0.001040258     0.000969077     0.373280000
   15760     0.001048740     0.000976068     0.366990000
   15780     0.001050929     0.000977566     0.360900000
   15800     0.001046959     0.000972545     0.363610000
   15820     0.001045395     0.000970451     0.362320000
   15840     0.001048950     0.000972338     0.355360000
   15860     0.001055045     0.000977984     0.353130000
   15880     0.001049370     0.000973724     0.361160000
   15900     0.001060865     0.000983177     0.364530000
   15920     0.001059346     0.000981152     0.352510000
   15940     0.001057609     0.000977487     0.343690000
   15960     0.001064354     0.000983375     0.342200000
   15980     0.001062661     0.000980492     0.339750000
   16000     0.001049130     0.000969967     0.349910000
   16020     0.001055793     0.000975515     0.340680000
   16040     0.001045004     0.000965651     0.345840000
   16060     0.001046537     0.000967346     0.345700000
   16080     0.001040231     0.000961359     0.350630000
   16100     0.001049528     0.000969546     0.358820000
   16120     0.001055811     0.000975110     0.360490000
   16140     0.001049675     0.000971012     0.362990000
   16160     0.001053236     0.000976168     0.367880000
   16180     0.001054747     0.000979264     0.372540000
   16200     0.001053744     0.000976724     0.359560000
   16220     0.001053633     0.000975836     0.354820000
   16240     0.001058688     0.000979936     0.350680000
   16260     0.001067822     0.000986314     0.349900000
   16280     0.001069026     0.000987583     0.354110000
   16300     0.001053395     0.000975425     0.360960000
   16320     0.001057966     0.000979142     0.344770000
   16340     0.001067801     0.000988215     0.351090000
   16360     0.001066121     0.000985221     0.355630000
   16380     0.001071955     0.000991193     0.355390000
   16400     0.001077516     0.000996476     0.353630000
   16420     0.001071700     0.000990760     0.350720000
   16440     0.001067547     0.000987846     0.343870000
   16460     0.001074932     0.000994522     0.345120000
   16480     0.001075560     0.000994479     0.348570000
   16500     0.001067603     0.000987569     0.350450000
   16520     0.001056986     0.000977548     0.355020000
   16540     0.001056143     0.000975631     0.366330000
   16560     0.001051877     0.000973793     0.359140000
   16580     0.001048916     0.000970130     0.357930000
   16600     0.001051388     0.000972989     0.349040000
   16620     0.001053205     0.000974723     0.360350000
   16640     0.001045412     0.000966871     0.353000000
   16660     0.001060208     0.000980175     0.352810000
   16680     0.001055237     0.000975377     0.342980000
   16700     0.001054694     0.000975578     0.339170000
   16720     0.001045260     0.000965919     0.334390000
   16740     0.001041336     0.000961999     0.341920000
   16760     0.001040781     0.000960825     0.356220000
   16780     0.001029491     0.000952415     0.365780000
   16800     0.001028829     0.000954548     0.357400000
   16820     0.001029494     0.000954618     0.367420000
   16840     0.001038729     0.000963360     0.366630000
   16860     0.001027487     0.000955176     0.367570000
   16880     0.001031595     0.000957793     0.373710000
   16900     0.001025760     0.000953473     0.385220000
   16920     0.001021642     0.000951155     0.381330000
   16940     0.001025385     0.000954375     0.373510000
   16960     0.001027079     0.000954425     0.355960000
   16980     0.001027566     0.000953606     0.374290000
   17000     0.001039040     0.000963459     0.374710000
   17020     0.001033950     0.000960458     0.366080000
   17040     0.001049598     0.000973046     0.374490000
   17060     0.001051713     0.000974156     0.353780000
   17080     0.001046213     0.000969838     0.359520000
   17100     0.001051916     0.000974369     0.353990000
   17120     0.001060280     0.000981226     0.352990000
   17140     0.001054993     0.000978901     0.351460000
   17160     0.001054853     0.000977663     0.346150000
   17180     0.001048430     0.000970513     0.346380000
   17200     0.001055091     0.000975273     0.352870000
   17220     0.001048876     0.000968941     0.344390000
   17240     0.001057760     0.000973694     0.350700000
   17260     0.001047306     0.000968892     0.360180000
   17280     0.001045841     0.000967868     0.365040000
   17300     0.001047910     0.000970365     0.366820000
   17320     0.001042333     0.000964418     0.367490000
   17340     0.001038569     0.000963342     0.366490000
   17360     0.001035810     0.000961343     0.358580000
   17380     0.001035435     0.000959667     0.358010000
   17400     0.001040419     0.000962892     0.370220000
   17420     0.001035926     0.000959924     0.364670000
   17440     0.001031244     0.000956412     0.368180000
   17460     0.001029615     0.000955591     0.367470000
   17480     0.001024087     0.000950547     0.364140000
   17500     0.001023069     0.000950979     0.359070000
   17520     0.001010956     0.000941007     0.371920000
   17540     0.001008529     0.000939801     0.377230000
   17560     0.001008329     0.000939675     0.379200000
   17580     0.001012447     0.000944080     0.378680000
   17600     0.001021671     0.000951163     0.377710000
   17620     0.001022505     0.000951755     0.376030000
   17640     0.001026439     0.000955712     0.367500000
   17660     0.001031005     0.000958461     0.374160000
   17680     0.001024774     0.000952447     0.377880000
   17700     0.001037077     0.000964145     0.384790000
   17720     0.001025222     0.000953807     0.374830000
   17740     0.001033303     0.000960867     0.369360000
   17760     0.001032909     0.000960539     0.362290000
   17780     0.001034111     0.000960900     0.362090000
   17800     0.001030320     0.000957437     0.382080000
   17820     0.001039051     0.000965093     0.376500000
   17840     0.001041952     0.000969075     0.376390000
   17860     0.001047230     0.000972735     0.366320000
   17880     0.001053730     0.000978807     0.369080000
   17900     0.001052604     0.000978095     0.366490000
   17920     0.001056244     0.000981724     0.370160000
   17940     0.001059041     0.000984354     0.360720000
   17960     0.001062184     0.000985575     0.357310000
   17980     0.001059697     0.000981640     0.356060000
   18000     0.001048988     0.000970939     0.355670000
   18020     0.001042868     0.000966640     0.362550000
   18040     0.001051583     0.000974936     0.356390000
   18060     0.001050579     0.000974807     0.358790000
   18080     0.001046988     0.000970998     0.357310000
   18100     0.001047032     0.000971188     0.360010000
   18120     0.001031839     0.000957846     0.354900000
   18140     0.001029693     0.000955825     0.360140000
   18160     0.001015992     0.000942467     0.356250000
   18180     0.001013394     0.000940710     0.362950000
   18200     0.001009822     0.000936379     0.377370000
   18220     0.001018674     0.000944383     0.372050000
   18240     0.001021348     0.000946861     0.371060000
   18260     0.001027919     0.000953261     0.369760000
   18280     0.001029304     0.000954771     0.373370000
   18300     0.001032678     0.000959346     0.370940000
   18320     0.001033539     0.000960093     0.366860000
   18340     0.001038609     0.000965384     0.360110000
   18360     0.001032315     0.000957378     0.356010000
   18380     0.001035976     0.000960767     0.367280000
   18400     0.001041972     0.000966361     0.365700000
   18420     0.001038888     0.000964391     0.361800000
   18440     0.001032704     0.000959225     0.361030000
   18460     0.001034623     0.000959137     0.363300000
   18480     0.001032174     0.000958549     0.361310000
   18500     0.001026997     0.000953942     0.368560000
   18520     0.001022970     0.000950606     0.371630000
   18540     0.001035173     0.000961332     0.365930000
   18560     0.001031485     0.000956778     0.361750000
   18580     0.001035389     0.000959981     0.360380000
   18600     0.001031104     0.000957106     0.377850000
   18620     0.001038148     0.000962678     0.370500000
   18640     0.001031185     0.000956901     0.362810000
   18660     0.001044300     0.000970295     0.359450000
   18680     0.001037486     0.000963385     0.356840000
   18700     0.001024900     0.000951732     0.370500000
   18720     0.001025047     0.000952808     0.372320000
   18740     0.001024949     0.000952802     0.370530000
   18760     0.001028386     0.000955413     0.364980000
   18780     0.001027552     0.000953879     0.347010000
   18800     0.001028688     0.000954432     0.361730000
   18820     0.001029120     0.000954670     0.368580000
   18840     0.001042584     0.000966602     0.362620000
   18860     0.001049673     0.000973361     0.377490000
   18880     0.001050319     0.000975357     0.364500000
   18900     0.001060642     0.000983576     0.362400000
   18920     0.001051299     0.000974184     0.358750000
   18940     0.001063010     0.000984030     0.350320000
   18960     0.001057430     0.000978348     0.357510000
   18980     0.001053422     0.000975777     0.360370000
   19000     0.001052794     0.000974773     0.366970000
   19020     0.001056143     0.000978299     0.352100000
   19040     0.001054486     0.000976133     0.353050000
   19060     0.001054126     0.000977457     0.357060000
   19080     0.001054165     0.000977390     0.366710000
   19100     0.001049943     0.000974724     0.370960000
   19120     0.001050632     0.000975621     0.357900000
   19140     0.001059676     0.000981617     0.344970000
   19160     0.001059393     0.000981906     0.357420000
   19180     0.001059855     0.000983422     0.365550000
   19200     0.001056141     0.000980647     0.356330000
   19220     0.001060229     0.000984871     0.347100000
   19240     0.001052817     0.000976247     0.351470000
   19260     0.001056171     0.000977558     0.349080000
   19280     0.001063799     0.000982228     0.351620000
   19300     0.001057848     0.000977383     0.357560000
   19320     0.001057752     0.000977342     0.355880000
   19340     0.001059871     0.000979957     0.344970000
   19360     0.001047543     0.000970116     0.351820000
   19380     0.001052221     0.000974296     0.352950000
   19400     0.001045465     0.000968947     0.350230000
   19420     0.001038470     0.000962674     0.350670000
   19440     0.001024836     0.000953501     0.371620000
   19460     0.001026933     0.000954857     0.369740000
   19480     0.001025735     0.000953460     0.358010000
   19500     0.001028699     0.000956138     0.369000000
   19520     0.001027451     0.000955436     0.366190000
   19540     0.001028054     0.000953852     0.356450000
   19560     0.001027574     0.000954687     0.370310000
   19580     0.001033221     0.000958707     0.361540000
   19600     0.001054502     0.000977522     0.365910000
   19620     0.001058942     0.000980346     0.356140000
   19640     0.001033098     0.000957733     0.370120000
   19660     0.001031220     0.000955692     0.374770000
   19680     0.001030761     0.000955343     0.370400000
   19700     0.001030148     0.000955801     0.355910000
   19720     0.001032441     0.000957992     0.370290000
   19740     0.001034614     0.000959437     0.354400000
   19760     0.001040246     0.000962716     0.349590000
   19780     0.001044269     0.000967512     0.348010000
   19800     0.001043604     0.000966403     0.346130000
   19820     0.001027843     0.000951370     0.352250000
   19840     0.001030585     0.000953279     0.353100000
   19860     0.001029681     0.000952603     0.360210000
   19880     0.001045821     0.000966632     0.363150000
   19900     0.001054784     0.000975278     0.359440000
   19920     0.001059583     0.000979838     0.349030000
   19940     0.001066402     0.000984263     0.357950000
   19960     0.001055865     0.000975960     0.351740000
   19980     0.001043790     0.000965251     0.350780000
   20000     0.001047612     0.000968626     0.346040000
