      20  980  881  939  826  753  916 1057 1036  868 1004
      40 1077 1056  967  910  813  953  991 1010  847 1003
      60  908 1085  963  980  828  994  812  823  901  970
      80  858  832  976  929  837  815  937  907  833  794
     100  768  871  887  943  804  880  934  942  977  989
     120  900  962  945  784  739  850  952  862  888  941
     140  949  859  869  953  837  899  699  738  806  918
     160  837  904  778  843  841  949  867  742  796  786
     180  938  881  818  695  888  835  731  870  935  680
     200  776  946  806  776  712  851  783  727  822  829
     220  766  832  727  867  781  745  798  716  877  884
     240  794  801  690  641  840  625  866  821  862  807
     260  695  762  722  711  792  740  757  889  785  822
     280  712  854  633  686  724  757  681  756  625  644
     300  692  714  783  761  837  838  688  611  755  708
     320  644  722  722  730  644  745  677  675  653  854
     340  689  707  637  716  743  733  706  754  606  662
     360  740  712  634  667  691  771  689  634  643  714
     380  759  603  637  791  684  634  715  667  680  660
     400  746  756  682  548  664  559  649  742  601  630
     420  569  597  586  571  512  750  616  621  683  583
     440  633  687  564  677  653  713  679  572  644  668
     460  626  555  508  679  680  676  716  636  658  615
     480  570  600  664  635  631  613  749  650  624  615
     500  664  560  645  751  516  646  531  564  605  610
     520  584  541  674  585  555  544  553  579  644  667
     540  491  561  582  424  611  485  581  681  536  484
     560  643  558  569  633  649  601  646  597  629  603
     580  724  579  602  642  643  640  711  538  635  622
     600  524  513  581  505  642  653  548  589  622  596
     620  540  576  467  664  670  586  618  657  584  621
     640  480  554  488  588  546  566  593  621  601  675
     660  581  642  519  498  492  490  555  666  596  572
     680  677  645  494  470  528  564  520  596  476  614
     700  714  559  496  560  524  616  486  581  651  541
     720  535  554  591  563  395  538  580  579  488  484
     740  535  467  548  535  482  588  595  533  656  499
     760  451  504  467  549  582  616  541  513  601  521
     780  549  494  484  496  595  513  443  511  575  428
     800  505  661  514  436  505  581  426  510  595  528
     820  508  663  508  561  479  495  431  522  606  551
     840  487  607  538  472  363  578  483  609  531  585
     860  555  506  544  532  510  445  560  611  566  458
     880  502  536  556  376  580  587  547  442  488  471
     900  572  512  474  435  638  405  513  508  412  485
     920  565  560  501  452  495  549  408  499  449  429
     940  422  450  548  441  494  587  464  450  525  504
     960  567  513  504  453  465  564  475  511  536  550
     980  511  522  558  416  548  615  511  575  497  497
    1000  511  519  559  513  425  376  409  515  555  556
    1020  492  429  549  517  455  498  413  489  494  594
    1040  471  450  478  508  435  547  507  494  494  488
    1060  469  528  422  456  512  458  402  577  597  492
    1080  414  470  581  505  468  417  413  469  471  465
    1100  401  440  546  464  362  539  283  567  417  507
    1120  411  460  585  467  466  483  377  477  459  411
    1140  501  450  536  433  484  456  480  471  454  586
    1160  478  444  504  446  464  409  544  510  459  419
    1180  509  542  454  479  522  366  631  579  513  500
    1200  466  515  469  511  442  319  484  442  442  500
    1220  502  490  405  452  417  369  439  471  439  537
    1240  479  535  489  297  452  495  456  391  471  532
    1260  420  427  510  351  418  539  487  329  468  485
    1280  407  377  510  442  423  513  508  367  395  417
    1300  405  407  511  398  505  531  358  399  427  327
    1320  389  326  353  420  461  525  368  439  485  394
    1340  522  399  311  486  481  447  438  498  431  445
    1360  551  412  393  449  463  428  401  443  455  465
    1380  483  414  508  401  452  475  341  378  432  348
    1400  362  461  384  363  390  508  378  462  430  450
    1420  398  442  428  400  344  481  456  497  550  486
    1440  465  545  438  536  482  397  478  355  494  368
    1460  488  449  478  470  462  386  428  463  413  424
    1480  387  405  352  521  338  474  555  427  454  388
    1500  483  349  422  588  454  587  448  497  377  370
    1520  424  475  356  548  487  391  406  482  329  478
    1540  367  467  349  445  547  414  391  394  395  415
    1560  407  422  450  446  534  368  482  461  375  379
    1580  386  275  439  450  558  419  442  391  343  297
    1600  363  386  419  519  433  404  434  385  392  386
    1620  437  367  459  481  521  438  600  351  396  424
    1640  388  345  514  583  411  454  398  417  441  390
    1660  416  303  508  608  351  395  477  416  412  313
    1680  475  394  506  423  464  440  376  516  408  408
    1700  506  447  430  327  502  428  465  421  421  534
    1720  427  393  505  409  543  426  406  474  491  462
    1740  395  448  474  522  421  444  391  382  451  413
    1760  523  500  470  471  403  474  568  435  476  381
    1780  398  350  454  432  526  473  446  422  391  421
    1800  346  416  493  449  510  355  421  406  448  401
    1820  434  410  528  433  501  386  355  419  367  398
    1840  495  411  486  420  485  365  248  270  309  356
    1860  480  497  491  370  448  439  364  361  442  361
    1880  378  475  463  366  477  326  418  505  478  358
    1900  449  367  392  384  461  397  290  349  534  381
    1920  497  480  372  428  437  464  327  432  406  307
    1940  419  439  481  372  479  461  465  391  427  407
    1960  481  517  436  419  401  476  344  376  455  342
    1980  532  452  437  504  470  370  466  408  481  293
    2000  563  497  391  511  593  414  425  498  547  400
    2020  501  466  511  460  448  328  492  520  431  422
    2040  421  587  416  452  417  303  448  473  502  389
    2060  423  498  386  460  405  373  437  389  501  418
    2080  485  359  297  498  376  323  402  430  489  450
    2100  401  381  448  436  429  314  313  563  476  411
    2120  488  508  446  556  400  388  463  483  385  535
    2140  390  493  392  523  428  457  433  390  408  510
    2160  401  440  381  474  425  429  340  393  467  555
    2180  345  485  487  401  441  496  331  407  499  508
    2200  399  447  402  388  403  454  339  474  475  429
    2220  436  328  352  541  494  494  466  459  441  468
    2240  454  330  362  459  493  389  557  466  450  537
    2260  443  302  367  402  381  435  480  453  434  449
    2280  296  414  370  381  367  337  457  603  421  378
    2300  366  330  465  398  420  399  440  616  425  435
    2320  324  469  365  333  540  374  564  447  348  420
    2340  355  513  400  408  408  333  490  396  397  485
    2360  418  465  455  357  383  369  543  393  384  477
    2380  383  394  371  413  420  393  380  396  382  430
    2400  431  347  369  355  450  329  449  398  491  413
    2420  477  337  309  405  526  457  563  402  364  414
    2440  491  522  265  311  497  465  453  391  395  405
    2460  411  426  377  401  398  414  493  423  408  492
    2480  464  538  503  369  485  384  365  448  426  464
    2500  445  332  406  419  386  389  357  399  363  433
    2520  503  397  411  502  432  407  367  470  412  442
    2540  446  436  374  414  405  392  408  457  470  342
    2560  351  362  480  340  306  395  493  488  422  284
    2580  360  454  567  396  491  450  497  426  386  346
    2600  507  440  468  412  382  342  373  371  378  381
    2620  363  461  397  447  447  476  359  320  344  427
    2640  395  369  336  402  308  388  380  331  319  353
    2660  276  430  404  357  471  452  406  336  402  424
    2680  339  414  377  461  471  452  400  372  426  412
    2700  454  438  325  495  513  341  390  344  375  377
    2720  283  376  396  367  433  510  418  418  404  343
    2740  409  287  477  297  467  420  391  390  432  388
    2760  405  483  410  360  361  426  498  509  361  424
    2780  453  492  457  296  320  426  418  446  494  366
    2800  542  486  313  329  250  387  408  402  505  455
    2820  385  393  385  485  287  433  465  358  541  428
    2840  440  505  422  445  337  482  474  455  470  426
    2860  395  449  373  417  411  456  383  313  411  395
    2880  279  351  354  567  382  421  385  323  471  506
    2900  319  318  344  427  307  464  455  343  487  429
    2920  481  389  423  330  390  462  477  348  422  454
    2940  444  434  481  455  389  375  464  393  454  388
    2960  391  446  454  480  419  420  525  413  598  473
    2980  439  386  483  540  429  392  444  428  455  497
    3000  325  407  431  384  407  367  454  320  382  475
    3020  354  439  476  406  412  447  490  456  420  415
    3040  324  403  443  388  512  582  567  501  389  381
    3060  345  370  378  354  481  493  484  316  396  528
    3080  369  413  425  362  394  411  546  412  385  533
    3100  401  323  343  361  377  431  496  552  509  453
    3120  343  243  395  362  425  466  477  455  494  448
    3140  439  265  428  408  446  420  372  401  422  447
    3160  524  310  353  367  533  464  422  425  384  471
    3180  360  404  416  414  445  425  527  374  473  396
    3200  468  424  351  396  389  461  426  373  445  461
    3220  427  393  342  450  415  426  427  395  388  410
    3240  403  364  349  446  500  444  400  406  460  411
    3260  536  367  523  499  275  385  495  351  522  446
    3280  366  379  548  453  376  444  448  409  307  482
    3300  442  412  445  491  494  391  437  415  361  464
    3320  491  478  482  385  472  417  519  430  467  406
    3340  493  406  600  455  474  323  554  374  414  348
    3360  406  341  447  384  382  311  386  285  500  307
    3380  421  419  435  395  383  398  433  360  389  436
    3400  452  421  488  435  367  430  413  373  413  328
    3420  396  394  471  507  476  458  392  420  393  308
    3440  293  529  399  534  447  384  390  325  348  461
    3460  356  438  435  481  449  524  602  393  338  417
    3480  401  425  431  447  375  536  595  396  413  399
    3500  442  526  437  400  382  463  573  283  470  522
    3520  462  494  415  426  500  465  427  312  420  446
    3540  493  396  479  418  497  468  464  337  337  400
    3560  357  450  491  411  464  359  508  440  395  283
    3580  414  470  450  470  317  371  428  438  372  386
    3600  353  474  522  414  335  426  514  455  401  522
    3620  316  414  467  482  419  350  344  449  379  522
    3640  452  367  475  436  449  384  418  403  537  442
    3660  452  348  459  460  502  399  484  304  511  395
    3680  585  393  459  566  477  397  363  318  475  580
    3700  427  394  432  410  515  409  362  419  521  430
    3720  384  480  563  488  442  494  466  414  418  470
    3740  459  455  551  390  449  475  526  403  357  358
    3760  479  502  568  434  353  378  346  380  556  385
    3780  437  376  492  517  368  449  422  311  494  425
    3800  404  311  423  469  387  386  459  408  395  537
    3820  460  359  541  407  350  358  427  474  311  372
    3840  388  502  422  303  377  374  432  453  475  493
    3860  421  484  414  398  400  399  446  440  457  551
    3880  354  504  492  453  373  383  338  444  428  484
    3900  381  482  435  448  394  389  473  466  476  447
    3920  400  452  438  391  400  437  555  506  357  409
    3940  428  458  426  442  474  482  490  458  411  447
    3960  480  351  531  405  427  484  435  468  382  359
    3980  331  304  424  350  496  478  459  552  409  496
    4000  357  351  309  420  391  479  456  431  431  426
    4020  367  427  382  384  333  503  345  365  428  372
    4040  454  330  418  377  394  433  347  327  442  367
    4060  357  362  420  337  412  364  360  327  514  447
    4080  388  437  463  347  364  456  419  308  409  421
    4100  417  424  455  355  367  417  519  426  404  409
    4120  419  435  352  471  313  443  510  417  322  414
    4140  390  368  469  466  321  502  424  493  267  348
    4160  510  345  455  426  440  483  482  392  420  427
    4180  485  476  416  442  413  437  393  456  450  385
    4200  398  425  363  453  578  376  407  453  383  400
    4220  465  411  318  535  389  349  372  425  432  336
    4240  370  470  375  464  438  364  375  357  428  353
    4260  419  477  354  361  396  394  407  449  491  325
    4280  261  446  490  451  363  477  408  457  361  403
    4300  369  367  315  418  400  372  502  365  324  431
    4320  341  427  351  466  292  448  387  387  381  414
    4340  509  325  337  488  299  432  337  420  355  541
    4360  538  409  410  432  429  463  285  324  305  516
    4380  441  451  472  521  451  388  394  390  386  489
    4400  476  506  323  431  483  405  419  436  360  434
    4420  576  438  378  374  478  363  451  424  329  381
    4440  581  386  458  395  455  430  513  498  419  326
    4460  482  467  517  438  363  507  382  425  476  394
    4480  376  520  457  405  406  453  363  414  363  376
    4500  332  435  409  449  316  530  431  404  456  335
    4520  373  385  376  471  388  440  453  493  501  272
    4540  356  420  334  489  380  361  458  389  312  441
    4560  421  352  436  416  406  435  480  394  379  448
    4580  402  458  377  414  462  400  506  379  359  448
    4600  395  435  364  604  482  385  439  401  330  545
    4620  396  340  475  540  442  381  428  458  421  353
    4640  357  394  465  474  329  379  457  425  367  378
    4660  428  421  478  448  364  392  495  378  448  443
    4680  467  552  453  487  429  443  454  407  507  395
    4700  319  362  377  683  372  383  447  479  418  353
    4720  280  424  340  518  303  347  382  483  418  391
    4740  410  471  419  375  413  330  409  423  485  301
    4760  377  437  393  408  403  477  423  373  322  403
    4780  388  486  392  397  381  445  405  413  348  436
    4800  278  399  430  392  483  415  260  499  428  372
    4820  348  359  507  370  341  459  266  428  546  346
    4840  233  350  472  456  509  490  404  470  529  393
    4860  240  383  404  530  430  451  399  345  448  448
    4880  370  385  431  384  518  433  296  425  440  419
    4900  372  367  488  332  353  359  296  413  354  339
    4920  465  399  528  388  462  390  399  425  483  412
    4940  289  386  366  425  396  367  397  338  436  401
    4960  407  390  320  443  320  332  331  360  532  413
    4980  448  418  367  447  351  405  358  399  417  520
    5000  533  348  403  382  323  512  346  527  454  511
    5020  484  303  363  458  309  434  359  396  400  397
    5040  469  432  344  453  357  403  468  382  429  445
    5060  415  474  398  594  452  301  396  362  443  352
    5080  465  387  391  543  538  254  317  436  488  396
    5100  443  389  420  423  415  334  395  446  490  388
    5120  447  459  470  423  437  356  530  422  418  327
    5140  364  531  429  440  431  421  399  416  393  292
    5160  400  415  486  419  434  377  445  386  416  397
    5180  557  510  471  432  537  477  359  369  434  351
    5200  458  414  321  424  482  439  431  473  420  381
    5220  526  478  368  505  478  383  458  447  484  359
    5240  424  584  355  439  544  394  527  515  464  364
    5260  439  592  339  373  396  427  457  372  474  383
    5280  386  601  353  343  400  404  382  290  498  358
    5300  385  422  371  273  397  350  326  265  618  539
    5320  468  509  424  378  419  428  427  347  441  471
    5340  347  461  341  340  485  385  367  535  399  445
    5360  482  402  413  414  344  411  458  413  390  467
    5380  466  365  305  409  385  452  513  550  332  302
    5400  370  388  405  365  434  428  443  469  423  426
    5420  318  397  461  352  411  420  418  459  435  425
    5440  399  325  457  529  455  444  406  308  374  267
    5460  420  394  422  507  440  489  429  358  328  451
    5480  458  494  352  350  398  358  498  363  353  481
    5500  396  430  381  375  448  417  428  426  342  523
    5520  335  407  437  327  402  412  491  403  447  428
    5540  269  546  480  466  433  390  336  336  551  417
    5560  449  490  439  510  364  411  279  408  509  390
    5580  371  401  373  457  327  435  296  450  389  398
    5600  359  467  480  358  298  442  393  486  342  320
    5620  398  408  356  326  345  441  398  453  364  340
    5640  390  443  273  284  444  406  418  411  377  359
    5660  458  456  344  278  370  406  416  407  405  516
    5680  425  411  248  330  336  416  495  401  376  495
    5700  356  450  442  383  389  332  336  389  492  468
    5720  427  319  386  409  366  397  386  448  360  457
    5740  437  373  335  325  491  343  346  445  335  450
    5760  548  338  446  375  397  397  203  463  416  375
    5780  396  466  401  426  437  332  263  471  361  403
    5800  389  347  353  471  494  351  257  455  438  486
    5820  292  448  413  363  467  459  417  520  388  373
    5840  257  325  424  455  476  428  344  381  399  351
    5860  376  409  384  417  446  294  420  385  301  405
    5880  399  328  406  444  436  377  408  350  401  296
    5900  369  346  300  442  389  396  432  267  340  294
    5920  266  474  297  391  417  461  484  335  414  414
    5940  456  475  383  361  546  361  378  292  407  382
    5960  285  393  408  298  443  285  399  314  460  375
    5980  417  376  327  266  428  411  250  241  434  381
    6000  409  499  388  441  297  441  302  302  354  419
    6020  381  517  323  465  322  398  386  362  366  379
    6040  269  456  381  418  319  337  319  433  337  321
    6060  380  428  413  419  380  443  409  427  357  300
    6080  317  459  334  405  436  402  368  439  420  443
    6100  471  301  365  382  387  354  391  383  561  360
    6120  421  337  252  408  428  290  442  448  407  362
    6140  392  475  388  384  335  467  361  601  587  409
    6160  558  360  330  464  396  303  398  451  513  450
    6180  440  406  372  398  373  433  366  438  492  422
    6200  473  380  468  320  373  414  295  477  475  419
    6220  476  375  349  358  365  333  434  392  288  533
    6240  407  328  336  325  463  345  291  388  355  433
    6260  437  412  413  367  432  363  374  405  264  409
    6280  460  428  429  473  431  394  406  400  347  380
    6300  516  388  345  279  478  409  389  446  340  432
    6320  448  401  410  372  429  351  375  415  341  496
    6340  346  514  394  512  370  505  430  458  398  486
    6360  336  438  344  414  426  525  500  353  452  444
    6380  375  455  368  350  362  470  453  466  402  513
    6400  453  494  327  394  439  453  346  391  375  431
    6420  514  438  433  426  437  385  397  438  413  403
    6440  403  462  372  423  371  392  442  406  403  431
    6460  335  458  432  315  420  420  457  356  521  386
    6480  420  497  411  333  406  461  337  405  509  324
    6500  333  416  396  354  424  427  432  495  497  395
    6520  400  419  455  368  363  472  403  396  376  368
    6540  419  446  403  475  462  392  421  366  398  383
    6560  392  413  425  427  422  492  360  367  370  417
    6580  342  357  347  417  382  354  427  315  452  382
    6600  277  341  366  311  433  446  386  403  429  354
    6620  378  452  447  350  404  347  396  462  463  358
    6640  376  457  575  334  466  368  397  454  404  439
    6660  363  471  521  340  470  422  448  453  367  468
    6680  365  340  437  391  385  427  453  359  416  364
    6700  284  341  498  389  385  464  421  418  369  421
    6720  354  362  579  542  487  428  388  432  434  388
    6740  439  382  445  313  438  346  475  451  470  287
    6760  558  421  572  460  566  324  441  459  359  445
    6780  489  452  530  432  567  446  324  346  335  511
    6800  441  412  419  379  308  400  601  386  525  345
    6820  377  348  347  445  349  478  397  345  579  361
    6840  466  398  417  473  376  421  389  449  363  433
    6860  363  401  390  456  333  422  411  434  480  475
    6880  479  423  337  524  310  453  360  431  496  484
    6900  428  390  416  558  311  420  357  398  402  517
    6920  482  387  402  353  388  465  351  435  421  575
    6940  459  458  366  371  393  416  382  365  386  401
    6960  460  496  473  315  323  426  466  387  379  464
    6980  360  490  441  388  376  384  451  418  399  342
    7000  465  443  449  377  372  398  602  339  417  413
    7020  394  405  455  419  428  390  454  396  502  398
    7040  396  240  292  329  421  368  357  362  444  398
    7060  410  485  432  327  392  437  348  521  462  477
    7080  423  265  421  389  387  383  296  433  483  339
    7100  523  328  378  377  452  395  414  344  374  424
    7120  451  357  424  328  370  535  446  421  356  386
    7140  545  497  490  395  312  393  510  398  446  400
    7160  443  354  476  382  353  480  462  408  450  306
    7180  432  435  444  421  320  465  493  331  532  354
    7200  448  366  465  454  416  471  450  320  475  402
    7220  481  340  486  392  397  526  399  392  347  504
    7240  417  401  425  575  471  377  355  432  331  435
    7260  515  457  528  609  339  514  284  420  344  444
    7280  416  483  512  450  375  435  339  507  443  391
    7300  432  468  426  517  532  396  467  403  540  423
    7320  457  489  422  558  372  450  374  526  450  393
    7340  387  470  408  482  451  399  333  380  481  238
    7360  381  329  456  487  463  547  467  416  515  348
    7380  355  411  431  521  475  472  457  467  527  325
    7400  392  462  488  454  446  487  461  344  384  414
    7420  410  511  396  387  478  505  451  402  364  356
    7440  439  428  316  388  345  503  353  413  402  456
    7460  378  587  369  431  326  489  381  384  374  401
    7480  310  408  467  407  367  483  456  349  342  501
    7500  525  412  411  413  402  497  440  378  437  534
    7520  455  409  443  464  490  464  437  316  497  490
    7540  350  364  416  467  430  389  385  395  476  404
    7560  315  398  475  512  523  373  340  388  596  422
    7580  332  476  384  473  388  395  379  437  497  405
    7600  388  437  376  368  466  345  360  518  431  542
    7620  509  521  373  477  406  416  525  417  384  496
    7640  499  533  328  432  426  358  504  455  452  405
    7660  386  447  437  301  382  432  390  395  429  405
    7680  474  393  400  306  358  316  415  358  379  382
    7700  380  350  396  337  289  490  486  404  437  389
    7720  489  264  303  346  403  422  417  491  434  412
    7740  575  329  389  337  361  436  444  432  376  324
    7760  435  359  421  344  336  407  398  441  385  358
    7780  400  419  389  382  441  484  392  414  422  399
    7800  359  453  379  473  356  389  275  452  455  355
    7820  355  402  466  417  443  342  387  468  415  481
    7840  391  360  420  386  460  358  389  418  315  455
    7860  535  373  560  474  477  440  443  411  423  454
    7880  522  480  483  415  484  511  440  554  383  391
    7900  494  395  300  389  341  454  363  388  439  435
    7920  347  455  411  410  442  339  371  374  406  446
    7940  365  471  324  406  424  419  394  321  505  482
    7960  445  394  366  460  431  404  387  317  444  548
    7980  359  360  388  421  414  470  404  456  322  609
    8000  427  376  438  484  513  288  423  314  453  530
    8020  386  501  393  330  479  458  343  382  512  459
    8040  424  399  501  331  423  445  391  383  490  412
    8060  366  437  439  383  468  454  551  397  423  389
    8080  450  516  421  398  499  442  464  486  380  399
    8100  428  468  388  402  494  364  399  463  341  432
    8120  449  391  367  422  460  320  406  406  355  404
    8140  491  442  439  515  422  456  396  442  489  362
    8160  425  415  414  533  486  467  507  447  488  422
    8180  387  388  389  422  530  397  495  360  412  448
    8200  332  453  419  376  357  342  410  441  351  423
    8220  499  381  413  367  317  403  473  361  300  496
    8240  454  400  318  438  344  395  385  465  391  483
    8260  430  418  410  377  449  438  436  398  346  465
    8280  380  360  326  510  463  333  384  362  340  511
    8300  354  270  344  420  466  267  420  346  324  472
    8320  277  374  299  358  468  360  456  402  371  587
    8340  357  384  343  373  441  419  472  379  420  458
    8360  427  433  294  365  453  520  397  350  460  430
    8380  431  487  384  394  491  477  372  361  326  387
    8400  402  396  403  412  389  411  387  386  544  458
    8420  368  469  291  416  397  477  368  388  393  409
    8440  414  420  450  450  488  454  410  454  434  356
    8460  315  335  372  413  441  461  429  407  412  426
    8480  401  373  497  455  353  450  500  386  403  403
    8500  381  371  433  535  343  434  498  380  431  532
    8520  325  361  499  454  508  502  456  427  488  453
    8540  376  476  480  453  447  375  456  511  510  403
    8560  399  454  481  402  477  404  440  420  500  410
    8580  467  462  484  410  516  448  539  433  494  340
    8600  358  417  361  361  473  488  544  462  370  379
    8620  373  304  367  385  324  506  471  417  444  457
    8640  383  355  378  474  437  371  390  472  432  399
    8660  368  383  490  375  428  434  511  355  522  339
    8680  469  420  402  397  511  361  437  495  476  399
    8700  509  351  420  435  466  236  418  360  506  307
    8720  397  454  551  342  395  400  361  353  383  386
    8740  447  391  504  379  376  436  445  428  368  465
    8760  402  370  427  477  480  348  445  332  399  378
    8780  418  420  510  324  376  365  568  309  426  481
    8800  443  492  546  398  374  341  400  396  392  327
    8820  563  452  627  309  462  439  391  423  408  349
    8840  372  463  470  337  409  364  403  495  499  445
    8860  356  381  444  369  408  311  462  347  489  353
    8880  367  474  327  426  504  377  446  457  292  375
    8900  382  436  339  427  433  334  346  398  326  416
    8920  481  323  342  428  507  333  494  502  399  510
    8940  430  441  358  502  500  379  495  432  367  512
    8960  390  354  402  462  467  395  473  426  273  469
    8980  429  389  324  427  498  384  551  365  377  502
    9000  507  374  374  402  470  441  440  432  392  500
    9020  510  389  413  467  471  390  269  528  402  514
    9040  287  406  412  283  461  408  359  453  530  346
    9060  419  381  545  482  356  425  385  373  420  366
    9080  477  425  433  386  367  440  401  326  440  390
    9100  461  486  363  346  436  419  312  273  385  461
    9120  451  465  336  379  463  412  435  314  364  355
    9140  437  371  332  424  403  406  354  409  281  320
    9160  380  350  480  321  319  476  405  404  388  491
    9180  312  360  352  289  467  378  355  306  322  363
    9200  420  453  499  387  366  360  351  347  269  396
    9220  351  451  390  309  253  419  407  464  482  429
    9240  550  410  466  348  335  390  408  398  328  470
    9260  519  363  376  388  388  495  393  411  340  557
    9280  398  416  390  520  399  457  425  431  362  424
    9300  403  407  375  426  476  377  334  532  425  531
    9320  438  463  476  414  557  384  311  634  377  527
    9340  387  460  506  418  479  393  424  536  471  437
    9360  366  462  483  477  402  405  433  391  479  411
    9380  410  523  475  433  286  471  519  408  453  467
    9400  399  391  481  486  391  458  496  369  475  386
    9420  424  479  469  495  449  372  380  327  489  470
    9440  420  475  447  474  430  458  463  415  349  438
    9460  473  371  474  488  458  454  472  438  426  452
    9480  535  328  501  724  492  431  322  328  417  407
    9500  482  444  438  582  541  446  374  366  451  390
    9520  422  435  423  561  512  430  393  383  436  303
    9540  416  342  442  361  371  326  411  269  396  288
    9560  388  441  370  339  507  370  382  342  482  416
    9580  407  378  331  420  397  324  415  416  413  403
    9600  481  441  399  447  427  338  437  359  313  380
    9620  473  288  468  399  454  393  404  347  346  319
    9640  409  344  459  464  491  398  418  325  405  447
    9660  408  507  408  420  468  469  423  302  358  443
    9680  428  549  413  568  384  415  441  412  345  304
    9700  466  511  476  417  422  380  472  532  415  362
    9720  440  491  509  457  359  405  432  441  461  465
    9740  474  518  411  506  417  534  455  407  432  497
    9760  538  351  462  443  319  478  460  418  525  422
    9780  435  364  271  432  349  425  402  469  334  271
    9800  428  426  389  495  476  432  429  437  458  454
    9820  415  403  505  479  429  463  396  330  405  439
    9840  431  396  393  453  320  379  367  382  573  362
    9860  371  408  342  391  382  422  457  441  377  349
    9880  332  378  444  320  471  449  478  448  309  379
    9900  331  414  387  363  305  502  688  449  342  371
    9920  439  446  455  385  401  499  502  484  308  428
    9940  467  317  409  386  503  451  419  386  390  466
    9960  362  459  562  453  402  491  366  404  449  444
    9980  371  435  380  393  448  447  434  423  362  525
   10000  378  463  438  398  443  470  340  365  334  458
   10020  362  526  415  356  360  501  523  339  330  398
   10040  483  454  391  294  463  467  420  379  402  426
   10060  520  355  399  453  391  492  453  484  398  445
   10080  341  428  416  392  375  345  447  451  551  447
   10100  470  395  431  455  496  543  372  559  427  489
   10120  437  427  450  324  389  436  339  350  426  416
   10140  428  349  404  436  517  445  361  384  447  466
   10160  408  386  504  282  418  387  427  458  390  439
   10180  359  351  370  467  457  518  530  482  448  341
   10200  441  397  455  496  552  432  459  454  544  415
   10220  401  410  421  443  527  386  464  445  454  455
   10240  381  345  369  445  409  486  321  390  455  370
   10260  469  388  453  442  405  474  367  471  586  393
   10280  415  405  398  348  438  377  521  386  427  441
   10300  367  367  510  433  414  469  395  437  422  438
   10320  318  493  418  353  426  456  418  370  395  410
   10340  409  379  573  378  385  413  426  381  404  372
   10360  410  476  512  412  359  530  447  438  419  414
   10380  447  440  572  482  445  431  437  327  480  421
   10400  370  402  414  424  425  430  419  344  462  363
   10420  353  437  525  341  361  437  487  416  528  402
   10440  446  346  459  342  458  400  492  472  358  417
   10460  376  304  445  477  490  351  482  468  329  418
   10480  418  401  349  563  429  295  421  491  367  452
   10500  388  484  506  494  402  336  508  408  408  359
   10520  405  460  320  459  309  501  460  389  383  469
   10540  409  376  413  599  439  427  451  366  432  501
   10560  373  437  461  463  344  428  365  355  468  453
   10580  418  464  438  426  430  363  288  460  428  332
   10600  390  533  398  412  430  336  372  456  411  401
   10620  493  473  380  374  508  301  414  441  381  391
   10640  528  511  527  421  481  452  378  440  377  408
   10660  468  434  370  467  394  487  340  452  423  376
   10680  355  402  320  421  428  438  380  438  419  390
   10700  463  331  434  454  498  453  389  516  571  335
   10720  422  375  514  507  429  514  412  430  525  304
   10740  391  466  447  383  359  400  324  440  473  421
   10760  450  437  420  336  359  455  393  316  422  465
   10780  495  539  320  441  412  466  364  296  514  484
   10800  493  505  393  432  547  390  350  425  420  444
   10820  518  468  438  358  440  450  513  396  455  473
   10840  517  467  445  405  429  259  464  448  548  461
   10860  372  449  451  377  432  275  433  382  471  386
   10880  424  497  457  567  440  293  484  489  467  360
   10900  391  323  563  426  313  508  433  386  397  397
   10920  414  340  419  575  400  498  366  358  503  469
   10940  341  475  374  525  469  539  368  377  488  441
   10960  411  468  416  472  434  473  348  346  293  443
   10980  530  468  438  464  403  442  368  390  310  497
   11000  560  335  461  633  385  420  432  433  372  602
   11020  523  409  402  506  386  434  510  423  404  486
   11040  444  484  436  417  618  409  416  365  398  412
   11060  490  391  473  464  390  426  362  449  392  445
   11080  508  402  448  401  352  301  481  500  534  489
   11100  349  420  510  347  514  373  458  491  344  336
   11120  342  383  404  421  505  568  442  340  415  399
   11140  370  459  439  405  476  493  342  428  504  524
   11160  267  425  474  359  497  475  295  513  441  428
   11180  328  385  408  445  409  338  345  481  443  455
   11200  356  473  426  480  376  332  431  454  318  348
   11220  360  450  497  476  419  356  388  380  385  376
   11240  331  374  399  376  564  535  492  400  411  433
   11260  428  463  490  383  398  401  336  373  356  413
   11280  468  339  470  445  310  459  366  461  438  413
   11300  371  423  388  424  424  429  389  308  531  578
   11320  415  336  412  418  410  494  377  336  495  427
   11340  339  464  370  407  504  448  527  505  384  472
   11360  489  418  444  352  452  356  391  481  453  513
   11380  515  438  447  551  372  603  434  431  418  497
   11400  443  426  364  378  353  457  392  445  397  532
   11420  387  362  487  396  403  439  384  440  310  457
   11440  386  360  530  414  437  505  373  423  324  494
   11460  500  470  403  405  314  377  513  518  373  495
   11480  377  519  348  434  398  448  397  465  365  434
   11500  374  539  476  366  379  508  349  470  535  397
   11520  472  390  406  328  359  447  382  486  548  383
   11540  449  354  467  233  444  378  320  436  457  405
   11560  434  398  433  374  376  466  295  512  505  440
   11580  370  317  403  451  380  411  356  501  427  444
   11600  359  300  398  404  309  304  280  474  317  399
   11620  372  451  444  386  383  370  383  412  324  442
   11640  291  527  329  408  354  411  421  425  305  384
   11660  425  480  382  408  415  453  484  494  343  375
   11680  424  400  416  379  415  414  376  405  460  335
   11700  327  552  368  435  467  407  461  491  514  333
   11720  319  436  360  426  406  417  433  450  532  262
   11740  407  389  413  276  385  495  506  517  424  338
   11760  364  400  499  311  413  340  425  418  592  366
   11780  440  458  440  305  452  588  447  381  591  319
   11800  470  335  391  433  503  378  531  458  417  369
   11820  448  368  362  428  557  430  423  527  365  365
   11840  363  397  477  452  439  395  475  578  447  357
   11860  354  494  361  286  378  301  447  575  332  441
   11880  326  462  468  338  452  393  427  397  435  324
   11900  450  390  444  319  431  404  466  465  338  336
   11920  506  452  412  389  421  275  481  527  344  388
   11940  448  378  399  431  380  287  467  463  394  414
   11960  433  334  371  399  440  357  425  395  362  417
   11980  314  444  388  433  505  344  385  372  453  405
   12000  312  504  491  391  427  369  488  364  455  356
   12020  469  507  381  335  424  359  432  242  424  352
   12040  449  395  400  373  435  517  294  366  387  451
   12060  546  413  406  442  400  360  257  433  427  421
   12080  504  455  481  436  321  334  390  436  404  460
   12100  461  417  455  488  384  361  417  336  349  441
   12120  331  356  397  460  415  441  320  435  383  355
   12140  386  442  360  433  334  434  424  524  456  401
   12160  359  471  407  298  380  440  317  404  264  348
   12180  314  376  355  439  377  389  416  412  386  425
   12200  484  306  387  311  324  457  525  393  483  428
   12220  469  373  475  412  332  472  457  417  357  468
   12240  437  279  438  319  393  510  466  394  355  498
   12260  473  407  390  360  296  453  396  380  289  470
   12280  372  372  303  421  343  490  418  433  420  521
   12300  389  385  386  465  499  409  303  407  491  483
   12320  323  338  535  433  354  446  460  320  501  533
   12340  467  379  551  451  464  522  445  395  538  529
   12360  416  361  499  401  355  592  367  339  470  528
   12380  531  378  499  387  582  336  403  397  479  522
   12400  486  441  395  409  519  393  361  557  383  510
   12420  316  317  501  470  497  425  483  539  332  474
   12440  382  365  556  408  457  537  368  517  415  476
   12460  435  416  421  346  502  426  484  424  465  417
   12480  484  482  418  394  478  400  425  421  506  434
   12500  411  418  541  360  410  442  437  470  372  471
   12520  372  491  575  400  410  530  442  443  379  415
   12540  344  475  433  420  455  543  568  468  359  403
   12560  391  428  458  596  457  392  515  378  429  392
   12580  399  338  361  456  505  390  439  426  443  350
   12600  521  413  398  440  521  371  376  494  532  450
   12620  488  516  471  372  378  463  410  369  475  417
   12640  474  369  501  398  488  409  367  426  416  419
   12660  458  522  537  434  502  505  421  431  423  501
   12680  399  423  463  331  466  316  367  461  317  404
   12700  375  398  416  344  424  329  397  464  381  518
   12720  493  372  328  505  328  435  404  504  357  505
   12740  449  375  433  499  440  492  393  495  350  354
   12760  425  419  495  426  457  467  379  407  427  357
   12780  411  382  417  412  421  563  465  334  364  304
   12800  410  505  395  300  359  551  397  358  370  348
   12820  475  455  449  275  514  531  372  361  443  392
   12840  384  397  327  361  422  532  433  428  466  458
   12860  383  400  346  431  363  466  444  466  406  401
   12880  419  375  406  407  379  529  396  381  491  570
   12900  481  431  378  383  501  464  407  390  472  562
   12920  406  421  485  358  414  461  495  465  456  408
   12940  446  547  463  461  333  464  525  486  500  331
   12960  429  536  468  429  300  514  478  452  392  266
   12980  469  513  434  454  369  416  441  484  395  398
   13000  413  352  281  399  427  340  407  473  487  447
   13020  418  416  351  457  446  334  457  508  391  379
   13040  449  429  394  516  410  384  428  306  473  440
   13060  431  430  452  560  373  428  386  349  457  574
   13080  460  460  375  438  364  451  476  365  474  508
   13100  349  429  572  455  407  513  398  291  407  403
   13120  461  372  444  393  398  469  464  399  440  370
   13140  354  494  493  375  522  372  408  434  422  442
   13160  434  472  486  430  502  422  429  301  292  413
   13180  333  403  570  317  436  568  438  339  424  356
   13200  488  551  456  510  369  482  318  423  397  430
   13220  380  399  387  390  395  467  321  423  382  421
   13240  408  519  324  415  337  393  394  495  460  454
   13260  374  382  322  396  563  384  399  484  368  356
   13280  456  364  455  371  424  431  401  523  450  385
   13300  375  382  328  374  405  461  379  489  518  384
   13320  356  415  458  369  373  524  272  393  513  394
   13340  322  453  432  445  404  432  360  359  394  393
   13360  366  433  469  524  308  415  349  363  423  450
   13380  347  501  338  470  356  422  453  498  457  424
   13400  391  442  362  401  413  388  410  451  494  403
   13420  344  414  408  359  472  422  372  443  355  398
   13440  428  485  313  503  396  419  386  373  404  457
   13460  416  527  355  420  427  361  398  518  396  410
   13480  400  451  399  453  515  444  372  429  361  375
   13500  468  318  477  445  422  377  397  387  301  450
   13520  408  405  541  335  417  465  373  278  246  382
   13540  367  475  488  410  505  417  436  384  309  406
   13560  385  405  405  404  471  440  431  481  391  371
   13580  324  451  452  425  451  401  357  569  387  386
   13600  436  413  539  399  520  312  382  513  448  456
   13620  447  387  359  400  462  459  424  407  457  365
   13640  425  498  406  283  374  475  366  390  441  420
   13660  464  569  358  478  471  412  445  371  350  400
   13680  395  412  376  377  359  409  470  482  362  419
   13700  343  417  445  359  408  480  358  452  451  361
   13720  486  361  414  465  384  420  270  437  462  384
   13740  421  419  422  384  436  399  374  412  417  327
   13760  350  348  411  478  451  324  394  451  487  335
   13780  346  346  472  454  464  406  355  422  367  249
   13800  391  372  495  408  415  350  363  373  335  342
   13820  369  390  477  339  420  357  343  339  331  416
   13840  426  453  342  386  468  436  336  450  322  330
   13860  459  357  346  437  572  450  301  451  426  440
   13880  435  430  411  336  465  416  432  337  390  401
   13900  393  395  320  315  469  343  398  450  340  404
   13920  347  416  358  431  418  361  394  398  394  476
   13940  480  449  369  464  421  330  419  464  391  484
   13960  322  438  332  419  492  477  293  381  417  347
   13980  390  469  395  354  397  457  346  438  350  400
   14000  368  419  404  387  446  427  409  495  381  465
   14020  401  414  485  367  476  519  313  559  407  507
   14040  444  412  433  446  495  563  418  399  447  370
   14060  333  581  505  369  424  478  413  435  535  505
   14080  396  485  455  348  357  516  269  366  370  386
   14100  384  513  474  380  348  438  415  386  414  408
   14120  375  404  422  476  364  482  316  413  354  365
   14140  340  441  420  501  383  391  255  265  379  322
   14160  523  394  549  386  446  467  421  331  395  440
   14180  414  488  433  359  424  365  482  336  459  410
   14200  434  469  336  361  448  380  370  262  436  480
   14220  389  410  411  312  367  402  369  357  461  421
   14240  412  409  408  285  413  472  344  349  444  446
   14260  479  484  382  326  336  473  442  390  472  425
   14280  365  424  364  343  459  368  498  435  357  453
   14300  341  394  421  361  469  455  374  404  524  466
   14320  386  342  400  490  501  446  451  441  552  362
   14340  382  318  387  417  358  356  478  411  518  369
   14360  451  251  399  349  330  366  431  407  440  460
   14380  380  340  379  387  489  356  419  350  358  471
   14400  266  433  264  406  444  464  391  350  357  508
   14420  333  466  350  504  503  383  385  417  541  418
   14440  289  362  339  490  449  432  456  363  370  426
   14460  483  342  250  351  250  317  451  395  378  422
   14480  440  357  318  379  206  382  543  356  480  360
   14500  419  305  333  433  376  426  342  285  586  372
   14520  404  292  320  377  409  396  288  374  561  281
   14540  476  376  318  378  484  468  331  356  331  336
   14560  405  379  318  447  517  478  399  414  395  350
   14580  433  374  343  364  494  443  381  489  354  376
   14600  318  353  428  383  404  461  440  476  357  382
   14620  431  401  453  312  394  420  502  391  402  355
   14640  416  346  438  479  398  458  500  338  387  447
   14660  322  453  449  420  388  420  457  401  498  521
   14680  458  519  389  313  458  367  480  317  520  407
   14700  410  378  382  387  428  352  582  345  383  516
   14720  363  500  282  366  434  348  474  408  390  465
   14740  391  405  312  331  400  391  368  398  436  459
   14760  431  342  360  336  506  394  464  328  356  510
   14780  397  355  313  305  553  408  578  354  355  405
   14800  457  400  370  416  471  437  438  400  447  474
   14820  450  384  339  300  418  466  439  368  474  434
   14840  391  408  334  320  472  462  414  496  455  387
   14860  383  397  381  350  362  318  475  354  322  380
   14880  404  346  438  366  404  387  423  286  447  398
   14900  381  441  394  481  430  390  370  356  406  481
   14920  404  376  425  538  409  372  424  380  364  360
   14940  437  400  364  391  436  312  455  401  363  402
   14960  396  415  428  321  464  354  404  399  382  486
   14980  386  267  420  407  488  409  384  508  400  348
   15000  418  474  346  406  428  373  311  470  420  372
   15020  433  488  464  429  349  380  312  441  475  341
   15040  473  447  414  436  436  292  423  310  339  321
   15060  468  355  455  333  365  402  493  287  393  369
   15080  377  234  383  470  411  458  444  364  303  444
   15100  316  261  371  456  409  474  358  474  377  479
   15120  351  350  438  322  304  499  347  337  387  401
   15140  309  498  510  349  367  476  421  457  306  418
   15160  348  404  569  426  444  427  484  305  406  319
   15180  312  293  509  355  378  388  352  355  406  508
   15200  395  412  593  444  480  498  440  351  388  465
   15220  495  459  493  359  521  352  435  409  427  367
   15240  397  466  490  440  432  356  493  421  529  471
   15260  408  370  460  464  356  350  484  450  367  458
   15280  428  500  430  313  367  440  513  359  392  441
   15300  493  436  411  398  338  434  393  386  337  372
   15320  487  468  365  340  413  442  493  393  387  350
   15340  511  419  445  484  344  464  497  454  400  415
   15360  503  508  461  440  401  481  397  357  426  376
   15380  397  455  490  453  352  444  500  378  466  446
   15400  376  333  496  500  477  484  431  451  398  407
   15420  422  425  511  388  475  385  394  314  517  330
   15440  332  415  455  476  497  392  404  393  351  357
   15460  342  411  416  408  451  444  458  399  340  439
   15480  463  438  407  344  450  419  412  439  433  391
   15500  461  399  362  321  451  355  391  413  417  450
   15520  423  402  431  495  348  465  394  305  449  439
   15540  399  424  451  381  456  402  438  404  463  369
   15560  476  336  389  403  568  497  437  425  506  482
   15580  484  304  427  354  514  471  526  409  498  401
   15600  397  316  340  359  390  426  344  442  442  360
   15620  441  409  380  396  421  364  304  403  501  396
   15640  476  438  310  393  365  410  360  460  457  500
   15660  413  477  386  468  317  399  272  390  424  360
   15680  405  459  390  444  290  432  431  383  457  451
   15700  401  375  292  545  378  355  468  380  390  435
   15720  436  427  374  469  384  540  484  352  302  462
   15740  567  394  458  328  313  413  437  322  378  460
   15760  467  418  476  372  366  369  411  377  437  334
   15780  371  432  526  285  391  361  401  382  418  344
   15800  428  434  466  333  436  425  322  431  324  456
   15820  421  461  373  372  388  482  355  423  495  514
   15840  340  444  435  324  429  409  514  402  487  386
   15860  486  501  397  366  402  396  426  413  454  485
   15880  371  531  467  401  392  338  435  408  464  444
   15900  435  599  328  344  379  458  492  471  429  513
   15920  391  479  330  396  438  302  568  379  436  484
   15940  420  528  441  401  345  437  442  322  369  451
   15960  512  518  428  495  347  350  389  390  327  371
   15980  467  404  397  421  386  427  384  412  344  454
   16000  369  329  456  473  293  407  273  387  390  419
   16020  377  327  486  375  330  400  345  414  317  365
   16040  526  357  504  436  394  342  524  463  375  505
   16060  443  430  501  375  437  445  354  416  425  470
   16080  447  398  566  438  402  310  497  411  427  480
   16100  446  276  443  462  421  370  427  368  423  433
   16120  486  355  370  563  432  368  424  425  490  425
   16140  471  450  445  512  430  467  440  482  444  525
   16160  448  338  414  405  419  336  364  466  421  335
   16180  383  375  422  429  297  316  411  369  401  423
   16200  394  449  457  317  355  357  434  460  574  468
   16220  434  416  442  334  320  310  345  506  327  375
   16240  430  406  511  336  428  322  294  452  299  335
   16260  342  479  371  453  405  357  298  482  332  354
   16280  478  360  409  450  410  434  431  494  367  325
   16300  404  405  462  531  423  393  403  457  385  416
   16320  435  394  395  405  425  440  296  412  383  460
   16340  439  426  395  436  517  413  379  304  353  424
   16360  464  407  582  387  470  465  315  400  365  347
   16380  328  390  448  387  437  480  351  492  368  375
   16400  380  335  411  388  501  577  414  469  338  424
   16420  371  369  498  413  514  389  518  484  409  435
   16440  434  457  423  506  414  362  255  358  328  414
   16460  465  439  349  326  537  405  403  342  456  501
   16480  462  439  374  354  463  358  348  423  410  396
   16500  357  389  449  354  514  325  443  374  415  388
   16520  322  406  392  510  460  351  395  356  372  376
   16540  288  340  434  361  493  316  321  360  338  357
   16560  514  246  393  475  416  446  362  420  291  376
   16580  398  389  457  456  445  386  331  420  431  437
   16600  489  325  355  546  413  428  459  427  396  423
   16620  502  399  338  454  406  382  502  382  546  384
   16640  407  428  371  387  400  360  467  340  474  279
   16660  356  343  323  382  341  361  283  437  506  422
   16680  363  354  351  343  315  344  319  402  404  397
   16700  357  352  502  438  307  440  294  449  328  383
   16720  451  387  434  438  537  453  387  405  398  394
   16740  515  347  416  442  462  329  420  379  475  392
   16760  439  338  391  489  341  377  485  311  492  430
   16780  366  428  343  423  343  440  475  401  414  394
   16800  433  464  352  440  494  393  409  371  438  409
   16820  521  417  428  408  481  410  430  381  481  373
   16840  467  373  429  393  479  333  447  476  376  407
   16860  379  432  399  449  441  335  371  446  436  366
   16880  480  405  416  413  376  483  410  354  364  484
   16900  387  433  351  304  566  421  466  336  385  407
   16920  384  445  327  396  410  409  307  369  368  423
   16940  304  438  375  344  322  330  308  470  367  469
   16960  335  495  341  425  445  382  485  396  394  439
   16980  462  447  348  306  421  423  461  356  423  503
   17000  409  457  397  356  321  323  423  439  363  433
   17020  343  411  431  455  496  388  366  457  404  484
   17040  386  400  460  447  405  466  372  402  331  519
   17060  366  431  394  451  346  387  483  302  376  320
   17080  336  468  506  469  310  402  448  342  308  322
   17100  279  402  408  521  342  447  326  356  325  407
   17120  372  472  427  436  466  475  353  309  296  433
   17140  435  451  478  403  468  330  350  402  386  360
   17160  396  280  447  417  386  482  351  415  330  370
   17180  370  367  383  395  430  444  422  434  372  514
   17200  374  387  347  381  432  376  380  367  446  443
   17220  432  396  464  418  437  415  415  422  365  452
   17240  550  275  503  409  449  424  333  398  363  447
   17260  400  366  416  438  476  436  436  443  387  465
   17280  287  427  430  402  389  407  436  307  389  467
   17300  429  601  586  431  432  318  471  417  498  470
   17320  383  502  463  427  392  372  468  477  484  355
   17340  425  396  445  325  437  400  539  435  497  402
   17360  383  440  399  375  484  403  498  475  438  364
   17380  353  427  401  420  497  405  473  443  441  306
   17400  451  485  472  423  441  512  328  490  487  357
   17420  353  449  387  388  345  524  539  436  420  447
   17440  458  354  343  335  306  409  443  497  366  500
   17460  394  423  394  348  434  460  480  431  430  414
   17480  495  369  484  382  438  405  454  531  403  367
   17500  373  403  374  345  363  312  419  398  396  403
   17520  412  456  346  404  478  271  470  381  355  348
   17540  360  512  423  448  449  320  305  436  510  322
   17560  434  447  453  447  511  319  344  339  466  441
   17580  409  337  428  520  416  354  247  422  512  364
   17600  420  348  445  549  454  313  288  509  404  448
   17620  432  427  431  553  339  431  421  399  403  454
   17640  343  463  388  517  374  512  412  377  468  403
   17660  476  467  292  453  360  484  351  389  428  434
   17680  343  421  422  399  475  418  437  452  429  432
   17700  479  477  409  400  434  392  516  410  319  413
   17720  384  483  506  402  383  405  508  398  356  356
   17740  309  386  503  384  389  326  448  394  418  375
   17760  334  376  465  432  423  415  435  446  354  393
   17780  414  280  570  373  384  325  382  421  360  497
   17800  418  360  457  432  451  382  353  583  416  351
   17820  379  404  434  479  449  314  314  496  396  393
   17840  321  386  441  419  436  366  390  347  451  474
   17860  400  418  370  553  498  394  404  243  396  397
   17880  369  452  503  488  419  377  390  304  373  492
   17900  441  429  378  368  382  437  469  449  449  496
   17920  320  437  352  346  381  507  419  388  363  371
   17940  396  291  371  273  392  430  387  439  293  385
   17960  500  365  347  295  406  491  383  423  311  380
   17980  358  392  388  416  402  533  393  432  334  328
   18000  407  420  356  279  440  440  352  428  287  362
   18020  387  418  329  333  405  395  387  441  402  356
   18040  439  464  336  326  393  436  403  498  410  349
   18060  283  445  492  330  344  546  350  525  426  353
   18080  342  468  495  427  447  532  454  366  509  375
   18100  361  449  398  481  471  424  452  374  428  365
   18120  350  390  455  502  384  354  361  284  460  429
   18140  465  419  462  455  373  344  347  233  496  460
   18160  374  507  442  438  440  436  395  355  456  358
   18180  325  476  359  427  440  339  322  336  426  445
   18200  375  365  372  342  360  283  406  325  511  366
   18220  254  420  366  355  325  322  396  321  432  426
   18240  336  503  482  489  416  298  449  357  341  402
   18260  429  508  359  336  418  295  511  453  405  369
   18280  288  434  372  408  389  369  488  382  323  409
   18300  471  468  439  414  466  441  511  432  467  416
   18320  407  449  366  301  437  421  376  459  488  412
   18340  347  334  425  419  387  473  529  416  333  391
   18360  555  358  375  358  368  384  454  425  329  416
   18380  472  313  367  403  418  486  432  348  335  505
   18400  361  322  342  431  440  423  419  332  430  536
   18420  415  361  430  389  432  431  335  380  378  536
   18440  470  332  402  441  382  493  390  316  446  513
   18460  509  370  364  399  356  507  263  366  399  409
   18480  430  423  409  432  387  434  281  395  409  399
   18500  426  410  415  525  432  468  328  423  470  466
   18520  345  465  513  453  348  378  431  421  420  480
   18540  342  357  529  428  350  515  431  470  426  407
   18560  425  439  472  496  339  448  370  462  430  422
   18580  422  362  505  566  423  467  496  388  402  548
   18600  446  406  477  427  398  446  441  383  379  491
   18620  398  390  543  551  330  350  503  362  364  499
   18640  403  393  357  526  410  399  426  528  342  499
   18660  365  386  395  498  435  406  304  453  493  459
   18680  540  377  361  539  437  414  399  425  513  550
   18700  563  336  363  582  457  360  473  492  545  418
   18720  577  463  459  550  464  473  448  445  575  514
   18740  354  559  420  508  387  419  479  385  523  360
   18760  419  520  413  490  408  466  526  537  534  363
   18780  331  492  471  479  367  438  467  329  460  389
   18800  415  430  482  420  505  402  440  360  444  332
   18820  519  469  505  343  425  477  381  433  352  407
   18840  445  425  449  407  498  413  480  428  500  646
   18860  329  447  503  329  482  345  507  463  460  503
   18880  457  402  456  245  391  468  461  514  472  442
   18900  338  398  386  353  409  445  613  414  429  475
   18920  411  413  331  387  383  470  492  332  499  394
   18940  417  383  341  480  496  439  490  441  481  448
   18960  383  362  457  385  350  455  371  515  464  475
   18980  297  315  462  330  389  414  513  508  397  386
   19000  350  450  553  321  310  359  372  442  410  359
   19020  387  361  523  359  392  330  381  568  442  341
   19040  360  401  413  430  472  365  480  478  274  369
   19060  369  372  442  426  381  309  406  438  337  392
   19080  403  448  344  429  303  258  363  486  424  421
   19100  356  279  436  398  407  315  465  526  417  290
   19120  414  336  433  425  484  337  591  439  446  486
   19140  435  437  438  466  428  387  446  326  587  450
   19160  387  371  488  360  492  384  369  447  496  448
   19180  394  409  396  410  428  500  362  422  473  336
   19200  496  478  350  320  466  501  358  470  470  315
   19220  388  278  447  396  389  348  466  382  442  382
   19240  374  377  453  405  503  304  532  426  366  283
   19260  387  370  564  425  448  367  475  426  323  349
   19280  346  382  455  407  448  349  419  413  424  267
   19300  464  298  492  552  409  365  490  421  474  391
   19320  357  301  483  375  419  468  506  364  549  454
   19340  300  306  518  404  418  434  418  383  451  336
   19360  461  327  420  415  418  434  477  460  508  353
   19380  370  357  468  468  407  390  381  355  422  378
   19400  422  310  390  561  353  410  392  374  381  409
   19420  457  431  394  496  270  342  376  483  341  410
   19440  372  378  563  343  321  391  411  493  387  369
   19460  454  412  531  328  506  416  325  513  398  373
   19480  459  441  408  334  526  403  276  375  439  433
   19500  492  375  434  348  396  399  341  443  349  527
   19520  500  451  346  316  463  363  421  444  437  433
   19540  480  368  412  309  479  373  388  424  355  453
   19560  399  364  339  344  507  382  393  420  491  438
   19580  476  478  385  374  479  421  388  442  391  400
   19600  377  471  398  477  477  485  293  530  536  552
   19620  475  486  498  402  407  434  337  414  363  469
   19640  392  412  430  379  446  391  428  408  560  343
   19660  442  370  411  371  475  384  328  390  432  358
   19680  425  346  377  306  430  398  406  494  388  438
   19700  411  401  304  333  286  477  470  429  461  392
   19720  451  482  351  450  298  412  409  430  475  442
   19740  506  378  476  396  490  360  417  444  475  396
   19760  409  299  495  396  462  323  440  510  351  356
   19780  348  362  456  429  419  381  397  399  426  451
   19800  518  412  480  474  320  395  448  393  456  448
   19820  425  417  423  573  341  438  357  390  433  357
   19840  406  450  471  547  244  456  351  490  391  461
   19860  480  482  564  415  396  462  436  364  461  450
   19880  421  306  453  391  402  504  486  441  472  448
   19900  390  397  441  424  279  396  412  335  506  410
   19920  410  388  376  466  371  438  437  363  500  429
   19940  367  497  362  443  335  518  515  481  458  363
   19960  452  369  384  511  414  404  387  435  364  486
   19980  355  424  452  388  365  378  505  420  371  457
   20000  328  435  410  455  376  454  482  366  364  485
