      20     0.000100519     0.000100082     0.991400000
      40     0.000197751     0.000196451     0.996720000
      60     0.000293425     0.000290958     0.970080000
      80     0.000389061     0.000385378     0.974620000
     100     0.000488757     0.000483727     0.967900000
     120     0.000585401     0.000578987     0.964270000
     140     0.000677628     0.000669793     0.948860000
     160     0.000778882     0.000769387     0.948750000
     180     0.000860996     0.000850305     0.942670000
     200     0.000952156     0.000940159     0.939230000
     220     0.001039392     0.001025959     0.946980000
     240     0.001127838     0.001112738     0.933850000
     260     0.001215414     0.001198842     0.929310000
     280     0.001297490     0.001279740     0.926720000
     300     0.001387946     0.001368392     0.922810000
     320     0.001466397     0.001445593     0.914050000
     340     0.001546604     0.001523908     0.889130000
     360     0.001631319     0.001606647     0.903010000
     380     0.001713938     0.001687689     0.893040000
     400     0.001799616     0.001771405     0.882380000
     420     0.001876822     0.001847012     0.887810000
     440     0.001959119     0.001927579     0.872160000
     460     0.002028817     0.001995926     0.875040000
     480     0.002113216     0.002078696     0.878460000
     500     0.002193065     0.002156845     0.867330000
     520     0.002267532     0.002229342     0.862330000
     540     0.002360431     0.002320076     0.855990000
     560     0.002425806     0.002384148     0.871050000
     580     0.002510123     0.002466226     0.839560000
     600     0.002592585     0.002546716     0.846710000
     620     0.002661349     0.002613766     0.834890000
     640     0.002743600     0.002694020     0.841790000
     660     0.002818180     0.002766325     0.836750000
     680     0.002897520     0.002843274     0.820310000
     700     0.002967096     0.002910802     0.822530000
     720     0.003039292     0.002981643     0.811570000
     740     0.003105894     0.003046290     0.810340000
     760     0.003166821     0.003105601     0.812650000
     780     0.003226519     0.003163553     0.800100000
     800     0.003299302     0.003234084     0.787970000
     820     0.003364425     0.003297018     0.787380000
     840     0.003434686     0.003364791     0.787540000
     860     0.003496657     0.003425461     0.789830000
     880     0.003547234     0.003475087     0.792380000
     900     0.003604597     0.003530998     0.791990000
     920     0.003673354     0.003597305     0.777350000
     940     0.003727205     0.003649528     0.772380000
     960     0.003798553     0.003717986     0.764540000
     980     0.003854058     0.003771254     0.758980000
    1000     0.003900644     0.003816783     0.770770000
    1020     0.003963325     0.003877950     0.761540000
    1040     0.004024587     0.003936431     0.748860000
    1060     0.004082954     0.003992140     0.740330000
    1080     0.004115160     0.004022959     0.747720000
    1100     0.004167628     0.004073727     0.726700000
    1120     0.004222857     0.004126462     0.739600000
    1140     0.004284184     0.004186230     0.741110000
    1160     0.004347596     0.004248063     0.735260000
    1180     0.004416244     0.004314056     0.738420000
    1200     0.004463813     0.004359773     0.723890000
    1220     0.004519742     0.004412749     0.721440000
    1240     0.004546314     0.004439386     0.732390000
    1260     0.004591488     0.004482963     0.722050000
    1280     0.004642592     0.004531747     0.724590000
    1300     0.004705897     0.004593261     0.724200000
    1320     0.004764849     0.004648830     0.699870000
    1340     0.004811167     0.004692792     0.696160000
    1360     0.004882714     0.004762047     0.703180000
    1380     0.004943763     0.004820279     0.690860000
    1400     0.004977971     0.004853752     0.692230000
    1420     0.005041982     0.004914121     0.685540000
    1440     0.005072444     0.004944026     0.688430000
    1460     0.005135326     0.005004218     0.687880000
    1480     0.005183047     0.005050290     0.682300000
    1500     0.005247289     0.005110934     0.683040000
    1520     0.005319297     0.005179525     0.674690000
    1540     0.005370037     0.005228521     0.678790000
    1560     0.005383642     0.005241743     0.675790000
    1580     0.005430867     0.005287550     0.674390000
    1600     0.005478169     0.005332631     0.663910000
    1620     0.005526172     0.005377283     0.664710000
    1640     0.005578101     0.005427126     0.676080000
    1660     0.005624884     0.005471924     0.656130000
    1680     0.005701761     0.005545984     0.665290000
    1700     0.005739155     0.005581635     0.655430000
    1720     0.005772710     0.005612952     0.655520000
    1740     0.005806634     0.005644786     0.646700000
    1760     0.005846184     0.005682680     0.649540000
    1780     0.005870667     0.005705507     0.643330000
    1800     0.005896103     0.005728680     0.649000000
    1820     0.005940981     0.005772122     0.637930000
    1840     0.005980113     0.005808725     0.636710000
    1860     0.006026773     0.005852733     0.634210000
    1880     0.006068418     0.005891993     0.629440000
    1900     0.006090694     0.005914076     0.632740000
    1920     0.006133545     0.005953636     0.622130000
    1940     0.006158850     0.005977357     0.627880000
    1960     0.006190674     0.006006499     0.616950000
    1980     0.006207985     0.006024478     0.629900000
    2000     0.006239387     0.006053659     0.616080000
    2020     0.006279756     0.006090503     0.609130000
    2040     0.006317755     0.006126819     0.609700000
    2060     0.006359159     0.006165811     0.611830000
    2080     0.006383041     0.006188411     0.606160000
    2100     0.006427419     0.006228512     0.602750000
    2120     0.006461456     0.006262048     0.604010000
    2140     0.006500172     0.006298812     0.604220000
    2160     0.006561835     0.006359141     0.607850000
    2180     0.006572228     0.006369209     0.608920000
    2200     0.006626419     0.006420949     0.604140000
    2220     0.006676927     0.006466767     0.595870000
    2240     0.006720630     0.006507748     0.598250000
    2260     0.006753499     0.006539751     0.592190000
    2280     0.006802673     0.006586229     0.588230000
    2300     0.006830841     0.006613048     0.587160000
    2320     0.006864207     0.006646512     0.597610000
    2340     0.006889424     0.006669817     0.590330000
    2360     0.006933649     0.006709136     0.573930000
    2380     0.006968536     0.006741228     0.585090000
    2400     0.006981917     0.006754446     0.582750000
    2420     0.007007696     0.006779558     0.591710000
    2440     0.007055059     0.006825016     0.576780000
    2460     0.007081533     0.006848645     0.577190000
    2480     0.007106399     0.006872256     0.574070000
    2500     0.007128078     0.006890128     0.565230000
    2520     0.007187298     0.006946849     0.571590000
    2540     0.007228044     0.006984474     0.554290000
    2560     0.007230052     0.006985155     0.556670000
    2580     0.007274043     0.007026221     0.563630000
    2600     0.007321821     0.007071427     0.555370000
    2620     0.007370012     0.007114441     0.540350000
    2640     0.007386446     0.007129035     0.551010000
    2660     0.007397292     0.007139008     0.543720000
    2680     0.007424666     0.007165559     0.553450000
    2700     0.007474890     0.007214158     0.559210000
    2720     0.007506018     0.007242486     0.544890000
    2740     0.007517538     0.007252889     0.544710000
    2760     0.007545329     0.007278574     0.534740000
    2780     0.007582569     0.007313098     0.536070000
    2800     0.007592198     0.007320391     0.530120000
    2820     0.007610569     0.007334349     0.530930000
    2840     0.007630612     0.007354342     0.526330000
    2860     0.007679379     0.007401384     0.531420000
    2880     0.007717025     0.007437374     0.527710000
    2900     0.007756833     0.007473052     0.528690000
    2920     0.007781669     0.007496230     0.533470000
    2940     0.007809824     0.007522933     0.527710000
    2960     0.007827793     0.007540402     0.525100000
    2980     0.007867968     0.007575902     0.528680000
    3000     0.007906617     0.007613106     0.518240000
    3020     0.007918532     0.007625423     0.521170000
    3040     0.007947136     0.007651953     0.526630000
    3060     0.007975077     0.007676037     0.516260000
    3080     0.008000518     0.007699264     0.505210000
    3100     0.008022489     0.007718705     0.503780000
    3120     0.008071083     0.007764317     0.518530000
    3140     0.008074340     0.007766283     0.502670000
    3160     0.008087245     0.007775640     0.502730000
    3180     0.008109098     0.007797154     0.499370000
    3200     0.008123415     0.007809145     0.500130000
    3220     0.008125482     0.007810969     0.503260000
    3240     0.008118913     0.007805067     0.509670000
    3260     0.008122438     0.007810969     0.508310000
    3280     0.008131787     0.007818071     0.506560000
    3300     0.008144260     0.007830676     0.502920000
    3320     0.008156326     0.007839636     0.494500000
    3340     0.008175928     0.007856142     0.493960000
    3360     0.008225012     0.007901347     0.504780000
    3380     0.008237040     0.007915696     0.491830000
    3400     0.008246177     0.007924843     0.511150000
    3420     0.008276740     0.007954221     0.494810000
    3440     0.008303040     0.007978400     0.505630000
    3460     0.008318693     0.007991422     0.490560000
    3480     0.008318575     0.007993015     0.496970000
    3500     0.008307723     0.007979921     0.491360000
    3520     0.008320418     0.007991070     0.500120000
    3540     0.008345949     0.008016024     0.492030000
    3560     0.008365955     0.008035090     0.488630000
    3580     0.008357852     0.008029154     0.500350000
    3600     0.008379159     0.008047865     0.487090000
    3620     0.008396452     0.008059179     0.478400000
    3640     0.008420966     0.008080259     0.487700000
    3660     0.008419662     0.008078899     0.487740000
    3680     0.008437050     0.008097362     0.492270000
    3700     0.008468402     0.008127015     0.492550000
    3720     0.008479987     0.008136878     0.485600000
    3740     0.008509157     0.008164259     0.480550000
    3760     0.008537117     0.008189642     0.483930000
    3780     0.008533920     0.008188743     0.488050000
    3800     0.008540222     0.008193373     0.474650000
    3820     0.008576179     0.008225054     0.480470000
    3840     0.008588444     0.008234875     0.476790000
    3860     0.008592910     0.008242794     0.492650000
    3880     0.008623701     0.008270465     0.473070000
    3900     0.008635371     0.008281294     0.481120000
    3920     0.008662797     0.008303107     0.480540000
    3940     0.008662170     0.008305418     0.486280000
    3960     0.008682738     0.008322614     0.475340000
    3980     0.008677616     0.008316117     0.466910000
    4000     0.008679153     0.008312615     0.461960000
    4020     0.008690672     0.008321813     0.470600000
    4040     0.008702714     0.008337123     0.471920000
    4060     0.008705940     0.008338365     0.458230000
    4080     0.008693613     0.008326225     0.470080000
    4100     0.008715558     0.008345511     0.460790000
    4120     0.008722884     0.008354707     0.465100000
    4140     0.008717066     0.008347518     0.465220000
    4160     0.008730306     0.008360320     0.472120000
    4180     0.008737186     0.008368546     0.476650000
    4200     0.008763143     0.008392691     0.470820000
    4220     0.008768372     0.008399415     0.468130000
    4240     0.008803500     0.008430254     0.468300000
    4260     0.008835872     0.008462677     0.470350000
    4280     0.008818309     0.008446471     0.479330000
    4300     0.008825993     0.008457319     0.483410000
    4320     0.008844072     0.008470595     0.472440000
    4340     0.008878683     0.008498740     0.472330000
    4360     0.008888404     0.008509136     0.472450000
    4380     0.008909969     0.008528115     0.458000000
    4400     0.008915563     0.008533937     0.459060000
    4420     0.008964924     0.008577679     0.470600000
    4440     0.008957830     0.008569703     0.460460000
    4460     0.008972105     0.008581441     0.450250000
    4480     0.008991810     0.008597770     0.446170000
    4500     0.009016395     0.008619551     0.449090000
    4520     0.009009803     0.008614509     0.450530000
    4540     0.009027545     0.008628057     0.444030000
    4560     0.009019495     0.008622551     0.453600000
    4580     0.009038370     0.008639429     0.452710000
    4600     0.009040804     0.008640843     0.456340000
    4620     0.009003738     0.008609275     0.460490000
    4640     0.008984732     0.008593901     0.460490000
    4660     0.008992562     0.008597193     0.449780000
    4680     0.009036222     0.008641240     0.466560000
    4700     0.009028782     0.008638601     0.459910000
    4720     0.009037731     0.008641731     0.455100000
    4740     0.009017056     0.008619836     0.443330000
    4760     0.009013662     0.008616200     0.461730000
    4780     0.009044353     0.008647131     0.454170000
    4800     0.009039615     0.008641396     0.454930000
    4820     0.009056302     0.008653176     0.436020000
    4840     0.009080637     0.008676342     0.447930000
    4860     0.009104993     0.008695446     0.443330000
    4880     0.009127550     0.008715453     0.437280000
    4900     0.009122977     0.008712367     0.443430000
    4920     0.009140924     0.008729947     0.451020000
    4940     0.009142296     0.008731529     0.446230000
    4960     0.009129425     0.008719671     0.444770000
    4980     0.009156636     0.008742086     0.442010000
    5000     0.009167170     0.008751337     0.436330000
    5020     0.009174645     0.008757023     0.438730000
    5040     0.009162371     0.008745303     0.437360000
    5060     0.009190776     0.008767545     0.433290000
    5080     0.009202478     0.008778101     0.439430000
    5100     0.009190153     0.008771171     0.442370000
    5120     0.009186694     0.008765531     0.428950000
    5140     0.009215719     0.008789036     0.426610000
    5160     0.009219357     0.008790583     0.430950000
    5180     0.009214599     0.008789157     0.441370000
    5200     0.009243424     0.008816606     0.444750000
    5220     0.009231361     0.008808190     0.435310000
    5240     0.009247057     0.008824405     0.460720000
    5260     0.009240405     0.008817676     0.439520000
    5280     0.009275755     0.008848947     0.443860000
    5300     0.009293492     0.008866173     0.443750000
    5320     0.009296858     0.008866970     0.435090000
    5340     0.009322480     0.008889045     0.438110000
    5360     0.009299086     0.008869434     0.443710000
    5380     0.009331929     0.008899589     0.435220000
    5400     0.009318524     0.008884891     0.432490000
    5420     0.009313524     0.008879594     0.436820000
    5440     0.009324614     0.008891717     0.432960000
    5460     0.009316702     0.008886323     0.440640000
    5480     0.009307389     0.008879922     0.437910000
    5500     0.009268254     0.008845315     0.443230000
    5520     0.009269860     0.008844387     0.436150000
    5540     0.009271614     0.008839567     0.425800000
    5560     0.009269784     0.008839392     0.433260000
    5580     0.009265449     0.008836130     0.432640000
    5600     0.009269738     0.008840713     0.435220000
    5620     0.009263649     0.008836236     0.436440000
    5640     0.009260524     0.008832871     0.434880000
    5660     0.009262689     0.008835291     0.435690000
    5680     0.009256954     0.008831914     0.442710000
    5700     0.009290251     0.008861392     0.431230000
    5720     0.009279071     0.008851084     0.435420000
    5740     0.009290293     0.008862978     0.439480000
    5760     0.009284202     0.008852889     0.433150000
    5780     0.009317840     0.008883261     0.436610000
    5800     0.009322938     0.008891251     0.434410000
    5820     0.009333960     0.008899421     0.428540000
    5840     0.009347200     0.008912577     0.444530000
    5860     0.009346829     0.008912790     0.436040000
    5880     0.009340370     0.008904237     0.421880000
    5900     0.009329688     0.008888246     0.419190000
    5920     0.009316406     0.008878917     0.433300000
    5940     0.009328992     0.008893802     0.441730000
    5960     0.009338437     0.008900314     0.426740000
    5980     0.009376490     0.008938299     0.435630000
    6000     0.009365574     0.008928918     0.430370000
    6020     0.009377742     0.008939836     0.427490000
    6040     0.009384444     0.008944496     0.431130000
    6060     0.009375421     0.008933278     0.427040000
    6080     0.009404733     0.008963867     0.433510000
    6100     0.009365357     0.008930415     0.419210000
    6120     0.009364020     0.008923300     0.424660000
    6140     0.009376003     0.008935298     0.429560000
    6160     0.009381840     0.008943713     0.430720000
    6180     0.009421913     0.008979131     0.426850000
    6200     0.009420655     0.008978781     0.432140000
    6220     0.009395849     0.008953091     0.427600000
    6240     0.009399591     0.008955307     0.426630000
    6260     0.009445045     0.008996477     0.427890000
    6280     0.009449781     0.009004069     0.434940000
    6300     0.009453742     0.009008064     0.429170000
    6320     0.009434973     0.008992518     0.433280000
    6340     0.009447827     0.009001944     0.433480000
    6360     0.009432592     0.008987482     0.423180000
    6380     0.009428168     0.008978727     0.424220000
    6400     0.009432825     0.008985017     0.427760000
    6420     0.009422184     0.008975855     0.426410000
    6440     0.009420948     0.008973830     0.422270000
    6460     0.009444506     0.009001294     0.431530000
    6480     0.009442281     0.008997541     0.429540000
    6500     0.009429981     0.008985864     0.428520000
    6520     0.009439017     0.008991950     0.421290000
    6540     0.009468329     0.009019212     0.422980000
    6560     0.009433813     0.008983704     0.419020000
    6580     0.009442930     0.008994427     0.425430000
    6600     0.009447977     0.008996638     0.413590000
    6620     0.009478206     0.009023389     0.420480000
    6640     0.009472749     0.009018776     0.422980000
    6660     0.009484454     0.009030863     0.436950000
    6680     0.009491370     0.009042028     0.435790000
    6700     0.009505624     0.009053972     0.429620000
    6720     0.009525127     0.009071936     0.427850000
    6740     0.009513176     0.009061809     0.420340000
    6760     0.009495702     0.009040980     0.424980000
    6780     0.009505627     0.009053558     0.439720000
    6800     0.009485140     0.009038049     0.440260000
    6820     0.009504528     0.009054317     0.426300000
    6840     0.009502615     0.009052518     0.425890000
    6860     0.009549282     0.009095704     0.430110000
    6880     0.009539093     0.009081486     0.411580000
    6900     0.009538009     0.009080801     0.415810000
    6920     0.009547553     0.009087188     0.424950000
    6940     0.009552484     0.009092121     0.416930000
    6960     0.009550489     0.009089154     0.428160000
    6980     0.009554648     0.009095076     0.427380000
    7000     0.009564918     0.009103291     0.410260000
    7020     0.009584383     0.009122899     0.418510000
    7040     0.009608972     0.009140347     0.416700000
    7060     0.009587794     0.009122745     0.415050000
    7080     0.009594363     0.009130673     0.413360000
    7100     0.009647139     0.009176966     0.408250000
    7120     0.009681189     0.009206120     0.418180000
    7140     0.009697133     0.009222024     0.421390000
    7160     0.009700900     0.009228183     0.417180000
    7180     0.009697711     0.009224475     0.412970000
    7200     0.009711687     0.009234581     0.406960000
    7220     0.009702164     0.009224339     0.406610000
    7240     0.009689142     0.009206040     0.413260000
    7260     0.009691327     0.009212580     0.409560000
    7280     0.009648745     0.009175803     0.413160000
    7300     0.009641515     0.009171791     0.414700000
    7320     0.009634421     0.009160537     0.401930000
    7340     0.009638932     0.009162733     0.408330000
    7360     0.009618331     0.009143430     0.410750000
    7380     0.009632585     0.009161117     0.417910000
    7400     0.009650829     0.009179166     0.411990000
    7420     0.009665716     0.009193937     0.420910000
    7440     0.009665834     0.009198850     0.424950000
    7460     0.009663625     0.009196182     0.422320000
    7480     0.009646509     0.009178316     0.419800000
    7500     0.009656273     0.009185946     0.414270000
    7520     0.009675106     0.009202704     0.412500000
    7540     0.009651301     0.009179547     0.407420000
    7560     0.009644433     0.009171562     0.412040000
    7580     0.009632792     0.009158985     0.412520000
    7600     0.009649413     0.009174809     0.418940000
    7620     0.009647562     0.009177969     0.414690000
    7640     0.009658337     0.009188253     0.417610000
    7660     0.009654186     0.009186846     0.415980000
    7680     0.009637592     0.009169282     0.411620000
    7700     0.009638875     0.009166744     0.410530000
    7720     0.009658542     0.009182563     0.406130000
    7740     0.009647919     0.009175095     0.420840000
    7760     0.009657992     0.009187209     0.423260000
    7780     0.009625786     0.009160761     0.422530000
    7800     0.009641188     0.009173997     0.415760000
    7820     0.009619380     0.009151337     0.416300000
    7840     0.009642687     0.009172253     0.410450000
    7860     0.009652793     0.009180872     0.419500000
    7880     0.009646080     0.009174362     0.416490000
    7900     0.009665968     0.009193641     0.413140000
    7920     0.009653517     0.009181649     0.413910000
    7940     0.009668485     0.009194245     0.409620000
    7960     0.009665723     0.009191610     0.411060000
    7980     0.009686258     0.009210292     0.407790000
    8000     0.009722611     0.009245619     0.415020000
    8020     0.009722744     0.009244674     0.406340000
    8040     0.009713758     0.009232538     0.411120000
    8060     0.009687513     0.009210805     0.414090000
    8080     0.009673800     0.009200390     0.417810000
    8100     0.009700831     0.009226143     0.419570000
    8120     0.009685447     0.009208425     0.402650000
    8140     0.009697261     0.009213283     0.412380000
    8160     0.009727995     0.009242506     0.401330000
    8180     0.009703183     0.009220439     0.414030000
    8200     0.009696700     0.009216683     0.410500000
    8220     0.009698784     0.009216273     0.413020000
    8240     0.009667660     0.009191991     0.417450000
    8260     0.009684427     0.009208493     0.413020000
    8280     0.009708256     0.009226869     0.400040000
    8300     0.009735641     0.009251879     0.416830000
    8320     0.009731166     0.009247457     0.413120000
    8340     0.009756825     0.009273204     0.414960000
    8360     0.009730773     0.009245198     0.401640000
    8380     0.009747757     0.009259637     0.406180000
    8400     0.009811159     0.009319502     0.410820000
    8420     0.009850544     0.009354079     0.405980000
    8440     0.009885687     0.009387258     0.408310000
    8460     0.009835159     0.009340054     0.404560000
    8480     0.009836150     0.009339577     0.403640000
    8500     0.009850820     0.009353338     0.413300000
    8520     0.009869990     0.009371446     0.404360000
    8540     0.009890378     0.009389188     0.396080000
    8560     0.009901393     0.009395307     0.392420000
    8580     0.009939628     0.009424896     0.384440000
    8600     0.009956472     0.009443866     0.394220000
    8620     0.009972653     0.009458993     0.387160000
    8640     0.009972092     0.009458411     0.391140000
    8660     0.009969865     0.009461441     0.403030000
    8680     0.009965016     0.009452429     0.392690000
    8700     0.009946720     0.009437840     0.399390000
    8720     0.009972027     0.009463195     0.397580000
    8740     0.009972880     0.009468065     0.404710000
    8760     0.009975146     0.009468056     0.395500000
    8780     0.009968350     0.009456676     0.385610000
    8800     0.009989094     0.009473843     0.396710000
    8820     0.010000517     0.009489735     0.395690000
    8840     0.010008479     0.009494549     0.391860000
    8860     0.009987625     0.009476954     0.392280000
    8880     0.009983370     0.009470460     0.394830000
    8900     0.009964830     0.009453586     0.384600000
    8920     0.009969673     0.009459123     0.398240000
    8940     0.009982130     0.009474125     0.397720000
    8960     0.009989430     0.009476132     0.398590000
    8980     0.009955521     0.009443504     0.386660000
    9000     0.009965839     0.009447802     0.385270000
    9020     0.010003296     0.009482266     0.389950000
    9040     0.009989629     0.009472738     0.389460000
    9060     0.010021634     0.009499922     0.386050000
    9080     0.010048111     0.009524598     0.393930000
    9100     0.010031074     0.009512843     0.394580000
    9120     0.010025131     0.009504354     0.387430000
    9140     0.010011802     0.009495877     0.401480000
    9160     0.009998598     0.009483229     0.398450000
    9180     0.009992976     0.009480582     0.396410000
    9200     0.009981308     0.009467781     0.384810000
    9220     0.009994967     0.009476459     0.390100000
    9240     0.009979872     0.009464363     0.388000000
    9260     0.010023904     0.009504677     0.393970000
    9280     0.010055558     0.009534108     0.395220000
    9300     0.010081778     0.009561946     0.402500000
    9320     0.010064805     0.009541531     0.384400000
    9340     0.010062460     0.009537115     0.387210000
    9360     0.010047117     0.009520648     0.382880000
    9380     0.010067100     0.009541052     0.389270000
    9400     0.010028747     0.009508329     0.392800000
    9420     0.010042098     0.009525662     0.402600000
    9440     0.010031514     0.009511484     0.389550000
    9460     0.010004548     0.009485116     0.388910000
    9480     0.009984852     0.009473932     0.406670000
    9500     0.009937974     0.009435410     0.400380000
    9520     0.009955236     0.009446237     0.390580000
    9540     0.009963226     0.009448627     0.395560000
    9560     0.009959287     0.009448345     0.402990000
    9580     0.009960917     0.009447746     0.397230000
    9600     0.009950768     0.009434311     0.393560000
    9620     0.009944596     0.009430326     0.392990000
    9640     0.009975753     0.009461503     0.394640000
    9660     0.010019367     0.009502681     0.395720000
    9680     0.010027248     0.009508572     0.390000000
    9700     0.010000076     0.009483017     0.401560000
    9720     0.010006268     0.009483744     0.387910000
    9740     0.009994013     0.009469322     0.386500000
    9760     0.009980365     0.009454932     0.390820000
    9780     0.009991548     0.009469270     0.395450000
    9800     0.010011913     0.009487351     0.392670000
    9820     0.009981769     0.009463579     0.395830000
    9840     0.009971790     0.009449889     0.392620000
    9860     0.009993299     0.009473055     0.399310000
    9880     0.009996471     0.009478134     0.397690000
    9900     0.010024034     0.009502188     0.396970000
    9920     0.010029960     0.009509025     0.402210000
    9940     0.010059111     0.009540463     0.395860000
    9960     0.010019248     0.009503354     0.389560000
    9980     0.010029270     0.009512256     0.400200000
   10000     0.010066345     0.009546224     0.400700000
   10020     0.010066524     0.009549977     0.401540000
   10040     0.010036347     0.009521661     0.398030000
   10060     0.010039797     0.009525379     0.400980000
   10080     0.010030629     0.009516299     0.396120000
   10100     0.010061597     0.009542787     0.391800000
   10120     0.010050132     0.009528530     0.394630000
   10140     0.010027488     0.009500500     0.378380000
   10160     0.010045053     0.009510708     0.372840000
   10180     0.010064760     0.009533096     0.382810000
   10200     0.010070810     0.009537841     0.384870000
   10220     0.010089861     0.009559667     0.378860000
   10240     0.010074797     0.009542986     0.378000000
   10260     0.010070945     0.009542298     0.391670000
   10280     0.010076196     0.009547776     0.376980000
   10300     0.010031603     0.009502252     0.379180000
   10320     0.010040447     0.009516999     0.388700000
   10340     0.010021764     0.009499904     0.386760000
   10360     0.010019785     0.009503695     0.399580000
   10380     0.010003606     0.009495041     0.402310000
   10400     0.009987012     0.009477374     0.404220000
   10420     0.010006378     0.009493971     0.398220000
   10440     0.009994773     0.009482921     0.386870000
   10460     0.009956558     0.009446437     0.395360000
   10480     0.009966497     0.009461614     0.396030000
   10500     0.009969276     0.009459584     0.392200000
   10520     0.009959659     0.009451175     0.404030000
   10540     0.009947651     0.009440403     0.401110000
   10560     0.009942968     0.009437011     0.390130000
   10580     0.009932343     0.009425499     0.388300000
   10600     0.009876901     0.009372535     0.389500000
   10620     0.009866743     0.009365683     0.399660000
   10640     0.009882725     0.009383302     0.395300000
   10660     0.009886544     0.009383888     0.392040000
   10680     0.009882282     0.009382193     0.397530000
   10700     0.009890617     0.009388256     0.393510000
   10720     0.009879683     0.009378599     0.413680000
   10740     0.009868847     0.009373137     0.398280000
   10760     0.009853746     0.009356237     0.398830000
   10780     0.009871125     0.009373128     0.408800000
   10800     0.009898522     0.009402850     0.409070000
   10820     0.009913602     0.009413470     0.398020000
   10840     0.009938503     0.009433231     0.400240000
   10860     0.009952776     0.009444643     0.398010000
   10880     0.009970917     0.009454994     0.383570000
   10900     0.009961223     0.009443079     0.379890000
   10920     0.009920481     0.009403300     0.382850000
   10940     0.009912531     0.009399575     0.391050000
   10960     0.009879174     0.009372499     0.395930000
   10980     0.009881226     0.009376913     0.395070000
   11000     0.009855616     0.009356368     0.402160000
   11020     0.009850338     0.009354206     0.399060000
   11040     0.009860563     0.009360197     0.405420000
   11060     0.009870849     0.009371382     0.396970000
   11080     0.009865848     0.009366451     0.397780000
   11100     0.009863103     0.009361700     0.386860000
   11120     0.009854059     0.009350229     0.384470000
   11140     0.009894580     0.009385598     0.386330000
   11160     0.009892554     0.009384488     0.392200000
   11180     0.009935400     0.009421018     0.385720000
   11200     0.009924735     0.009415130     0.395220000
   11220     0.009922596     0.009411530     0.395150000
   11240     0.009914276     0.009407987     0.398730000
   11260     0.009945862     0.009441498     0.402350000
   11280     0.009934988     0.009434630     0.403780000
   11300     0.009941862     0.009436406     0.391530000
   11320     0.009925385     0.009419928     0.394080000
   11340     0.009940201     0.009434147     0.405470000
   11360     0.009973035     0.009462293     0.395900000
   11380     0.010014162     0.009502357     0.395730000
   11400     0.010020784     0.009506714     0.393230000
   11420     0.010004409     0.009490972     0.392430000
   11440     0.009997990     0.009478727     0.385080000
   11460     0.010023381     0.009506673     0.392490000
   11480     0.010032850     0.009507838     0.379960000
   11500     0.010034132     0.009498926     0.365060000
   11520     0.010060772     0.009527210     0.384090000
   11540     0.010059794     0.009529444     0.394440000
   11560     0.010072818     0.009545036     0.391560000
   11580     0.010062008     0.009532078     0.384770000
   11600     0.010031189     0.009508018     0.382610000
   11620     0.010010682     0.009488205     0.386930000
   11640     0.010016531     0.009492308     0.383140000
   11660     0.010030063     0.009506530     0.389400000
   11680     0.010019644     0.009498453     0.397670000
   11700     0.009998657     0.009482005     0.390440000
   11720     0.010005991     0.009486562     0.389610000
   11740     0.010005144     0.009484733     0.382080000
   11760     0.009998765     0.009476737     0.380210000
   11780     0.009973083     0.009453777     0.391090000
   11800     0.009953245     0.009440184     0.390720000
   11820     0.009941935     0.009430600     0.399870000
   11840     0.009946445     0.009437232     0.395630000
   11860     0.009958199     0.009442007     0.379530000
   11880     0.009937207     0.009417735     0.389110000
   11900     0.009934602     0.009413126     0.392310000
   11920     0.009942921     0.009422971     0.385980000
   11940     0.009955736     0.009436921     0.386730000
   11960     0.009962987     0.009440464     0.394650000
   11980     0.009932805     0.009421043     0.398210000
   12000     0.009930427     0.009420015     0.395590000
   12020     0.009956794     0.009440881     0.389070000
   12040     0.009939898     0.009420401     0.395020000
   12060     0.009972216     0.009452831     0.396250000
   12080     0.009977345     0.009458273     0.388660000
   12100     0.009971827     0.009451158     0.389570000
   12120     0.009958935     0.009440366     0.391110000
   12140     0.009949402     0.009434309     0.399270000
   12160     0.009964277     0.009446794     0.394430000
   12180     0.009972219     0.009455148     0.390920000
   12200     0.009991402     0.009469488     0.383980000
   12220     0.009972340     0.009449186     0.384790000
   12240     0.009932552     0.009415917     0.394330000
   12260     0.009902792     0.009389890     0.387700000
   12280     0.009915300     0.009401471     0.391460000
   12300     0.009937852     0.009421343     0.391710000
   12320     0.009949550     0.009435420     0.396730000
   12340     0.009903777     0.009392193     0.404590000
   12360     0.009887468     0.009378721     0.392910000
   12380     0.009885846     0.009374019     0.391220000
   12400     0.009877556     0.009368652     0.401380000
   12420     0.009896503     0.009385115     0.395810000
   12440     0.009864934     0.009352139     0.397200000
   12460     0.009857812     0.009349444     0.403630000
   12480     0.009864215     0.009356479     0.398420000
   12500     0.009867480     0.009356962     0.392060000
   12520     0.009846070     0.009336227     0.389790000
   12540     0.009834850     0.009324493     0.400700000
   12560     0.009829112     0.009328259     0.411390000
   12580     0.009848148     0.009344306     0.399470000
   12600     0.009845510     0.009341673     0.401300000
   12620     0.009857801     0.009351712     0.399430000
   12640     0.009871616     0.009366324     0.400020000
   12660     0.009874818     0.009366560     0.389750000
   12680     0.009861335     0.009351796     0.393580000
   12700     0.009848431     0.009338627     0.395950000
   12720     0.009874796     0.009362771     0.396020000
   12740     0.009860768     0.009355632     0.405510000
   12760     0.009880438     0.009373809     0.400710000
   12780     0.009880632     0.009373322     0.397710000
   12800     0.009886982     0.009378180     0.395730000
   12820     0.009875494     0.009364402     0.396270000
   12840     0.009865972     0.009356800     0.402300000
   12860     0.009838722     0.009338038     0.411560000
   12880     0.009812374     0.009315625     0.401510000
   12900     0.009811788     0.009314367     0.402390000
   12920     0.009800860     0.009301332     0.397260000
   12940     0.009818090     0.009315751     0.404230000
   12960     0.009827485     0.009329257     0.400270000
   12980     0.009812478     0.009312147     0.400420000
   13000     0.009814605     0.009312773     0.399570000
   13020     0.009835302     0.009335856     0.403430000
   13040     0.009835371     0.009336717     0.404220000
   13060     0.009819856     0.009322457     0.395020000
   13080     0.009822262     0.009320118     0.391650000
   13100     0.009788755     0.009286141     0.390690000
   13120     0.009764266     0.009261976     0.404340000
   13140     0.009759867     0.009259900     0.399780000
   13160     0.009745388     0.009248231     0.395980000
   13180     0.009698790     0.009210932     0.402260000
   13200     0.009707695     0.009216757     0.401120000
   13220     0.009719532     0.009231355     0.402620000
   13240     0.009722921     0.009229740     0.395940000
   13260     0.009689926     0.009200456     0.402300000
   13280     0.009694912     0.009205962     0.407910000
   13300     0.009710149     0.009219465     0.398230000
   13320     0.009716328     0.009224780     0.407140000
   13340     0.009760452     0.009268634     0.409230000
   13360     0.009732486     0.009244555     0.405790000
   13380     0.009749103     0.009261386     0.405890000
   13400     0.009712195     0.009229864     0.410300000
   13420     0.009747312     0.009260008     0.412640000
   13440     0.009750832     0.009266079     0.415810000
   13460     0.009775665     0.009287139     0.406790000
   13480     0.009786714     0.009294445     0.406270000
   13500     0.009783563     0.009293247     0.393640000
   13520     0.009822139     0.009323824     0.397150000
   13540     0.009852583     0.009353035     0.403470000
   13560     0.009849673     0.009349693     0.400120000
   13580     0.009839314     0.009338174     0.395520000
   13600     0.009849764     0.009344942     0.392310000
   13620     0.009843573     0.009337262     0.402040000
   13640     0.009828559     0.009326025     0.398640000
   13660     0.009819302     0.009318432     0.407080000
   13680     0.009831473     0.009333098     0.399260000
   13700     0.009847513     0.009344612     0.398490000
   13720     0.009874763     0.009367797     0.407900000
   13740     0.009890863     0.009385419     0.397860000
   13760     0.009869537     0.009360887     0.399140000
   13780     0.009873319     0.009364515     0.396210000
   13800     0.009865119     0.009353659     0.390580000
   13820     0.009822154     0.009315853     0.389500000
   13840     0.009847300     0.009334918     0.386800000
   13860     0.009885601     0.009369733     0.398910000
   13880     0.009866810     0.009355798     0.394620000
   13900     0.009855847     0.009342568     0.389760000
   13920     0.009854976     0.009343050     0.396050000
   13940     0.009859934     0.009353271     0.393240000
   13960     0.009885909     0.009377428     0.394330000
   13980     0.009936096     0.009421823     0.393500000
   14000     0.009938789     0.009425738     0.391250000
   14020     0.009917949     0.009400908     0.386080000
   14040     0.009924289     0.009403352     0.388300000
   14060     0.009929956     0.009414983     0.390960000
   14080     0.009915211     0.009402586     0.408670000
   14100     0.009901395     0.009392691     0.407270000
   14120     0.009876842     0.009373012     0.406270000
   14140     0.009885315     0.009378978     0.396770000
   14160     0.009885594     0.009374698     0.388260000
   14180     0.009923856     0.009410850     0.393380000
   14200     0.009933082     0.009419174     0.386180000
   14220     0.009881526     0.009368155     0.392940000
   14240     0.009857422     0.009343762     0.393540000
   14260     0.009846302     0.009333703     0.394620000
   14280     0.009832007     0.009319989     0.383630000
   14300     0.009855728     0.009341105     0.394870000
   14320     0.009850836     0.009339166     0.387610000
   14340     0.009837351     0.009330759     0.397780000
   14360     0.009898901     0.009387024     0.399940000
   14380     0.009913058     0.009402408     0.407500000
   14400     0.009915134     0.009398645     0.394060000
   14420     0.009886700     0.009377404     0.404360000
   14440     0.009887749     0.009377594     0.397470000
   14460     0.009889436     0.009378002     0.400830000
   14480     0.009912539     0.009403392     0.397480000
   14500     0.009934677     0.009424505     0.404660000
   14520     0.009953639     0.009438979     0.400140000
   14540     0.009925058     0.009415553     0.396720000
   14560     0.009925485     0.009411750     0.383470000
   14580     0.009935922     0.009417455     0.383560000
   14600     0.009929248     0.009410623     0.387190000
   14620     0.009949996     0.009432730     0.392210000
   14640     0.009936961     0.009420641     0.393980000
   14660     0.009902622     0.009388526     0.393010000
   14680     0.009919862     0.009408664     0.401010000
   14700     0.009904814     0.009390415     0.390380000
   14720     0.009907313     0.009390000     0.386720000
   14740     0.009872113     0.009363512     0.394920000
   14760     0.009894982     0.009379346     0.386210000
   14780     0.009912923     0.009391524     0.388460000
   14800     0.009921151     0.009395382     0.384290000
   14820     0.009936470     0.009416244     0.391130000
   14840     0.009903951     0.009387475     0.392460000
   14860     0.009879212     0.009367549     0.398190000
   14880     0.009893304     0.009380393     0.393330000
   14900     0.009900460     0.009383833     0.393610000
   14920     0.009882171     0.009367148     0.393670000
   14940     0.009880226     0.009364564     0.392160000
   14960     0.009849294     0.009330179     0.383120000
   14980     0.009840003     0.009323050     0.399150000
   15000     0.009845794     0.009334440     0.407720000
   15020     0.009830757     0.009320208     0.398010000
   15040     0.009824569     0.009314441     0.387180000
   15060     0.009853446     0.009336475     0.391950000
   15080     0.009855100     0.009335581     0.387180000
   15100     0.009821369     0.009306892     0.387740000
   15120     0.009824058     0.009310864     0.406660000
   15140     0.009818809     0.009314009     0.405560000
   15160     0.009800410     0.009295770     0.410930000
   15180     0.009825222     0.009321563     0.409420000
   15200     0.009835540     0.009333597     0.411980000
   15220     0.009795710     0.009292374     0.395450000
   15240     0.009792873     0.009289648     0.409860000
   15260     0.009786348     0.009285140     0.408770000
   15280     0.009781880     0.009275584     0.394420000
   15300     0.009768677     0.009258769     0.387790000
   15320     0.009772987     0.009263731     0.405730000
   15340     0.009775627     0.009269725     0.404810000
   15360     0.009759604     0.009255826     0.400680000
   15380     0.009760623     0.009258454     0.400040000
   15400     0.009793329     0.009287468     0.396040000
   15420     0.009811050     0.009307441     0.402670000
   15440     0.009845671     0.009343750     0.419420000
   15460     0.009825901     0.009328313     0.406760000
   15480     0.009822206     0.009322144     0.410400000
   15500     0.009823760     0.009324420     0.400720000
   15520     0.009787148     0.009287843     0.400790000
   15540     0.009790739     0.009290433     0.396520000
   15560     0.009820820     0.009308932     0.387900000
   15580     0.009807344     0.009300156     0.402370000
   15600     0.009791581     0.009291008     0.401530000
   15620     0.009768113     0.009271328     0.405360000
   15640     0.009766828     0.009272449     0.401350000
   15660     0.009772731     0.009278776     0.416580000
   15680     0.009758531     0.009263332     0.407340000
   15700     0.009776449     0.009281570     0.405540000
   15720     0.009778988     0.009290874     0.420000000
   15740     0.009728188     0.009244196     0.409230000
   15760     0.009729335     0.009244417     0.404290000
   15780     0.009734657     0.009243387     0.400080000
   15800     0.009755104     0.009263197     0.414520000
   15820     0.009725965     0.009234306     0.398720000
   15840     0.009706407     0.009215123     0.409600000
   15860     0.009686672     0.009199249     0.404150000
   15880     0.009683947     0.009195544     0.393950000
   15900     0.009687482     0.009200422     0.411020000
   15920     0.009675043     0.009184644     0.398750000
   15940     0.009669489     0.009181185     0.408220000
   15960     0.009663037     0.009177427     0.405780000
   15980     0.009689294     0.009204727     0.415050000
   16000     0.009689803     0.009207327     0.416940000
   16020     0.009664423     0.009183348     0.417500000
   16040     0.009640065     0.009161499     0.412820000
   16060     0.009658222     0.009175563     0.412530000
   16080     0.009652837     0.009170944     0.413650000
   16100     0.009682081     0.009197909     0.422440000
   16120     0.009659992     0.009182296     0.420310000
   16140     0.009694515     0.009215618     0.413640000
   16160     0.009717172     0.009233124     0.419160000
   16180     0.009708296     0.009227825     0.416470000
   16200     0.009696255     0.009215589     0.410960000
   16220     0.009684083     0.009208682     0.410930000
   16240     0.009673392     0.009198109     0.422910000
   16260     0.009663566     0.009191410     0.421590000
   16280     0.009682038     0.009207413     0.426260000
   16300     0.009676015     0.009203834     0.417660000
   16320     0.009676614     0.009203675     0.420740000
   16340     0.009688333     0.009212696     0.413910000
   16360     0.009665866     0.009191324     0.417380000
   16380     0.009690532     0.009210329     0.412930000
   16400     0.009681845     0.009200615     0.405960000
   16420     0.009715204     0.009225025     0.405890000
   16440     0.009705088     0.009217652     0.413410000
   16460     0.009722249     0.009238527     0.416890000
   16480     0.009717870     0.009235519     0.421190000
   16500     0.009709379     0.009228064     0.418950000
   16520     0.009725291     0.009240908     0.421570000
   16540     0.009731723     0.009246020     0.413160000
   16560     0.009723450     0.009237912     0.404360000
   16580     0.009738438     0.009250266     0.404290000
   16600     0.009755366     0.009265716     0.405540000
   16620     0.009760114     0.009269740     0.402270000
   16640     0.009772144     0.009277295     0.407030000
   16660     0.009760690     0.009269830     0.418130000
   16680     0.009770179     0.009278541     0.417780000
   16700     0.009759067     0.009270947     0.417330000
   16720     0.009781724     0.009287711     0.401120000
   16740     0.009778821     0.009283653     0.413980000
   16760     0.009781152     0.009287875     0.408200000
   16780     0.009782953     0.009287960     0.390680000
   16800     0.009791727     0.009289103     0.397110000
   16820     0.009817844     0.009317518     0.403830000
   16840     0.009815489     0.009318757     0.414240000
   16860     0.009848952     0.009350624     0.408270000
   16880     0.009861798     0.009362482     0.408020000
   16900     0.009855842     0.009353802     0.397160000
   16920     0.009850944     0.009344669     0.404380000
   16940     0.009836251     0.009332506     0.389730000
   16960     0.009826665     0.009320417     0.390200000
   16980     0.009837498     0.009332260     0.397410000
   17000     0.009811309     0.009308458     0.395700000
   17020     0.009835374     0.009333572     0.409420000
   17040     0.009809205     0.009311723     0.407560000
   17060     0.009794100     0.009298926     0.412310000
   17080     0.009811711     0.009314114     0.396820000
   17100     0.009851153     0.009346824     0.390680000
   17120     0.009825619     0.009319393     0.392140000
   17140     0.009836106     0.009327227     0.390350000
   17160     0.009869988     0.009357914     0.387170000
   17180     0.009889849     0.009379281     0.404390000
   17200     0.009871354     0.009362858     0.395600000
   17220     0.009877260     0.009371788     0.399640000
   17240     0.009895520     0.009388282     0.402530000
   17260     0.009910027     0.009402454     0.391110000
   17280     0.009893825     0.009385678     0.394170000
   17300     0.009897198     0.009387794     0.393360000
   17320     0.009877290     0.009374653     0.398500000
   17340     0.009870821     0.009372835     0.404470000
   17360     0.009899059     0.009393299     0.397130000
   17380     0.009950627     0.009441503     0.400880000
   17400     0.009935340     0.009426159     0.400100000
   17420     0.009972721     0.009460391     0.404260000
   17440     0.009979530     0.009470678     0.410650000
   17460     0.009962822     0.009455811     0.403590000
   17480     0.009987103     0.009472490     0.392400000
   17500     0.009984736     0.009473010     0.406200000
   17520     0.009975089     0.009466159     0.402910000
   17540     0.009982409     0.009472000     0.393940000
   17560     0.009978589     0.009460888     0.389980000
   17580     0.009997607     0.009474654     0.384010000
   17600     0.009988921     0.009461285     0.379890000
   17620     0.009995953     0.009471463     0.388550000
   17640     0.009976208     0.009454165     0.379130000
   17660     0.009969320     0.009452267     0.401860000
   17680     0.009981985     0.009464550     0.387480000
   17700     0.010001395     0.009479647     0.388300000
   17720     0.009973967     0.009451287     0.387370000
   17740     0.010004250     0.009478094     0.389920000
   17760     0.010042198     0.009514985     0.389640000
   17780     0.010016355     0.009493910     0.391390000
   17800     0.010022313     0.009495034     0.386980000
   17820     0.010019419     0.009497349     0.393450000
   17840     0.010049119     0.009522534     0.385330000
   17860     0.010067325     0.009537234     0.386880000
   17880     0.010053337     0.009523085     0.382140000
   17900     0.010082056     0.009548505     0.386800000
   17920     0.010094933     0.009561996     0.378550000
   17940     0.010091503     0.009558645     0.380910000
   17960     0.010068827     0.009539045     0.393650000
   17980     0.010040580     0.009520099     0.394350000
   18000     0.010022961     0.009501459     0.385390000
   18020     0.010016821     0.009495677     0.388720000
   18040     0.010001617     0.009473638     0.378230000
   18060     0.009989538     0.009464323     0.389110000
   18080     0.009986141     0.009458991     0.385960000
   18100     0.009967990     0.009446909     0.387280000
   18120     0.009999265     0.009473787     0.389960000
   18140     0.010013196     0.009484535     0.386040000
   18160     0.010049702     0.009517416     0.382310000
   18180     0.010024848     0.009496648     0.390040000
   18200     0.010049452     0.009518215     0.393400000
   18220     0.010044094     0.009516348     0.393320000
   18240     0.010094639     0.009561694     0.385700000
   18260     0.010124257     0.009585558     0.383310000
   18280     0.010081516     0.009545263     0.381390000
   18300     0.010086450     0.009550552     0.388650000
   18320     0.010071970     0.009535139     0.375560000
   18340     0.010060137     0.009523620     0.382620000
   18360     0.010072684     0.009533932     0.376960000
   18380     0.010064906     0.009531650     0.395290000
   18400     0.010086872     0.009552460     0.384020000
   18420     0.010093138     0.009557022     0.380630000
   18440     0.010076547     0.009538602     0.393920000
   18460     0.010080544     0.009546907     0.395280000
   18480     0.010080962     0.009547609     0.385940000
   18500     0.010087058     0.009556627     0.389820000
   18520     0.010133903     0.009599581     0.399040000
   18540     0.010157593     0.009622146     0.399210000
   18560     0.010137319     0.009601326     0.396960000
   18580     0.010140144     0.009601835     0.389660000
   18600     0.010158837     0.009619033     0.385750000
   18620     0.010162212     0.009622843     0.395820000
   18640     0.010177826     0.009637203     0.396740000
   18660     0.010184485     0.009646003     0.388670000
   18680     0.010194429     0.009650956     0.382720000
   18700     0.010191438     0.009651064     0.388810000
   18720     0.010185135     0.009647288     0.388500000
   18740     0.010175119     0.009633127     0.389040000
   18760     0.010192023     0.009645574     0.384230000
   18780     0.010204784     0.009661413     0.386920000
   18800     0.010198329     0.009654694     0.389500000
   18820     0.010186777     0.009640655     0.390340000
   18840     0.010194913     0.009650850     0.391400000
   18860     0.010227391     0.009679341     0.380530000
   18880     0.010236961     0.009681537     0.378110000
   18900     0.010203967     0.009654773     0.382550000
   18920     0.010215019     0.009666313     0.376700000
   18940     0.010208539     0.009656949     0.378040000
   18960     0.010178718     0.009631514     0.383240000
   18980     0.010158041     0.009608260     0.374400000
   19000     0.010185277     0.009638155     0.385400000
   19020     0.010212086     0.009657489     0.364840000
   19040     0.010248790     0.009686164     0.363190000
   19060     0.010258265     0.009691452     0.365430000
   19080     0.010246160     0.009681653     0.374600000
   19100     0.010223299     0.009662576     0.371850000
   19120     0.010234527     0.009679318     0.370200000
   19140     0.010249269     0.009692968     0.380150000
   19160     0.010212693     0.009663685     0.378020000
   19180     0.010161733     0.009619751     0.384110000
   19200     0.010176708     0.009629434     0.384100000
   19220     0.010145289     0.009604150     0.383590000
   19240     0.010090941     0.009553105     0.381440000
   19260     0.010061848     0.009529147     0.386790000
   19280     0.010075649     0.009536771     0.386810000
   19300     0.010086473     0.009551371     0.390810000
   19320     0.010058190     0.009526015     0.398690000
   19340     0.010057809     0.009528124     0.387420000
   19360     0.010034235     0.009498869     0.370620000
   19380     0.010079013     0.009537055     0.382520000
   19400     0.010089051     0.009543297     0.387860000
   19420     0.010071824     0.009534180     0.383950000
   19440     0.010071311     0.009535815     0.390120000
   19460     0.010043484     0.009509898     0.395230000
   19480     0.010056955     0.009519421     0.374870000
   19500     0.010097635     0.009551628     0.382350000
   19520     0.010110680     0.009565909     0.376710000
   19540     0.010117524     0.009569434     0.376990000
   19560     0.010156864     0.009604446     0.383890000
   19580     0.010192802     0.009643093     0.383720000
   19600     0.010190217     0.009640442     0.385990000
   19620     0.010200948     0.009650233     0.374700000
   19640     0.010209313     0.009652629     0.372290000
   19660     0.010224418     0.009662937     0.376840000
   19680     0.010233061     0.009674719     0.374770000
   19700     0.010223145     0.009663236     0.378600000
   19720     0.010231265     0.009676339     0.382570000
   19740     0.010224371     0.009669866     0.379590000
   19760     0.010202427     0.009650995     0.378550000
   19780     0.010222313     0.009672976     0.394090000
   19800     0.010234721     0.009688950     0.389750000
   19820     0.010249449     0.009699897     0.392360000
   19840     0.010224833     0.009676750     0.384680000
   19860     0.010262217     0.009705471     0.377170000
   19880     0.010254504     0.009695907     0.376230000
   19900     0.010285625     0.009716807     0.362560000
   19920     0.010282447     0.009708532     0.375010000
   19940     0.010295853     0.009719708     0.363030000
   19960     0.010290547     0.009721013     0.368840000
   19980     0.010328308     0.009757390     0.375300000
   20000     0.010290112     0.009719789     0.362790000
