      20     0.000097359     0.000096857     0.979810000
      40     0.000194103     0.000192089     0.959020000
      60     0.000285391     0.000281089     0.935630000
      80     0.000366527     0.000359425     0.928390000
     100     0.000448054     0.000437399     0.905030000
     120     0.000520277     0.000505922     0.872180000
     140     0.000596854     0.000577921     0.854810000
     160     0.000666166     0.000642345     0.822890000
     180     0.000737596     0.000708223     0.816420000
     200     0.000805938     0.000770891     0.799600000
     220     0.000864929     0.000824689     0.778940000
     240     0.000926170     0.000880806     0.761700000
     260     0.000981286     0.000929786     0.754140000
     280     0.001042174     0.000984299     0.728670000
     300     0.001090648     0.001027120     0.712770000
     320     0.001144421     0.001073774     0.710020000
     340     0.001193888     0.001116117     0.692840000
     360     0.001235978     0.001151988     0.671980000
     380     0.001273002     0.001183458     0.665410000
     400     0.001314546     0.001217999     0.647540000
     420     0.001354162     0.001252354     0.642350000
     440     0.001387789     0.001279902     0.630040000
     460     0.001423032     0.001309991     0.617510000
     480     0.001452189     0.001333035     0.610120000
     500     0.001488165     0.001363000     0.602020000
     520     0.001509974     0.001379513     0.582300000
     540     0.001546570     0.001406695     0.575920000
     560     0.001567598     0.001423690     0.565720000
     580     0.001598996     0.001448423     0.554550000
     600     0.001623500     0.001466431     0.557950000
     620     0.001638494     0.001475793     0.546280000
     640     0.001654633     0.001488829     0.538220000
     660     0.001677845     0.001506371     0.530940000
     680     0.001705886     0.001526154     0.520440000
     700     0.001717157     0.001532136     0.532000000
     720     0.001727161     0.001538738     0.514140000
     740     0.001752431     0.001556672     0.493310000
     760     0.001757911     0.001557864     0.505120000
     780     0.001774927     0.001567480     0.491560000
     800     0.001791919     0.001582502     0.494130000
     820     0.001812139     0.001596804     0.493120000
     840     0.001826397     0.001604809     0.476300000
     860     0.001834976     0.001608475     0.490370000
     880     0.001846029     0.001617108     0.477760000
     900     0.001862430     0.001626713     0.455140000
     920     0.001867432     0.001627215     0.458480000
     940     0.001870243     0.001629539     0.455940000
     960     0.001886143     0.001641422     0.464180000
     980     0.001888702     0.001642813     0.459210000
    1000     0.001902629     0.001652885     0.453950000
    1020     0.001907224     0.001653480     0.440110000
    1040     0.001925366     0.001665074     0.420690000
    1060     0.001931847     0.001668126     0.426000000
    1080     0.001943008     0.001672178     0.434700000
    1100     0.001946441     0.001671235     0.416940000
    1120     0.001962736     0.001678351     0.418270000
    1140     0.001972901     0.001682712     0.414390000
    1160     0.001975777     0.001680494     0.405310000
    1180     0.001997223     0.001694623     0.408720000
    1200     0.002012139     0.001705676     0.391070000
    1220     0.002012034     0.001701644     0.390150000
    1240     0.002027754     0.001707758     0.390580000
    1260     0.002015535     0.001698780     0.392820000
    1280     0.001997497     0.001676994     0.389830000
    1300     0.002002170     0.001680191     0.388510000
    1320     0.002004014     0.001680999     0.392040000
    1340     0.002007470     0.001677716     0.393110000
    1360     0.002010889     0.001682166     0.382410000
    1380     0.002010614     0.001679116     0.383450000
    1400     0.001990789     0.001663540     0.387950000
    1420     0.001979754     0.001659619     0.389650000
    1440     0.001997982     0.001674256     0.381560000
    1460     0.001990231     0.001662937     0.381510000
    1480     0.001995152     0.001669733     0.382360000
    1500     0.002011402     0.001682195     0.392990000
    1520     0.002014909     0.001682371     0.388470000
    1540     0.002022526     0.001683990     0.399490000
    1560     0.002030949     0.001689665     0.391490000
    1580     0.002021653     0.001684710     0.389130000
    1600     0.002022245     0.001688554     0.386710000
    1620     0.002024054     0.001686199     0.372340000
    1640     0.002025091     0.001682856     0.379930000
    1660     0.002022696     0.001674335     0.378220000
    1680     0.002025398     0.001668281     0.375620000
    1700     0.002027199     0.001673830     0.374310000
    1720     0.002033617     0.001690688     0.368950000
    1740     0.002049249     0.001688461     0.374550000
    1760     0.002061109     0.001703733     0.370050000
    1780     0.002053046     0.001689872     0.358160000
    1800     0.002035611     0.001676955     0.362120000
    1820     0.002042944     0.001682088     0.359960000
    1840     0.002049060     0.001680063     0.365390000
    1860     0.002036062     0.001666956     0.361430000
    1880     0.002046031     0.001675948     0.360080000
    1900     0.002047778     0.001675372     0.360950000
    1920     0.002040245     0.001675683     0.371310000
    1940     0.002039750     0.001675476     0.364360000
    1960     0.002041870     0.001679599     0.363400000
    1980     0.002025180     0.001663199     0.354870000
    2000     0.002022742     0.001663869     0.354730000
    2020     0.002016959     0.001657971     0.355110000
    2040     0.002023063     0.001662861     0.361950000
    2060     0.002020018     0.001667560     0.373790000
    2080     0.002012918     0.001659900     0.371600000
    2100     0.002015515     0.001663431     0.361580000
    2120     0.002018475     0.001666600     0.360330000
    2140     0.002022207     0.001671714     0.369630000
    2160     0.002003608     0.001656300     0.369340000
    2180     0.002009194     0.001655176     0.363670000
    2200     0.002015886     0.001661733     0.372510000
    2220     0.002017934     0.001668786     0.372410000
    2240     0.002007892     0.001662025     0.382150000
    2260     0.002014967     0.001665916     0.382130000
    2280     0.002018364     0.001670343     0.376480000
    2300     0.002013844     0.001669196     0.367550000
    2320     0.001995829     0.001654869     0.374960000
    2340     0.002004772     0.001664352     0.373840000
    2360     0.002005795     0.001665626     0.385060000
    2380     0.002010120     0.001667336     0.382170000
    2400     0.002019824     0.001670158     0.377610000
    2420     0.002019185     0.001674409     0.379780000
    2440     0.002020846     0.001673535     0.383000000
    2460     0.002031440     0.001679993     0.383490000
    2480     0.002044702     0.001688682     0.378960000
    2500     0.002035878     0.001687384     0.381910000
    2520     0.002031605     0.001685921     0.384010000
    2540     0.002038131     0.001695062     0.388940000
    2560     0.002028241     0.001687459     0.377280000
    2580     0.002017315     0.001678091     0.382500000
    2600     0.002022859     0.001684172     0.368760000
    2620     0.002021791     0.001684315     0.375050000
    2640     0.002027191     0.001690032     0.379740000
    2660     0.002028753     0.001690028     0.381540000
    2680     0.002036926     0.001695970     0.361370000
    2700     0.002035393     0.001690558     0.366000000
    2720     0.002042934     0.001694976     0.366150000
    2740     0.002033010     0.001686178     0.374280000
    2760     0.002038694     0.001687550     0.368790000
    2780     0.002031245     0.001679116     0.365670000
    2800     0.002017839     0.001675043     0.379400000
    2820     0.002009488     0.001666117     0.377050000
    2840     0.002008472     0.001663115     0.381270000
    2860     0.002004947     0.001663641     0.380270000
    2880     0.002021708     0.001681218     0.385320000
    2900     0.002014532     0.001674641     0.384730000
    2920     0.002011197     0.001672774     0.384130000
    2940     0.002002516     0.001666250     0.383340000
    2960     0.002004099     0.001669105     0.387720000
    2980     0.001987402     0.001659150     0.394960000
    3000     0.001988783     0.001663647     0.396330000
    3020     0.001986211     0.001659274     0.390940000
    3040     0.001984780     0.001661740     0.392950000
    3060     0.001978375     0.001657372     0.401120000
    3080     0.001984007     0.001660556     0.386860000
    3100     0.001982231     0.001658509     0.402340000
    3120     0.001984718     0.001660622     0.401970000
    3140     0.001986910     0.001662588     0.395530000
    3160     0.001991433     0.001668443     0.391680000
    3180     0.002003095     0.001675527     0.402870000
    3200     0.002025243     0.001690267     0.390050000
    3220     0.002028898     0.001689340     0.383940000
    3240     0.002043032     0.001702026     0.378020000
    3260     0.002045777     0.001700184     0.379330000
    3280     0.002053028     0.001709815     0.383900000
    3300     0.002044408     0.001703486     0.382690000
    3320     0.002040579     0.001698401     0.381090000
    3340     0.002048762     0.001704068     0.378540000
    3360     0.002035079     0.001690978     0.390870000
    3380     0.002053463     0.001700954     0.385210000
    3400     0.002049218     0.001700030     0.383340000
    3420     0.002041241     0.001690908     0.382510000
    3440     0.002044373     0.001693805     0.377090000
    3460     0.002039594     0.001695928     0.380490000
    3480     0.002031379     0.001688310     0.371590000
    3500     0.002039006     0.001687372     0.377430000
    3520     0.002037675     0.001686864     0.372100000
    3540     0.002039059     0.001687039     0.366170000
    3560     0.002034762     0.001678572     0.376650000
    3580     0.002035681     0.001677336     0.373890000
    3600     0.002036059     0.001686952     0.366860000
    3620     0.002035507     0.001679382     0.365610000
    3640     0.002011900     0.001662715     0.364180000
    3660     0.002010864     0.001663255     0.366420000
    3680     0.002031808     0.001674755     0.369690000
    3700     0.002030556     0.001672859     0.373200000
    3720     0.002031425     0.001676157     0.359400000
    3740     0.002038559     0.001680324     0.369560000
    3760     0.002048459     0.001689223     0.378040000
    3780     0.002043690     0.001685143     0.378280000
    3800     0.002044734     0.001687739     0.380490000
    3820     0.002034882     0.001682366     0.377770000
    3840     0.002043157     0.001692499     0.368510000
    3860     0.002045514     0.001692926     0.370230000
    3880     0.002038845     0.001689444     0.370620000
    3900     0.002043670     0.001695194     0.367430000
    3920     0.002059667     0.001701821     0.370670000
    3940     0.002048636     0.001696196     0.371620000
    3960     0.002040882     0.001685560     0.372870000
    3980     0.002043999     0.001687555     0.382150000
    4000     0.002039158     0.001691331     0.376600000
    4020     0.002042727     0.001697659     0.376620000
    4040     0.002035328     0.001693005     0.381910000
    4060     0.002048961     0.001707860     0.371680000
    4080     0.002054490     0.001707847     0.377270000
    4100     0.002055006     0.001701109     0.372260000
    4120     0.002055697     0.001706176     0.374240000
    4140     0.002054222     0.001704179     0.375730000
    4160     0.002064253     0.001710740     0.379230000
    4180     0.002069447     0.001712685     0.378500000
    4200     0.002076846     0.001713189     0.363200000
    4220     0.002067303     0.001699980     0.363800000
    4240     0.002059284     0.001694482     0.359590000
    4260     0.002051905     0.001695422     0.366910000
    4280     0.002060643     0.001704031     0.374100000
    4300     0.002069946     0.001710263     0.373980000
    4320     0.002063693     0.001703574     0.369930000
    4340     0.002057815     0.001701208     0.370240000
    4360     0.002049754     0.001691522     0.365480000
    4380     0.002055329     0.001698063     0.366850000
    4400     0.002063034     0.001699276     0.354340000
    4420     0.002061922     0.001699641     0.357380000
    4440     0.002080004     0.001708779     0.360040000
    4460     0.002077667     0.001706657     0.362320000
    4480     0.002068281     0.001700460     0.365630000
    4500     0.002070722     0.001698170     0.358170000
    4520     0.002061431     0.001691645     0.359370000
    4540     0.002064572     0.001689369     0.362980000
    4560     0.002052612     0.001679934     0.368150000
    4580     0.002057269     0.001680729     0.353240000
    4600     0.002082072     0.001695994     0.349210000
    4620     0.002073741     0.001685876     0.351400000
    4640     0.002089371     0.001692555     0.346680000
    4660     0.002079528     0.001684446     0.347460000
    4680     0.002055090     0.001670461     0.343810000
    4700     0.002072938     0.001673410     0.342750000
    4720     0.002050667     0.001669675     0.357320000
    4740     0.002048955     0.001664563     0.360920000
    4760     0.002044237     0.001661327     0.351720000
    4780     0.002048880     0.001665627     0.348920000
    4800     0.002030517     0.001648930     0.349200000
    4820     0.002007236     0.001639392     0.353720000
    4840     0.002009830     0.001627344     0.365120000
    4860     0.002005601     0.001637317     0.366310000
    4880     0.001992829     0.001635502     0.381780000
    4900     0.001988993     0.001632421     0.373400000
    4920     0.001994769     0.001634148     0.369540000
    4940     0.002017595     0.001643765     0.368690000
    4960     0.002010122     0.001645194     0.373960000
    4980     0.001995939     0.001636142     0.376090000
    5000     0.001990589     0.001634239     0.372500000
    5020     0.002001122     0.001642635     0.368460000
    5040     0.002018217     0.001653819     0.378000000
    5060     0.002025326     0.001660502     0.376270000
    5080     0.002029338     0.001668851     0.371350000
    5100     0.002039104     0.001674971     0.359000000
    5120     0.002041039     0.001676163     0.362610000
    5140     0.002036286     0.001673175     0.353640000
    5160     0.002025745     0.001662349     0.354950000
    5180     0.002022811     0.001655956     0.347950000
    5200     0.002034319     0.001664013     0.354640000
    5220     0.002034920     0.001667425     0.360720000
    5240     0.002041676     0.001675047     0.363880000
    5260     0.002040369     0.001675812     0.358230000
    5280     0.002026146     0.001667383     0.368100000
    5300     0.002024948     0.001667797     0.374880000
    5320     0.002016609     0.001663569     0.368540000
    5340     0.002027746     0.001675783     0.382160000
    5360     0.002021621     0.001672631     0.373410000
    5380     0.002016447     0.001664681     0.371860000
    5400     0.002020642     0.001668788     0.379070000
    5420     0.002027074     0.001675046     0.375460000
    5440     0.002020413     0.001673343     0.372720000
    5460     0.002015622     0.001667880     0.370640000
    5480     0.002030302     0.001675245     0.376950000
    5500     0.002039124     0.001683818     0.374430000
    5520     0.002037240     0.001682274     0.380150000
    5540     0.002034144     0.001675813     0.370550000
    5560     0.002017592     0.001661448     0.363280000
    5580     0.002042653     0.001676588     0.369350000
    5600     0.002041460     0.001677016     0.369830000
    5620     0.002023200     0.001660418     0.357980000
    5640     0.002023347     0.001656415     0.359160000
    5660     0.002015028     0.001646332     0.371450000
    5680     0.002017847     0.001655371     0.376380000
    5700     0.002014811     0.001640340     0.374850000
    5720     0.002026166     0.001660173     0.381300000
    5740     0.002019724     0.001656446     0.373620000
    5760     0.002010108     0.001652952     0.378770000
    5780     0.002009499     0.001653194     0.378860000
    5800     0.002007999     0.001654293     0.376110000
    5820     0.002028652     0.001662819     0.376570000
    5840     0.002038333     0.001663746     0.368040000
    5860     0.002024887     0.001663567     0.365270000
    5880     0.002021102     0.001663263     0.367740000
    5900     0.002032902     0.001669652     0.354580000
    5920     0.002040321     0.001671934     0.356110000
    5940     0.002040867     0.001672293     0.372750000
    5960     0.002051455     0.001682718     0.376660000
    5980     0.002044403     0.001678350     0.379200000
    6000     0.002048037     0.001685627     0.380370000
    6020     0.002047461     0.001684704     0.370890000
    6040     0.002029911     0.001670762     0.368420000
    6060     0.002024920     0.001667997     0.368340000
    6080     0.002046841     0.001685115     0.359520000
    6100     0.002052031     0.001686332     0.356190000
    6120     0.002070547     0.001694418     0.354530000
    6140     0.002064587     0.001678297     0.356420000
    6160     0.002062398     0.001683676     0.354150000
    6180     0.002065000     0.001688775     0.358530000
    6200     0.002046462     0.001676766     0.367210000
    6220     0.002043857     0.001674066     0.362750000
    6240     0.002062146     0.001688723     0.358560000
    6260     0.002067101     0.001694615     0.357330000
    6280     0.002056115     0.001685095     0.356220000
    6300     0.002056330     0.001683718     0.358090000
    6320     0.002055526     0.001685274     0.365710000
    6340     0.002053492     0.001686729     0.372780000
    6360     0.002063523     0.001699572     0.363760000
    6380     0.002050775     0.001688831     0.352170000
    6400     0.002042620     0.001676389     0.365580000
    6420     0.002046465     0.001677170     0.374220000
    6440     0.002035906     0.001670047     0.363090000
    6460     0.002022191     0.001659816     0.366360000
    6480     0.002044984     0.001673137     0.376380000
    6500     0.002045801     0.001679230     0.372710000
    6520     0.002026668     0.001666662     0.374180000
    6540     0.002033245     0.001671869     0.373290000
    6560     0.002023139     0.001664878     0.369520000
    6580     0.002038037     0.001675027     0.371390000
    6600     0.002053668     0.001688680     0.366540000
    6620     0.002044111     0.001682099     0.366110000
    6640     0.002023054     0.001672175     0.370470000
    6660     0.002013686     0.001668763     0.379550000
    6680     0.002000978     0.001659585     0.367770000
    6700     0.002009040     0.001659354     0.363650000
    6720     0.002004068     0.001653220     0.368750000
    6740     0.002001224     0.001654528     0.377210000
    6760     0.002002548     0.001656740     0.371510000
    6780     0.002009555     0.001661782     0.365690000
    6800     0.002016433     0.001668684     0.371980000
    6820     0.001997826     0.001657553     0.362890000
    6840     0.001993489     0.001653148     0.383050000
    6860     0.002003618     0.001658118     0.374620000
    6880     0.002024450     0.001676050     0.379670000
    6900     0.002016488     0.001668472     0.381800000
    6920     0.002009075     0.001664998     0.384880000
    6940     0.002012724     0.001669189     0.388010000
    6960     0.002017615     0.001674524     0.388070000
    6980     0.002040260     0.001686550     0.380930000
    7000     0.002037007     0.001683643     0.374970000
    7020     0.002031896     0.001684706     0.363200000
    7040     0.002026564     0.001679380     0.366570000
    7060     0.002031663     0.001683768     0.374640000
    7080     0.002040573     0.001689684     0.375590000
    7100     0.002040483     0.001685426     0.365550000
    7120     0.002039202     0.001686416     0.371840000
    7140     0.002031142     0.001680630     0.366520000
    7160     0.002025314     0.001681135     0.369920000
    7180     0.002021240     0.001676613     0.371420000
    7200     0.002028711     0.001682513     0.370990000
    7220     0.002039104     0.001690384     0.376760000
    7240     0.002033541     0.001684790     0.367910000
    7260     0.002045676     0.001687968     0.366350000
    7280     0.002029904     0.001672872     0.365680000
    7300     0.002047002     0.001685810     0.372320000
    7320     0.002060439     0.001693865     0.364200000
    7340     0.002054897     0.001687988     0.357830000
    7360     0.002052429     0.001690594     0.363520000
    7380     0.002064381     0.001700877     0.367140000
    7400     0.002050298     0.001689280     0.364250000
    7420     0.002022338     0.001664857     0.360170000
    7440     0.002046368     0.001681811     0.363470000
    7460     0.002026396     0.001667309     0.357460000
    7480     0.002036083     0.001675861     0.360730000
    7500     0.002048515     0.001680367     0.354940000
    7520     0.002038239     0.001672108     0.358160000
    7540     0.002033620     0.001668838     0.359680000
    7560     0.002036874     0.001670212     0.360760000
    7580     0.002027805     0.001665380     0.360310000
    7600     0.002018545     0.001652039     0.356790000
    7620     0.002021999     0.001652940     0.362410000
    7640     0.002004900     0.001642182     0.356910000
    7660     0.002003580     0.001640216     0.376660000
    7680     0.001992403     0.001639840     0.384950000
    7700     0.002002525     0.001647362     0.377400000
    7720     0.001994478     0.001650559     0.390260000
    7740     0.001978758     0.001639695     0.390390000
    7760     0.001993195     0.001654036     0.392350000
    7780     0.001985448     0.001653205     0.388120000
    7800     0.001981661     0.001651509     0.385630000
    7820     0.001998372     0.001664574     0.393730000
    7840     0.002002610     0.001670166     0.380570000
    7860     0.002012710     0.001676025     0.387860000
    7880     0.002006510     0.001671611     0.382260000
    7900     0.002003766     0.001671439     0.381880000
    7920     0.001995894     0.001667510     0.377130000
    7940     0.002003593     0.001669069     0.378380000
    7960     0.002001110     0.001668391     0.384940000
    7980     0.002004942     0.001670749     0.389600000
    8000     0.002010595     0.001677367     0.394980000
    8020     0.002010270     0.001681788     0.408180000
    8040     0.002027738     0.001698152     0.394660000
    8060     0.002043464     0.001706519     0.387290000
    8080     0.002047830     0.001707279     0.382120000
    8100     0.002045926     0.001704269     0.384470000
    8120     0.002044070     0.001697213     0.370440000
    8140     0.002033207     0.001691821     0.374480000
    8160     0.002040292     0.001696187     0.370730000
    8180     0.002053681     0.001706118     0.368180000
    8200     0.002045148     0.001693855     0.367160000
    8220     0.002053428     0.001697335     0.369040000
    8240     0.002063453     0.001695656     0.360930000
    8260     0.002075119     0.001698418     0.358770000
    8280     0.002072956     0.001691020     0.365490000
    8300     0.002061190     0.001687642     0.358370000
    8320     0.002048579     0.001676426     0.363800000
    8340     0.002055787     0.001676613     0.362620000
    8360     0.002044074     0.001674668     0.363840000
    8380     0.002039657     0.001675796     0.368370000
    8400     0.002055042     0.001686201     0.347080000
    8420     0.002048395     0.001676059     0.351020000
    8440     0.002055254     0.001679492     0.341290000
    8460     0.002042152     0.001666774     0.340460000
    8480     0.002041338     0.001655347     0.349570000
    8500     0.002050001     0.001655410     0.362070000
    8520     0.002041791     0.001661080     0.361660000
    8540     0.002047987     0.001676081     0.360380000
    8560     0.002032712     0.001648851     0.351340000
    8580     0.002005428     0.001634810     0.360320000
    8600     0.001988670     0.001618388     0.369450000
    8620     0.001994414     0.001641118     0.373220000
    8640     0.001987514     0.001628412     0.370590000
    8660     0.001986001     0.001637120     0.372280000
    8680     0.002009574     0.001650228     0.378900000
    8700     0.002005294     0.001655826     0.370230000
    8720     0.002005667     0.001656328     0.363630000
    8740     0.001994258     0.001645589     0.370260000
    8760     0.002004420     0.001649045     0.377620000
    8780     0.002014510     0.001656109     0.379580000
    8800     0.002007980     0.001650576     0.364090000
    8820     0.002009068     0.001654515     0.378090000
    8840     0.001999975     0.001648475     0.377550000
    8860     0.001986832     0.001644476     0.378990000
    8880     0.001982269     0.001645625     0.391720000
    8900     0.001994822     0.001655798     0.389890000
    8920     0.001996005     0.001657343     0.378690000
    8940     0.002003491     0.001662838     0.383290000
    8960     0.002016416     0.001670543     0.389320000
    8980     0.002025011     0.001675687     0.373890000
    9000     0.002030643     0.001675199     0.369320000
    9020     0.002033223     0.001682576     0.374360000
    9040     0.002028958     0.001676061     0.385720000
    9060     0.002045956     0.001687012     0.375230000
    9080     0.002044619     0.001682790     0.365810000
    9100     0.002024562     0.001672270     0.373790000
    9120     0.002031127     0.001681444     0.369860000
    9140     0.002042644     0.001685670     0.380240000
    9160     0.002050402     0.001689138     0.365940000
    9180     0.002047004     0.001689483     0.357130000
    9200     0.002045255     0.001684927     0.372750000
    9220     0.002032111     0.001680426     0.376240000
    9240     0.002024879     0.001679569     0.379950000
    9260     0.002028985     0.001682200     0.382670000
    9280     0.002033133     0.001685475     0.374280000
    9300     0.002030175     0.001676085     0.376480000
    9320     0.002019084     0.001673415     0.378360000
    9340     0.002010461     0.001666810     0.376990000
    9360     0.002012303     0.001669652     0.375230000
    9380     0.002016719     0.001673235     0.382000000
    9400     0.002026889     0.001681636     0.364550000
    9420     0.002058133     0.001699909     0.360340000
    9440     0.002063125     0.001705195     0.361120000
    9460     0.002067951     0.001705181     0.364680000
    9480     0.002067198     0.001695591     0.358030000
    9500     0.002056216     0.001685687     0.360250000
    9520     0.002065311     0.001689649     0.362500000
    9540     0.002060530     0.001694971     0.367430000
    9560     0.002070995     0.001690053     0.368920000
    9580     0.002053333     0.001694034     0.365620000
    9600     0.002030119     0.001672056     0.365170000
    9620     0.002024176     0.001670075     0.383740000
    9640     0.002023087     0.001668758     0.369990000
    9660     0.002033652     0.001676862     0.368130000
    9680     0.002033356     0.001673063     0.367370000
    9700     0.002037564     0.001673371     0.364190000
    9720     0.002031997     0.001674566     0.378280000
    9740     0.002009445     0.001659439     0.384410000
    9760     0.002006693     0.001657121     0.385100000
    9780     0.001998565     0.001650077     0.385750000
    9800     0.001989997     0.001650240     0.382050000
    9820     0.002022553     0.001666001     0.364880000
    9840     0.002047717     0.001686001     0.368120000
    9860     0.002057079     0.001693482     0.362320000
    9880     0.002063769     0.001699468     0.364380000
    9900     0.002051367     0.001687073     0.355880000
    9920     0.002065205     0.001690126     0.350910000
    9940     0.002051464     0.001686583     0.353170000
    9960     0.002050414     0.001678389     0.352650000
    9980     0.002040108     0.001670467     0.357910000
   10000     0.002047543     0.001671148     0.361950000
   10020     0.002046959     0.001668801     0.373330000
   10040     0.002041000     0.001669827     0.372630000
   10060     0.002038139     0.001671392     0.366900000
   10080     0.002036397     0.001665352     0.370460000
   10100     0.002015878     0.001650164     0.366460000
   10120     0.002020829     0.001653814     0.366280000
   10140     0.002030749     0.001659383     0.361830000
   10160     0.002026669     0.001650611     0.351070000
   10180     0.002021061     0.001646032     0.353790000
   10200     0.002023120     0.001649311     0.349640000
   10220     0.002017576     0.001641780     0.359710000
   10240     0.002023261     0.001647516     0.361770000
   10260     0.002015202     0.001645209     0.371650000
   10280     0.002010432     0.001641591     0.364390000
   10300     0.002012281     0.001641139     0.366390000
   10320     0.002012565     0.001642820     0.369860000
   10340     0.002015289     0.001650154     0.366360000
   10360     0.002017252     0.001643312     0.384790000
   10380     0.002012706     0.001644887     0.380970000
   10400     0.002028561     0.001659615     0.383290000
   10420     0.002024651     0.001662469     0.377910000
   10440     0.002018998     0.001659429     0.375450000
   10460     0.002020224     0.001666215     0.384170000
   10480     0.002015065     0.001662387     0.381930000
   10500     0.002020963     0.001663786     0.369850000
   10520     0.002022852     0.001665918     0.372010000
   10540     0.002013594     0.001659896     0.376150000
   10560     0.002005604     0.001655405     0.373950000
   10580     0.002014255     0.001661998     0.371220000
   10600     0.002011150     0.001665439     0.368770000
   10620     0.002011055     0.001667489     0.371680000
   10640     0.002018152     0.001675446     0.385710000
   10660     0.002008875     0.001667785     0.400570000
   10680     0.002010889     0.001673057     0.393220000
   10700     0.002010273     0.001675805     0.397390000
   10720     0.002025478     0.001688034     0.383980000
   10740     0.002036548     0.001694428     0.388900000
   10760     0.002028312     0.001685877     0.372220000
   10780     0.002032597     0.001687854     0.378860000
   10800     0.002026739     0.001680618     0.378640000
   10820     0.002017922     0.001679291     0.380560000
   10840     0.002016260     0.001678628     0.391240000
   10860     0.002014208     0.001678480     0.379410000
   10880     0.002014838     0.001675692     0.375140000
   10900     0.002020044     0.001676155     0.364970000
   10920     0.002018010     0.001670761     0.379070000
   10940     0.002022966     0.001675380     0.382340000
   10960     0.002027554     0.001678178     0.375420000
   10980     0.002029951     0.001677839     0.370430000
   11000     0.002024423     0.001674730     0.373840000
   11020     0.002035742     0.001679083     0.368620000
   11040     0.002026715     0.001676560     0.372540000
   11060     0.002028625     0.001675676     0.354070000
   11080     0.002015692     0.001666557     0.357180000
   11100     0.002022054     0.001665678     0.367240000
   11120     0.002022529     0.001664647     0.363440000
   11140     0.002028493     0.001669838     0.366000000
   11160     0.002028598     0.001665604     0.360400000
   11180     0.002023445     0.001673416     0.368820000
   11200     0.002020980     0.001670453     0.374310000
   11220     0.002016115     0.001670187     0.380940000
   11240     0.002017665     0.001678535     0.377310000
   11260     0.002014362     0.001674411     0.379360000
   11280     0.002017014     0.001682172     0.382590000
   11300     0.002027581     0.001688987     0.370440000
   11320     0.002029778     0.001684196     0.370140000
   11340     0.002035581     0.001688390     0.377820000
   11360     0.002046286     0.001690688     0.373630000
   11380     0.002021721     0.001672290     0.377080000
   11400     0.002015230     0.001673012     0.387120000
   11420     0.002020195     0.001677447     0.379730000
   11440     0.002021424     0.001680831     0.364160000
   11460     0.002030741     0.001683989     0.356530000
   11480     0.002038293     0.001684720     0.358170000
   11500     0.002034099     0.001679216     0.372490000
   11520     0.002020946     0.001668657     0.365140000
   11540     0.002026441     0.001671188     0.371630000
   11560     0.002032024     0.001672739     0.368950000
   11580     0.002045139     0.001682391     0.361360000
   11600     0.002053318     0.001682195     0.354010000
   11620     0.002037981     0.001665765     0.356560000
   11640     0.002035167     0.001670628     0.352640000
   11660     0.002018832     0.001658057     0.360740000
   11680     0.002006962     0.001645714     0.370760000
   11700     0.002018123     0.001653772     0.370010000
   11720     0.002015581     0.001649808     0.358870000
   11740     0.002012240     0.001650240     0.354480000
   11760     0.002012622     0.001657497     0.355520000
   11780     0.002007360     0.001659220     0.370550000
   11800     0.002008812     0.001653394     0.370880000
   11820     0.002006521     0.001652992     0.367030000
   11840     0.002025618     0.001667710     0.368280000
   11860     0.002014701     0.001661152     0.374090000
   11880     0.001999973     0.001652462     0.375030000
   11900     0.002008489     0.001661944     0.376220000
   11920     0.002006464     0.001663224     0.379060000
   11940     0.002022528     0.001674617     0.384770000
   11960     0.002024887     0.001676370     0.387250000
   11980     0.002021550     0.001676103     0.393410000
   12000     0.002029553     0.001689582     0.383600000
   12020     0.002043497     0.001697171     0.389880000
   12040     0.002044663     0.001698804     0.372460000
   12060     0.002054188     0.001702343     0.373610000
   12080     0.002056945     0.001703046     0.377180000
   12100     0.002058442     0.001698373     0.368000000
   12120     0.002083010     0.001713356     0.358250000
   12140     0.002083504     0.001709167     0.360520000
   12160     0.002082849     0.001703054     0.335130000
   12180     0.002097198     0.001700648     0.338260000
   12200     0.002091052     0.001690399     0.341210000
   12220     0.002089143     0.001693189     0.339180000
   12240     0.002093417     0.001682867     0.324820000
   12260     0.002082300     0.001666883     0.330680000
   12280     0.002079078     0.001667009     0.321850000
   12300     0.002099524     0.001664011     0.326740000
   12320     0.002083079     0.001664924     0.328970000
   12340     0.002081496     0.001666333     0.330760000
   12360     0.002069676     0.001672909     0.328900000
   12380     0.002059784     0.001662552     0.318910000
   12400     0.002065631     0.001663191     0.333930000
   12420     0.002049890     0.001650959     0.342770000
   12440     0.002053782     0.001658078     0.353470000
   12460     0.002050477     0.001656070     0.355130000
   12480     0.002059422     0.001665951     0.342860000
   12500     0.002071052     0.001672691     0.339020000
   12520     0.002070237     0.001669149     0.343000000
   12540     0.002077348     0.001682256     0.344700000
   12560     0.002072370     0.001666817     0.345570000
   12580     0.002068059     0.001667978     0.337240000
   12600     0.002054821     0.001664929     0.347850000
   12620     0.002046875     0.001660679     0.349220000
   12640     0.002044504     0.001661469     0.349030000
   12660     0.002036020     0.001651904     0.355790000
   12680     0.002037361     0.001648688     0.352760000
   12700     0.002024819     0.001651895     0.356830000
   12720     0.002044366     0.001657925     0.351320000
   12740     0.002039262     0.001658042     0.362260000
   12760     0.002036982     0.001663090     0.355370000
   12780     0.002047118     0.001666940     0.366860000
   12800     0.002039527     0.001663935     0.367590000
   12820     0.002033427     0.001662249     0.361510000
   12840     0.002030627     0.001658280     0.367510000
   12860     0.002024912     0.001656557     0.366070000
   12880     0.002025669     0.001657170     0.362980000
   12900     0.002022741     0.001650630     0.365230000
   12920     0.002025997     0.001651794     0.370140000
   12940     0.002031031     0.001660158     0.361580000
   12960     0.002039794     0.001664683     0.367500000
   12980     0.002049332     0.001669773     0.367540000
   13000     0.002057375     0.001683194     0.363820000
   13020     0.002050476     0.001680315     0.353430000
   13040     0.002052050     0.001686470     0.357070000
   13060     0.002054368     0.001679288     0.350220000
   13080     0.002044957     0.001677484     0.360110000
   13100     0.002059705     0.001688113     0.354100000
   13120     0.002049861     0.001679160     0.356460000
   13140     0.002048457     0.001677216     0.371280000
   13160     0.002049835     0.001678860     0.374140000
   13180     0.002044680     0.001676748     0.365480000
   13200     0.002042701     0.001678594     0.367230000
   13220     0.002044785     0.001682255     0.369230000
   13240     0.002054295     0.001688296     0.365220000
   13260     0.002043873     0.001678508     0.364870000
   13280     0.002058944     0.001687057     0.371840000
   13300     0.002049774     0.001682212     0.373040000
   13320     0.002062055     0.001691580     0.372660000
   13340     0.002075160     0.001699428     0.352180000
   13360     0.002069469     0.001696029     0.357930000
   13380     0.002050518     0.001684245     0.362730000
   13400     0.002047132     0.001679835     0.348620000
   13420     0.002046641     0.001677492     0.350920000
   13440     0.002031352     0.001663180     0.356420000
   13460     0.002032115     0.001664564     0.362910000
   13480     0.002027207     0.001661664     0.363990000
   13500     0.002014559     0.001650012     0.361710000
   13520     0.002016512     0.001656611     0.365200000
   13540     0.002011903     0.001652254     0.372060000
   13560     0.002021458     0.001659099     0.370140000
   13580     0.002015579     0.001650420     0.379360000
   13600     0.002023155     0.001655094     0.371820000
   13620     0.002023306     0.001651780     0.380250000
   13640     0.002022874     0.001654502     0.369440000
   13660     0.002017431     0.001649091     0.375450000
   13680     0.002003778     0.001645634     0.380420000
   13700     0.002014258     0.001657912     0.374140000
   13720     0.002000625     0.001643022     0.368380000
   13740     0.001991946     0.001636747     0.386650000
   13760     0.001998890     0.001635188     0.396710000
   13780     0.001987813     0.001650732     0.383900000
   13800     0.001991410     0.001654409     0.375440000
   13820     0.001991078     0.001646187     0.381170000
   13840     0.001994832     0.001651272     0.373770000
   13860     0.001972363     0.001633971     0.374420000
   13880     0.001975895     0.001631549     0.390180000
   13900     0.001963910     0.001627485     0.387900000
   13920     0.001946775     0.001619882     0.390270000
   13940     0.001941091     0.001613807     0.383030000
   13960     0.001944318     0.001618024     0.392120000
   13980     0.001951712     0.001624793     0.394300000
   14000     0.001973053     0.001637870     0.402730000
   14020     0.001992268     0.001656334     0.392370000
   14040     0.001992791     0.001659227     0.392970000
   14060     0.001997773     0.001666949     0.398040000
   14080     0.002007777     0.001678136     0.388600000
   14100     0.002017191     0.001688661     0.396960000
   14120     0.002011202     0.001685827     0.393280000
   14140     0.002008900     0.001684721     0.396730000
   14160     0.002013095     0.001689154     0.385870000
   14180     0.002007264     0.001683921     0.390930000
   14200     0.002013248     0.001683996     0.374100000
   14220     0.002030529     0.001698451     0.387380000
   14240     0.002021917     0.001689435     0.389310000
   14260     0.002043369     0.001704920     0.366490000
   14280     0.002043490     0.001705246     0.377800000
   14300     0.002042759     0.001699130     0.368460000
   14320     0.002033833     0.001692902     0.367400000
   14340     0.002044928     0.001694412     0.374720000
   14360     0.002035620     0.001694940     0.370090000
   14380     0.002026232     0.001684862     0.368630000
   14400     0.002018447     0.001680516     0.376720000
   14420     0.002022934     0.001680279     0.379070000
   14440     0.002022025     0.001679903     0.370550000
   14460     0.002010402     0.001667226     0.377370000
   14480     0.002003557     0.001659693     0.382470000
   14500     0.001992148     0.001656563     0.387930000
   14520     0.001986697     0.001652424     0.395460000
   14540     0.001990455     0.001660224     0.389820000
   14560     0.001978438     0.001656128     0.392780000
   14580     0.001974858     0.001657310     0.393440000
   14600     0.001978297     0.001659808     0.394290000
   14620     0.001983076     0.001662509     0.400060000
   14640     0.001969881     0.001650704     0.395270000
   14660     0.001979864     0.001659435     0.394740000
   14680     0.001978695     0.001659817     0.391400000
   14700     0.001991412     0.001667826     0.380820000
   14720     0.001996174     0.001669761     0.392760000
   14740     0.002002166     0.001675277     0.392890000
   14760     0.002007522     0.001675290     0.390110000
   14780     0.001993339     0.001670484     0.389000000
   14800     0.001989903     0.001660757     0.377560000
   14820     0.001999054     0.001668928     0.387090000
   14840     0.002011575     0.001678866     0.378610000
   14860     0.002009673     0.001673982     0.373020000
   14880     0.002003890     0.001670267     0.362960000
   14900     0.002002040     0.001660282     0.377130000
   14920     0.002002147     0.001659675     0.385660000
   14940     0.002004007     0.001661500     0.382610000
   14960     0.001986381     0.001654489     0.372590000
   14980     0.002005335     0.001674538     0.377320000
   15000     0.002009469     0.001675736     0.374520000
   15020     0.002017066     0.001682930     0.380990000
   15040     0.002004141     0.001676078     0.398910000
   15060     0.002018374     0.001685636     0.377860000
   15080     0.002018894     0.001688240     0.390680000
   15100     0.002025376     0.001691045     0.379490000
   15120     0.002025131     0.001689222     0.369020000
   15140     0.002021821     0.001681985     0.352840000
   15160     0.002038633     0.001692624     0.363800000
   15180     0.002048260     0.001695245     0.372270000
   15200     0.002045679     0.001694218     0.372340000
   15220     0.002043842     0.001693451     0.368890000
   15240     0.002046733     0.001697466     0.364740000
   15260     0.002041931     0.001690650     0.362870000
   15280     0.002042212     0.001691190     0.369680000
   15300     0.002049703     0.001697090     0.368250000
   15320     0.002046309     0.001693992     0.371960000
   15340     0.002037602     0.001689914     0.385490000
   15360     0.002053429     0.001704352     0.386400000
   15380     0.002048582     0.001699884     0.382340000
   15400     0.002047688     0.001698102     0.380910000
   15420     0.002058267     0.001712382     0.389300000
   15440     0.002044292     0.001706521     0.369900000
   15460     0.002056202     0.001708507     0.363040000
   15480     0.002056003     0.001706529     0.366970000
   15500     0.002066945     0.001708580     0.376540000
   15520     0.002069084     0.001708815     0.379400000
   15540     0.002073612     0.001708258     0.361570000
   15560     0.002073019     0.001702758     0.364300000
   15580     0.002075740     0.001700450     0.358410000
   15600     0.002066355     0.001689184     0.364370000
   15620     0.002049257     0.001683004     0.370920000
   15640     0.002044441     0.001676873     0.371050000
   15660     0.002052685     0.001680577     0.365410000
   15680     0.002041874     0.001675807     0.365600000
   15700     0.002049450     0.001678366     0.368880000
   15720     0.002045273     0.001678456     0.372270000
   15740     0.002035047     0.001672874     0.373210000
   15760     0.002033285     0.001679689     0.366960000
   15780     0.002033640     0.001677041     0.376370000
   15800     0.002037945     0.001677621     0.374360000
   15820     0.002040618     0.001677933     0.373980000
   15840     0.002035416     0.001676824     0.374640000
   15860     0.002055718     0.001691888     0.379400000
   15880     0.002054771     0.001690578     0.366160000
   15900     0.002051085     0.001688150     0.370000000
   15920     0.002037497     0.001676337     0.368550000
   15940     0.002044618     0.001684101     0.367460000
   15960     0.002049084     0.001688042     0.367240000
   15980     0.002050895     0.001686850     0.371500000
   16000     0.002051538     0.001684879     0.353620000
   16020     0.002044092     0.001683811     0.363720000
   16040     0.002035767     0.001675289     0.359640000
   16060     0.002050711     0.001680455     0.357390000
   16080     0.002042800     0.001677952     0.366130000
   16100     0.002042396     0.001676433     0.359150000
   16120     0.002049610     0.001684277     0.365710000
   16140     0.002053453     0.001683862     0.367370000
   16160     0.002042573     0.001674701     0.364280000
   16180     0.002048634     0.001678122     0.364840000
   16200     0.002035097     0.001666829     0.375520000
   16220     0.002035758     0.001668174     0.361800000
   16240     0.002025661     0.001663115     0.379420000
   16260     0.002026271     0.001665818     0.371920000
   16280     0.002035179     0.001674172     0.376930000
   16300     0.002026739     0.001672556     0.365180000
   16320     0.002019701     0.001673420     0.380990000
   16340     0.002021937     0.001674171     0.370130000
   16360     0.002022421     0.001672167     0.377750000
   16380     0.002028593     0.001667012     0.382820000
   16400     0.002015579     0.001670538     0.358440000
   16420     0.002018453     0.001669431     0.363860000
   16440     0.002012967     0.001667474     0.372620000
   16460     0.002025235     0.001674048     0.376590000
   16480     0.002031824     0.001676382     0.373980000
   16500     0.002044231     0.001689195     0.372670000
   16520     0.002026792     0.001684156     0.367500000
   16540     0.002029011     0.001673585     0.377220000
   16560     0.002067310     0.001702026     0.368880000
   16580     0.002066690     0.001702474     0.367010000
   16600     0.002078661     0.001704237     0.347590000
   16620     0.002080201     0.001703328     0.353780000
   16640     0.002070417     0.001703086     0.353650000
   16660     0.002061616     0.001693868     0.360660000
   16680     0.002061237     0.001684372     0.360450000
   16700     0.002066953     0.001687977     0.358760000
   16720     0.002078169     0.001691808     0.350460000
   16740     0.002069687     0.001684169     0.341400000
   16760     0.002074073     0.001683363     0.342080000
   16780     0.002084214     0.001687118     0.344130000
   16800     0.002069995     0.001672110     0.345320000
   16820     0.002042761     0.001658686     0.350650000
   16840     0.002031668     0.001647164     0.347080000
   16860     0.002012916     0.001629785     0.353780000
   16880     0.002015882     0.001632595     0.360260000
   16900     0.002014145     0.001637035     0.372910000
   16920     0.002021745     0.001648181     0.372310000
   16940     0.002027740     0.001659502     0.365470000
   16960     0.002028898     0.001661999     0.361500000
   16980     0.002037938     0.001668904     0.361480000
   17000     0.002032987     0.001666010     0.365770000
   17020     0.002036388     0.001668434     0.362580000
   17040     0.002024350     0.001656185     0.358490000
   17060     0.002039348     0.001669277     0.368580000
   17080     0.002036092     0.001670906     0.364370000
   17100     0.002028158     0.001663512     0.367870000
   17120     0.002042056     0.001677317     0.373490000
   17140     0.002037981     0.001674834     0.366130000
   17160     0.002054236     0.001688259     0.351790000
   17180     0.002044559     0.001681682     0.356640000
   17200     0.002044882     0.001676124     0.363990000
   17220     0.002051202     0.001685731     0.362230000
   17240     0.002055261     0.001685649     0.370320000
   17260     0.002063615     0.001685613     0.355530000
   17280     0.002067097     0.001683901     0.363040000
   17300     0.002063777     0.001681864     0.364240000
   17320     0.002049737     0.001671861     0.368980000
   17340     0.002047088     0.001667773     0.365940000
   17360     0.002048266     0.001670216     0.369710000
   17380     0.002044247     0.001672153     0.360750000
   17400     0.002052207     0.001670181     0.355450000
   17420     0.002048908     0.001667954     0.361040000
   17440     0.002053566     0.001656655     0.366450000
   17460     0.002045959     0.001670246     0.351080000
   17480     0.002060469     0.001679746     0.354490000
   17500     0.002052688     0.001667386     0.343270000
   17520     0.002036785     0.001658711     0.353730000
   17540     0.002041827     0.001661444     0.359580000
   17560     0.002052320     0.001666662     0.351370000
   17580     0.002041737     0.001654632     0.349110000
   17600     0.002032772     0.001644376     0.353200000
   17620     0.002039602     0.001651365     0.350920000
   17640     0.002049972     0.001659173     0.346360000
   17660     0.002037874     0.001655002     0.345230000
   17680     0.002038046     0.001656374     0.348930000
   17700     0.002048317     0.001663062     0.348980000
   17720     0.002065728     0.001677887     0.358510000
   17740     0.002060966     0.001678417     0.359580000
   17760     0.002051810     0.001667596     0.351070000
   17780     0.002035238     0.001652821     0.345950000
   17800     0.002032195     0.001657340     0.358680000
   17820     0.002050566     0.001670269     0.377690000
   17840     0.002047110     0.001668282     0.366480000
   17860     0.002040033     0.001667516     0.362440000
   17880     0.002031028     0.001661541     0.364530000
   17900     0.002028413     0.001661251     0.353000000
   17920     0.002043112     0.001676885     0.366130000
   17940     0.002023276     0.001668281     0.363620000
   17960     0.002017799     0.001660512     0.362780000
   17980     0.002022228     0.001668691     0.357780000
   18000     0.002031389     0.001663317     0.361990000
   18020     0.002037890     0.001665558     0.359820000
   18040     0.002049065     0.001676710     0.359590000
   18060     0.002065117     0.001690796     0.360680000
   18080     0.002066952     0.001684715     0.346880000
   18100     0.002059625     0.001689227     0.348250000
   18120     0.002065170     0.001682206     0.355310000
   18140     0.002065243     0.001681837     0.349930000
   18160     0.002056792     0.001676516     0.345340000
   18180     0.002047266     0.001666509     0.348140000
   18200     0.002045887     0.001665223     0.363750000
   18220     0.002038112     0.001657304     0.370790000
   18240     0.002039723     0.001660171     0.364940000
   18260     0.002030037     0.001655876     0.366120000
   18280     0.002032142     0.001658643     0.362190000
   18300     0.002021424     0.001646179     0.379010000
   18320     0.002025879     0.001655704     0.372560000
   18340     0.002020808     0.001654176     0.365040000
   18360     0.002008880     0.001639084     0.376230000
   18380     0.002005979     0.001655714     0.385180000
   18400     0.002017386     0.001666783     0.387620000
   18420     0.002028209     0.001674890     0.384960000
   18440     0.002011345     0.001664337     0.375280000
   18460     0.002024028     0.001676590     0.371370000
   18480     0.001995057     0.001654992     0.373690000
   18500     0.001992350     0.001656576     0.379120000
   18520     0.001993213     0.001654483     0.387490000
   18540     0.002004404     0.001662963     0.380550000
   18560     0.002014155     0.001669423     0.391890000
   18580     0.002021930     0.001676955     0.395260000
   18600     0.002027974     0.001686489     0.394380000
   18620     0.002026747     0.001686463     0.383500000
   18640     0.002037078     0.001695548     0.387040000
   18660     0.002051820     0.001709613     0.386400000
   18680     0.002049397     0.001705768     0.384050000
   18700     0.002055572     0.001710315     0.379560000
   18720     0.002048114     0.001701789     0.375950000
   18740     0.002068767     0.001717419     0.367680000
   18760     0.002080380     0.001722939     0.363500000
   18780     0.002085010     0.001724264     0.360270000
   18800     0.002084940     0.001720880     0.360250000
   18820     0.002059456     0.001697750     0.352450000
   18840     0.002072741     0.001703517     0.356170000
   18860     0.002064499     0.001691661     0.355920000
   18880     0.002054497     0.001687349     0.364480000
   18900     0.002072842     0.001706495     0.361380000
   18920     0.002075368     0.001705091     0.359600000
   18940     0.002075539     0.001699506     0.346450000
   18960     0.002072832     0.001697873     0.345670000
   18980     0.002043346     0.001665958     0.342090000
   19000     0.002049792     0.001659221     0.355610000
   19020     0.002044637     0.001669265     0.355750000
   19040     0.002048425     0.001676602     0.356720000
   19060     0.002044946     0.001670241     0.362940000
   19080     0.002038653     0.001663132     0.350470000
   19100     0.002037513     0.001665053     0.350190000
   19120     0.002029050     0.001658565     0.359420000
   19140     0.002002379     0.001642500     0.362450000
   19160     0.001998445     0.001647079     0.365170000
   19180     0.002017344     0.001661666     0.366980000
   19200     0.002021402     0.001664307     0.378690000
   19220     0.002038461     0.001680190     0.375630000
   19240     0.002035265     0.001678200     0.376320000
   19260     0.002033232     0.001683601     0.376020000
   19280     0.002036330     0.001687122     0.385570000
   19300     0.002031821     0.001683224     0.373770000
   19320     0.002029859     0.001680037     0.370880000
   19340     0.002029544     0.001675004     0.370130000
   19360     0.002021666     0.001669207     0.366680000
   19380     0.002024427     0.001671323     0.368060000
   19400     0.002031173     0.001676149     0.378820000
   19420     0.002026528     0.001671703     0.370550000
   19440     0.002021742     0.001668361     0.372310000
   19460     0.002033782     0.001676174     0.376800000
   19480     0.002038102     0.001678061     0.373560000
   19500     0.002037773     0.001679596     0.371130000
   19520     0.002032694     0.001678973     0.367930000
   19540     0.002024740     0.001670165     0.372670000
   19560     0.002037163     0.001669694     0.359440000
   19580     0.002040043     0.001670672     0.374620000
   19600     0.002019292     0.001673463     0.378220000
   19620     0.002013563     0.001667330     0.369020000
   19640     0.002020483     0.001666819     0.364490000
   19660     0.002039544     0.001677420     0.363840000
   19680     0.002037362     0.001672858     0.362190000
   19700     0.002022673     0.001659014     0.355460000
   19720     0.002030145     0.001656424     0.370050000
   19740     0.002016768     0.001658317     0.380090000
   19760     0.002003097     0.001653677     0.373850000
   19780     0.001995020     0.001652088     0.378450000
   19800     0.002002750     0.001663603     0.383450000
   19820     0.002014624     0.001669324     0.395120000
   19840     0.002003476     0.001663163     0.382160000
   19860     0.002017162     0.001671272     0.369680000
   19880     0.002024027     0.001675991     0.363780000
   19900     0.002031988     0.001675167     0.369960000
   19920     0.002029522     0.001674932     0.381310000
   19940     0.002041601     0.001681312     0.373690000
   19960     0.002057536     0.001691773     0.358870000
   19980     0.002065893     0.001695219     0.366010000
   20000     0.002051076     0.001686425     0.370820000
   20020     0.002044512     0.001683993     0.377680000
   20040     0.002040599     0.001678958     0.364780000
   20060     0.002047303     0.001685634     0.352840000
   20080     0.002066003     0.001691878     0.352970000
   20100     0.002061461     0.001692737     0.356290000
   20120     0.002047014     0.001682628     0.356080000
   20140     0.002056753     0.001678052     0.346620000
   20160     0.002071129     0.001689369     0.349760000
   20180     0.002058740     0.001682606     0.351770000
   20200     0.002070189     0.001688473     0.357890000
   20220     0.002075989     0.001691481     0.350330000
   20240     0.002090121     0.001700366     0.339900000
   20260     0.002081171     0.001689585     0.347600000
   20280     0.002059448     0.001675574     0.346490000
   20300     0.002059330     0.001668372     0.333270000
   20320     0.002060348     0.001667475     0.339270000
   20340     0.002047199     0.001663443     0.350510000
   20360     0.002045426     0.001659114     0.349940000
   20380     0.002070380     0.001674219     0.356780000
   20400     0.002082331     0.001679328     0.346150000
   20420     0.002083275     0.001686874     0.334530000
   20440     0.002060519     0.001676409     0.340960000
   20460     0.002065493     0.001671465     0.343700000
   20480     0.002060606     0.001667479     0.352110000
   20500     0.002032674     0.001653792     0.350420000
   20520     0.002061551     0.001651931     0.341710000
   20540     0.002047826     0.001655493     0.349320000
   20560     0.002042924     0.001653871     0.344650000
   20580     0.002042184     0.001641655     0.350450000
   20600     0.002035790     0.001642993     0.340990000
   20620     0.002050734     0.001646161     0.346640000
   20640     0.002037834     0.001640981     0.346820000
   20660     0.002018375     0.001637338     0.348990000
   20680     0.002004949     0.001616025     0.355660000
   20700     0.001982731     0.001611852     0.355180000
   20720     0.001997435     0.001634208     0.356120000
   20740     0.001992019     0.001631659     0.373640000
   20760     0.001988811     0.001624034     0.369750000
   20780     0.002000480     0.001626534     0.358880000
   20800     0.001992287     0.001632319     0.357060000
   20820     0.001995949     0.001629680     0.374840000
   20840     0.001991537     0.001632200     0.379030000
   20860     0.001988494     0.001633962     0.372690000
   20880     0.001995743     0.001643801     0.363570000
   20900     0.002015028     0.001650067     0.368170000
   20920     0.002013658     0.001648297     0.359710000
   20940     0.002025936     0.001661421     0.377300000
   20960     0.002020199     0.001658559     0.363970000
   20980     0.002031826     0.001670220     0.366300000
   21000     0.002027331     0.001665034     0.360280000
   21020     0.002027787     0.001667045     0.359210000
   21040     0.002030559     0.001671395     0.362830000
   21060     0.002030148     0.001675020     0.370430000
   21080     0.002036877     0.001677137     0.368360000
   21100     0.002041991     0.001683344     0.365880000
   21120     0.002035361     0.001678271     0.370810000
   21140     0.002043056     0.001686165     0.364030000
   21160     0.002041360     0.001683763     0.360420000
   21180     0.002024913     0.001674683     0.373760000
   21200     0.002028455     0.001676496     0.370580000
   21220     0.002027721     0.001673332     0.371970000
   21240     0.002023658     0.001669511     0.384820000
   21260     0.002020068     0.001666389     0.370110000
   21280     0.002030443     0.001673537     0.374700000
   21300     0.002027019     0.001673217     0.386080000
   21320     0.002021631     0.001671760     0.385150000
   21340     0.002017968     0.001664387     0.384100000
   21360     0.002016456     0.001661448     0.382720000
   21380     0.002016946     0.001661146     0.386050000
   21400     0.002012669     0.001662982     0.383560000
   21420     0.002008432     0.001660527     0.373150000
   21440     0.002005962     0.001658003     0.373600000
   21460     0.002011393     0.001662866     0.371950000
   21480     0.002029281     0.001675170     0.366280000
   21500     0.002009521     0.001654443     0.381440000
   21520     0.002009885     0.001656306     0.384660000
   21540     0.002001752     0.001656548     0.390580000
   21560     0.002013171     0.001665293     0.379390000
   21580     0.002008107     0.001662478     0.371940000
   21600     0.001995679     0.001652144     0.391380000
   21620     0.002005299     0.001654737     0.371080000
   21640     0.002011411     0.001662569     0.373080000
   21660     0.001993238     0.001649019     0.366710000
   21680     0.002005373     0.001660745     0.372760000
   21700     0.002022791     0.001670152     0.368940000
   21720     0.002027083     0.001675632     0.370380000
   21740     0.002038563     0.001680647     0.364980000
   21760     0.002039221     0.001677587     0.373970000
   21780     0.002032718     0.001677162     0.372170000
   21800     0.002020729     0.001660513     0.382380000
   21820     0.002019375     0.001655923     0.375430000
   21840     0.002021703     0.001655124     0.374780000
   21860     0.002023528     0.001661507     0.371050000
   21880     0.002021535     0.001665486     0.376400000
   21900     0.002018610     0.001669627     0.373130000
   21920     0.002011037     0.001664540     0.384860000
   21940     0.002001103     0.001656230     0.382000000
   21960     0.002000967     0.001662671     0.377120000
   21980     0.001995480     0.001659886     0.377540000
   22000     0.002003920     0.001665362     0.377590000
   22020     0.001996764     0.001659123     0.385220000
   22040     0.002008061     0.001669627     0.387410000
   22060     0.002010281     0.001673958     0.388820000
   22080     0.002016214     0.001681592     0.387840000
   22100     0.002030558     0.001691651     0.382380000
   22120     0.002027443     0.001688242     0.375920000
   22140     0.002030408     0.001686502     0.383520000
   22160     0.002034901     0.001691082     0.387220000
   22180     0.002047628     0.001699952     0.381730000
   22200     0.002040169     0.001697177     0.378550000
   22220     0.002033919     0.001692461     0.371620000
   22240     0.002018840     0.001677853     0.374860000
   22260     0.002015504     0.001668666     0.359440000
   22280     0.002024547     0.001672331     0.361440000
   22300     0.002025959     0.001670992     0.379350000
   22320     0.002029463     0.001673678     0.372520000
   22340     0.002045612     0.001685249     0.380060000
   22360     0.002031713     0.001672875     0.373770000
   22380     0.002015027     0.001665913     0.379930000
   22400     0.002011086     0.001662407     0.385680000
   22420     0.002010271     0.001663163     0.373980000
   22440     0.002011515     0.001667118     0.379880000
   22460     0.002011090     0.001665203     0.388700000
   22480     0.002014872     0.001666534     0.376200000
   22500     0.002024528     0.001677642     0.391660000
   22520     0.002026645     0.001681627     0.383480000
   22540     0.002026438     0.001682304     0.379700000
   22560     0.002020951     0.001678468     0.369590000
   22580     0.002022682     0.001674425     0.365760000
   22600     0.002030622     0.001675075     0.361980000
   22620     0.002029138     0.001667750     0.367960000
   22640     0.002040230     0.001680673     0.371240000
   22660     0.002024798     0.001673812     0.365560000
   22680     0.002014079     0.001669474     0.391370000
   22700     0.002003610     0.001661399     0.384470000
   22720     0.002022608     0.001674703     0.378980000
   22740     0.002023145     0.001672413     0.367280000
   22760     0.002036454     0.001685963     0.368430000
   22780     0.002033398     0.001684681     0.366440000
   22800     0.002026274     0.001671978     0.356860000
   22820     0.002013927     0.001663058     0.368690000
   22840     0.002009865     0.001659221     0.372110000
   22860     0.002005480     0.001655201     0.384760000
   22880     0.002016255     0.001666540     0.379270000
   22900     0.002009929     0.001668883     0.374640000
   22920     0.002014978     0.001666722     0.372070000
   22940     0.002010295     0.001662399     0.371910000
   22960     0.002016667     0.001668470     0.375650000
   22980     0.002004356     0.001664677     0.371090000
   23000     0.002000620     0.001658057     0.376670000
   23020     0.002006059     0.001660631     0.382000000
   23040     0.001987650     0.001641569     0.383410000
   23060     0.001971525     0.001639038     0.382000000
   23080     0.001979626     0.001648354     0.381380000
   23100     0.001976512     0.001638910     0.393350000
   23120     0.001984969     0.001649071     0.392260000
   23140     0.001984679     0.001649995     0.392590000
   23160     0.001993469     0.001658064     0.379150000
   23180     0.002002478     0.001663123     0.379110000
   23200     0.002003240     0.001665034     0.378570000
   23220     0.001998840     0.001662672     0.389380000
   23240     0.001984162     0.001653680     0.380200000
   23260     0.001981349     0.001649503     0.377360000
   23280     0.001982064     0.001648490     0.381400000
   23300     0.001969988     0.001642437     0.392480000
   23320     0.001970384     0.001642904     0.398900000
   23340     0.001968871     0.001640778     0.405410000
   23360     0.001977890     0.001651956     0.406210000
   23380     0.001971891     0.001650838     0.399060000
   23400     0.001987250     0.001662205     0.393300000
   23420     0.002004884     0.001668440     0.382600000
   23440     0.001993623     0.001659035     0.385490000
   23460     0.001989102     0.001653299     0.393680000
   23480     0.002004776     0.001662437     0.385260000
   23500     0.001999566     0.001657813     0.373010000
   23520     0.001974298     0.001639307     0.381270000
   23540     0.001970124     0.001636840     0.381760000
   23560     0.001967045     0.001637482     0.390410000
   23580     0.001972013     0.001641756     0.395720000
   23600     0.001993636     0.001659485     0.378040000
   23620     0.001988859     0.001651364     0.382730000
   23640     0.001981384     0.001647564     0.393470000
   23660     0.001990523     0.001651976     0.388660000
   23680     0.001982291     0.001645486     0.383160000
   23700     0.001976068     0.001640953     0.393120000
   23720     0.001964448     0.001632472     0.394090000
   23740     0.001966639     0.001635828     0.387720000
   23760     0.001970736     0.001645760     0.393460000
   23780     0.001983546     0.001655995     0.393170000
   23800     0.001991751     0.001661730     0.390930000
   23820     0.001985286     0.001658586     0.387190000
   23840     0.001996022     0.001664997     0.383990000
   23860     0.001996824     0.001666116     0.383530000
   23880     0.001979573     0.001651824     0.386590000
   23900     0.001986412     0.001660139     0.387840000
   23920     0.002004243     0.001676255     0.403020000
   23940     0.002008868     0.001685059     0.414430000
   23960     0.001998367     0.001679612     0.404210000
   23980     0.002006664     0.001683373     0.405420000
   24000     0.001997483     0.001675776     0.395040000
   24020     0.002005569     0.001680081     0.388280000
   24040     0.001994413     0.001671459     0.400950000
   24060     0.001994784     0.001670738     0.393760000
   24080     0.001984603     0.001663397     0.392480000
   24100     0.002005335     0.001679263     0.392990000
   24120     0.002001032     0.001678389     0.396190000
   24140     0.002014445     0.001687890     0.390450000
   24160     0.002007966     0.001681391     0.388730000
   24180     0.002019232     0.001690479     0.381620000
   24200     0.002004145     0.001679036     0.381300000
   24220     0.002017852     0.001685071     0.383140000
   24240     0.002019668     0.001683659     0.369020000
   24260     0.002031293     0.001688986     0.365540000
   24280     0.002022890     0.001677753     0.359460000
   24300     0.002012827     0.001666370     0.376830000
   24320     0.002016038     0.001664708     0.375820000
   24340     0.002017409     0.001660082     0.371400000
   24360     0.002022460     0.001669983     0.376400000
   24380     0.002025472     0.001676608     0.393500000
   24400     0.002031530     0.001676891     0.389440000
   24420     0.002028901     0.001672682     0.379230000
   24440     0.002031838     0.001684123     0.376640000
   24460     0.002022583     0.001672340     0.375150000
   24480     0.002029824     0.001672786     0.369880000
   24500     0.002025585     0.001661553     0.376900000
   24520     0.002025481     0.001677105     0.376400000
   24540     0.002017046     0.001662304     0.382930000
   24560     0.002024955     0.001677015     0.378960000
   24580     0.002032238     0.001678789     0.370170000
   24600     0.002042663     0.001688003     0.368990000
   24620     0.002037897     0.001683965     0.376260000
   24640     0.002041516     0.001684543     0.367780000
   24660     0.002038752     0.001682610     0.367550000
   24680     0.002044962     0.001684206     0.366730000
   24700     0.002028713     0.001671810     0.371270000
   24720     0.002018798     0.001669447     0.373150000
   24740     0.002021639     0.001669158     0.366840000
   24760     0.002010088     0.001651798     0.373440000
   24780     0.002012453     0.001654270     0.380520000
   24800     0.002006092     0.001648523     0.373150000
   24820     0.001992877     0.001646391     0.378590000
   24840     0.001986957     0.001635651     0.380710000
   24860     0.001989687     0.001643881     0.380180000
   24880     0.001995862     0.001653237     0.381780000
   24900     0.001991213     0.001648261     0.383160000
   24920     0.001993626     0.001654574     0.388720000
   24940     0.001996584     0.001660275     0.400090000
   24960     0.001998060     0.001665054     0.389990000
   24980     0.001986590     0.001657547     0.391500000
   25000     0.001989510     0.001661796     0.399720000
   25020     0.002003320     0.001671316     0.397730000
   25040     0.001999036     0.001669306     0.400140000
   25060     0.002003095     0.001670176     0.390540000
   25080     0.002002587     0.001673894     0.400370000
   25100     0.002003624     0.001674861     0.398530000
   25120     0.002018163     0.001682389     0.388010000
   25140     0.002027080     0.001687890     0.380100000
   25160     0.002025796     0.001685157     0.382040000
   25180     0.002013525     0.001668586     0.369010000
   25200     0.001996863     0.001671789     0.381850000
   25220     0.002002983     0.001667987     0.381210000
   25240     0.001994289     0.001668957     0.386210000
   25260     0.001999215     0.001670827     0.392740000
   25280     0.001994118     0.001667481     0.383600000
   25300     0.001994863     0.001668185     0.381430000
   25320     0.001979745     0.001653540     0.382280000
   25340     0.002012367     0.001671945     0.373550000
   25360     0.002010592     0.001669416     0.383090000
   25380     0.002007870     0.001670371     0.374270000
   25400     0.001997992     0.001666116     0.391730000
   25420     0.002008786     0.001675563     0.389310000
   25440     0.002007575     0.001677754     0.389940000
   25460     0.002015004     0.001683843     0.392850000
   25480     0.002014951     0.001681464     0.377440000
   25500     0.002020240     0.001679594     0.379070000
   25520     0.002015930     0.001677809     0.396240000
   25540     0.002027595     0.001685990     0.386280000
   25560     0.002033649     0.001689211     0.372550000
   25580     0.002051475     0.001696374     0.372930000
   25600     0.002053772     0.001700517     0.367270000
   25620     0.002042557     0.001696167     0.365670000
   25640     0.002044306     0.001695614     0.370960000
   25660     0.002038523     0.001687480     0.370410000
   25680     0.002042595     0.001690593     0.375990000
   25700     0.002019727     0.001677488     0.375600000
   25720     0.002037583     0.001687716     0.379730000
   25740     0.002031842     0.001684595     0.380440000
   25760     0.002033477     0.001686346     0.382080000
   25780     0.002026385     0.001686200     0.391370000
   25800     0.002040473     0.001695561     0.374440000
   25820     0.002058301     0.001707072     0.369540000
   25840     0.002050201     0.001702146     0.371600000
   25860     0.002057009     0.001704838     0.370470000
   25880     0.002052785     0.001701825     0.364140000
   25900     0.002063676     0.001710272     0.370070000
   25920     0.002047751     0.001697592     0.373480000
   25940     0.002048091     0.001696897     0.378220000
   25960     0.002052525     0.001702261     0.380330000
   25980     0.002050314     0.001698562     0.377470000
   26000     0.002053486     0.001694970     0.365620000
   26020     0.002049725     0.001698405     0.376550000
   26040     0.002051891     0.001693224     0.366830000
   26060     0.002056909     0.001686301     0.365390000
   26080     0.002070158     0.001692523     0.360220000
   26100     0.002063439     0.001694051     0.354800000
   26120     0.002073008     0.001697650     0.362640000
   26140     0.002062227     0.001691968     0.349980000
   26160     0.002070044     0.001685358     0.347630000
   26180     0.002067731     0.001684660     0.351770000
   26200     0.002072914     0.001693694     0.348860000
   26220     0.002071211     0.001687641     0.341550000
   26240     0.002078811     0.001687249     0.335680000
   26260     0.002074958     0.001679896     0.338530000
   26280     0.002078369     0.001678089     0.341090000
   26300     0.002087996     0.001687460     0.337640000
   26320     0.002105212     0.001687102     0.326490000
   26340     0.002082520     0.001679664     0.337910000
   26360     0.002082488     0.001674688     0.329490000
   26380     0.002097858     0.001682910     0.328430000
   26400     0.002112460     0.001692270     0.331780000
   26420     0.002098545     0.001687974     0.351870000
   26440     0.002100993     0.001683842     0.339960000
   26460     0.002098921     0.001677522     0.347370000
   26480     0.002104278     0.001680251     0.346050000
   26500     0.002108798     0.001684013     0.333290000
   26520     0.002077060     0.001654240     0.327350000
   26540     0.002088440     0.001666662     0.335600000
   26560     0.002082152     0.001655818     0.334650000
   26580     0.002073252     0.001662244     0.338670000
   26600     0.002055567     0.001648217     0.342950000
   26620     0.002047932     0.001650104     0.342990000
   26640     0.002061887     0.001661189     0.336350000
   26660     0.002061733     0.001663451     0.343340000
   26680     0.002054700     0.001658330     0.349800000
   26700     0.002054760     0.001667843     0.350330000
   26720     0.002044426     0.001663046     0.341430000
   26740     0.002039466     0.001658170     0.356880000
   26760     0.002035951     0.001657961     0.360910000
   26780     0.002031457     0.001654029     0.358220000
   26800     0.002042188     0.001663797     0.350740000
   26820     0.002028290     0.001652741     0.360610000
   26840     0.002021212     0.001652651     0.360820000
   26860     0.002002665     0.001643984     0.367710000
   26880     0.002013281     0.001641971     0.379350000
   26900     0.002019257     0.001655794     0.382060000
   26920     0.002013766     0.001656048     0.378780000
   26940     0.002021771     0.001669558     0.375010000
   26960     0.002027900     0.001675470     0.364740000
   26980     0.002029608     0.001674753     0.373830000
   27000     0.002016844     0.001667285     0.377250000
   27020     0.002031178     0.001675535     0.383970000
   27040     0.002032103     0.001674050     0.379310000
   27060     0.002022123     0.001669038     0.374270000
   27080     0.002034911     0.001677149     0.367140000
   27100     0.002044021     0.001680674     0.371720000
   27120     0.002044524     0.001681189     0.363560000
   27140     0.002042405     0.001669699     0.359260000
   27160     0.002035029     0.001672224     0.363720000
   27180     0.002038722     0.001670099     0.360620000
   27200     0.002041801     0.001665224     0.355130000
   27220     0.002055898     0.001677166     0.362170000
   27240     0.002042751     0.001674089     0.366900000
   27260     0.002045905     0.001671083     0.360570000
   27280     0.002043588     0.001669542     0.351470000
   27300     0.002046044     0.001673080     0.348810000
   27320     0.002055954     0.001675273     0.348790000
   27340     0.002040383     0.001657877     0.346860000
   27360     0.002047286     0.001664148     0.367150000
   27380     0.002061627     0.001675454     0.353930000
   27400     0.002058217     0.001676865     0.361940000
   27420     0.002060276     0.001678454     0.361910000
   27440     0.002054325     0.001675509     0.362100000
   27460     0.002056355     0.001680583     0.362740000
   27480     0.002032902     0.001665516     0.366480000
   27500     0.002039427     0.001671211     0.362440000
   27520     0.002055238     0.001677459     0.345020000
   27540     0.002051701     0.001673974     0.344220000
   27560     0.002038761     0.001661597     0.348370000
   27580     0.002026205     0.001645394     0.346430000
   27600     0.002046531     0.001666837     0.355920000
   27620     0.002054176     0.001670901     0.358500000
   27640     0.002057356     0.001671044     0.362590000
   27660     0.002071444     0.001680181     0.365920000
   27680     0.002058500     0.001672450     0.351950000
   27700     0.002059113     0.001682021     0.350840000
   27720     0.002072475     0.001686432     0.351680000
   27740     0.002063864     0.001676145     0.347520000
   27760     0.002070862     0.001674670     0.334300000
   27780     0.002051284     0.001672244     0.344410000
   27800     0.002045595     0.001653315     0.350670000
   27820     0.002054787     0.001675722     0.342880000
   27840     0.002066163     0.001677725     0.355670000
   27860     0.002059175     0.001670625     0.351140000
   27880     0.002076589     0.001685419     0.347610000
   27900     0.002090125     0.001682116     0.346580000
   27920     0.002088451     0.001692338     0.355530000
   27940     0.002106132     0.001696425     0.342640000
   27960     0.002095275     0.001681302     0.338760000
   27980     0.002083319     0.001677601     0.357520000
   28000     0.002058852     0.001658938     0.354550000
   28020     0.002043149     0.001644902     0.348360000
   28040     0.002038415     0.001650317     0.356710000
   28060     0.002017981     0.001634721     0.351510000
   28080     0.002016294     0.001638447     0.355430000
   28100     0.002003493     0.001636158     0.359590000
   28120     0.002013903     0.001645304     0.367110000
   28140     0.002024847     0.001653727     0.361890000
   28160     0.002026358     0.001655310     0.360910000
   28180     0.002024494     0.001657368     0.362160000
   28200     0.002003251     0.001647885     0.382510000
   28220     0.001994208     0.001641580     0.383540000
   28240     0.002003040     0.001649205     0.376550000
   28260     0.002014579     0.001658469     0.379450000
   28280     0.002023977     0.001669865     0.375060000
   28300     0.002024671     0.001670854     0.383830000
   28320     0.002020139     0.001670990     0.390980000
   28340     0.002016478     0.001671702     0.375340000
   28360     0.002006597     0.001669047     0.370340000
   28380     0.002011194     0.001668953     0.364810000
   28400     0.002016981     0.001671298     0.375350000
   28420     0.002011505     0.001668496     0.359150000
   28440     0.002031380     0.001683438     0.376350000
   28460     0.002047046     0.001693424     0.367130000
   28480     0.002061237     0.001696751     0.369080000
   28500     0.002070356     0.001698755     0.371220000
   28520     0.002044372     0.001686793     0.356230000
   28540     0.002053594     0.001682414     0.344630000
   28560     0.002036607     0.001663338     0.346930000
   28580     0.002046387     0.001678510     0.346850000
   28600     0.002050773     0.001675519     0.342520000
   28620     0.002071602     0.001686007     0.351110000
   28640     0.002068164     0.001677771     0.350490000
   28660     0.002064711     0.001675325     0.346340000
   28680     0.002061666     0.001673447     0.347540000
   28700     0.002036024     0.001652808     0.354940000
   28720     0.002015023     0.001644479     0.353060000
   28740     0.002027255     0.001656630     0.346480000
   28760     0.002030599     0.001655283     0.355740000
   28780     0.002028081     0.001651944     0.366340000
   28800     0.002032660     0.001654548     0.365850000
   28820     0.002034453     0.001648471     0.361590000
   28840     0.002030851     0.001658871     0.358750000
   28860     0.002040703     0.001664367     0.358990000
   28880     0.002029612     0.001657303     0.359990000
   28900     0.002026649     0.001655842     0.368800000
   28920     0.002039880     0.001674176     0.378020000
   28940     0.002043498     0.001674034     0.361670000
   28960     0.002043425     0.001675558     0.359870000
   28980     0.002044993     0.001667563     0.358810000
   29000     0.002046154     0.001669831     0.364800000
   29020     0.002059362     0.001680581     0.368450000
   29040     0.002057886     0.001680530     0.359530000
   29060     0.002059673     0.001681565     0.371640000
   29080     0.002074037     0.001691418     0.361540000
   29100     0.002055344     0.001681737     0.358140000
   29120     0.002071272     0.001692234     0.362290000
   29140     0.002076811     0.001699486     0.355840000
   29160     0.002092751     0.001708371     0.354680000
   29180     0.002099903     0.001717063     0.362490000
   29200     0.002095266     0.001711413     0.350840000
   29220     0.002072405     0.001693240     0.361720000
   29240     0.002065529     0.001692387     0.357740000
   29260     0.002073343     0.001687343     0.360420000
   29280     0.002068078     0.001680646     0.362140000
   29300     0.002076417     0.001677837     0.365810000
   29320     0.002055087     0.001673884     0.361830000
   29340     0.002064801     0.001673063     0.351540000
   29360     0.002059792     0.001674003     0.356670000
   29380     0.002050724     0.001651758     0.354320000
   29400     0.002044987     0.001655858     0.348340000
   29420     0.002042155     0.001657888     0.350770000
   29440     0.002040371     0.001656239     0.360150000
   29460     0.002046753     0.001658520     0.356710000
   29480     0.002043897     0.001657260     0.362940000
   29500     0.002043688     0.001658237     0.360770000
   29520     0.002046105     0.001663361     0.357270000
   29540     0.002039967     0.001664346     0.353600000
   29560     0.002036627     0.001666407     0.361190000
   29580     0.002050381     0.001678755     0.378980000
   29600     0.002029713     0.001666306     0.377770000
   29620     0.002018058     0.001658207     0.375640000
   29640     0.002018436     0.001659542     0.370010000
   29660     0.002020320     0.001660218     0.372930000
   29680     0.002009011     0.001653991     0.383150000
   29700     0.001996862     0.001649354     0.384040000
   29720     0.001999202     0.001652503     0.379040000
   29740     0.002010335     0.001658820     0.383870000
   29760     0.002011809     0.001662442     0.379250000
   29780     0.002022032     0.001673679     0.377600000
   29800     0.002026980     0.001678491     0.374940000
   29820     0.002036136     0.001685430     0.367780000
   29840     0.002035782     0.001683877     0.375190000
   29860     0.002034032     0.001681480     0.379590000
   29880     0.002036233     0.001680110     0.368240000
   29900     0.002062378     0.001695846     0.363260000
   29920     0.002048657     0.001688414     0.356980000
   29940     0.002049472     0.001686760     0.356880000
   29960     0.002069226     0.001693757     0.364730000
   29980     0.002070402     0.001695901     0.365450000
   30000     0.002071982     0.001696395     0.364880000
