      20 1031 1109  993 1057  977  973  901 1018 1089  937
      40 1090  993  923 1093 1063  919  881 1086  986 1043
      60  939  941  913 1015  990  853  948 1065  922 1007
      80 1143  972  931  908 1022  801  905  890  985  915
     100  962 1018  917  894  890  899 1002  779  890  953
     120  939  846  766  978  961  938  961  891  856  828
     140  899  814  844  923  890  932 1053 1028  980 1049
     160  858  917  990 1005 1146  911  896  999  956  970
     180  990  922  896  730 1014 1040  859  969  935  884
     200 1036 1037 1018  857 1088  941  888  902  960 1030
     220  882  882  866  928  835  974 1004  912  929  969
     240  839  977  951  954  856  868  965  923  819  943
     260  853  887  851  961  994  980  950  977  830  985
     280  902  918  888  978 1024  951  914  877  948  980
     300  807  919 1034  893  884  957  858  913  921  868
     320  875  808 1031  912  707  911  825  970  899  887
     340  870  765  879  890  848  693  889  728  878  926
     360  873  870  775  960  910  827  945  800  848  947
     380  905 1017  826  944  829 1034  902  741  913  969
     400  923  735  905  886  886  964  775  839  824  828
     420  976  846  887  763  879  957  848  860  751  954
     440  856  808  820  900  942 1026  993  916  829  847
     460  901  679  948  879  823  919  852  835  840  920
     480  983  746  817  872  926  849  949  812  866  892
     500  889  902  931  917  788  983  738  853  907  862
     520  894  919 1034  756  911  862  776  931  801  906
     540  727  812  807  806  929  788  945  826  863  940
     560  786  914  872  972  817  820  939  797  845  804
     580  884  803  952  691  892  813  799  915  852  844
     600  919  920  941  791 1006  806  951  800  823  918
     620  897  873  892  827  944  883  872  914  852  743
     640  816  772  891  791  791  869  774  917  818  847
     660  928  839  855  758  809  904  697  847  741  890
     680  897  865  887  904  985  819  831  844  796  882
     700  842  831  785  892  916  710  797  918  700  832
     720  762  826  890  783  909  810  821  786  703  824
     740  789  852  717  866  793  760  872  800  770  826
     760  691  698  822  788  767  803  757  717  724  814
     780  816  823  789  820  784  871  814  852  842  778
     800  784  871  796  745  772  806  898  867  659  766
     820  876  858  677  780  794  827  887  905  652  794
     840  741  812  789  929  791  747  770  767  728  745
     860  787  625  774  725  780  743  803  768  694  711
     880  753  684  864  718  666  815  776  681  932  682
     900  789  752  837  784  621  727  792  840  902  806
     920  883  864  831  822  705  696  715  866  714  770
     940  784  804  891  688  742  612  618  736  746  894
     960  770  836  892  772  836  708  804  847  635  805
     980  828  751  839  802  806  796  699  829  775  837
    1000  732  809  825  820  860  861  877  741  887  780
    1020  854  797  924  752  828  760  700  687  721  837
    1040  692  755  914  749  844  625  618  651  793  657
    1060  769  639  757  712  850  704  805  706  665  823
    1080  748  793  653  855  814  798  776  716  885  716
    1100  820  709  651  735  725  790  615  665  788  681
    1120  710  687  785  814  782  694  564  772  693  640
    1140  668  717  791  679  594  711  642  649  627  738
    1160  808  568  649  646  683  718  695  664  700  824
    1180  817  669  593  716  747  770  787  764  675  838
    1200  823  818  767  643  654  669  700  699  822  721
    1220  648  824  698  580  725  804  789  686  812  676
    1240  655  628  627  701  614  676  679  642  751  726
    1260  664  574  679  638  675  808  671  726  724  714
    1280  638  808  743  670  613  780  805  666  695  750
    1300  677  760  718  636  619  688  679  728  769  759
    1320  709  703  786  533  741  624  692  766  856  728
    1340  680  698  749  667  805  661  686  708  727  588
    1360  738  776  795  685  574  703  708  591  664  665
    1380  748  660  778  690  482  707  626  717  712  797
    1400  693  671  670  687  572  648  702  603  737  705
    1420  663  721  734  757  653  661  762  666  714  632
    1440  623  733  673  699  569  740  759  662  616  573
    1460  677  676  666  662  662  666  744  527  646  835
    1480  667  615  668  643  646  622  678  512  648  761
    1500  570  565  585  555  719  693  733  617  681  735
    1520  584  567  629  532  705  678  688  641  641  630
    1540  659  605  709  652  642  570  667  783  538  680
    1560  683  681  616  699  728  543  710  641  605  755
    1580  667  526  635  657  672  650  705  564  555  718
    1600  575  587  638  640  659  666  728  802  598  631
    1620  647  674  642  773  586  687  702  624  647  705
    1640  536  600  709  712  743  788  715  667  700  792
    1660  589  673  555  604  669  694  619  629  646  688
    1680  672  626  567  674  625  549  548  674  669  662
    1700  621  496  752  711  710  581  609  672  706  642
    1720  606  534  746  702  624  591  551  677  678  655
    1740  712  637  728  706  637  638  594  663  647  660
    1760  751  536  582  675  590  656  644  810  739  675
    1780  677  523  603  700  636  622  620  704  721  595
    1800  676  585  586  720  628  578  582  747  612  619
    1820  645  599  511  588  530  508  564  581  684  681
    1840  506  649  419  705  628  655  590  548  573  759
    1860  596  600  589  589  666  679  600  629  523  691
    1880  476  620  643  706  659  612  582  708  657  652
    1900  480  718  688  542  728  631  513  659  614  649
    1920  588  590  584  562  662  623  509  613  567  621
    1940  600  624  595  499  561  595  470  686  556  593
    1960  557  598  603  641  634  586  572  764  544  593
    1980  520  502  686  508  642  487  539  489  491  586
    2000  475  561  573  573  596  572  595  605  564  628
    2020  607  536  622  563  563  568  499  587  656  656
    2040  545  651  643  672  667  660  610  620  663  735
    2060  669  579  638  532  603  486  329  603  660  719
    2080  660  606  542  570  601  523  432  520  667  784
    2100  652  538  666  617  691  575  573  491  609  612
    2120  739  498  537  558  530  626  730  704  492  532
    2140  616  507  542  475  493  557  647  641  523  719
    2160  530  616  539  559  560  599  604  693  542  661
    2180  696  691  606  575  550  638  474  639  541  616
    2200  673  694  515  552  552  524  553  657  637  533
    2220  665  558  586  390  555  572  528  548  606  509
    2240  594  613  474  424  546  568  439  519  557  541
    2260  455  618  480  536  442  421  544  540  585  526
    2280  473  581  519  621  435  472  502  515  545  600
    2300  510  491  549  596  474  478  434  520  518  540
    2320  498  551  544  484  657  516  552  520  502  591
    2340  693  512  611  564  608  590  490  585  505  564
    2360  502  566  535  611  513  633  543  542  459  659
    2380  598  526  481  461  431  633  575  464  484  803
    2400  603  509  521  520  427  512  518  490  543  541
    2420  544  543  559  524  378  558  714  503  566  564
    2440  689  517  476  539  482  508  555  567  719  480
    2460  530  448  485  552  461  555  525  609  592  539
    2480  647  569  572  483  466  526  605  529  508  606
    2500  570  588  477  539  600  570  551  500  563  483
    2520  621  670  554  431  472  613  468  487  418  494
    2540  520  574  626  625  531  525  491  480  569  547
    2560  666  636  480  512  636  608  587  490  466  640
    2580  653  479  375  521  552  484  459  576  508  574
    2600  632  442  507  515  605  644  467  486  552  623
    2620  606  577  465  525  538  515  451  473  579  433
    2640  661  501  458  664  548  501  552  464  490  573
    2660  549  537  571  517  548  627  421  387  525  620
    2680  525  631  517  588  461  508  535  472  467  583
    2700  482  475  504  522  505  576  544  516  448  509
    2720  512  533  422  611  530  594  528  470  421  513
    2740  416  627  570  552  547  616  539  486  465  546
    2760  540  509  561  577  524  628  626  482  478  463
    2780  532  443  561  558  478  564  548  458  467  451
    2800  597  459  566  602  534  612  436  500  470  425
    2820  675  537  390  569  520  609  417  507  457  464
    2840  580  539  541  432  613  502  510  587  568  544
    2860  536  583  513  449  568  534  506  517  440  538
    2880  554  492  502  456  592  472  467  543  574  538
    2900  458  608  589  377  569  547  526  606  502  480
    2920  536  586  557  545  591  590  537  540  448  494
    2940  464  381  433  509  460  540  542  521  467  495
    2960  521  423  542  535  516  705  552  517  392  477
    2980  453  511  559  464  393  579  516  518  539  486
    3000  475  575  556  396  312  591  390  576  557  464
    3020  370  534  549  393  314  509  526  521  487  526
    3040  387  494  570  435  394  486  432  514  427  509
    3060  320  545  534  522  536  512  424  526  408  439
    3080  327  500  500  418  536  491  461  470  520  390
    3100  433  472  531  397  499  454  454  531  585  435
    3120  666  601  418  376  671  456  397  586  543  519
    3140  563  527  450  513  602  526  504  490  484  545
    3160  513  441  450  456  439  484  383  419  425  455
    3180  513  522  456  476  653  566  385  457  504  461
    3200  527  483  391  483  447  615  402  597  426  391
    3220  563  592  399  552  593  668  432  516  484  409
    3240  528  408  328  472  465  620  511  413  406  548
    3260  399  424  378  483  361  403  492  614  413  483
    3280  411  514  490  473  464  375  433  547  427  486
    3300  376  403  502  516  392  358  475  509  402  518
    3320  417  421  427  403  395  488  401  438  384  569
    3340  536  395  502  385  454  417  365  441  418  543
    3360  402  416  432  439  429  401  407  462  435  594
    3380  372  232  429  505  479  457  415  438  438  609
    3400  303  222  426  603  479  541  408  448  340  428
    3420  283  269  519  566  449  553  366  532  486  584
    3440  242  325  422  467  483  369  444  452  469  473
    3460  364  400  511  491  508  528  403  480  460  527
    3480  514  366  493  491  406  479  401  491  430  481
    3500  528  358  467  533  427  578  378  522  359  497
    3520  548  309  470  573  383  434  494  625  471  514
    3540  481  285  441  487  446  422  375  423  452  558
    3560  456  336  469  519  502  376  360  420  483  442
    3580  477  271  397  508  541  357  412  524  453  400
    3600  401  400  524  508  557  347  451  537  552  489
    3620  308  420  407  454  468  373  435  533  550  498
    3640  323  454  478  469  517  433  433  492  557  460
    3660  284  370  418  585  515  398  293  414  471  483
    3680  471  343  655  413  404  423  316  406  426  610
    3700  375  366  462  323  340  222  445  445  605  526
    3720  333  467  532  383  446  272  527  477  517  470
    3740  352  359  387  453  377  340  374  467  453  502
    3760  346  411  300  424  438  274  566  466  454  414
    3780  398  439  291  418  601  474  459  355  483  447
    3800  350  512  449  516  522  410  295  340  463  507
    3820  449  403  325  514  435  440  304  295  492  509
    3840  448  339  292  433  434  456  402  344  414  449
    3860  522  377  376  366  291  391  365  354  426  428
    3880  422  474  495  367  329  309  350  354  353  444
    3900  443  302  436  453  259  425  338  320  428  425
    3920  365  310  409  431  291  428  408  365  435  415
    3940  393  396  381  464  326  393  421  440  468  451
    3960  333  423  385  457  357  359  415  398  554  438
    3980  402  421  319  518  425  330  465  480  471  363
    4000  427  436  380  563  306  365  372  440  521  409
    4020  451  350  381  541  325  316  257  301  515  331
    4040  579  432  360  535  405  376  303  315  401  424
    4060  539  338  396  518  276  428  447  300  401  449
    4080  486  252  433  495  349  366  374  407  446  350
    4100  401  308  415  549  517  393  386  395  459  522
    4120  373  284  401  507  518  376  407  454  524  551
    4140  433  249  356  360  361  298  339  384  494  369
    4160  400  413  396  378  310  370  357  300  524  316
    4180  445  349  369  491  385  449  400  344  372  465
    4200  532  319  401  441  406  578  393  369  339  499
    4220  499  314  528  528  399  364  411  401  356  383
    4240  372  326  446  480  406  516  373  366  405  400
    4260  458  335  358  571  535  429  359  319  474  268
    4280  278  360  301  430  447  321  252  315  476  315
    4300  250  398  236  416  504  415  235  389  482  337
    4320  339  320  331  468  407  404  317  385  451  505
    4340  348  287  459  411  487  516  368  249  483  535
    4360  330  293  391  490  384  546  487  221  451  378
    4380  277  307  347  433  338  375  403  144  387  456
    4400  371  350  329  540  396  418  384  244  446  402
    4420  373  457  401  338  377  484  537  286  386  403
    4440  347  456  448  496  344  453  488  249  459  357
    4460  337  403  454  450  274  434  564  310  320  399
    4480  410  412  345  394  309  471  563  260  425  364
    4500  390  278  251  367  366  482  492  372  511  461
    4520  443  289  276  418  422  472  474  248  441  454
    4540  365  363  303  370  351  497  580  160  406  478
    4560  413  269  365  458  306  590  471  268  482  400
    4580  435  283  408  507  356  431  466  381  472  448
    4600  429  264  574  460  411  437  389  373  440  454
    4620  383  325  539  344  448  393  477  443  294  525
    4640  277  245  500  407  442  461  431  479  349  496
    4660  343  334  381  473  451  391  471  342  403  485
    4680  269  305  344  433  424  370  368  382  582  464
    4700  281  278  393  418  498  431  411  376  526  455
    4720  391  472  400  444  436  450  415  467  436  478
    4740  374  392  447  445  324  483  476  320  398  478
    4760  447  387  271  352  320  330  515  398  487  413
    4780  333  434  381  407  396  314  523  334  528  403
    4800  338  450  403  328  477  383  426  246  537  505
    4820  345  395  440  420  417  381  465  364  391  474
    4840  277  361  426  341  454  381  512  433  454  499
    4860  350  397  350  464  450  383  357  381  469  370
    4880  401  373  391  477  389  437  428  386  480  287
    4900  453  227  383  479  468  452  501  471  400  356
    4920  410  269  300  601  527  340  297  417  349  330
    4940  376  255  285  478  408  275  381  462  414  279
    4960  284  282  290  523  468  408  411  342  512  294
    4980  303  239  325  488  543  431  354  474  426  422
    5000  300  266  440  494  412  371  519  460  363  484
    5020  301  204  374  537  404  408  472  355  350  506
    5040  411  405  357  503  545  545  458  349  238  412
    5060  459  340  401  519  430  536  423  369  331  474
    5080  468  456  223  347  469  484  395  345  294  549
    5100  386  361  212  374  479  495  447  375  354  487
    5120  360  367  249  378  420  451  573  327  289  374
    5140  442  465  261  462  472  359  490  348  279  366
    5160  323  384  447  433  434  352  337  423  299  396
    5180  284  279  397  367  391  392  479  522  368  390
    5200  335  344  312  282  425  426  291  381  415  361
    5220  420  320  374  371  450  289  297  346  491  463
    5240  391  358  490  422  439  220  248  363  332  438
    5260  442  331  592  371  344  283  375  351  282  466
    5280  386  294  434  472  345  331  414  329  355  499
    5300  408  289  405  381  339  333  343  372  257  441
    5320  492  448  429  389  336  384  363  498  406  462
    5340  507  396  360  306  269  398  353  475  378  490
    5360  431  448  461  324  307  355  330  410  427  485
    5380  415  266  352  337  345  331  360  467  424  471
    5400  506  306  424  398  260  251  279  457  396  492
    5420  481  396  624  375  253  425  355  412  388  534
    5440  464  270  499  409  322  377  413  401  246  484
    5460  548  374  445  342  439  472  345  290  334  390
    5480  377  274  415  308  263  354  255  401  495  262
    5500  442  265  428  424  288  382  396  427  391  544
    5520  500  238  278  398  308  364  475  382  380  402
    5540  410  324  380  343  330  338  338  307  371  302
    5560  320  295  361  455  319  384  314  382  472  312
    5580  473  308  459  467  418  309  316  338  468  248
    5600  547  389  514  436  310  244  353  424  426  361
    5620  310  286  475  423  317  145  193  438  335  306
    5640  271  262  505  433  273   89  208  462  360  453
    5660  393  395  481  432  277  131  334  368  457  441
    5680  384  266  507  374  360  315  385  539  460  444
    5700  366  364  577  364  415  410  413  528  394  364
    5720  240  318  475  290  348  443  404  410  398  447
    5740  305  295  380  327  217  391  394  415  451  357
    5760  256  322  317  401  262  354  411  416  331  316
    5780  368  382  360  393  383  351  416  315  279  471
    5800  355  225  401  399  342  339  418  268  337  483
    5820  309  329  287  327  318  474  447  285  287  399
    5840  313  439  338  256  328  403  346  300  245  493
    5860  340  431  319  293  326  392  350  319  381  494
    5880  355  467  471  435  363  303  482  339  367  532
    5900  254  430  351  312  446  381  505  415  401  471
    5920  139  478  350  367  426  358  567  410  315  376
    5940  115  344  346  367  440  318  457  378  397  330
    5960  295  386  388  261  350  306  371  467  345  235
    5980  428  496  525  227  331  363  465  376  464  209
    6000  324  440  538  307  257  336  469  178  343  307
    6020  379  450  470  318  204  308  507  272  492  295
    6040  424  439  427  353  244  357  434  320  465  271
    6060  391  343  424  355  285  414  284  419  422  184
    6080  299  364  415  355  238  400  299  402  593  279
    6100  267  440  396  244  350  316  422  447  413  311
    6120  317  407  452  263  337  215  429  491  323  420
    6140  312  433  357  348  337  295  455  452  431  416
    6160  262  455  388  354  334  408  464  435  408  371
    6180  347  467  346  360  301  228  452  345  386  419
    6200  344  522  394  382  288  190  273  419  379  406
    6220  299  539  432  540  355   77  320  457  367  353
    6240  349  453  355  487  323  127  352  408  332  252
    6260  383  462  288  475  272  123  401  575  285  209
    6280  329  392  456  410  296  302  378  450  262  293
    6300  294  377  410  316  244  285  360  403  203  376
    6320  308  365  368  259  345  319  369  344  241  386
    6340  240  360  422  245  400  336  266  384  366  434
    6360  347  421  283  266  398  278  215  428  403  384
    6380  421  573  391  256  294  286  224  495  394  387
    6400  315  538  462  328  382  336  267  414  386  530
    6420  274  460  460  379  487  436  320  455  224  564
    6440  309  409  456  336  464  421  425  507  301  435
    6460  238  366  439  165  392  413  402  458  324  290
    6480  358  403  441  287  373  298  395  418  257  346
    6500  337  396  545  333  330  297  327  301  307  339
    6520  433  341  443  301  297  284  387  410  204  469
    6540  349  405  335  263  314  313  472  362  251  300
    6560  317  378  347  268  341  387  355  327  310  279
    6580  262  485  408  340  304  255  270  386  327  355
    6600  258  348  437  440  311  195  411  478  427  431
    6620  211  368  369  392  318  175  343  442  398  366
    6640  171  303  462  374  248  214  376  420  427  388
    6660  201  290  334  252  282  198  317  456  371  458
    6680  257  396  363  306  270  151  332  387  437  304
    6700  224  561  301  282  377  290  349  357  318  338
    6720  330  430  371  232  339  455  276  348  362  399
    6740  200  365  384  270  446  464  299  464  297  421
    6760  227  436  323  247  418  388  363  456  391  423
    6780  244  455  395  299  373  357  417  380  351  381
    6800  222  454  438  344  396  277  333  309  442  455
    6820  337  404  312  285  281  167  415  325  348  333
    6840  297  412  289  259  287  240  366  276  379  351
    6860  320  297  307  251  247  236  353  315  356  285
    6880  249  467  391  290  158  342  326  227  542  332
    6900  207  477  504  283  259  354  408  318  364  487
    6920  249  377  303  163  287  253  388  325  330  518
    6940  344  531  263  198  288  207  361  353  294  410
    6960  322  406  305  293  263  233  458  371  347  378
    6980  348  512  338  283  218  355  374  297  427  401
    7000  325  386  414  272  367  304  381  221  398  350
    7020  264  334  370  234  212  399  340  286  388  268
    7040  219  279  285  272  307  288  386  327  546  304
    7060  299  267  209  305  338  217  321  367  500  450
    7080  265  290  175  241  350  239  404  289  448  396
    7100  309  220  229  252  287  280  297  298  334  461
    7120  372  390  224  285  301  311  318  250  317  536
    7140  256  362  109  339  365  339  250  306  315  344
    7160  254  234   83  307  342  302  357  339  363  415
    7180  210  359  118  285  391  252  367  440  248  355
    7200  313  266  138  222  396  300  383  410  254  402
    7220  324  325  118  247  371  276  424  404  218  295
    7240  380  360  171  308  378  316  364  228  250  369
    7260  470  347  178  305  327  333  296  203  250  341
    7280  466  274  390  388  292  298  290  296  355  311
    7300  397  248  334  430  298  318  337  320  338  289
    7320  332  349  391  364  269  360  384  328  458  215
    7340  226  299  231  321  211  374  374  368  328  252
    7360  300  391  310  299  258  269  265  304  350  442
    7380  327  452  318  346  278  356  273  263  330  410
    7400  270  278  206  296  208  324  299  352  321  388
    7420  361  355  189  301  296  331  402  445  283  383
    7440  465  320  188  249  314  299  425  375  297  299
    7460  429  258  196  260  434  347  301  315  327  304
    7480  287  269  159  278  305  346  249  344  333  256
    7500  264  231  128  245  313  266  209  261  312  249
    7520  284  210  165  333  235  256  213  317  430  281
    7540  203  309  232  188  247  296  343  298  255  232
    7560  220  300  247  338  201  302  392  291  263  170
    7580  306  352  273  299  156  444  321  249  268  211
    7600  226  377  259  370  148  346  228  296  246  279
    7620  164  352  260  512  180  300  245  268  350  217
    7640  204  436  157  394  347  347  270  355  301  217
    7660  291  440  172  326  355  350  209  360  356  276
    7680  345  484  256  422  266  387  235  326  315  363
    7700  415  438  214  454  246  289  268  238  281  306
    7720  356  424  218  409  397  212  225  265  256  326
    7740  281  324  313  346  354  273  243  258  346  231
    7760  285  356  217  320  336  309  224  375  335  310
    7780  300  397  260  324  237  359  248  301  371  333
    7800  222  475  213  265  191  389  231  242  302  269
    7820  303  403  178  186  157  279  236  341  316  348
    7840  248  405  197  234  327  313  276  436  263  412
    7860  343  516  191  225  384  214  265  413  212  445
    7880  312  417  190  209  337  162  329  353  231  436
    7900  258  382  212  322  355  166  258  339  305  406
    7920  253  412  210  365  334  166  240  247  275  410
    7940  299  367  182  381  346  223  248  294  260  299
    7960  358  308  309  416  370  230  313  224  340  254
    7980  327  358  305  313  276  308  343  154  351  181
    8000  287  353  339  343  312  388  354  269  322  194
    8020  209  413  385  283  334  300  305  332  233  270
    8040  206  345  270  285  433  206  305  483  254  379
    8060  126  329  215  477  378  189  222  480  246  346
    8080  102  296  182  401  331  156  282  477  190  348
    8100  116  327  187  390  436  235  295  397  257  292
    8120   83  355  193  417  421  149  363  353  317  272
    8140  144  377  221  392  433  302  264  416  359  279
    8160  177  235  227  403  438  258  196  400  279  288
    8180  233  310  254  375  407  184  182  396  322  307
    8200  125  342  303  282  289  113  228  343  210  428
    8220   91  408  283  190  419  242  193  366  244  374
    8240  120  457  218  253  341  267  193  336  213  288
    8260  115  382  243  348  342  292  164  291  317  334
    8280  188  283  348  440  363  238  185  323  245  307
    8300  285  221  352  280  367  288  194  415  310  350
    8320  215  216  306  337  352  252  172  378  229  226
    8340  233  220  300  273  417  221  121  362  254  269
    8360  182  185  347  327  443  275  118  321  242  277
    8380  234  214  279  247  505  390  107  309  204  292
    8400  232  239  235  249  427  350  121  363  171  331
    8420  341  385  235  263  393  423  225  371  196  323
    8440  293  168  272  265  378  355  261  368  241  287
    8460  200  188  273  400  476  318  192  301  217  240
    8480  191  182  223  277  463  337  178  361  356  230
    8500   64  158  234  293  416  276  240  288  272  309
    8520   73  175  211  317  394  255  185  293  273  139
    8540   69  215  174  205  449  243  143  375  301  140
    8560   93  180  350  255  399  279  134  390  247  134
    8580  130  148  278  227  402  237  191  269  342  148
    8600  174  231  290  225  288  233  152  311  353  135
    8620  135  186  210  193  186  229  298  332  290   82
    8640  158  114  179  122  182  161  213  290  313   98
    8660  144  124  181   78  231  196  259  210  283  102
    8680  199  200  157  125  243  163  230  240  278  101
    8700  176  230  213  195  244  275  305  263  276  100
    8720  152  268  229  352  311  279  374  315  370  188
    8740  187  302  137  335  329  344  255  286  385  221
    8760  215  297  110  342  292  278  249  223  376  255
    8780  222  238  147  409  161  213  296  257  308  339
    8800  201  297   97  376  232  305  318  224  243  214
    8820  313  225   46  365  218  314  219  347  223  205
    8840  223  309   84  377  205  368  328  305  300  151
    8860  111  281   71  372  327  312  255  347  354  230
    8880  156  238   93  347  299  340  349  302  281  220
    8900  239  187  169  236  345  335  258  251  146  192
    8920  200  304  163  184  292  269  293  225  102  257
    8940  213  304  188  289  261  223  210  207  182  172
    8960  257  276  201  319  178  312  213  246  163   86
    8980  229  346  167  256  227  310  164  344  215   89
    9000  159  185  258  247  295  236  251  262  268  134
    9020  265  232  183  268  289  137  226  341  300  130
    9040  283  235  260  206  300  136  274  211  318  162
    9060  278  320  220  253  185  204  303  267  325  203
    9080  244  345  469  165  238  224  234  257  376  223
    9100  313  298  334  111  237  294  246  292  348  238
    9120  231  309  240  114  316  213  221  166  280  189
    9140  242  315  323  170  246  201  169  239  335  162
    9160  247  334  339   74  263  220  171  186  247  209
    9180  259  244  286   60  260  202  279  247  239  170
    9200  226  268  259   66  266  206  219  316  201  263
    9220  335  331  255   78  263  204  244  309  262  284
    9240  265  386  261   55  202  143  289  234  300  200
    9260  151  278  273   65  208  184  279  140  273  227
    9280  143  289  272   31  193  223  296  202  363  161
    9300  116  459  291   47  209  294  317  255  363  257
    9320  228  402  363   65  143  238  207  252  398  175
    9340  248  343  338  137  259  290  196  459  448  209
    9360  295  341  232  180  298  288  188  430  430  214
    9380  307  264  232  250  296  281  227  262  411  210
    9400  306  387  353  165  252  380  219  221  319  174
    9420  366  324  249  237  220  256  262  281  352  158
    9440  207  296  305  241  185  132  297  140  371   90
    9460  146  285  352  326  184  176  340  116  402  103
    9480  168  336  300  370  193  193  394  186  420  153
    9500  206  221  204  251  225  214  230  295  342  124
    9520  232  295  331  303  232  192  282  428  303  153
    9540  162  318  266  234  264  201  312  391  374  233
    9560  264  328  300  162  311  293  289  288  320  260
    9580  251  339  326  211  277  255  293  428  369  224
    9600  208  349  279  241  202  172  258  294  403  162
    9620  267  363  286  224  233  152  328  313  370  157
    9640  194  307  342  262  282  102  258  234  272  190
    9660  265  318  289  190  221   91  205  208  375  253
    9680  325  316  290  220  314  224  293  134  461  128
    9700  379  269  202  340  280  162  228  105  330  180
    9720  286  222  184  269  250  201  262  161  347   84
    9740  320  195  177  134  270  242  222  130  360  150
    9760  333  241  249  169  284  245  219   74  412  170
    9780  251  117  307  131  381  338  237   83  381  189
    9800  209  188  373  129  241  334  219  123  396  186
    9820  201  184  261   99  234  302  243  116  388  193
    9840  292  189  267   82  276  320  212  168  297  138
    9860  271  147  197   48  367  330  176  132  427  226
    9880  221  183  167   83  346  261  162  189  321  244
    9900  304  224  270  119  271  270  142  227  367  376
    9920  372  233  249  212  194  209  119  245  367  365
    9940  387  371  172  203  100  228  171  154  463  303
    9960  397  389  209  371  171  211  183  175  384  355
    9980  281  295  229  260  172  362  221  233  312  342
   10000  228  251  249  340  142  298  301  239  396  221
   10020  281  266  205  274  163  338  292  139  379  213
   10040  346  340  197  307  253  236  224  161  258  217
   10060  333  241  225  268  295  331  232  237  290  217
   10080  278  262  245  257  261  221  233  299  253  163
   10100  257  214  219  342  269  244  279  308  299  299
   10120  295  193  207  380  258  229  303  403  318  337
   10140  230  231  286  341  312  268  240  306  345  272
   10160  243  384  281  259  378  284  222  213  283  283
   10180  241  193  208  174  348  159  179  179  285  263
   10200  299  319  136  302  357  242  272   53  358  294
   10220  334  248  179  287  332  173  203  119  467  208
   10240  372  280  186  271  314  243  195   77  384  236
   10260  317  285  386  308  232  246  230   44  275  218
   10280  468  332  311  210  297  271  184   81  164  120
   10300  578  359  271  193  290  183  153   97  202  134
   10320  431  415  295  225  247  268  150  178  198  185
   10340  419  383  245  285  216  353  214  266  257  134
   10360  371  331  272  420  270  439  282  323  185  130
   10380  346  311  239  327  196  373  295  287  181  164
   10400  414  409  245  266  280  354  206  258  208  134
   10420  370  343  220  308  291  360  158  354  333  140
   10440  328  355  142  331  328  271  215  390  367  177
   10460  272  290  256  246  344  233  186  305  298  220
   10480  274  280  313  349  306  165  162  213  238  211
   10500  260  299  252  367  282  177  143  205  272  293
   10520  332  246  162  216  275  277  128  191  204  313
   10540  314  183  261  258  291  271  147  243  176  332
   10560  198  180  313  355  313  229  182  360  174  275
   10580  285  267  270  354  302  196  134  239  153  237
   10600  316  292  236  308  363   80  126  245   81  170
   10620  323  310  257  247  249   67  182  298   73  199
   10640  392  335  183  220  301  136  155  234   50  240
   10660  399  415  330  206  283   66  185  212   92  147
   10680  333  404  278  206  290  122  246  224  121  203
   10700  373  397  144  220  246  156  254  137  211  245
   10720  287  379  169  169  169  335  223  252  230  305
   10740  207  356  311  248  178  271  309  157  162  209
   10760  198  229  389  335  239  291  228  125  237  308
   10780  257  234  288  345  207  302  270  140  239  228
   10800  337  290  228  253  218  284  263  174  190  208
   10820  298  317  246  179  215  261  297  258  229  335
   10840  272  261  387  252  296  319  288  295  278  260
   10860  231  267  268  341  274  258  208  344  277  273
   10880  335  214  289  320  243  321  182  279  279  190
   10900  371  251  136  326  245  301  195  204  264  246
   10920  325  207  165  341  258  323  154  274  311  182
   10940  325  195  110  348  335  288  248  214  287  101
   10960  281  121  173  313  220  216  187  299  247   85
   10980  313  131  135  224  231  211  165  330  275   40
   11000  268  165   84  215  247  205  177  330  297   38
   11020  338  186   83  283  321  209  170  368  233  105
   11040  365  235   71  295  314  172  197  288  143  170
   11060  244  242   87  288  315  130  191  282  216  227
   11080  264  298  131  317  304   77  175  385  335  263
   11100  277  276  246  317  330   90  134  327  283  173
   11120  215  329  220  287  319   49  144  267  267  101
   11140  229  355  174  343  274   61  124  397  291   73
   11160  239  404  266  293  303  148  111  365  203  121
   11180  206  337  249  349  273  119  113  343  137  169
   11200  293  371  288  329  273  107  202  369  161  273
   11220  268  309  350  344  255   75  242  376  297  307
   11240  263  424  283  450  300  124  318  356  350  268
   11260  263  406  273  316  149  168  259  282  350  304
   11280  215  318  210  314  156  150  184  309  232  241
   11300  109  333  268  366   81  234  203  259  190  240
   11320   63  302  297  315  102  266  253  346  150  220
   11340   65  204  183  397  132  254  285  303  227  182
   11360   61  194  227  266  229  237  241  348  253  242
   11380   52  172  260  299  325  281  224  231  290  183
   11400   54  158  214  267  222  251  274  243  296  224
   11420  145  181  220  267  242  332  252  204  156  220
   11440  116  219  168  254  106  222  179  269  167  318
   11460  156  315  211  315  139  120  178  230  277  243
   11480  266  216  250  370  169  280  188  236  288  224
   11500  317  268  263  194  310  260  171  340  261  282
   11520  412  265  235  325  157  244  216  391  212  216
   11540  409  198  268  201  182  139  159  282  218  214
   11560  339  262  400  134  314   94  113  275  238  212
   11580  339  287  352  121  221  267  141  355  243  139
   11600  215  248  259  203  162  330  159  358  209  141
   11620  267  251  295  186  149  196  204  402  132  228
   11640  312  339  176  272  249  225  183  396  196  254
   11660  301  274  188  298  241  203  212  375  266  264
   11680  255  235  231  277  194  247  204  361  317  212
   11700  279  299  300  261  139  356  200  333  302  197
   11720  334  373  234  358  219  341  299  332  348  308
   11740  302  411  266  256  370  362  240  392  344  369
   11760  242  393  178  292  443  367  113  410  434  331
   11780  211  277  229  239  258  304  127  485  337  388
   11800  189  316  347  159  277  225  197  359  331  348
   11820  334  283  356  122  208  340  236  235  273  321
   11840  402  160  345  118  328  267  262  319  252  288
   11860  344  208  206  168  363  203  288  334  178  317
   11880  361  236  193  197  226  236  160  269  223  328
   11900  342  218  128  166  193  299  126  198  321  291
   11920  319  288  183  276  226  316  264  204  202  271
   11940  341  254  272  332  279  192  216  230  178  259
   11960  370  186  221  295  383  220  226  238  152  290
   11980  364  258  321  290  323  248  140  321  213  218
   12000  413  328  210  250  283  257  256  289   94  255
   12020  334  308  188  273  223  320  278  234  162  237
   12040  288  220  147  357  242  246  232  280  178  271
   12060  266  161  134  219  282  137  305  347  201  203
   12080  216  130  199  179  414  133  346  305  209  292
   12100  204  179  173  207  337  225  231  296  234  223
   12120  164  182  192  165  353  279  187  356  331  268
   12140  219  239  216  136  441  342  183  375  366  359
   12160  227  170  272  219  393  324  205  303  373  307
   12180  222  213  259  249  334  281  271  367  232  350
   12200  190  305  309  215  374  341  321  326  240  390
   12220  207  349  274  249  262  321  244  304  245  299
   12240  182  335  163  216  271  245  261  399  290  197
   12260  268  292  150  213  309  339  302  280  329  275
   12280  314  356  140  258  301  253  309  203  399  213
   12300  412  376  159  282  334  327  319  312  222  197
   12320  355  233  284  197  346  381  449  390  248  259
   12340  423  329  375  243  349  333  303  404  249  201
   12360  348  255  352  200  348  321  319  362  250  249
   12380  316  326  354  256  304  299  295  310  263  264
   12400  372  260  282  254  254  303  403  326  318  188
   12420  287  303  323  212  238  250  230  313  256  227
   12440  290  273  273  306  250  358  270  352  171  241
   12460  362  372  208  282  276  324  263  368  160  195
   12480  227  268  193  343  267  280  349  283  228  171
   12500  277  238  328  324  300  290  236  323  181  124
   12520  241  223  330  261  260  319  172  296  254  215
   12540  316  297  325  160  198  216  148  292  332  183
   12560  238  354  291  115  295  214  131  246  341  135
   12580  219  259  307  133  319  170  184  242  257  289
   12600  198  209  305  186  316  294  265  273  266  277
   12620  316  160  215  248  413  175  215  461  266  234
   12640  395  178  211  207  353  178   88  294  211  325
   12660  350  164  172  335  384  190   49  328  266  278
   12680  338  114  197  346  293  200  102  286  280  261
   12700  302  156  179  243  311  348   70  282  255  210
   12720  300  194  156  219  338  182   92  296  313  237
   12740  270  207  193  297  275  199   80  269  316  329
   12760  211  210  166  398  246  124   77  329  189  322
   12780  167  282   93  202  336  131  186  317  159  251
   12800  134  229   70  163  271  188  306  282  215  230
   12820  151  246   79  298  306  224  305  236  311  195
   12840  285  291  212  264  302  143  309  386  311  256
   12860  254  380  175  287  284  192  223  391  272  205
   12880  305  127  210  274  197  288  235  397  199  180
   12900  451  118  126  292  223  299  207  380  375  161
   12920  331  154  143  222  184  326  218  329  205  156
   12940  348  174  114  279  223  356  234  222  232  152
   12960  486  238  200  209  278  290  167  207  255  194
   12980  388  259  188  200  211  355  268  216  293  284
   13000  433  222  171  215  215  323  248  196  234  322
   13020  435  345  235  169  312  250  268  187  390  259
   13040  368  300  217  234  371  334  306  235  314  248
   13060  311  323  118  328  336  251  186  208  320  152
   13080  278  280  160  204  396  201  142  247  336  146
   13100  336  228  177  162  318  122  234  212  233  149
   13120  286  216  185  200  297   64  206  244  261  110
   13140  235  217  263  320  299   48  206  301  220  125
   13160  191  181  225  277  280   33  238  214  246  177
   13180  165  207  184  316  298   81  165  209  237   82
   13200  252  151  143  306  292  115  213  227  209  138
   13220  202  123  144  228  267  171  388  252  197  131
   13240  225  119  122  221  291  324  495  335  253  116
   13260  332  128  181  203  242  320  341  213  274  210
   13280  301  156  263  224  338  271  270  220  236  177
   13300  279  138  246  276  227  419  241  198  219  197
   13320  258  182  315  320  134  435  252  184  255  160
   13340  299  220  172  269  199  317  251  165  228  248
   13360  303  280  196  291  205  273  248  130  213  174
   13380  230  271  136  276  178  327  308  115  331  231
   13400  278  197  152  320  124  415  309  190  298  263
   13420  242  188  142  351  130  444  340  243  224  314
   13440  120  350  154  297  207  443  360  221  245  305
   13460  262  309  139  201  216  352  382  232  298  303
   13480  234  286  165  264  230  389  270  243  385  272
   13500  356  228  147  277  228  387  278  214  354  286
   13520  298  266  236  330  192  343  292  250  245  294
   13540  250  336  206  310  150  306  315  273  301  321
   13560  331  233  214  282  152  293  365  321  439  323
   13580  262  262  218  281  200  300  284  236  464  341
   13600  218  328  241  331  214  406  330  272  460  319
   13620  290  344  206  337  292  476  323  223  387  244
   13640  245  257  263  265  309  475  359  218  359  232
   13660  266  342  261  268  268  347  283  206  346  195
   13680  261  383  267  222  285  338  300  318  330  243
   13700  242  218  290  295  296  328  210  264  363  228
   13720  336  312  299  255  329  305  166  196  308  211
   13740  312  365  286  214  248  322  178  303  239  329
   13760  207  385  332  263  204  323  205  398  385  288
   13780  332  373  292  326  180  442  155  380  310  309
   13800  286  307  227  333  222  405  167  314  366  225
   13820  276  361  183  312  173  426  138  302  387  254
   13840  250  373  285  281  257  430  186  312  363  336
   13860  300  297  287  248   71  352  206  208  359  262
   13880  232  256  383  187  135  263  233  217  366  298
   13900  247  315  346  215  135  248  239  208  339  160
   13920  186  262  420  270  131  245  342  252  248  206
   13940  137  331  319  196  138  234  338  239  295  189
   13960  182  375  293  174  232  200  310  248  284  266
   13980  221  338  249  173  195  180  353  226  201  242
   14000  222  295  213  214  177  184  200  230  278  271
   14020  303  219  283  162  171  250  208  236  250  173
   14040  303  212  320  286  228  300  227  204  167  217
   14060  321  257  313  260  217  309  223  119  120  211
   14080  253  222  351  262  213  283  375  215  184  210
   14100  236  147  284  253  110  264  265  230  209  272
   14120  280  155  184  165  170  247  256  221  353  260
   14140  254  153  184  269  253  356  238  205  304  204
   14160  236   69  289  290  182  321  331  111  220  239
   14180  275  164  220  225  190  273  316   81  295  159
   14200  206  325  217  264  232  267  239   98  206  159
   14220  201  290  335  261  207  213  221  153  178  212
   14240  162  329  315  330  231  266  284  210  204  259
   14260  195  286  456  341  153  367  306  243  365  196
   14280  337  214  383  480  276  265  340  227  273  252
   14300  372  284  319  469  273  268  207  241  209  350
   14320  255  278  257  365  220  255  286  237  311  248
   14340  171  203  211  294  226  189  336  177  249  227
   14360  251  260  198  227  195  329  306  181  274  183
   14380  338  137  288  278  158  290  221   84  352  178
   14400  280  123  279  243  121  297  237   47  316  213
   14420  284  255  132  197  108  358  263  209  339  221
   14440  281  292  167  378  151  258  312  246  401  204
   14460  158  272  170  352  206  231  344  225  358  226
   14480   74  337   92  414  156  267  351  308  312  158
   14500  132  279  134  383  224  173  296  191  289  162
   14520  141  182  118  407  186  195  346  140  320  229
   14540  152  196   86  483  187  333  353  127  244  293
   14560  230  234  180  428  307  289  315  205  317  336
   14580  166  246   54  513  239  272  217  184  354  307
   14600  192  271  144  279  198  228  158  284  235  381
   14620  276  219  178  171  202  262  165  283  233  308
   14640  180  282  102  238  227  177  243  116  237  297
   14660  200  156   70  280  180  174  235  145  303  244
   14680  132  140   81  260  150  179  217  173  355  230
   14700   97  239  187  280  182  297  287  238  280  245
   14720   93  317  277  261   87  269  280  247  276  238
   14740  222  345  255  335  109  174  388  301  233  211
   14760  216  369  322  218  253  253  215  309  162  205
   14780  205  238  267  208  230  241  260  245  141  201
   14800  162  281  242  298  321  277  383  209  134  192
   14820  213  286  281  288  266  310  365  219  167  252
   14840  266  274  292  286  212  264  424  146  126  273
   14860  222  259  351  227  272  341  317  205  106  217
   14880  202  321  242  104  257  267  237   71  193  206
   14900  158  313  260  190  225  315  243   85  148  220
   14920  232  329  240  216  211  270  270   70  184  294
   14940  276  355  171  231   84  330  294   26  204  279
   14960  218  370  134  222   95  357  223   32  266  190
   14980  248  295  204  236  133  377  220   48  119  183
   15000  225  316  182  347  166  400  277   98  161  233
   15020  324  334  250  373  103  374  157  124  101  263
   15040  230  279  284  330  209  365  192  228  138  304
   15060  216  258  324  303  179  367  323  126   94  218
   15080  197  253  272  314  145  314  195  224  164  251
   15100  256  320  336  398  143  294  248  231  155  151
   15120  226  338  359  232  237  359  218  241  210  169
   15140  191  265  367  314  319  301  220  218  278  159
   15160  238  325  316  292  374  336  240  281  325  179
   15180  205  321  356  396  371  284  368  310  289  216
   15200  296  251  206  333  324  207  431  298  298  189
   15220  157  258  291  199  229  137  280  254  274  391
   15240  106  289  241  181  215  180  219  235  281  266
   15260  125  168  315  158  266  191  196  342  265  251
   15280  178  128  351   77  258  186  269  280  270  206
   15300  133  184  280  130  322  164  264  285  286  114
   15320  189  181  178  136  205  171  252  218  238  137
   15340  147  235  178  174  294  216  347   93  279  150
   15360  187  223  304  307  371  200  292  172  323   68
   15380  270  278  201  352  255  244  327  220  297  154
   15400  259  265  258  272  225  168  344  325  402  190
   15420  224  231  244  207  234  214  323  387  428  224
   15440  337  220  265  181  247  304  407  284  332  225
   15460  380  149  244  334  278  292  252  298  360  255
   15480  218  240  268  377  138  294  255  241  366  299
   15500  189  322  244  364  215  256  214  168  330  319
   15520  133  255  157  335  256  264  228   83  278  344
   15540  221  159  203  340  430  221  239   87  344  330
   15560  335  184  195  307  375  205  263   75  339  275
   15580  186  152  135  352  325  212  168   25  291  257
   15600  202  124   98  313  352  172  170   76  303  268
   15620  138   76  185  271  299  224  201   41  352  291
   15640  120  126  164  121  240  267  140   44  257  290
   15660  105  153  227  133  248  268  135   67  304  308
   15680  179  127  239   87  227  344  195   97  257  287
   15700  310  147  185  163  173  446  281   79  172  225
   15720  359  161  116  157  320  324  410   22  148  197
   15740  250   92   78  129  198  323  290   35  213  351
   15760  272  126   67  170  304  334  209   55  153  303
   15780  177  221  122  157  214  367  193  141  143  296
   15800  247  312  105  176  208  333  335   97  149  255
   15820  280  225  141  162  232  216  360  114  310  324
   15840  331  280  182  178  268  181  336  261  235  296
   15860  273  256  195  132  197  174  281  260  239  353
   15880  305  220  293  142  302  212  166  283  217  254
   15900  246  241  325  218  252  189  176  292  167  239
   15920  172  237  243  176  265  148  141  262  243  251
   15940  278  205  251  293  382  143  121  263  343  191
   15960  231  180  249  345  325  105   97  209  244  160
   15980  176  259  153  163  361  176  148  239  276  195
   16000  171  290  323  157  256  252  157  289  259  157
   16020  324  126  277  147  265  289  179  296  300  338
   16040  219  167  365  150  215  169  203  206  225  279
   16060  194  174  454  248  146  284  213  217  222  345
   16080  227  246  353  265  228  230  273  173  313  279
   16100  263  351  349  314  151  284  188  216  271  297
   16120  160  361  347  226  155  270  218  212  298  311
   16140  223  313  215  219  191  252  188  146  357  257
   16160  206  250  200  186  244  306  230  201  247  322
   16180  261  208  314  131  217  265  262  167  288  232
   16200  292  176  324  118  195  209  268  158  249  207
   16220  237  179  328   73  193  275  260  155  180  181
   16240  172  195  314   84  270  232  266  181  116  179
   16260  211  199  214  169  286  219  234  188   69  171
   16280  249  146  212  174  232  200  294  163   44  218
   16300  219  111  256  208  279  207  300  182  107  173
   16320  168  158  239  171  237  274  329  230  168  110
   16340  181  162  267  255  131  241  296  224  131  165
   16360  235  157  226  172  120  305  348  193  154  172
   16380  214  213  197   99  219  279  294  191  108  214
   16400  199  122  257  125  174  312  332  159  135  281
   16420  149  116  234  163  187  256  294  100  125  232
   16440  163  134  210  229  212  337  295  108  124  182
   16460  256   50  223  279  301  220  255   99  163  102
   16480  306   52  211  222  261  213  308  111  165  118
   16500  291   77  230  243  253  261  265  121  244  229
   16520  251  160  269  233  249  189  301  158  251  202
   16540  200  195  342  256  241  223  225  157  228  223
   16560  150  206  292  220  349  218  273  160  228  170
   16580  199  189  413  251  183  276  261  147  169  119
   16600  234  147  314  200  171  255  159  201  120  166
   16620  297  154  292  219  204  219  225  184  211  227
   16640  159  230  286  237  271  234  241  201  224  209
   16660  117  144  226  127  370  167  188  245  223  153
   16680   80  103  184  211  292  162  181  309  265  239
   16700   87  135  231  271  260  206  163  245  306  227
   16720  160  172  186  169  272  150  211  201  192  248
   16740  254  132  240  165  428  167  324  123  284  268
   16760  259  120  203  284  225  281  272  178  237  220
   16780  319  138  195  215  235  308  179  171  446  235
   16800  233  167  162  280  354  309  209  204  346  217
   16820  265  270   82  140  272  242  138  204  328  241
   16840  130  145   77  211  303  278  127  226  356  374
   16860  225  198   92  232  325  164  221  271  388  359
   16880  184  123   89  178  207  117  262  372  311  284
   16900  115  126  123  177  284  158  133  222  288  330
   16920  177  140  184  231  187  223  171  122  339  327
   16940  199  156  211  210  272  155  110   70  307  319
   16960  218  114  200  265  478  156   47   29  155  277
   16980  268   87  225  214  301  129   49   54   88  242
   17000  272   80  294  234  256  110   98  149   77  213
   17020  335   81  258  191  265  210  177  101   92  163
   17040  369  162  247  161  203  216  145  115  166  145
   17060  366  143  125  137  238  161  126  133  150  157
   17080  429   56   78   65  389  147  172  121  264  187
   17100  236  123  107  130  317  184  156  177  305  241
   17120  374  120  184  263  163  219  162  200  189  172
   17140  337  124  252  266  275  172  135  142  138  181
   17160  315  148  207  243  223  141  132  158  222  195
   17180  234  222  224  268  203  180  175  115  188  129
   17200  255  372  172  245  172  155  179  121  187  155
   17220  203  273  134  265  211  171  169   89  160  218
   17240  146  280  113  226  214  267  232   67  140  222
   17260  130  271  103  292  196  241  234   72  139  164
   17280  181  178  208  216  177  228  236   59  152  197
   17300  226  151  227  280  134  243  206  105  175  184
   17320  360  114  179  385  120  323  236  100  252  223
   17340  352   82  136  255  147  248  144  151  210  183
   17360  276  164  195  213  114  227  131  276  248  157
   17380  256  195  184  222  139  264  133  294  193  122
   17400  236  206  219  218  129  207  134  277  235  120
   17420   94  203  278  313  133  193  166  342  235  111
   17440  109  143  264  317  128  173  176  258  195  214
   17460   71  128  269  205  214   75  335  234  265  164
   17480   78   94  236  193  174  169  322  259  334  194
   17500   97  122  246  208  184   94  402  286  189  371
   17520   99  144  207  251  232  147  287  285  271  257
   17540  195  179  331  248  234  150  264  400  178  254
   17560  168  185  314  175  226  148  243  171  212  235
   17580   79  212  331  138  168  180  149  136  231  169
   17600   84  219  254  142  164  229  167  199  251  269
   17620  108  174  182   73  110  221  117  184  168  302
   17640  127  182  118   46   53  273  143  224  254  185
   17660  208  145  181   68   50  238  149  146  191   80
   17680  205  184  302   98   45  289  176  127  130  108
   17700  257  155  276   86   59  332  146  117  171  127
   17720  283  183  302   53  108  329  221  195  155  191
   17740  361  142  196  107   77  382  228  332  121  248
   17760  366  217  209   86   31  342  240  328  159  180
   17780  259  198  293   93   18  311  211  315  235  138
   17800  244  327  319  100   43  359  284  354  270  145
   17820  339  281  333  156  142  261  241  385  227  223
   17840  331  212  382  124  117  163  231  277  155  220
   17860  270  341  428   80  242  205  226  264  145  249
   17880  347  366  399  129  294  222  226  215  297  210
   17900  404  355  328  248  225  220  176  168  260  253
   17920  327  322  396  325  286  168  242  139  180  249
   17940  387  272  304  300  293  111  225  126  186  343
   17960  349  343  385  375  289  104  199  147  255  251
   17980  286  316  253  313  241  140  232  154  227  274
   18000  304  337  220  299  217  263  269  166  276  416
   18020  268  399  117  307  182  291  335  236  278  327
   18040  298  313  130  231  197  304  256  236  256  266
   18060  266  209  109  169  222  280  107  192  155  258
   18080  270  277  113  210  246  150  115  137  222  224
   18100  304  277  122  154  387   96  119  183  173  243
   18120  210  322  163  175  329  116  129  175  259  287
   18140  247  241  205  201  215   68  151  311  194  272
   18160  233  217  200  282  289   34  283  171  273  223
   18180  367  164  216  327  320   55  323  266  266  237
   18200  333  176  158  325  215  142  318  223  345  265
   18220  370  187  175  417  219   96  313  278  341  210
   18240  343  320  132  209  354   80  294  185  229  179
   18260  335  253  104  237  313  145  273  178  259  262
   18280  298  271   81  233  360   49  281  207  243  283
   18300  164  293   59  268  323  136  294  132  170  298
   18320  107  332   74  172  303  178  256  131  172  387
   18340   65  247  188  176  251  192  241   96  137  339
   18360  128  184  269  142  144  183  253   83  108  300
   18380  210  232  217  232  177  195  243  144  127  268
   18400  158  287  345  363  168  137  124  282  189  239
   18420  249  262  205  262  156  143  127  349  180  191
   18440  303  322  275  292  180  115  174  314  253  283
   18460  272  341  358  218  205   98  229  272  262  207
   18480  256  352  409  148  267   55  358  186  217  142
   18500  344  252  290  212  193   51  254  266  179  170
   18520  345  229  319  204  116  125  182  323  208  253
   18540  287  286  366  222  164  149  198  393  163  255
   18560  292  335  315  212  291  227  286  303  272  198
   18580  279  370  284  251  248  175  251  331  328  202
   18600  387  344  313  260  281  130  263  338  243  257
   18620  459  328  412  256  271  174  173  282  241  212
   18640  371  381  311  224  269  156  176  192  250  195
   18660  387  325  339  240  110   79  108  200  192  308
   18680  333  312  234  223  178   96  174  144  162  331
   18700  332  219  214  271  202   99  240   73  203  279
   18720  271  287  236  307  235  104  342  117  179  254
   18740  176  199  311  332  219   94  200  174  207  227
   18760  223  319  265  312  238   64  153  139  116  176
   18780  169  250  357  250  174  150  210  151   68  206
   18800  177  313  399  171  175  181  155  157  171  180
   18820  338  335  453  148  214  167  167  155  169  262
   18840  338  440  364   78  196  188  212  123  170  211
   18860  354  255  375  133  264  292  185  119  182  291
   18880  354  207  336  206  215  177  149  104  153  185
   18900  351  215  349   77  290  235  201   57  207  123
   18920  519  388  401   41  221  201  240   49  181  157
   18940  382  356  308   60  221  252  152   60  148  201
   18960  380  343  243   81  285  218  195  100  129  211
   18980  372  350  222   71  290  152  169  135  183  251
   19000  423  325  198  134  199  227  103  129  266  226
   19020  432  329  205  108  178  129  103  125  309  151
   19040  315  213  147   96  147  202  108  211  202  150
   19060  332  343  158   71  101  144  146  271  225  136
   19080  329  320   97   68   95  146  149  260  219  180
   19100  280  346  117   79   77  156  151  254  298  226
   19120  312  279  188  189  121  161   91  276  262  203
   19140  392  322  123  220  149  248  152  257  236  229
   19160  241  348  210  191  187  265  159  219  198  256
   19180  206  241  289  152  170  315  189  229  267  164
   19200  146  211  329   79  335  199  179  195  238  172
   19220  220  151  266  113  259  171  205  193  190  232
   19240  195  287  302  112  218  273  211  201  237  237
   19260  210  338  253  119  193  202  176  223  242  211
   19280  233  372  277   97  178  126  130  171  286  164
   19300  219  302  260  116  182  102  183  284  351  178
   19320  224  353  319  159  223   77  182  255  455  204
   19340  269  349  206  206  257  148  283  230  301  218
   19360  190  316  247  215  277   91  230  239  249  146
   19380  253  280  293  316  288  228  195  274  176  137
   19400  298  345  332  273  289  269  219  190  155  199
   19420  240  330  378  309  245  322  258  128  212  267
   19440  227  368  277  288  204  257  229  145  133  401
   19460  249  292  193  300  201  241  139  264  145  249
   19480  264  362  149  309  280  256  154  251  151  208
   19500  283  290  143  271  214  291  169  160  204  149
   19520  209  309  160  256  325  262  191  179  285  166
   19540  246  243  200  258  323  309  225  204  200  157
   19560  188  199  234  196  293  239  222  269  184  126
   19580  194  181  293  138  284  169  237  265   95  263
   19600  257  227  336  210  325  121  275  242   77  255
   19620  289  429  301  205  358  158  220  254   84  233
   19640  219  394  264  254  427  192  227  231  118   94
   19660  289  229  361  249  360  188  267  195  111  114
   19680  222  268  268  279  342  103  181  243  125  110
   19700  271  229  225  322  288   99  127  222  101  247
   19720  351  230  217  183  368   77  181  245  155  232
   19740  290  169  180  159  371   37  135  357  274  232
   19760  240  200  267  256  287   37  151  219  274  180
   19780  298  163  185  333  238   90  135  167  223  105
   19800  366  181  230  291  213  153  109  165  168  108
   19820  326  171  248  207  130  182  216  190  126  126
   19840  275  275  208  135  165  171  283  277  150  153
   19860  392  282  158  133  184  218  355  229  117  149
   19880  269  270  256  116  106  171  281  188   61  189
   19900  287  245  248  138   80  258  304  233  100  275
   19920  332  219  206  164  112  199  331  244  153  250
   19940  328  304  159  235  162  213  273  200  181  239
   19960  359  193  138  167  120  176  224  221  184  176
   19980  237  269   82  246  164   80  109  190  364  135
   20000  217  263   34  214  286   87  130  302  238  186
   20020  195  338   61  203  312  125  140  311  208  198
   20040  123  354   72  153  261  184  172  268  223  332
   20060   71  260   93   68  300  123  129  200  301  322
   20080   27  386  124  167  391  184  155  140  332  212
   20100   36  326  148  130  214  177  158  200  372  133
   20120   32  341  152  147  291  190  120  142  233   68
   20140   25  340  204  162  202  131  175  208  118   27
   20160  121  349  201  197  145  121  193  182  179  119
   20180  172  264  195  300  172  151  272  273  214  181
   20200   84  401  154  273  252  145  361  207  193  198
   20220  129  276  108  222  201  152  274  175  158  158
   20240  193  232  120  163  201  263  176  145  208  147
   20260  263  148   92  198  297  213  236  192  202  205
   20280  268  200  129  241  280  190  242  246  220  182
   20300  169  139   99  165  304  186  282  170  289  172
   20320  200  159   86  263  274  195  207  171  206  240
   20340  267  228   69  290  182  316  254  202  230  235
   20360  235  201   94  195  116  265  273  192  321  185
   20380  338  232  129  280   54  316  276  315  252  263
   20400  395  210  226  218   98  275  439  170  292  208
   20420  292  209  194  244  147  257  312  229  209  216
   20440  323  282  226  291  149  232  342  273  172  257
   20460  256  381  294  216  209  186  314  221  265  279
   20480  356  205  268  142  228  124  237  338  233  221
   20500  263  145  280  186  212  127  256  239  211  229
   20520  236  183  423  175  217  155  172  229  249  168
   20540  235  138  319   93  326  222  210  196  217  194
   20560  249   89  433  106  211  280  195  269  223  183
   20580  180  204  340  114  189  291  173  212  305  144
   20600  148  203  293  206  300  194  153  233  219  156
   20620  214  217  336  237  247  267   99  282  271  195
   20640  328  203  270  252  269  152  110  273  243  148
   20660  185  230  208  302  152  116  129  136  313  144
   20680  186  224  223  267  139  138  190  111  305  105
   20700  202  167   79  293  156  153  188  219  320  126
   20720  119  198  107  209  164  109  309  229  301  188
   20740  136  102  110  108   53  126  297  260  308  161
   20760  134   52   68   79  130  168  282  281  263  147
   20780  211   30   49   78  220  222  348  272  198  235
   20800  207   34  136  102   86  209  310  410  218  243
   20820  125   94  121  136   77  218  276  324  158  146
   20840   92  171  146   90   74  176  300  296  237  124
   20860  134  163  179   39  109  148  365  234  223  130
   20880  188  207  175   43  145  220  265  323  314  139
   20900  268  290  137   41  135  105  347  295  258   88
   20920  208  293  134   75   94  116  255  259  241  148
   20940  142  221  130   88  240  143  224  292  294  158
   20960  212  222  144   65  182   94  199  281  247  170
   20980  189  162  147  100  204   94  186  260  233  326
   21000  159  175  100  163  210   51  211  378  204  280
   21020  181  190  122  159  221   17  300  348  150  173
   21040  164  242  131  189  360   18  366  358  209  181
   21060  227  323   97  264  216   37  323  235  268  264
   21080  192  376  122  192  231   96  305  228  261  282
   21100  137  295  255  222  169  113  313  156  187  224
   21120  199  237  247  144  181  246  265  162  184  237
   21140  190  271  164  264  195  281  361  122  273  189
   21160  130  326  147  318  185  233  282   79  299  260
   21180  114  266   85  294  238  164  272  130  211  321
   21200   77  261  177  191  302   81  226  137  229  333
   21220   53  253  118  172  273  102  136  188  280  215
   21240   34  319  133  198  151  162  132  263  175  233
   21260   10  236  131  156  198  186  170  212   70  156
   21280   24  197  164  111  152  195  208  202  115  153
   21300   59  189  231   94  160  191  177  151  184  103
   21320   94  162  223   27  175  188  224   85  249  151
   21340  165  234  266   17  267  126  285   93  205   96
   21360  217  281  167    8  187  176  263   98  276  149
   21380  246  245   82    2  289  171  247  129  251  166
   21400  222  263   89   17  192  190  280  158  294  134
   21420  239  295  116  116  215  137  249  151  183  155
   21440  151  216  181   92  204  171  177  128  268  117
   21460  182  214  170  124  214  184  186  110  252  110
   21480  223  163  199  139  120  121  283  216  267  107
   21500  223  127  240  228  162  158  238  195  252  122
   21520  213  224  304  342  237  195  288  163  272  110
   21540  186  218  161  312  267  184  275  174  206   44
   21560  172  227  203  213  236  191  331  114  206   15
   21580  231  187  316  234  174  224  245  113  249   26
   21600  185  213  334  187  219  266  251  164  319   73
   21620  179  149  319  242  162  202  286  152  339  177
   21640  211  150  242  216  130  217  257  215  257  274
   21660  147  225  322  360   94  208  156  264  266  291
   21680  192  206  210  282  144  254  190  202  182  267
   21700  253  279  198  275  249  265  183  182  138  190
   21720  373  334  119  293  219  220  266  185  281  142
   21740  262  244  106  257  148  216  316  256  278  161
   21760  153  241   87  332  106  174  309  238  372  127
   21780  183  152  134  188   95  158  371  207  381  208
   21800  163  229  251  242   85  226  259  227  336  254
   21820  237  233  205  208  113  143  195  303  344  250
   21840  255  243  191  244  157  167  140  274  416  260
   21860  233  268  197  205  217  240  108  264  455  120
   21880  183  261  266  231  286  311  175  236  462  144
   21900  157  306  159  179  290  278  209  253  405  153
   21920  170  225  179  263  242  379  167  256  337  166
   21940  184  158  168  211  139  369   48  195  369  112
   21960  195  191  262  182  151  350   27  200  391   91
   21980  241  148  220  230  159  235   24  184  305   85
   22000  263  159  182  403  151  330   22  212  309  171
   22020  179  270  196  360  125  259   52  165  300  221
   22040  134  238  176  287   49  328   21  271  429  275
   22060  123  281  233  405   82  346   19  188  515  210
   22080  135  214  240  353   89  246   12  232  247  206
   22100  212  179  307  330   96  255   15  331  273  181
   22120  226  179  310  305  118  247   13  332  438  193
   22140  247  151  310  301  100  231   22  282  488  312
   22160  158  213  332  190  114  188   33  354  437  236
   22180  124  258  250  129  103  237   64  288  371  263
   22200  188  265  217  108  119  303   30  305  316  242
   22220  328  266  301  176  122  345   67  301  277  274
   22240  372  285  316  265  198  276   69  302  339  244
   22260  220  207  246  290  179  338  144  296  343  214
   22280  292  180  333  201  194  333  107  355  300  247
   22300  396  217  273  271  158  262  201  288  334  286
   22320  282  217  146  282  285  257  159  260  276  286
   22340  257  157  133  228  172  195  122  201  305  268
   22360  167  166  166  255  269   62  133  188  297  307
   22380   99  158  256  266  179   60  125  227  403  322
   22400  103  212  271  260  224  126  126  239  235  337
   22420   83  179  241  251  282  104  180  257  263  206
   22440  132  178  223  302  249   94   37  242  276  151
   22460  237  193  197  241  275  112   94  175  251  224
   22480  211  306  251  281  369  209   59  211  240  224
   22500  199  208  146  250  357  249   62  243  343  343
   22520  197  215  108  323  183  169   49  209  292  276
   22540  155  274  130  326  216  239   48  213  202  388
   22560  225  161  188  309  176  208   48  146  189  328
   22580  238  199  111  273  165  173   68  172  171  339
   22600  154  308  141  159  242  115  123  173  129  233
   22620  244  306  155  186  179  163  119  295   91  332
   22640  231  274  136  176  141  174  201  186  109  348
   22660  245  321  166  106  164  262  188  247  174  336
   22680  119  332  109   95  199  182  202  253  242  388
   22700  181  269   71   99  137  119  189  266  377  264
   22720  216  224   38  121  151  192  168  231  182  234
   22740  177  221   17  143  134  185  205  251  258  173
   22760  169  337   19  204  187  214  241  252  188  276
   22780  202  279   42  195  159  135  255  147  164  336
   22800  174  331   58  221  142  227  180  277  109  292
   22820  204  311   34  371  103  226  303  290  179  167
   22840  274  318   55  383   75  153  302  280  162  218
   22860  239  275   47  329  110  184  291  271  208  188
   22880  186  308  104  358  155  101  231  284  200  218
   22900  135  246   95  294  134  189  209  219  292  188
   22920   55  282  108  269  187  150  306  126  317  284
   22940   62  250  128  315  188  171  278  156  325  234
   22960  122  288  135  270  279  216  328  202  274  275
   22980   98  239  204  323  270  218  267  207  347  178
   23000  109  145  240  361  205  293  274  127  381  185
   23020   98   95  276  362  141  274  336  188  397  236
   23040  146  123  261  268  175  258  370  182  186  166
   23060  200  110  239  216  228  312  443  336  318  129
   23080  258  209  321  199  390  173  334  152  426  136
   23100  213  194  221  173  428  157  347  149  501  107
   23120  204  166  199  172  475  311  259  134  327   90
   23140  242  143  178  148  377  318  277  166  279  163
   23160  205  175  201  159  308  241  363  229  300  109
   23180  156   90  227  196  305  163  253  169  337  174
   23200  205  208  229  245  288  229  219  250  246  194
   23220  175  242  281  242  295  217  334  158  293  330
   23240  202  166  265  221  230  179  268  192  222  284
   23260  178   89  198  183  215   91  239  203  271  315
   23280  147  125  190  173  219  115  263  219  369  347
   23300  179   58  145  226  262  126  171  214  260  285
   23320  218  177  152  184  204  199  145  268  212  277
   23340  213  161  218   87  260  209  183  150  246  295
   23360  289  142  221   70  294  257  169  169  276  342
   23380  245  122  172   79  286  251  159  256  299  270
   23400  235  142  195   83  335  343  145  150  230  264
   23420  188  194  145   95  389  169  187  109  295  186
   23440  152  201   84  111  266  220  139   56  167  286
   23460  158  144   69  118  337  165  135  111  158  244
   23480  190  239   78  110  289  184  157  152  130  252
   23500  267  157   95  134  365  256  145  290  145  222
   23520  291  106  127  135  201  207  155  247  178  175
   23540  283  189  173  171  158  172  145  156  214  144
   23560  177  221  147  232  268  161  162  185  150  180
   23580  145  212  197  285  309  246  183  171  121  113
   23600  207  203  207  277  359  214  203  133  256  109
   23620  277  103  249  299  387  286  213  105  280  150
   23640  235  191  292  269  368  274  204  190  153   86
   23660  242  257  308  189  374  264  218  212  188  215
   23680  165  217  209  259  278  276  255  254  208  206
   23700  164  261  262  137  311  372  222  194  176  255
   23720  322  219  270  170  243  335  170  235  172  279
   23740  269  329  309  181  165  315  260  215  188  236
   23760  197  207  282  187  188  209  221  247  152  284
   23780  176  248  237  146  195  246  195  265  192  261
   23800  261  369  232  245  339  305  193  257  230  236
   23820  340  239  267  227  304  275  146  285  151  233
   23840  335  264  207  189  268  269  231  216  131  246
   23860  283  332  138  168  191  252  249  184  163  228
   23880  305  313   99  141  226  347  187  172  226  171
   23900  314  232  124  258  210  440  171  240  180  226
   23920  290  224  213  284   75  317   84  138  165  265
   23940  311  295  275  256   87  163   74  171  167  233
   23960  335  234  297  264   38  223  117  165  152  186
   23980  200  286  246  372   46  138  133  181  157  277
   24000  120  332  217  276  100  123  151  122   43  237
   24020  163  169  130  355  265  167  184   93  164  344
   24040  160  202  109  211  265  230  225  121  274  289
   24060  223  227   76  183  313  213  198  107  163  245
   24080  172  311  111  163  297  253  136  172  171  172
   24100  224  225  117  233  340  132  110  166  232  132
   24120  272  198   57  270  324  174  117  205  319  166
   24140  314  171  130  326  256  201  190  235  336  231
   24160  265  245   72  339  298  274  200  181  305  222
   24180  196  307  152  227  253  324  247   90  333  246
   24200  157  280  159  260  249  255  259  175  236  216
   24220  139  279  164  189  194  162  387  213  185  156
   24240  193  190  117  301  250  120  272  181  248  222
   24260  164  250   92  223  372  161  273  194  247  217
   24280  158  320  117  163  324  239  259  156  356  198
   24300  233  320  108  133  389  191  250  170  352  253
   24320  221  334  175  217  421  184  185  144  372  122
   24340  266  173  199  210  413  228  178  161  257  226
   24360  310  137  274  208  259  143  200  165  286  217
   24380  419  154  272  202  250  222  140  122  243  185
   24400  383  163  183  206  204  189  118  118  304  245
   24420  257  184  240  240   86  251  248  183  250  281
   24440  328   92  240  269  230  289  253  252  223  263
   24460  279   45  227  190  260  320  219  398  285  214
   24480  274   39  261  140  351  339  201  379  348  273
   24500  287   79  169  125  398  203  210  301  355  322
   24520  210   46  297   88  442  205  171  292  346  415
   24540  173   29  160  140  351  177  220  290  372  307
   24560  248   42  302  174  266  237  310  322  394  161
   24580  132   86  261  284  232  157  257  193  371  154
   24600  111  171  264  164  276  129  169  234  223  103
   24620   88  109  336  215  303  190  176  266  384  149
   24640  105  154  236  322  344  171  191  274  354  294
   24660  122  228  206  214  322  197  199  299  358  258
   24680   75  151  185  195  292  302  193  288  413  346
   24700   61  168  120  232  275  251  200  205  382  315
   24720  106  125   91  249  276  206  239  142  422  219
   24740   75  196  100  211  294  156  267  154  242  207
   24760   76  107  105  218  225  125  251  162  386  223
   24780   89   66  121  237  271  140  183   83  388  175
   24800  127   88  201  216  216  155  180   83  410  113
   24820  216   49  203  232  112  198  298  170  247  140
   24840  295   45  297  301  146  136  217  154  304  228
   24860  331   32  262  282  303  153  233  221  334  330
   24880  284   74  279  310  326  136  205  339  347  354
   24900  326  153  285  208  293  185  214  278  388  375
   24920  297  128  258  332  332  295  228  257  425  286
   24940  330   56  253  231  188  319  191  309  439  267
   24960  213   70  233  267  139  339  303  281  302  252
   24980  220  138  272  412  107  227  322  264  278  285
   25000  192   80  265  347  191  158  346  185  315  345
   25020  200  116  329  379  138  202  347  319  365  255
   25040  234  118  223  245  133  246  299  393  278  341
   25060  201   96  196  355  144  282  324  362  324  239
   25080  205   80  190  364  144  338  272  392  374  218
   25100  232   92  187  313  224  284  275  259  356  123
   25120  215   63  242  150  260  306  319  226  383   75
   25140  181   31  272  292  256  325  417  331  300   90
   25160  176   50  187  186  246  231  431  342  290  120
   25180  150  110  151  271  235  168  318  269  336  123
   25200  286   83  210  226  222  288  381  274  336  132
   25220  229   80  207  211  169  367  325  246  247   95
   25240  188   93  283  312  194  361  340  352  128   33
   25260  171  159  349  219  135  287  461  269  192   73
   25280  167  178  455  218  219  240  395  281  131  119
   25300  235  192  351  184  224  254  440  219  153  127
   25320  242  244  292  188  224  263  351  216  249  222
   25340  280  271  370  124  314  264  196  250  369  236
   25360  403  231  431  128  305  235  215  310  366  269
   25380  342  142  343  234  272  125  358  217  312  197
   25400  327   78  245  321  203  200  363  327  203  207
   25420  193   76  278  252  224  243  331  405  231  288
   25440  222   63  320  270  350  229  240  469  163  290
   25460  342   77  315  274  339  285  326  417  248  230
   25480  336   67  344  284  259  248  357  362  262  217
   25500  343  146  314  318  319  174  293  323  331  284
   25520  331  103  283  217  305  121  185  385  285  319
   25540  420   96  179  271  208  194  251  361  165  276
   25560  341  138  225  306  189  228  295  394  203  259
   25580  314  212  258  178  129  391  240  328  174  277
   25600  274  253  345  213  146  352  226  269  195  231
   25620  227  280  339  262  179  376  240  281  193  241
   25640  336  298  325  264  205  385  198  275  151  224
   25660  381  229  288  256  148  284  194  235  164  264
   25680  202  112  225  239  109  356  301  207  187  341
   25700  238   73  108  271  102  356  155  188  235  314
   25720  297  150  112  236  110  389  156  236  334  384
   25740  453  132  184  310  171  292  106  326  235  282
   25760  322  167  187  240  198  217   54  259  347  243
   25780  352  264  319  199  203  214  107  359  332  120
   25800  364  308  397  254  201  158   75  276  381   86
   25820  370  267  338  169  178  232  106  236  288  188
   25840  260  199  298  242  141  304  179  208  219  227
   25860  212  135  296  415  177  205  137  285  191  229
   25880  314  117  273  272  125  156  184  241  243  244
   25900  274  282  201  246  103  147  125  162  218  281
   25920  282  288  191  182  136  129  124  109  253  339
   25940  360  313  296  218   86  158  184  146  293  319
   25960  401  241  284  348   94  178  211  208  218  278
   25980  307  338  232  312  131  240  205  247  273  245
   26000  289  236  347  264   76  313  218  204  386  277
   26020  255  245  327  296   95  200  289  102  326  200
   26040  245  325  202  367  133  199  240  115  345  193
   26060  292  226  143  394  129  119  211  136  291  269
   26080  262  184  261  392  107  110  224  129  238  194
   26100  217  141  279  364  153  170  254  212  229  232
   26120  373  185  224  316  184  245  238  196  197  293
   26140  320  207  205  246  227  242  171  279  260  261
   26160  361  232  132  198  233  209  223  263  317  252
   26180  303  211  101  145  316  158  174  229  298  295
   26200  324  183   99  126  162  140  234  273  253  281
   26220  446  217  165  129  160   61  230  389  240  295
   26240  340  257  198  158  206   96  270  383  264  231
   26260  353  230  283  121  184  167  338  230  281  268
   26280  309  231  296  202  168  210  262  368  247  312
   26300  222  116  240  339  160  177  320  412  217  265
   26320  321  172  154  274  167  173  275  331  259  260
   26340  378  176  212  282  167  219  300  319  220  294
   26360  370  188  146  241  176  196  391  307  262  270
   26380  294  212  226  279   84  273  282  335  230  293
   26400  159  254  325  297  129  204  292  363  241  299
   26420  246  251  275  309  127  283  213  330  247  233
   26440  170  314  206  246  200  253  210  332  266  247
   26460  256  267  276  304  145  290  308  299  263  288
   26480  212  187  225  301  151  288  240  250  211  327
   26500  293  204  235  241  201  337  334  305  153  280
   26520  321  200  262  293  174  346  295  206  104  264
   26540  357  148  162  343  174  249  256  227   71  295
   26560  203  263  128  341  190  344  277  190   47  365
   26580  231  239  162  352  138  463  355  151   74  283
   26600  307  180   99  303  217  382  363  187  129  266
   26620  429  267  214  377  174  301  335  163  132  222
   26640  407  389  138  256   92  389  224  196   89  237
   26660  412  280  170  227   59  302  196  177   92  239
   26680  250  251  175  278   89  290  213  125  196  272
   26700  281  208  260  305   90  302  203  128  193  266
   26720  313  209  335  440  129  372  250  146  234  235
   26740  280  186  266  311  158  306  280  132  220  213
   26760  197  274  256  321  193  266  273  176  268  228
   26780  193  176  197  270  184  406  185  239  210  247
   26800  257  280  240  279  130  318  241  185  268  186
   26820  313  224  221  279  140  341  293  154  310  196
   26840  297  333  202  241  176  270  255  151  305  153
   26860  313  317  263  202  116  288  245  263  235  205
   26880  287  274  252  202  247  289  211  158  243  248
   26900  227  234  210  223  172  176  280  172  283  280
   26920  189  175  215  220  156  175  161  170  263  359
   26940  195  219  198  297  224  234  158  180  216  330
   26960  152  258  294  180  244  379  186  139  208  314
   26980  230  215  212  161  235  430  221  236  204  322
   27000  249  136  242  148  245  466  166  116  325  344
   27020  231  161  169  160  215  374  210  155  237  366
   27040  227  154  224  195  211  256  221  116  123  259
   27060  134  203  248  133  173  315  219  198  198  276
   27080  162  198  216  112  198  330  147  167  155  343
   27100  254  285  227  102  260  208   93  255  250  328
   27120  242  191  273  117   96  203  104  406  226  217
   27140  245  199  240  162  133  261   49  307  296  290
   27160  295  158  252  139  133  355   84  320  356  310
   27180  262  200  185  139  129  363  126  263  439  373
   27200  195  113  161  184  124  404  185  319  301  359
   27220  215   93  206  271  138  292  269  264  274  292
   27240  241  197  205  154  153  382  291  179  297  288
   27260  345  121  293  194  136  247  283  293  288  249
   27280  370  197  387  208  158  276  312  289  297  220
   27300  359  122  271  208  114  233  226  298  189  259
   27320  253  191  308  202  163  247  237  262  258  295
   27340  161  178  345  208  159  193  223  264  347  171
   27360  174  190  451  211  161  229  178  307  305  126
   27380  110  175  285  163  130  304  184  292  340  197
   27400  139  211  304  232  157  305  191  268  375  285
   27420  144  211  301  178  138  244  263  273  351  325
   27440  114  229  250  100  108  227  228  214  315  242
   27460  342  216  286   55  200  149  307  264  390  206
   27480  225  167  289   68  217  147  274  327  305  298
   27500  265  161  390  159  158  116  243  297  212  209
   27520  255  106  276  107  112  110  189  252  331  244
   27540  352  116  335   98  213  107  215  232  311  341
   27560  322  125  318  108  200  103  361  245  359  308
   27580  250  133  273  180  353   40  280  254  287  345
   27600  242  133  294  196  304   35  326  158  264  316
   27620  309   84  272  205  267   39  229  180  280  383
   27640  335  143  141  201  181   37  221   92  190  435
   27660  334  204  268  205  194   92  336  180  145  451
   27680  281  152  247  354  193  106  443   81  288  448
   27700  294  192  339  254  238  147  318  145  253  370
   27720  241  172  211  213  209  137  335  135  156  337
   27740  325  131  186  288  208  295  287  256  236  267
   27760  228  204  212  399  162  251  250  155  193  218
   27780  196  268  141  326  230  145  290  259  181  251
   27800  239  161  193  260  247  130  345  250  160  310
   27820  337  177  254  162  182  179  425  182  226  276
   27840  285  252  354  203  206  261  408  206  230  222
   27860  180  172  272  197  180  165  349  240  301  178
   27880  182  162  362   74  252  137  352  149  265  197
   27900  138  151  326   36  263  179  229  136  283  265
   27920  105  187  301   38  226  176  164  193  252  224
   27940   42  246  379  107  160  231  133  200  151  247
   27960   23  282  417   64  159  325  187  169  203  284
   27980   99  311  415   53  142  350  244  164  333  181
   28000  154  260  438   75  113  253  414  143  236  139
   28020  178  404  287  147  149  287  321  193  224  212
   28040  188  274  327  258  115  251  273  209  351  139
   28060  248  260  221  227   68  228  211  207  249  116
   28080  159  244  342  265   81  230  243  192  217  104
   28100  133  178  213  288  193  130  354  225  262   17
   28120  183  193  256  171  189  131  285  250  343   19
   28140  191  200  316  201  216  181  273  194  290    1
   28160  178  260  302  221  238  289  304  129  261   47
   28180  208  282  238  190  205  202  285  173  164  129
   28200  194  251  324  174  110  204  288  270  240  140
   28220  257  143  328  190   99  113  273  168  336  127
   28240  208  114  293  264  142  198  266  220  383  154
   28260  227   83  234  231   73  187  247  277  265  252
   28280  192   86  185  187  105  196  285  149  249  255
   28300  187   60  185  164  119  342  296  171  257  231
   28320  143  240  162  196   86  296  401  210  192  243
   28340  192  218  215  184   69  229  251  194   96  290
   28360  183  232  172  261   92  295  433  307   68  272
   28380  196  120  206  266   67  289  374  278   84  223
   28400  283   99  233  268  109  319  346  210   48  164
   28420  219  142  263  223  252  337  232  233  130  215
   28440  214  160  211  299  173  384  417  234  121  207
   28460  235  142  248  248  116  354  437  244  109  170
   28480  192  172  202  342  187  267  480  180  101  153
   28500  240  124  185  340  163  221  322  244   52  223
   28520  326  185  237  255  133  257  240  165   54  169
   28540  332  282  271  269  119  207  292  254   60  202
   28560  368  233  168  187  110  221  393  208  101  358
   28580  305  242  198  227   79  276  281  234  159  291
   28600  288  252  147  337   59  246  263  248  173  310
   28620  226  192   49  233   56  243  228  255  129  372
   28640  310  143   38  206   81  272  208  267  153  314
   28660  340  167    1  212  107  311  289  306  109  289
   28680  362  152   11  230  165  303  302  272  163  305
   28700  183  162   17  183  146  286  263  269  117  280
   28720  129  158   38  272  209  235  268  234   30  192
   28740   80  123   74  233  263  314  313  278  146  181
   28760   70  111   94  261  270  340  279  320  161  207
   28780   64  149  197  304  243  337  349  344  193  295
   28800   55  153  318  283  330  324  238  307  205  270
   28820   53  145  262  259  233  345  238  249  307  244
   28840   49  217  221  241  241  283  318  290  234  173
   28860  276  213  237  177  267  316  269  222  144  145
   28880  383  188  269  205  211  383  231  239  150  185
   28900  353  230  306  161  227  271  356  297   98  209
   28920  303  293  277  211  218  324  243  211  104  243
   28940  222  161  336  321   73  318  195  278  117  240
   28960   81  145  257  315  110  267  217  268   71  248
   28980  218  251  285  260  167  293  213  194  136  315
   29000  162  202  343  272  164  319  159  203  230  316
   29020  271  143  320  268  173  325  201  177  280  211
   29040  303  259  340  291  287  288  174  135  280  196
   29060  208  262  362  312  195  253  154   98  320  220
   29080  192  173  357  259  222  321  125   67  162  156
   29100  143  188  422  221  351  269  158  112  151  185
   29120  125  209  344  259  391  208  196  101  202  206
   29140  115  346  364  320  339  188  208  100  264  182
   29160  134  251  299  264  245  244  154  170  203  137
   29180  136  288  354  261  281  246  165  177  145  154
   29200  179  206  433  258  277  291  178  190  194  156
   29220  136  229  292  288  298  253   76  307  145  213
   29240  110  230  291  178  377  218   91  312  195  246
   29260  127  266  270  125  279  327  153  160  115  336
   29280  147  225  397  133  383  226   53  216  167  333
   29300  150  260  188  155  397  326   67  271  144  319
   29320  235  191  156  117  371  298  133  232   98  249
   29340  273  146  100  214  339  335  158  273  151  300
   29360  242   67  130  211  387  316  150  282  132  299
   29380  283  118  189  195  335  411  122  212  192  227
   29400  369  126  166   57  209  319  116  220  269  164
   29420  292  127  279  174  279  375  169  244  173  183
   29440  358  163  352  178  311  281  176  360  256  248
   29460  371  112  364   98  318  366  279  314  198  286
   29480  340  145  387  174  320  293  210  242  155  312
   29500  321  140  250  175  322  207  218  200  164  385
   29520  342  166  285  160  317  236  122  228  288  245
   29540  352  109  224  152  297  167   85  216  198  226
   29560  259  135  320  103  226  182  118  191  183  320
   29580  165  188  258  100  242  158  117  177  212  312
   29600  204  220  195  138  259  211  168  247  185  427
   29620  145  185  244  182  248  249  149  301  276  363
   29640  182  213  243  116  272  172  165  291  294  344
   29660  143  257  376  106  257  259  158  210  325  369
   29680  135  290  374  144  189  331  249  282  268  222
   29700  213  284  310  149  283  217  313  250  282  162
   29720  149  229  195  124  266  231  296  161  316  217
   29740  216  205  190  109  261  287  231  206  276  280
   29760  170  150  262  245  372  243  239  136  265  304
   29780   99  222  322  234  238  201  272  126  366  344
   29800  160  356  351  266  227  196  405   95  313  305
   29820  293  266  239  232  202  254  292  114  238  275
   29840  298  182  240  241  201  314  197  193  267  261
   29860  286  152  328  180  147  283  208  248  252  287
   29880  296  200  249  245  256  295  152  265  286  304
   29900  295  279  309  242  106  195  178  276  192  225
   29920  351  207  319  197   68  274  219  187  191  218
   29940  322  211  199  197   91  289  334   88  225  175
   29960  210  193  223  178  112  308  286  295  176  204
   29980  250  177  251  204  198  284  282  204  215  246
   30000  151  175  156  166  249  336  341  315  217  212
