      20 1094  971  971  978  891 1017 1047  994 1081 1036
      40 1043 1014  958 1042  944 1104 1009 1064 1054  936
      60 1029  924  979  997 1011  924 1109  909 1087  976
      80  940  964 1005 1009  930  891  977 1020 1010  978
     100  920  974 1018  973  991 1014  968  970  864  889
     120  922 1045  888 1026  869 1085  958 1109  958  901
     140  875  962  847  984  904  909  937 1064  980  885
     160  899  943 1020 1111  991  986  955 1029  918  970
     180 1009 1052  893  962  986  865  907  914 1081  970
     200  991 1039  972 1007  920  903  992  829 1007  933
     220  955 1026  994  903  948  892 1003  972 1111  835
     240  901 1016 1010  928  947 1023  992  933 1023  902
     260  949  940  955 1011  884  959  857  985  980 1030
     280  773  807  946  988  895  980  904  935 1027  949
     300  941  813 1022 1009  904  825 1066 1041  994 1014
     320  960  870  925  924  920  888  790  969  998  893
     340  889  842  842  872  834  806  884  991  944  905
     360  795  914  970  837  939 1155  843  892  879  899
     380  874  920 1077  900  944  914  912  835  894  855
     400  781  931 1054  882  894  975  910  964  971  850
     420  895  806  805  822 1017  943  938  842  942  840
     440  922  867  825  780  913  810  850  801  872  949
     460  825  872  959  826  894  838  831  826  963  915
     480  689  780  740  867  829  897  908  879  958  807
     500  796  783  856  929  879  884  916  841  934  762
     520  882  965  878  885  858  820  767  852 1041  743
     540  708  981  848  833  760  834  823  940  768  814
     560  920  899  820  952  966  891 1004  993  832  814
     580 1027  827  871  936  850  732  932  798  885  832
     600  891  810  767  803  943  744  948  852  766 1026
     620  911  832  853  748  887  842  853  730  798  828
     640  786  729  787  945  882  879  779  881  936  923
     660  917  901  792  760  867  833  829  812  759  876
     680  849  836  828  903  698  787  788  928  898  930
     700  823  791  739  774  858  888  814  864  700  827
     720 1000  760  908  910  798  851  756  686  825  801
     740  868  697  804  821  871  744  797  753  815  804
     760  819  901  761  863  853  724  936  890  905  812
     780  702  772  753  814  817  929  808  770  805  701
     800  781  736  853  677  722  698  767  764  783  725
     820  749  767  771  859  693  689  766  789  771  761
     840  669  805  825  812  766  836  971  855  920  696
     860  803  798  716  799  867  889  756  851  788  898
     880  743  779  787  782  800  972  726  778  697  809
     900  823  760  897  713  834  784  756  881  764  949
     920  716  828  939  735  724  789  681  699  746  867
     940  730  753  844  801  707  857  581  607  816  823
     960  720  762  694  827  750  855  703  723  818  758
     980  838  767  873  716  588  617  761  763  749  750
    1000  721  772  863  754  700  671  797  711  828  840
    1020  754  850  665  668  764  667  702  684  643  895
    1040  695  736  692  833  800  673  772  784  728  829
    1060  729  812  747  656  815  597  685  685  758  756
    1080  744  759  759  644  817  702  781  684  696  696
    1100  702  761  735  655  674  795  642  747  617  671
    1120  652  757  757  662  622  664  800  734  660  836
    1140  676  711  755  800  757  810  675  631  569  817
    1160  809  842  719  805  767  846  789  810  655  898
    1180  646  794  666  713  875  792  636  770  621  763
    1200  705  797  619  774  869  698  741  713  668  604
    1220  774  699  853  716  849  785  807  750  745  712
    1240  697  639  728  643  716  710  771  752  771  771
    1260  626  683  901  693  697  604  881  648  757  787
    1280  680  706  824  790  762  772  770  715  804  794
    1300  851  649  885  719  707  810  706  736  617  774
    1320  773  689  846  666  747  649  704  666  679  688
    1340  605  627  624  589  766  757  727  819  641  753
    1360  662  698  732  652  586  778  787  670  652  656
    1380  658  609  779  841  746  740  641  750  759  753
    1400  609  669  729  737  843  817  812  598  596  777
    1420  714  684  662  691  689  748  711  679  842  757
    1440  652  702  670  659  798  705  595  729  795  720
    1460  733  838  756  597  650  651  738  742  889  720
    1480  729  839  772  514  750  775  795  644  689  637
    1500  729  627  603  668  672  759  804  593  701  652
    1520  671  655  662  708  646  674  707  621  783  662
    1540  608  848  767  637  596  818  670  634  614  618
    1560  760  681  720  722  664  797  755  760  668  747
    1580  645  795  656  617  678  659  689  733  695  625
    1600  672  669  582  617  676  711  775  666  533  707
    1620  733  516  669  570  563  758  584  679  545  728
    1640  727  729  606  621  697  770  672  537  622  720
    1660  603  668  593  630  583  723  656  654  781  684
    1680  725  648  621  660  537  589  739  736  655  635
    1700  606  674  604  589  732  664  685  713  697  675
    1720  663  747  628  632  620  667  597  668  622  572
    1740  682  705  506  701  571  657  698  685  542  489
    1760  596  751  708  624  668  719  607  620  572  504
    1780  687  642  623  752  560  569  684  672  582  657
    1800  727  696  731  701  682  615  631  625  660  695
    1820  653  517  686  637  671  624  685  684  615  678
    1840  763  733  569  723  668  619  717  524  544  522
    1860  750  580  684  653  639  740  566  581  627  512
    1880  700  538  645  647  568  717  710  529  556  703
    1900  555  647  665  570  525  570  668  631  735  535
    1920  713  551  610  631  674  723  580  642  606  661
    1940  665  687  609  581  643  583  562  572  521  635
    1960  607  543  509  605  789  686  620  691  633  551
    1980  623  611  633  625  635  640  665  725  493  538
    2000  538  522  664  635  663  677  754  751  615  601
    2020  519  682  641  611  521  599  702  654  522  575
    2040  627  552  689  500  523  573  741  646  616  738
    2060  563  680  665  594  492  656  660  635  657  703
    2080  555  594  594  648  532  656  623  594  596  605
    2100  583  677  636  615  579  713  682  620  581  492
    2120  706  695  656  707  561  675  546  587  616  508
    2140  722  557  602  770  643  618  599  603  568  547
    2160  774  524  641  570  556  606  635  572  692  547
    2180  623  681  638  674  606  634  598  522  640  525
    2200  558  613  698  600  556  583  625  640  689  561
    2220  637  581  721  547  568  642  632  605  629  515
    2240  660  478  709  555  539  515  613  662  498  586
    2260  531  533  643  625  593  530  609  563  577  634
    2280  575  550  561  628  584  577  523  598  674  572
    2300  713  623  540  568  630  599  573  573  586  436
    2320  661  632  652  508  571  606  602  462  561  534
    2340  592  621  637  539  839  464  455  634  478  652
    2360  506  442  479  508  522  455  663  678  591  594
    2380  511  548  451  499  536  561  647  707  625  633
    2400  520  653  500  627  579  584  595  508  453  542
    2420  755  587  668  664  692  596  557  592  641  598
    2440  679  574  779  609  629  541  521  548  595  584
    2460  497  445  712  651  530  534  545  502  604  605
    2480  418  505  598  552  526  502  599  521  644  616
    2500  495  499  592  554  562  534  601  487  594  560
    2520  693  583  524  673  565  576  553  514  596  526
    2540  606  595  429  586  560  493  621  574  462  483
    2560  635  631  503  581  466  518  555  601  578  572
    2580  614  508  480  641  444  594  639  584  492  624
    2600  534  452  510  664  493  534  613  529  531  608
    2620  426  458  496  623  524  618  557  563  588  566
    2640  429  508  558  554  553  601  654  493  673  525
    2660  634  533  520  555  567  567  616  574  529  616
    2680  617  524  557  603  578  684  428  544  538  596
    2700  524  545  575  613  606  710  611  551  639  604
    2720  578  533  679  466  493  631  661  521  588  532
    2740  542  526  585  487  490  478  531  530  512  583
    2760  573  528  562  580  503  526  545  495  621  548
    2780  502  519  502  568  410  424  522  724  514  553
    2800  478  587  489  480  537  523  386  622  435  500
    2820  451  696  508  549  546  530  497  537  487  449
    2840  502  482  501  577  441  557  568  536  510  395
    2860  488  630  501  382  463  585  613  629  515  445
    2880  496  508  596  398  493  492  557  549  498  459
    2900  572  484  474  558  460  637  458  439  561  607
    2920  739  548  497  555  602  615  455  476  527  557
    2940  620  512  532  432  530  467  443  448  428  638
    2960  494  523  605  441  473  488  488  517  432  549
    2980  439  474  610  580  539  532  588  608  555  643
    3000  545  547  450  505  484  598  535  562  530  486
    3020  596  489  481  515  479  482  498  554  521  447
    3040  488  533  503  594  462  496  455  503  649  504
    3060  596  490  450  532  455  460  481  592  609  507
    3080  571  482  546  519  559  575  493  663  520  633
    3100  556  524  580  490  455  651  454  512  587  537
    3120  550  382  480  565  347  613  569  522  602  553
    3140  462  506  480  474  448  628  480  378  512  543
    3160  543  425  463  533  554  581  444  543  401  525
    3180  510  421  430  670  484  416  417  580  466  521
    3200  458  376  471  546  420  460  449  595  465  522
    3220  530  404  455  542  574  490  432  522  419  455
    3240  492  473  446  618  530  573  598  464  463  539
    3260  496  438  442  645  544  532  602  426  490  457
    3280  476  478  441  528  502  516  518  508  400  536
    3300  550  555  437  612  542  610  514  539  352  605
    3320  633  487  571  559  580  539  459  418  410  480
    3340  506  472  521  487  511  528  551  488  491  421
    3360  593  510  580  504  471  455  603  480  569  482
    3380  544  414  504  457  533  375  498  574  575  536
    3400  499  418  604  472  592  504  576  551  460  560
    3420  549  405  574  508  502  465  487  445  499  527
    3440  574  550  510  543  453  433  512  506  493  452
    3460  505  469  506  452  447  589  438  551  460  450
    3480  510  464  493  564  434  492  451  560  411  519
    3500  512  477  399  535  516  573  519  528  591  507
    3520  467  465  650  543  469  482  491  659  555  650
    3540  494  384  426  615  398  497  520  528  541  450
    3560  546  584  435  682  439  426  401  488  465  403
    3580  592  523  558  413  566  588  410  500  434  526
    3600  406  547  509  485  523  518  427  473  498  491
    3620  449  413  495  404  435  417  463  523  582  532
    3640  463  407  389  510  385  472  578  575  465  584
    3660  390  440  516  487  522  499  566  534  393  649
    3680  516  430  585  584  526  448  500  527  498  519
    3700  710  512  529  586  436  515  562  400  470  499
    3720  581  493  600  578  431  484  411  504  488  446
    3740  521  538  515  564  400  504  416  455  579  505
    3760  361  392  498  508  475  500  517  498  543  390
    3780  441  503  469  616  433  340  507  529  569  370
    3800  438  441  417  464  481  465  393  514  538  571
    3820  432  402  494  427  494  499  487  511  500  616
    3840  628  539  350  445  392  581  443  505  477  558
    3860  549  524  508  435  406  452  492  538  513  527
    3880  427  462  490  393  473  416  427  456  495  510
    3900  438  427  490  521  508  497  540  509  399  480
    3920  441  460  469  491  421  544  504  525  378  669
    3940  564  472  503  526  447  432  553  505  469  499
    3960  497  604  364  551  411  426  477  521  445  542
    3980  472  455  377  496  386  413  494  580  499  597
    4000  450  396  405  407  413  525  561  450  468  567
    4020  469  463  418  335  528  474  448  450  530  571
    4040  466  498  470  482  515  445  380  519  513  473
    4060  354  465  403  380  526  494  507  466  450  408
    4080  456  447  429  420  480  473  506  465  403  370
    4100  555  480  444  421  488  514  556  482  471  329
    4120  607  437  574  426  462  567  411  441  446  435
    4140  478  465  528  441  491  562  383  580  336  537
    4160  495  380  502  326  444  434  564  557  388  471
    4180  508  444  434  413  416  284  543  473  412  501
    4200  404  443  428  519  439  420  497  472  484  531
    4220  447  515  447  407  406  388  475  474  480  531
    4240  501  460  432  436  445  332  438  420  463  494
    4260  547  465  448  371  421  295  455  486  403  480
    4280  445  469  469  423  423  546  546  531  509  459
    4300  458  442  441  464  468  503  478  406  439  419
    4320  386  408  437  487  509  390  556  513  489  461
    4340  472  513  545  380  400  520  471  520  542  361
    4360  525  414  512  423  440  457  449  379  495  437
    4380  484  442  335  455  498  398  438  414  450  495
    4400  340  519  528  434  403  392  352  465  505  437
    4420  496  486  477  460  446  585  475  378  341  465
    4440  469  498  491  542  473  462  366  477  386  475
    4460  329  398  451  518  568  455  532  436  408  419
    4480  460  416  444  449  464  454  577  431  406  527
    4500  472  449  328  446  459  425  495  355  450  505
    4520  465  521  453  363  450  403  399  509  499  610
    4540  477  449  418  390  512  419  462  461  508  447
    4560  487  450  328  421  472  316  427  590  390  410
    4580  473  366  448  412  444  363  504  515  345  451
    4600  404  384  357  463  451  379  353  458  388  441
    4620  468  383  515  389  485  397  425  473  547  465
    4640  405  534  477  494  498  480  473  487  656  512
    4660  366  525  494  485  506  421  465  487  446  544
    4680  460  452  537  472  540  508  494  567  415  374
    4700  553  479  501  447  451  489  478  399  403  342
    4720  474  347  470  360  487  516  587  459  471  439
    4740  414  476  419  414  488  389  537  510  492  399
    4760  423  466  427  431  509  461  580  525  522  611
    4780  359  449  458  571  404  422  535  476  504  563
    4800  371  460  389  561  441  487  420  563  372  469
    4820  405  535  408  451  517  396  528  582  338  551
    4840  423  512  369  472  416  373  442  555  400  432
    4860  437  366  323  476  504  380  396  502  452  399
    4880  472  573  369  475  475  511  296  394  425  435
    4900  490  459  430  345  409  428  453  439  450  403
    4920  486  362  492  371  452  435  405  447  480  377
    4940  440  395  469  398  470  449  347  467  555  391
    4960  399  351  388  492  412  427  445  401  505  463
    4980  365  401  413  397  421  430  516  483  426  486
    5000  373  496  407  368  579  373  445  593  510  336
    5020  432  455  340  512  544  386  509  555  412  504
    5040  524  378  341  449  490  376  407  566  438  471
    5060  488  511  368  493  523  466  452  354  442  527
    5080  339  426  412  532  554  486  444  397  468  324
    5100  375  476  500  537  430  438  542  382  482  400
    5120  393  408  452  395  478  336  417  473  429  480
    5140  493  470  471  491  487  459  364  465  369  499
    5160  345  447  540  499  475  391  330  478  475  446
    5180  365  364  509  585  475  433  489  452  441  466
    5200  432  413  527  549  457  428  534  448  473  437
    5220  521  308  430  425  364  442  435  412  503  547
    5240  507  499  441  429  414  378  548  482  480  466
    5260  444  449  543  567  405  357  450  482  508  441
    5280  505  530  550  502  319  381  453  486  432  403
    5300  550  411  474  472  404  415  448  456  490  460
    5320  398  384  452  366  443  390  379  379  420  387
    5340  396  439  422  375  411  403  296  450  465  441
    5360  402  529  443  354  426  381  447  440  364  477
    5380  528  422  404  352  454  457  406  454  409  521
    5400  386  352  484  464  370  366  393  533  488  420
    5420  436  303  555  445  340  372  406  492  521  428
    5440  359  321  465  362  426  424  337  473  452  372
    5460  499  288  549  467  440  500  509  472  470  264
    5480  396  423  461  458  396  469  491  455  463  308
    5500  455  533  449  422  418  462  441  464  455  425
    5520  425  441  499  354  452  439  417  461  373  471
    5540  278  489  461  382  386  354  450  482  348  418
    5560  340  457  462  436  365  356  469  538  307  385
    5580  386  379  527  462  400  395  439  459  389  481
    5600  434  392  493  481  423  331  390  437  415  556
    5620  505  336  394  622  419  325  437  475  399  445
    5640  608  391  489  460  315  362  556  397  428  454
    5660  337  415  506  481  463  460  416  557  428  378
    5680  415  357  437  441  390  394  488  474  419  459
    5700  411  435  395  513  478  433  393  472  353  475
    5720  444  377  422  408  398  442  419  473  382  465
    5740  479  453  437  426  369  322  495  498  470  366
    5760  472  452  409  497  422  427  402  468  477  460
    5780  474  402  511  412  366  479  456  373  443  515
    5800  429  459  376  422  377  438  451  457  398  443
    5820  427  414  373  361  478  482  425  516  419  375
    5840  420  518  540  398  404  501  409  572  449  528
    5860  395  359  501  393  339  447  411  629  510  398
    5880  364  459  382  330  425  456  409  517  462  412
    5900  339  434  418  407  500  460  417  396  422  376
    5920  409  415  389  350  527  468  455  497  434  488
    5940  491  508  486  396  523  422  400  461  543  407
    5960  412  356  413  336  370  310  431  426  504  463
    5980  449  458  515  466  416  260  566  619  409  516
    6000  358  287  455  455  432  336  472  497  404  569
    6020  374  274  502  459  477  327  382  433  424  489
    6040  440  393  456  445  397  402  524  380  410  462
    6060  365  467  460  445  453  358  462  408  404  447
    6080  360  389  395  441  490  464  367  396  452  424
    6100  497  416  432  318  436  336  349  417  444  428
    6120  414  370  575  437  449  393  272  429  397  453
    6140  343  464  531  444  379  318  290  429  430  439
    6160  339  435  448  398  371  431  276  419  454  422
    6180  341  403  420  499  542  433  345  376  539  516
    6200  365  393  443  456  399  406  276  573  488  457
    6220  385  455  468  551  394  426  369  465  403  456
    6240  470  407  394  436  372  453  358  367  409  419
    6260  392  411  513  449  427  428  404  423  440  418
    6280  451  389  446  457  467  344  449  507  452  382
    6300  504  401  381  447  385  309  432  419  299  618
    6320  523  456  389  460  441  413  501  446  335  524
    6340  445  407  450  401  382  402  446  485  290  393
    6360  313  408  429  343  447  379  420  381  342  330
    6380  440  475  358  484  432  549  343  349  476  389
    6400  466  463  455  379  505  537  395  449  462  472
    6420  412  348  334  378  418  505  384  381  448  487
    6440  509  377  417  389  448  470  349  282  347  449
    6460  451  504  395  403  488  536  484  378  331  419
    6480  338  485  412  434  479  491  456  429  528  477
    6500  339  390  450  445  401  389  485  448  514  412
    6520  403  427  396  586  458  384  434  511  491  420
    6540  331  413  330  531  417  301  433  511  362  306
    6560  365  353  409  439  474  458  395  359  384  490
    6580  366  325  371  535  449  504  345  355  326  478
    6600  318  409  421  613  450  378  359  345  425  488
    6620  380  468  455  523  444  315  371  340  410  484
    6640  421  465  407  462  449  426  489  245  408  444
    6660  555  574  376  423  364  392  525  462  454  468
    6680  503  517  328  401  475  486  477  432  428  555
    6700  465  435  454  372  462  441  530  432  346  357
    6720  421  470  370  415  477  434  473  389  398  353
    6740  480  454  284  340  340  438  333  279  486  407
    6760  526  380  404  388  393  461  389  313  490  460
    6780  477  410  445  328  417  328  310  312  445  545
    6800  390  344  466  458  409  422  355  459  438  442
    6820  375  402  428  317  444  428  439  464  473  568
    6840  417  447  475  346  410  483  354  451  463  483
    6860  477  430  390  307  376  449  386  481  326  441
    6880  468  516  282  453  262  490  342  386  336  401
    6900  362  394  398  382  360  349  560  406  418  337
    6920  425  378  364  435  410  457  501  395  427  453
    6940  456  469  395  447  369  475  415  403  297  437
    6960  365  485  354  432  438  443  467  547  408  378
    6980  435  545  329  374  432  370  478  411  375  506
    7000  377  414  382  420  408  430  364  463  390  417
    7020  497  516  464  490  465  311  476  462  394  435
    7040  436  450  401  510  371  410  354  544  451  466
    7060  446  455  415  387  372  445  359  483  560  433
    7080  457  342  351  402  326  368  456  567  409  379
    7100  385  382  448  455  371  446  354  468  431  548
    7120  383  417  459  484  377  471  396  461  418  449
    7140  298  473  444  329  416  355  515  414  303  507
    7160  421  376  404  292  463  380  470  415  398  363
    7180  537  385  423  352  389  478  388  417  404  356
    7200  401  320  461  385  400  427  431  255  392  359
    7220  421  373  511  461  322  475  393  397  343  444
    7240  338  393  438  330  193  477  401  390  495  518
    7260  460  418  367  371  373  466  354  612  374  443
    7280  429  443  393  412  402  352  352  498  387  432
    7300  415  404  401  444  408  386  364  387  329  403
    7320  378  431  397  381  452  440  356  461  461  339
    7340  442  414  343  472  406  368  356  370  391  434
    7360  479  451  313  529  465  388  424  431  393  447
    7380  494  443  514  422  452  376  437  419  356  463
    7400  388  538  314  394  449  326  389  386  421  496
    7420  431  487  448  435  398  339  449  461  337  522
    7440  424  491  461  476  388  467  482  490  527  457
    7460  385  475  466  465  366  419  491  363  543  453
    7480  348  476  454  433  361  413  485  383  479  443
    7500  380  471  384  317  372  451  385  420  294  489
    7520  436  372  417  444  418  426  330  491  275  474
    7540  403  481  424  456  343  395  427  410  408  534
    7560  398  424  386  513  431  493  472  490  409  392
    7580  495  339  376  528  469  389  391  422  386  356
    7600  420  525  396  453  388  388  487  486  399  459
    7620  333  423  316  485  413  397  359  292  380  390
    7640  453  493  458  547  511  366  369  359  338  436
    7660  473  532  491  439  376  411  353  214  410  350
    7680  478  424  478  398  428  439  369  235  443  405
    7700  483  409  433  353  471  457  446  308  502  410
    7720  357  392  404  268  428  531  380  361  471  470
    7740  519  371  527  312  453  446  423  449  415  561
    7760  366  432  455  504  394  395  392  316  437  395
    7780  500  473  360  433  365  383  394  298  376  519
    7800  418  337  345  431  406  411  395  318  435  434
    7820  396  414  344  376  413  462  445  459  427  548
    7840  474  324  462  334  455  425  446  522  463  411
    7860  515  396  376  472  393  517  453  475  380  297
    7880  416  420  426  396  341  445  482  405  402  389
    7900  385  417  296  377  407  493  471  413  374  312
    7920  394  451  348  539  350  360  482  450  386  349
    7940  344  421  543  424  406  444  381  317  458  315
    7960  370  349  444  360  460  486  336  380  513  387
    7980  360  415  435  377  330  459  329  359  458  429
    8000  308  396  373  436  353  511  320  372  443  395
    8020  324  367  456  388  392  432  393  397  494  362
    8040  406  376  410  444  285  405  406  370  474  344
    8060  515  435  560  356  348  479  470  410  378  389
    8080  440  479  366  448  383  445  414  395  459  487
    8100  422  425  405  473  500  412  414  433  397  437
    8120  387  490  391  385  449  482  378  391  336  407
    8140  373  353  467  446  491  474  514  475  390  433
    8160  295  322  395  488  458  423  419  394  373  424
    8180  363  308  324  411  472  491  382  347  478  443
    8200  459  414  475  371  420  426  437  503  414  273
    8220  425  377  531  390  407  409  456  431  585  364
    8240  397  342  419  311  480  371  499  441  433  279
    8260  511  321  400  370  404  310  375  460  459  417
    8280  382  414  395  337  313  313  408  370  444  379
    8300  399  323  443  382  454  425  521  454  395  424
    8320  382  382  478  356  361  431  429  477  417  475
    8340  404  396  374  411  359  364  423  485  360  398
    8360  351  461  393  557  414  382  321  414  382  395
    8380  428  467  320  545  426  433  396  380  365  438
    8400  393  381  558  470  487  513  422  425  412  363
    8420  426  472  520  443  434  509  406  383  488  275
    8440  449  458  426  379  452  409  442  351  447  290
    8460  456  421  429  456  394  449  490  281  474  202
    8480  340  401  545  371  472  524  440  345  491  294
    8500  407  416  431  293  436  374  378  473  336  385
    8520  460  371  411  477  421  370  413  475  479  500
    8540  410  420  441  450  344  392  461  464  429  329
    8560  506  380  391  396  282  498  320  480  466  435
    8580  368  385  341  431  337  391  377  411  396  437
    8600  372  398  400  371  286  362  341  474  496  458
    8620  347  447  415  330  281  360  218  442  400  339
    8640  411  379  384  372  389  366  297  440  389  297
    8660  539  385  396  368  276  332  354  394  426  293
    8680  433  367  294  412  269  486  408  447  437  327
    8700  361  453  391  417  350  378  535  394  395  427
    8720  468  429  421  331  467  412  478  369  375  459
    8740  430  375  489  379  364  368  448  465  419  380
    8760  387  255  393  435  493  315  349  490  341  347
    8780  369  378  392  500  442  318  480  494  396  334
    8800  357  385  429  380  346  467  458  414  391  458
    8820  354  420  423  413  351  374  407  372  440  382
    8840  387  422  400  433  386  489  253  366  388  416
    8860  416  416  321  329  287  400  439  390  301  391
    8880  408  349  227  359  387  283  424  393  335  470
    8900  395  309  331  439  406  284  457  418  328  448
    8920  456  377  341  419  456  395  338  423  381  319
    8940  420  448  298  430  500  477  361  441  410  419
    8960  370  369  431  350  337  444  282  477  309  496
    8980  344  345  433  325  358  342  439  338  315  437
    9000  342  356  443  485  299  393  360  375  322  402
    9020  430  400  392  429  320  420  338  474  414  411
    9040  378  270  333  408  309  403  417  405  510  406
    9060  307  271  453  403  410  379  516  442  373  416
    9080  379  313  572  461  399  390  434  406  301  480
    9100  450  292  429  421  381  357  428  407  445  405
    9120  536  299  392  353  470  306  455  327  325  357
    9140  441  212  354  377  440  337  332  423  272  452
    9160  417  285  343  325  348  413  479  316  410  396
    9180  445  366  339  282  434  427  386  415  376  297
    9200  374  352  313  313  345  446  369  473  414  292
    9220  392  390  473  325  518  386  432  359  354  316
    9240  366  415  528  277  413  436  418  363  382  350
    9260  579  352  490  321  453  339  422  424  299  292
    9280  399  354  421  406  467  327  417  419  266  363
    9300  341  362  434  297  501  344  420  533  352  415
    9320  264  406  379  244  371  413  313  344  318  387
    9340  264  399  462  336  353  459  346  459  342  371
    9360  305  297  359  340  336  365  303  354  380  487
    9380  247  469  356  309  494  384  312  405  286  430
    9400  261  543  416  319  373  407  360  440  348  551
    9420  359  564  488  314  487  447  350  329  314  457
    9440  303  389  348  374  373  363  347  308  377  446
    9460  368  279  481  376  424  378  387  247  383  355
    9480  494  327  436  439  337  461  470  390  429  400
    9500  505  346  442  409  409  410  394  450  360  338
    9520  394  450  365  436  387  412  338  477  333  327
    9540  404  420  345  345  291  401  366  416  437  431
    9560  487  323  302  322  365  364  424  517  445  490
    9580  415  315  352  436  393  356  373  452  481  490
    9600  338  291  230  287  351  460  363  450  461  472
    9620  425  297  392  556  352  413  323  342  453  449
    9640  416  337  316  428  354  436  365  319  456  364
    9660  416  292  479  414  330  416  391  333  399  431
    9680  419  325  446  415  301  378  400  303  407  385
    9700  439  369  401  502  473  410  403  404  300  333
    9720  322  346  391  445  441  390  377  354  391  449
    9740  368  259  366  361  361  487  313  372  414  464
    9760  404  346  344  379  379  359  383  340  433  467
    9780  445  410  402  395  363  375  415  331  339  374
    9800  424  417  386  444  368  417  540  335  315  418
    9820  408  424  410  447  416  314  374  392  330  246
    9840  489  436  303  371  434  335  399  522  397  437
    9860  484  427  299  339  437  375  340  533  456  350
    9880  427  310  353  364  495  324  380  408  376  352
    9900  454  355  389  340  467  405  340  347  358  341
    9920  460  454  369  363  403  532  381  454  410  479
    9940  285  357  534  457  371  473  342  389  486  296
    9960  237  403  357  445  391  371  380  416  465  297
    9980  398  286  293  350  407  387  574  473  436  324
   10000  313  329  429  397  537  345  386  462  405  341
   10020  313  411  473  425  373  436  367  282  282  381
   10040  422  409  386  477  431  415  497  313  376  343
   10060  352  358  464  369  456  474  493  375  460  355
   10080  375  310  499  350  465  358  334  461  361  310
   10100  352  325  517  396  425  421  263  400  295  487
   10120  355  380  473  466  420  396  385  397  475  385
   10140  455  343  505  384  329  402  398  397  444  453
   10160  357  352  378  327  380  383  377  311  493  394
   10180  339  424  422  185  375  338  380  351  538  507
   10200  283  346  453  357  405  425  367  462  461  446
   10220  328  399  316  430  407  445  366  371  530  399
   10240  294  446  359  265  394  344  333  339  379  297
   10260  375  414  414  349  346  428  344  346  366  293
   10280  344  303  382  343  373  453  291  387  354  373
   10300  293  270  321  461  357  458  359  396  427  356
   10320  348  276  266  429  349  463  436  465  399  402
   10340  416  343  340  378  321  439  349  444  304  420
   10360  418  348  459  353  337  434  402  415  322  406
   10380  363  372  364  452  442  425  469  326  425  487
   10400  377  365  318  473  355  388  415  369  353  388
   10420  326  449  372  469  386  513  455  381  365  329
   10440  425  359  370  422  431  433  442  376  476  510
   10460  502  436  349  359  294  515  345  472  403  381
   10480  484  433  357  396  402  436  461  369  294  431
   10500  389  391  321  367  460  376  475  358  346  497
   10520  506  529  334  352  298  403  466  368  386  468
   10540  343  408  394  228  356  443  455  441  493  350
   10560  357  470  373  293  410  395  351  569  373  319
   10580  305  365  447  331  375  362  350  435  365  374
   10600  395  444  379  343  369  421  454  414  451  343
   10620  361  420  471  426  415  434  475  441  372  305
   10640  356  544  449  297  368  303  427  476  361  299
   10660  319  538  428  262  340  377  434  329  436  281
   10680  400  445  427  370  376  424  403  330  415  313
   10700  342  407  359  345  362  315  412  411  436  309
   10720  334  408  428  426  407  351  501  552  452  387
   10740  397  319  383  449  417  399  413  414  352  454
   10760  388  418  361  449  399  407  401  382  378  393
   10780  399  428  402  485  380  358  398  401  431  398
   10800  424  499  303  430  410  427  310  329  514  432
   10820  349  377  281  420  374  487  277  337  366  335
   10840  345  390  384  381  409  366  328  345  342  361
   10860  332  457  355  388  424  403  368  338  432  383
   10880  419  349  276  450  398  435  384  450  452  323
   10900  425  362  385  258  366  361  445  413  409  403
   10920  380  432  407  390  373  381  401  438  356  428
   10940  396  392  376  406  312  286  467  369  437  373
   10960  357  393  438  319  310  366  457  456  369  420
   10980  384  402  398  297  419  470  422  451  427  476
   11000  421  431  409  346  407  396  421  338  518  428
   11020  332  442  376  367  362  395  427  414  514  428
   11040  315  354  361  476  466  414  436  428  473  422
   11060  299  436  463  410  354  353  434  413  369  374
   11080  434  410  504  415  492  393  358  434  435  320
   11100  461  346  418  366  358  436  400  413  353  352
   11120  407  329  469  406  372  337  380  358  505  379
   11140  457  437  342  378  335  305  486  412  461  426
   11160  372  415  372  392  244  371  423  518  342  362
   11180  319  362  379  410  357  421  433  444  241  383
   11200  404  326  421  324  335  390  338  474  270  416
   11220  411  519  373  391  424  369  475  381  313  445
   11240  371  451  334  485  458  501  439  452  385  397
   11260  543  427  334  440  391  383  465  398  314  393
   11280  448  324  423  397  377  340  532  350  389  384
   11300  449  277  456  535  285  371  384  369  425  403
   11320  470  228  374  557  397  457  381  362  411  453
   11340  402  347  356  445  374  370  444  319  358  416
   11360  336  451  366  353  368  483  366  339  407  308
   11380  433  485  467  362  423  380  418  345  332  310
   11400  359  528  483  363  337  353  481  447  358  388
   11420  333  451  426  301  299  288  284  447  321  505
   11440  304  442  457  272  355  334  362  405  415  484
   11460  381  356  399  351  345  366  440  362  480  371
   11480  332  321  503  433  312  337  493  322  485  277
   11500  318  331  449  406  318  296  360  299  445  297
   11520  256  389  241  299  456  432  451  385  457  432
   11540  316  478  273  404  404  415  402  369  365  395
   11560  354  391  388  440  358  317  462  505  386  409
   11580  357  396  352  422  369  331  416  421  307  322
   11600  494  320  335  448  371  391  420  441  297  342
   11620  398  266  370  377  380  407  476  397  411  404
   11640  436  334  529  343  404  349  376  429  382  359
   11660  403  407  447  262  362  318  463  412  276  253
   11680  411  429  561  271  431  389  388  443  284  315
   11700  469  371  479  322  372  386  320  445  384  323
   11720  459  461  447  338  348  385  305  349  513  357
   11740  334  396  563  433  316  257  378  367  401  407
   11760  427  371  375  360  373  290  374  336  379  374
   11780  359  432  403  350  401  385  503  423  464  382
   11800  396  471  355  367  321  279  505  404  382  439
   11820  367  368  333  290  341  376  409  460  434  489
   11840  405  361  424  262  324  357  432  325  416  406
   11860  329  286  377  291  330  365  395  353  392  449
   11880  420  364  281  333  345  485  418  368  327  395
   11900  390  397  418  303  256  448  481  455  359  370
   11920  394  509  381  374  265  382  444  401  304  316
   11940  403  462  276  399  324  393  329  382  310  266
   11960  426  435  407  435  430  468  364  283  426  320
   11980  451  450  436  404  340  393  271  398  396  366
   12000  460  373  459  503  419  343  363  400  440  345
   12020  332  324  498  304  438  403  312  380  338  358
   12040  388  413  303  349  466  394  338  375  402  344
   12060  417  465  344  380  514  393  379  372  453  439
   12080  417  344  366  392  448  423  443  377  498  397
   12100  403  323  390  400  488  522  401  373  439  398
   12120  356  355  469  351  421  517  491  274  348  401
   12140  452  441  545  447  461  399  345  341  336  318
   12160  444  360  401  366  376  346  312  334  288  386
   12180  363  320  264  454  419  480  375  428  330  401
   12200  347  307  375  449  334  456  303  428  444  337
   12220  405  420  344  369  377  405  350  308  393  320
   12240  425  466  355  342  330  377  350  446  368  409
   12260  437  354  423  339  394  379  397  494  370  450
   12280  517  435  359  310  330  437  316  422  497  296
   12300  393  425  291  384  470  361  345  257  386  374
   12320  392  462  401  280  573  448  418  304  330  485
   12340  490  383  419  482  406  448  412  371  339  327
   12360  358  399  317  391  483  376  377  425  339  276
   12380  471  480  377  399  377  467  419  455  272  309
   12400  389  378  363  364  347  373  372  491  357  355
   12420  379  421  395  272  371  454  305  407  290  416
   12440  402  491  367  338  434  396  383  455  385  385
   12460  361  414  450  426  478  453  461  378  503  412
   12480  368  365  482  547  465  337  443  418  411  374
   12500  550  438  336  462  463  301  442  391  352  392
   12520  401  399  400  336  425  396  357  312  343  232
   12540  411  292  468  315  254  435  350  422  386  304
   12560  457  371  363  552  409  327  312  306  377  422
   12580  370  338  482  373  374  510  465  316  471  436
   12600  471  470  430  421  470  461  411  399  371  473
   12620  429  332  477  358  464  346  354  421  314  452
   12640  425  258  419  460  421  385  422  436  334  396
   12660  452  386  416  367  453  384  369  415  359  422
   12680  389  386  309  535  428  354  372  439  340  330
   12700  416  354  328  387  383  386  223  390  395  418
   12720  462  395  361  377  312  355  378  414  358  381
   12740  449  485  301  445  424  414  437  306  394  326
   12760  425  431  379  459  359  485  369  238  422  338
   12780  404  397  481  460  374  460  433  301  285  420
   12800  375  456  388  441  474  436  375  334  324  443
   12820  342  344  385  437  429  345  528  370  318  428
   12840  412  478  410  299  409  421  300  455  363  427
   12860  467  488  348  452  532  442  294  358  319  448
   12880  401  477  322  433  424  423  412  341  325  503
   12900  309  536  387  373  497  574  457  361  252  418
   12920  394  539  334  482  445  474  437  430  289  398
   12940  381  377  411  297  342  487  502  401  312  396
   12960  392  408  512  272  298  458  371  436  263  440
   12980  554  379  450  396  271  350  408  506  452  475
   13000  393  537  378  470  420  354  559  501  451  393
   13020  448  410  372  402  426  392  500  397  323  330
   13040  487  339  464  368  398  373  336  379  433  353
   13060  508  356  309  212  407  374  435  407  374  312
   13080  441  451  342  199  383  459  408  373  380  320
   13100  338  468  503  299  348  388  442  446  340  388
   13120  514  505  455  307  460  459  472  461  381  408
   13140  372  392  378  445  390  418  305  441  367  430
   13160  367  461  413  491  231  409  318  357  416  482
   13180  435  459  495  456  305  466  414  341  486  394
   13200  395  384  491  374  274  504  302  483  431  406
   13220  400  398  378  451  342  466  314  451  342  454
   13240  376  334  380  352  391  327  281  480  317  420
   13260  514  360  354  348  393  390  333  354  331  448
   13280  492  408  413  430  330  346  325  446  423  445
   13300  388  352  456  375  353  459  446  370  436  412
   13320  512  421  436  393  334  426  413  337  361  376
   13340  412  324  293  437  379  447  330  372  467  473
   13360  427  343  366  420  382  458  332  355  443  323
   13380  388  333  409  394  495  320  327  493  427  415
   13400  511  373  376  408  386  370  379  410  367  379
   13420  600  490  372  453  399  507  411  466  350  487
   13440  433  368  462  404  432  456  391  422  468  444
   13460  327  384  452  441  412  399  429  381  486  433
   13480  468  300  408  302  495  551  488  453  437  433
   13500  427  298  424  361  495  375  523  383  419  433
   13520  387  317  458  404  344  350  292  367  283  425
   13540  342  388  411  398  374  367  419  375  320  462
   13560  320  258  334  342  410  296  402  295  351  320
   13580  381  491  415  344  346  372  510  417  390  348
   13600  426  457  315  327  434  255  483  349  358  473
   13620  392  456  321  353  303  358  428  358  371  504
   13640  375  475  396  361  305  355  354  388  342  420
   13660  367  488  416  428  295  402  417  461  362  412
   13680  414  356  422  405  347  395  323  399  390  430
   13700  384  384  421  253  354  342  475  542  389  317
   13720  365  399  451  280  469  375  374  546  502  412
   13740  428  399  445  256  428  289  360  434  449  504
   13760  374  400  366  337  339  385  448  391  379  468
   13780  368  354  367  335  344  376  419  446  432  400
   13800  325  362  363  444  487  446  331  458  453  430
   13820  389  341  419  409  518  343  361  329  418  397
   13840  390  353  285  386  454  472  361  389  421  319
   13860  258  411  375  414  425  457  431  399  388  352
   13880  306  414  494  347  385  295  397  388  513  386
   13900  397  333  424  332  311  242  377  327  454  367
   13920  448  286  383  446  412  441  388  353  386  348
   13940  412  312  396  398  349  441  453  341  342  491
   13960  366  363  467  463  390  356  333  400  460  461
   13980  419  480  454  397  357  305  335  391  329  392
   14000  443  436  443  362  425  415  437  365  460  303
   14020  342  384  414  377  388  492  473  486  322  299
   14040  376  486  295  274  338  444  315  377  401  425
   14060  294  399  344  378  320  447  429  434  407  425
   14080  419  470  320  434  394  575  423  421  419  438
   14100  356  379  392  419  355  456  482  526  372  524
   14120  352  405  410  377  351  529  445  512  338  461
   14140  278  404  424  392  335  430  347  432  460  381
   14160  315  369  386  325  315  323  332  325  363  443
   14180  404  360  318  359  419  323  317  322  380  339
   14200  486  214  313  398  411  287  440  389  316  356
   14220  479  301  367  340  488  331  484  319  419  536
   14240  321  323  347  416  385  424  504  309  456  415
   14260  254  307  457  413  350  403  461  332  373  436
   14280  310  358  376  410  364  394  366  350  387  422
   14300  395  362  426  510  385  347  419  347  338  397
   14320  335  433  376  417  333  448  350  308  366  362
   14340  426  474  538  391  446  406  310  395  334  354
   14360  368  514  540  423  400  424  378  421  361  398
   14380  397  500  366  421  441  448  435  357  500  315
   14400  426  452  394  364  408  382  539  346  401  436
   14420  420  409  420  337  363  325  311  379  472  437
   14440  322  344  377  296  306  373  234  423  386  424
   14460  369  415  435  423  362  360  346  424  521  470
   14480  351  419  403  590  373  364  441  504  491  326
   14500  439  431  343  456  398  425  350  412  446  389
   14520  372  267  428  443  372  279  366  408  520  437
   14540  457  320  386  362  375  427  371  488  384  378
   14560  480  331  535  508  356  444  362  445  398  382
   14580  512  397  403  333  416  316  391  489  354  505
   14600  463  388  373  387  410  334  355  497  432  424
   14620  406  388  337  292  375  346  334  342  414  413
   14640  337  424  393  370  353  428  370  461  365  384
   14660  406  457  291  296  312  327  419  480  449  462
   14680  350  442  344  246  352  417  472  385  465  399
   14700  366  392  348  329  432  305  386  420  373  346
   14720  402  401  236  483  447  399  410  400  572  367
   14740  342  390  363  460  351  474  392  427  443  275
   14760  387  298  419  438  362  335  377  356  380  386
   14780  378  391  534  459  416  352  278  424  237  283
   14800  391  376  384  385  408  510  254  359  222  358
   14820  270  505  364  464  345  412  370  422  323  371
   14840  296  376  380  407  457  416  466  310  403  395
   14860  246  465  450  433  509  394  389  300  408  473
   14880  344  402  483  377  427  297  452  321  336  353
   14900  383  428  465  444  310  487  452  334  393  366
   14920  498  368  466  450  296  454  359  390  413  434
   14940  456  444  381  468  354  382  341  371  557  453
   14960  391  391  369  504  369  382  371  421  408  466
   14980  480  377  458  444  346  321  368  423  433  457
   15000  360  329  438  462  381  368  320  392  442  465
   15020  499  530  388  445  493  365  339  434  367  436
   15040  472  388  254  366  486  276  306  350  464  463
   15060  399  301  321  422  336  424  438  549  368  446
   15080  288  361  436  415  371  348  389  323  420  419
   15100  391  356  413  367  374  406  481  282  426  387
   15120  428  337  366  453  419  403  431  319  352  292
   15140  475  356  391  415  460  434  468  379  397  373
   15160  372  394  472  302  404  514  396  464  370  465
   15180  378  447  352  405  404  444  467  389  422  454
   15200  426  380  391  472  443  410  420  327  455  462
   15220  358  383  387  395  463  371  362  399  363  434
   15240  382  405  375  418  423  406  383  342  431  382
   15260  340  498  462  367  379  342  451  541  434  416
   15280  325  375  349  465  408  370  397  429  355  461
   15300  323  378  383  440  409  447  272  386  412  422
   15320  427  355  443  333  440  507  379  391  486  457
   15340  400  417  511  468  515  446  300  410  409  433
   15360  490  452  463  408  526  430  288  437  243  330
   15380  376  413  348  415  472  441  534  386  395  307
   15400  400  420  445  345  465  418  375  354  414  343
   15420  461  475  444  337  389  427  405  322  536  406
   15440  454  547  465  468  326  426  289  415  371  371
   15460  495  389  383  427  359  426  383  395  400  415
   15480  449  484  451  440  467  485  318  377  498  333
   15500  414  321  406  428  393  440  344  327  441  351
   15520  373  333  452  288  378  454  456  402  345  415
   15540  436  400  425  361  308  415  395  377  336  303
   15560  363  308  398  291  265  452  527  491  402  241
   15580  335  406  384  359  383  370  383  505  430  348
   15600  377  336  366  319  349  364  444  400  422  308
   15620  472  261  478  410  440  453  372  367  343  333
   15640  443  389  604  413  409  339  350  394  364  319
   15660  606  356  374  482  416  369  352  337  413  487
   15680  533  403  421  575  350  430  413  378  393  415
   15700  371  452  345  343  341  489  385  360  432  395
   15720  358  352  441  446  353  414  397  348  409  463
   15740  331  311  497  310  307  413  419  308  417  367
   15760  394  318  325  405  368  397  502  384  305  320
   15780  369  435  377  395  357  471  540  382  443  409
   15800  354  436  477  447  355  377  472  360  375  434
   15820  373  434  311  372  304  322  385  362  304  456
   15840  406  437  380  403  324  339  355  404  425  381
   15860  433  465  403  350  442  369  422  410  441  391
   15880  481  443  395  399  449  303  397  369  339  437
   15900  354  475  412  504  397  256  462  324  351  351
   15920  378  501  329  482  365  451  444  377  396  402
   15940  331  364  394  447  405  403  456  451  382  418
   15960  445  359  387  490  337  335  356  418  554  394
   15980  378  545  390  512  370  263  457  394  465  487
   16000  387  416  315  394  632  342  417  268  438  421
   16020  388  485  349  408  488  442  455  413  455  442
   16040  507  440  458  445  341  564  345  374  356  419
   16060  311  392  356  402  497  437  336  458  404  370
   16080  445  343  267  375  399  411  440  493  411  426
   16100  374  274  444  455  463  446  366  444  404  415
   16120  336  353  402  488  418  463  366  352  384  495
   16140  447  316  309  467  392  303  295  495  524  346
   16160  396  392  467  450  360  489  364  580  498  441
   16180  371  290  358  372  353  381  331  525  482  379
   16200  360  372  287  356  377  353  446  365  446  399
   16220  447  355  401  336  365  416  447  386  451  339
   16240  380  357  413  340  512  384  311  409  414  364
   16260  411  442  498  543  462  363  361  398  473  419
   16280  416  408  453  443  444  432  392  406  363  433
   16300  517  452  457  422  462  485  272  435  400  405
   16320  470  360  475  428  456  373  305  356  402  475
   16340  349  393  318  391  472  421  413  396  311  536
   16360  498  467  409  384  421  480  372  410  311  493
   16380  465  441  342  405  512  394  423  498  424  552
   16400  479  333  403  430  503  356  383  450  470  362
   16420  503  432  361  384  389  442  358  447  407  374
   16440  422  406  372  436  445  419  335  427  390  477
   16460  331  347  280  438  333  390  469  417  324  420
   16480  302  466  463  414  349  509  388  370  399  391
   16500  430  475  436  357  471  490  425  429  364  386
   16520  461  444  386  422  427  401  449  425  308  555
   16540  473  468  419  439  544  426  583  460  339  446
   16560  381  362  419  465  453  492  370  456  268  313
   16580  352  409  453  394  434  445  418  495  389  246
   16600  387  503  458  367  424  380  409  462  344  306
   16620  473  443  508  248  422  348  498  422  354  391
   16640  495  375  342  317  527  466  410  363  363  421
   16660  439  368  489  444  329  560  359  392  310  438
   16680  478  434  424  413  376  356  359  343  357  451
   16700  474  385  413  400  413  464  385  447  372  424
   16720  348  353  428  459  468  396  361  403  356  405
   16740  515  318  471  470  390  325  467  372  441  459
   16760  437  399  486  354  374  419  457  406  518  482
   16780  487  279  394  477  392  417  354  446  283  376
   16800  384  260  468  347  355  421  437  445  340  380
   16820  496  370  461  441  474  434  386  416  442  431
   16840  417  368  376  473  408  498  415  460  420  436
   16860  413  340  325  371  486  465  331  492  544  432
   16880  400  390  528  414  541  417  406  432  514  428
   16900  409  480  388  384  452  411  381  478  441  490
   16920  408  311  419  303  404  457  431  453  331  471
   16940  457  386  410  467  337  389  459  395  361  431
   16960  359  279  438  421  449  374  470  450  411  467
   16980  261  289  528  380  448  495  449  395  329  358
   17000  403  364  477  398  454  463  344  400  312  433
   17020  425  538  543  467  506  520  457  448  406  332
   17040  452  450  428  439  471  416  560  388  342  417
   17060  462  328  362  510  434  325  498  428  424  381
   17080  344  315  370  499  411  443  405  389  486  219
   17100  498  349  308  408  273  483  438  414  552  259
   17120  398  372  387  409  349  461  324  406  316  412
   17140  299  352  364  314  309  336  308  305  348  383
   17160  422  379  378  420  405  374  392  342  397  365
   17180  335  363  384  420  398  368  403  434  470  430
   17200  241  463  456  452  400  371  495  375  412  406
   17220  385  351  515  372  516  405  490  308  304  304
   17240  538  504  501  430  495  339  390  393  339  382
   17260  448  483  348  285  337  386  415  389  317  403
   17280  441  399  454  391  415  428  517  456  394  457
   17300  338  397  300  374  508  435  527  401  381  438
   17320  522  418  335  300  476  422  404  430  496  397
   17340  390  407  538  343  432  366  316  342  396  403
   17360  400  539  315  334  520  449  345  382  366  417
   17380  341  445  336  333  500  498  435  368  408  259
   17400  404  465  385  330  357  411  528  447  380  345
   17420  348  384  372  347  396  437  431  391  406  376
   17440  411  475  367  372  384  338  393  458  410  379
   17460  344  414  431  429  347  396  398  502  432  385
   17480  404  476  323  452  377  354  369  378  437  429
   17500  446  390  371  449  413  350  457  396  408  383
   17520  364  403  412  437  389  467  361  423  334  438
   17540  468  336  360  404  431  329  354  420  347  403
   17560  422  420  445  329  281  320  403  325  392  373
   17580  449  376  433  271  359  312  380  342  455  413
   17600  378  352  345  258  369  285  485  385  468  507
   17620  403  412  320  266  395  472  397  340  524  463
   17640  388  371  372  342  383  368  381  393  406  444
   17660  385  364  447  385  475  432  409  505  492  453
   17680  318  394  500  420  473  237  277  295  426  380
   17700  299  452  485  368  350  243  328  383  330  392
   17720  338  407  367  353  453  227  338  391  316  429
   17740  354  452  382  470  395  322  374  445  348  398
   17760  387  462  306  420  394  268  437  395  328  463
   17780  321  511  432  391  300  361  456  391  354  411
   17800  371  417  475  398  370  396  419  335  392  376
   17820  396  372  303  301  422  536  353  403  301  495
   17840  357  447  299  366  423  399  296  404  308  365
   17860  387  439  327  328  357  358  345  349  422  415
   17880  375  401  416  359  399  443  324  464  310  452
   17900  423  392  471  428  360  333  345  454  448  432
   17920  328  361  370  407  404  314  401  450  401  289
   17940  305  363  356  345  356  349  367  265  385  378
   17960  430  339  292  371  302  427  401  381  394  236
   17980  370  284  389  497  383  353  443  393  429  317
   18000  342  359  322  450  346  453  476  378  383  336
   18020  312  326  341  365  437  486  469  424  476  227
   18040  435  371  339  306  364  439  400  359  382  230
   18060  388  393  368  396  345  291  430  411  271  311
   18080  406  423  425  397  432  395  360  468  299  366
   18100  385  373  385  423  352  320  329  398  485  407
   18120  339  329  272  412  328  293  297  442  409  550
   18140  393  299  275  601  289  298  479  365  405  465
   18160  437  329  409  417  397  246  452  431  363  386
   18180  398  347  389  276  360  356  427  389  312  356
   18200  390  438  475  378  423  313  374  345  420  378
   18220  387  370  340  495  437  302  412  430  435  328
   18240  472  361  360  547  387  335  334  331  308  390
   18260  396  357  365  418  300  394  424  383  473  378
   18280  419  311  500  348  320  336  413  419  373  280
   18300  409  359  500  399  304  426  382  494  336  452
   18320  452  329  353  509  393  432  307  469  463  437
   18340  374  450  437  449  396  355  333  385  364  307
   18360  323  423  476  406  369  459  296  387  342  455
   18380  403  461  401  476  366  385  365  415  418  393
   18400  366  379  283  394  322  283  289  374  375  313
   18420  406  364  327  451  264  301  343  379  404  396
   18440  415  465  394  388  307  385  372  483  361  312
   18460  365  457  438  315  441  406  442  485  369  305
   18480  410  448  490  437  459  381  343  325  302  482
   18500  423  376  368  351  454  393  357  312  337  440
   18520  460  397  436  318  447  459  373  385  275  421
   18540  420  480  344  470  442  427  440  469  370  433
   18560  366  351  278  384  421  408  476  465  350  440
   18580  382  428  355  439  443  448  376  537  390  322
   18600  354  339  483  392  346  368  413  395  408  391
   18620  370  389  412  396  413  454  305  281  464  432
   18640  430  482  439  549  456  388  314  394  310  455
   18660  437  379  504  393  432  415  430  428  496  378
   18680  407  388  469  393  490  497  393  375  452  412
   18700  451  427  408  424  519  458  517  272  529  418
   18720  302  514  422  408  467  327  305  410  434  345
   18740  409  418  405  446  486  382  399  372  371  409
   18760  476  353  469  410  412  297  412  317  411  440
   18780  390  353  386  295  429  386  345  334  398  432
   18800  363  404  394  303  395  472  323  390  318  535
   18820  425  402  348  265  399  398  395  341  301  465
   18840  352  397  409  416  388  289  475  404  279  401
   18860  394  416  382  395  334  438  488  412  276  263
   18880  332  437  373  415  368  376  512  356  445  347
   18900  296  427  291  429  368  454  405  393  380  378
   18920  413  377  335  292  297  353  381  405  341  402
   18940  425  230  325  352  214  294  285  248  379  334
   18960  399  250  388  399  320  381  224  297  340  325
   18980  342  319  326  409  346  390  272  360  302  283
   19000  326  353  369  384  337  249  337  526  321  358
   19020  408  313  381  241  385  239  358  371  346  408
   19040  399  311  307  379  390  282  481  409  278  421
   19060  375  311  396  322  457  301  420  436  260  376
   19080  342  408  273  462  335  386  402  377  334  396
   19100  426  419  228  461  341  448  394  380  317  351
   19120  410  402  302  431  304  471  391  356  368  417
   19140  396  344  327  421  411  381  299  427  372  358
   19160  421  402  261  346  432  415  454  399  477  396
   19180  438  415  393  302  428  335  387  336  407  248
   19200  454  352  367  357  348  346  343  389  461  318
   19220  411  401  403  380  405  263  377  455  419  389
   19240  368  477  450  443  371  403  407  428  411  383
   19260  348  381  350  412  381  291  345  382  381  439
   19280  350  377  380  440  397  337  361  428  319  418
   19300  491  363  348  357  374  333  460  309  448  401
   19320  337  346  364  407  451  447  441  389  421  446
   19340  384  382  433  356  433  398  383  489  333  430
   19360  451  430  375  359  428  349  398  323  297  382
   19380  481  458  406  372  329  358  362  309  396  422
   19400  403  461  452  339  386  360  390  464  344  375
   19420  360  492  351  398  414  314  341  469  220  392
   19440  324  426  394  376  498  392  354  317  279  389
   19460  276  424  348  407  421  468  361  337  408  390
   19480  349  426  368  420  372  244  372  308  346  437
   19500  382  353  342  420  586  415  347  310  358  407
   19520  360  284  354  372  302  402  423  392  407  420
   19540  463  302  315  394  327  335  353  335  420  344
   19560  380  280  326  378  448  293  393  355  502  358
   19580  400  297  288  405  398  411  575  352  496  278
   19600  483  388  311  379  389  426  455  328  505  211
   19620  326  347  317  410  426  321  330  352  377  301
   19640  394  383  380  321  420  298  476  409  408  339
   19660  382  319  275  449  384  382  410  332  507  340
   19680  395  331  319  402  360  385  284  372  388  334
   19700  567  305  378  363  375  397  344  374  457  325
   19720  550  342  419  372  432  402  425  464  343  267
   19740  463  345  411  333  327  338  353  525  402  372
   19760  349  377  340  421  373  473  385  464  478  381
   19780  326  298  384  454  406  410  449  408  458  449
   19800  228  353  443  377  444  360  435  309  404  356
   19820  300  367  375  453  421  365  377  424  333  299
   19840  448  336  251  384  353  370  432  336  363  371
   19860  357  379  427  461  271  446  325  354  294  391
   19880  410  428  309  487  432  402  383  359  291  392
   19900  419  306  353  429  374  429  335  407  488  441
   19920  315  377  409  419  429  338  202  445  446  385
   19940  343  354  337  402  424  407  329  407  352  370
   19960  324  390  398  341  412  438  289  382  364  324
   19980  410  377  273  393  424  345  330  355  321  366
   20000  428  327  404  317  447  422  425  345  416  287
