      20     0.000096908     0.000096409     0.983890000
      40     0.000187349     0.000185572     0.957490000
      60     0.000281579     0.000277630     0.945730000
      80     0.000371625     0.000364874     0.929850000
     100     0.000458037     0.000447840     0.890280000
     120     0.000529862     0.000516435     0.882990000
     140     0.000605881     0.000588374     0.852400000
     160     0.000672915     0.000651069     0.834680000
     180     0.000737902     0.000712029     0.802030000
     200     0.000804202     0.000773540     0.798380000
     220     0.000870864     0.000834776     0.771900000
     240     0.000928462     0.000887438     0.764530000
     260     0.000988777     0.000942329     0.742480000
     280     0.001051363     0.000999213     0.739610000
     300     0.001105417     0.001048110     0.707580000
     320     0.001158908     0.001095909     0.692900000
     340     0.001210644     0.001141962     0.689620000
     360     0.001257045     0.001182087     0.683610000
     380     0.001296744     0.001217162     0.665230000
     400     0.001335026     0.001251277     0.642290000
     420     0.001375431     0.001285793     0.632100000
     440     0.001416606     0.001320764     0.629720000
     460     0.001451600     0.001349428     0.607890000
     480     0.001492028     0.001383152     0.608170000
     500     0.001525647     0.001410997     0.604180000
     520     0.001552204     0.001433731     0.579150000
     540     0.001581320     0.001459718     0.575720000
     560     0.001610407     0.001483099     0.571050000
     580     0.001634070     0.001502890     0.565990000
     600     0.001650962     0.001517150     0.563440000
     620     0.001685278     0.001542578     0.542010000
     640     0.001710356     0.001562414     0.527190000
     660     0.001732411     0.001581274     0.521560000
     680     0.001753920     0.001598628     0.519850000
     700     0.001764458     0.001605795     0.524540000
     720     0.001783577     0.001620231     0.508280000
     740     0.001799546     0.001633116     0.510670000
     760     0.001824082     0.001652498     0.505600000
     780     0.001829208     0.001655117     0.492590000
     800     0.001865603     0.001681726     0.475120000
     820     0.001881731     0.001692519     0.478640000
     840     0.001891367     0.001698675     0.471100000
     860     0.001900077     0.001704805     0.476110000
     880     0.001911922     0.001713384     0.470070000
     900     0.001920798     0.001718254     0.471720000
     920     0.001934881     0.001729109     0.463980000
     940     0.001948953     0.001737787     0.453310000
     960     0.001963976     0.001748065     0.445960000
     980     0.001966298     0.001750392     0.440900000
    1000     0.001975874     0.001754775     0.444260000
    1020     0.001987598     0.001765007     0.438700000
    1040     0.001990205     0.001766032     0.439860000
    1060     0.001990327     0.001765164     0.438230000
    1080     0.001992546     0.001767265     0.422940000
    1100     0.001993755     0.001763023     0.426970000
    1120     0.002001928     0.001770874     0.431320000
    1140     0.002002728     0.001770803     0.438790000
    1160     0.002010274     0.001775598     0.434680000
    1180     0.002023356     0.001786149     0.425610000
    1200     0.002036535     0.001796582     0.417780000
    1220     0.002041136     0.001798704     0.411670000
    1240     0.002060797     0.001813138     0.419530000
    1260     0.002068286     0.001817777     0.410070000
    1280     0.002071671     0.001820675     0.408660000
    1300     0.002067451     0.001815641     0.396550000
    1320     0.002067430     0.001812424     0.409510000
    1340     0.002066898     0.001810750     0.405240000
    1360     0.002078970     0.001819549     0.404570000
    1380     0.002070108     0.001811733     0.417380000
    1400     0.002076960     0.001819522     0.406540000
    1420     0.002085907     0.001826141     0.398750000
    1440     0.002084780     0.001823797     0.397320000
    1460     0.002085665     0.001824435     0.392690000
    1480     0.002078705     0.001819230     0.397920000
    1500     0.002093478     0.001827361     0.391080000
    1520     0.002098889     0.001830199     0.388110000
    1540     0.002094964     0.001825719     0.392180000
    1560     0.002097732     0.001826931     0.380210000
    1580     0.002086874     0.001815387     0.376090000
    1600     0.002080027     0.001806862     0.393210000
    1620     0.002068915     0.001796768     0.383580000
    1640     0.002077644     0.001800838     0.383340000
    1660     0.002073819     0.001800466     0.402010000
    1680     0.002073372     0.001804266     0.407810000
    1700     0.002084146     0.001814260     0.402170000
    1720     0.002087206     0.001815380     0.391880000
    1740     0.002077692     0.001808208     0.384260000
    1760     0.002079757     0.001804992     0.390250000
    1780     0.002100477     0.001820264     0.384600000
    1800     0.002095425     0.001815968     0.394850000
    1820     0.002094931     0.001817925     0.393160000
    1840     0.002103975     0.001824654     0.397060000
    1860     0.002121407     0.001839950     0.391620000
    1880     0.002136331     0.001853615     0.385660000
    1900     0.002115785     0.001838594     0.386110000
    1920     0.002107215     0.001830507     0.393590000
    1940     0.002111602     0.001832487     0.377350000
    1960     0.002109506     0.001827878     0.376830000
    1980     0.002106369     0.001824679     0.377520000
    2000     0.002110501     0.001829208     0.382960000
    2020     0.002106021     0.001824672     0.383600000
    2040     0.002101626     0.001817585     0.375880000
    2060     0.002098159     0.001815179     0.378160000
    2080     0.002108419     0.001822116     0.372970000
    2100     0.002117197     0.001829375     0.374380000
    2120     0.002103158     0.001820736     0.388270000
    2140     0.002108646     0.001825439     0.381130000
    2160     0.002109669     0.001824366     0.365840000
    2180     0.002099231     0.001818368     0.376050000
    2200     0.002086982     0.001811244     0.385780000
    2220     0.002101442     0.001821792     0.390730000
    2240     0.002106276     0.001824012     0.396860000
    2260     0.002110022     0.001828410     0.393370000
    2280     0.002094653     0.001818761     0.391770000
    2300     0.002093820     0.001820177     0.382500000
    2320     0.002099113     0.001820596     0.383180000
    2340     0.002095431     0.001819662     0.381160000
    2360     0.002085382     0.001807721     0.372450000
    2380     0.002092353     0.001810529     0.381500000
    2400     0.002077695     0.001799155     0.378830000
    2420     0.002080917     0.001800597     0.380480000
    2440     0.002088792     0.001807158     0.379810000
    2460     0.002076666     0.001799590     0.390030000
    2480     0.002064907     0.001789469     0.391090000
    2500     0.002069442     0.001792965     0.394660000
    2520     0.002065394     0.001791991     0.398800000
    2540     0.002070145     0.001797713     0.400850000
    2560     0.002068533     0.001799540     0.400250000
    2580     0.002070493     0.001801697     0.392510000
    2600     0.002078269     0.001807013     0.393250000
    2620     0.002076367     0.001807582     0.390720000
    2640     0.002084227     0.001816035     0.390450000
    2660     0.002099896     0.001827552     0.412270000
    2680     0.002099836     0.001826475     0.396030000
    2700     0.002094549     0.001823296     0.391500000
    2720     0.002084289     0.001813913     0.385480000
    2740     0.002083670     0.001816206     0.404290000
    2760     0.002073244     0.001809502     0.390980000
    2780     0.002063631     0.001800412     0.399080000
    2800     0.002067830     0.001802609     0.396150000
    2820     0.002074216     0.001805900     0.392390000
    2840     0.002070164     0.001803113     0.396250000
    2860     0.002080655     0.001811749     0.402030000
    2880     0.002073764     0.001807692     0.400320000
    2900     0.002082369     0.001815194     0.396840000
    2920     0.002063710     0.001800007     0.397210000
    2940     0.002072502     0.001808065     0.397980000
    2960     0.002065550     0.001803614     0.425430000
    2980     0.002070969     0.001809149     0.403080000
    3000     0.002076549     0.001813161     0.406220000
    3020     0.002088690     0.001823249     0.397630000
    3040     0.002076900     0.001812102     0.403010000
    3060     0.002087372     0.001821203     0.401350000
    3080     0.002093548     0.001822873     0.395330000
    3100     0.002104712     0.001830050     0.382560000
    3120     0.002103794     0.001825161     0.381100000
    3140     0.002093848     0.001815388     0.387890000
    3160     0.002089490     0.001815179     0.396550000
    3180     0.002078176     0.001803738     0.385430000
    3200     0.002087302     0.001811242     0.389620000
    3220     0.002091581     0.001813286     0.379400000
    3240     0.002099880     0.001817120     0.389210000
    3260     0.002096541     0.001812335     0.389970000
    3280     0.002088180     0.001810687     0.393160000
    3300     0.002078526     0.001802336     0.388390000
    3320     0.002080492     0.001802351     0.393790000
    3340     0.002079379     0.001804747     0.388810000
    3360     0.002083441     0.001810283     0.396460000
    3380     0.002088248     0.001815644     0.400060000
    3400     0.002083376     0.001809807     0.397490000
    3420     0.002078673     0.001803976     0.391680000
    3440     0.002063086     0.001793059     0.387840000
    3460     0.002064484     0.001797216     0.386950000
    3480     0.002066794     0.001796955     0.396640000
    3500     0.002065140     0.001797068     0.397620000
    3520     0.002064092     0.001796653     0.391250000
    3540     0.002059854     0.001797636     0.403630000
    3560     0.002054762     0.001793946     0.393310000
    3580     0.002050279     0.001788449     0.401860000
    3600     0.002041377     0.001780423     0.410810000
    3620     0.002048872     0.001789706     0.412270000
    3640     0.002067848     0.001802297     0.392960000
    3660     0.002089937     0.001815467     0.380750000
    3680     0.002088694     0.001816722     0.386270000
    3700     0.002076650     0.001806272     0.392280000
    3720     0.002074581     0.001805671     0.395360000
    3740     0.002055457     0.001787536     0.389180000
    3760     0.002060780     0.001787932     0.388460000
    3780     0.002074976     0.001798294     0.397260000
    3800     0.002078430     0.001800654     0.396970000
    3820     0.002078959     0.001805369     0.399170000
    3840     0.002080384     0.001805756     0.394650000
    3860     0.002075427     0.001802531     0.388500000
    3880     0.002079393     0.001803768     0.392830000
    3900     0.002068971     0.001795679     0.395480000
    3920     0.002064376     0.001791105     0.405890000
    3940     0.002065079     0.001790378     0.385130000
    3960     0.002074026     0.001796158     0.392390000
    3980     0.002074951     0.001794337     0.385200000
    4000     0.002076704     0.001796860     0.389200000
    4020     0.002079687     0.001798951     0.382450000
    4040     0.002089119     0.001809079     0.389420000
    4060     0.002079997     0.001803814     0.398700000
    4080     0.002073639     0.001796137     0.385550000
    4100     0.002057727     0.001785090     0.381540000
    4120     0.002065026     0.001792053     0.385940000
    4140     0.002069689     0.001797377     0.398470000
    4160     0.002067783     0.001799199     0.408010000
    4180     0.002060241     0.001792106     0.402110000
    4200     0.002066030     0.001795722     0.392460000
    4220     0.002067671     0.001800113     0.400700000
    4240     0.002056503     0.001793300     0.408400000
    4260     0.002061741     0.001798769     0.401470000
    4280     0.002051370     0.001791499     0.403390000
    4300     0.002064356     0.001804554     0.393600000
    4320     0.002072462     0.001807261     0.401260000
    4340     0.002059244     0.001799057     0.406440000
    4360     0.002066243     0.001802139     0.401270000
    4380     0.002057546     0.001795565     0.410290000
    4400     0.002058019     0.001798813     0.417200000
    4420     0.002062514     0.001808069     0.422930000
    4440     0.002054050     0.001801372     0.417600000
    4460     0.002070421     0.001809576     0.393200000
    4480     0.002082763     0.001817966     0.394660000
    4500     0.002082406     0.001820779     0.400920000
    4520     0.002083678     0.001823694     0.398060000
    4540     0.002082539     0.001820700     0.392340000
    4560     0.002079214     0.001817844     0.397700000
    4580     0.002078747     0.001817544     0.391910000
    4600     0.002070540     0.001808609     0.373280000
    4620     0.002067966     0.001805251     0.378120000
    4640     0.002051227     0.001788053     0.389350000
    4660     0.002052984     0.001787248     0.395930000
    4680     0.002048226     0.001783711     0.415150000
    4700     0.002038947     0.001779112     0.406470000
    4720     0.002039051     0.001778524     0.396330000
    4740     0.002044310     0.001781997     0.412030000
    4760     0.002046666     0.001782594     0.406290000
    4780     0.002048095     0.001786364     0.407100000
    4800     0.002045428     0.001787895     0.404900000
    4820     0.002040945     0.001784081     0.408370000
    4840     0.002051381     0.001794151     0.410530000
    4860     0.002048437     0.001795402     0.411620000
    4880     0.002048987     0.001792457     0.413860000
    4900     0.002051742     0.001794389     0.415710000
    4920     0.002061709     0.001802264     0.409210000
    4940     0.002057751     0.001797199     0.410590000
    4960     0.002049173     0.001792926     0.404450000
    4980     0.002059835     0.001801022     0.406390000
    5000     0.002052080     0.001793665     0.402800000
    5020     0.002073609     0.001812590     0.408200000
    5040     0.002084154     0.001819728     0.397320000
    5060     0.002073406     0.001811313     0.394000000
    5080     0.002074048     0.001811094     0.394020000
    5100     0.002070995     0.001804674     0.395140000
    5120     0.002071887     0.001804347     0.380000000
    5140     0.002062402     0.001794658     0.379970000
    5160     0.002071702     0.001798664     0.384090000
    5180     0.002065238     0.001793005     0.394620000
    5200     0.002067409     0.001795380     0.391940000
    5220     0.002058531     0.001790476     0.394340000
    5240     0.002060301     0.001787979     0.386280000
    5260     0.002067669     0.001791812     0.396190000
    5280     0.002065852     0.001792695     0.387330000
    5300     0.002055301     0.001784053     0.385460000
    5320     0.002038942     0.001770178     0.397750000
    5340     0.002050597     0.001780063     0.401080000
    5360     0.002057467     0.001785794     0.401380000
    5380     0.002063493     0.001792744     0.402360000
    5400     0.002065355     0.001798026     0.400410000
    5420     0.002078170     0.001807463     0.395590000
    5440     0.002094524     0.001821310     0.400410000
    5460     0.002095572     0.001824951     0.392970000
    5480     0.002095631     0.001826555     0.394720000
    5500     0.002101326     0.001831032     0.392360000
    5520     0.002103705     0.001831749     0.386670000
    5540     0.002095801     0.001824506     0.383660000
    5560     0.002082545     0.001812434     0.383570000
    5580     0.002072471     0.001804423     0.393720000
    5600     0.002065859     0.001798475     0.393260000
    5620     0.002073798     0.001804638     0.389510000
    5640     0.002079034     0.001809798     0.397320000
    5660     0.002088683     0.001818594     0.393700000
    5680     0.002085921     0.001816819     0.384980000
    5700     0.002071662     0.001806229     0.388370000
    5720     0.002065895     0.001799381     0.390800000
    5740     0.002060294     0.001793748     0.395320000
    5760     0.002072033     0.001800466     0.391940000
    5780     0.002074475     0.001802480     0.391640000
    5800     0.002066115     0.001798022     0.389030000
    5820     0.002067534     0.001798066     0.389300000
    5840     0.002070906     0.001798834     0.384410000
    5860     0.002068574     0.001798444     0.384700000
    5880     0.002073935     0.001803086     0.378470000
    5900     0.002068790     0.001797865     0.393520000
    5920     0.002068638     0.001798433     0.396290000
    5940     0.002059493     0.001791432     0.393930000
    5960     0.002049768     0.001784245     0.393730000
    5980     0.002073043     0.001796563     0.381150000
    6000     0.002087300     0.001809568     0.383580000
    6020     0.002082786     0.001805018     0.389000000
    6040     0.002082871     0.001806004     0.398300000
    6060     0.002077973     0.001805347     0.394260000
    6080     0.002089607     0.001813144     0.391480000
    6100     0.002095348     0.001815579     0.377570000
    6120     0.002097268     0.001815325     0.383790000
    6140     0.002095519     0.001814911     0.384170000
    6160     0.002090482     0.001808626     0.382950000
    6180     0.002101087     0.001819199     0.379950000
    6200     0.002101402     0.001818856     0.384220000
    6220     0.002096537     0.001813553     0.380870000
    6240     0.002096364     0.001814943     0.375400000
    6260     0.002084425     0.001804898     0.388040000
    6280     0.002086453     0.001805759     0.391920000
    6300     0.002096375     0.001810810     0.386810000
    6320     0.002086094     0.001804358     0.386530000
    6340     0.002092989     0.001812901     0.385190000
    6360     0.002102760     0.001824075     0.390630000
    6380     0.002107582     0.001826499     0.385220000
    6400     0.002093694     0.001815615     0.387450000
    6420     0.002081437     0.001806934     0.381490000
    6440     0.002082091     0.001807267     0.375960000
    6460     0.002074553     0.001798850     0.378800000
    6480     0.002081107     0.001804028     0.379560000
    6500     0.002077136     0.001800160     0.381940000
    6520     0.002080463     0.001799109     0.383740000
    6540     0.002065984     0.001790342     0.393910000
    6560     0.002072010     0.001797345     0.381750000
    6580     0.002086910     0.001809237     0.386820000
    6600     0.002085964     0.001809051     0.394840000
    6620     0.002080784     0.001802676     0.394420000
    6640     0.002073793     0.001800084     0.387970000
    6660     0.002077309     0.001804108     0.397110000
    6680     0.002084128     0.001812097     0.397990000
    6700     0.002079455     0.001809755     0.409210000
    6720     0.002090173     0.001820447     0.402570000
    6740     0.002084985     0.001816477     0.384730000
    6760     0.002078517     0.001805878     0.387860000
    6780     0.002077748     0.001805089     0.389950000
    6800     0.002074724     0.001799907     0.392380000
    6820     0.002066912     0.001793890     0.383210000
    6840     0.002065369     0.001792457     0.379750000
    6860     0.002059301     0.001784679     0.386960000
    6880     0.002050663     0.001779753     0.390900000
    6900     0.002052493     0.001785239     0.394540000
    6920     0.002053461     0.001787546     0.397090000
    6940     0.002048854     0.001786900     0.407790000
    6960     0.002048945     0.001784435     0.409950000
    6980     0.002044910     0.001782588     0.407440000
    7000     0.002040486     0.001780547     0.415290000
    7020     0.002036780     0.001777085     0.406680000
    7040     0.002037922     0.001781051     0.411130000
    7060     0.002034615     0.001779508     0.400370000
    7080     0.002033275     0.001778008     0.403950000
    7100     0.002043915     0.001783480     0.392980000
    7120     0.002042097     0.001782017     0.393310000
    7140     0.002053739     0.001790756     0.404160000
    7160     0.002057397     0.001794132     0.396810000
    7180     0.002043317     0.001781690     0.394160000
    7200     0.002048485     0.001786605     0.393320000
    7220     0.002057195     0.001792500     0.405610000
    7240     0.002061004     0.001799136     0.393310000
    7260     0.002069086     0.001799520     0.383570000
    7280     0.002060882     0.001793266     0.400550000
    7300     0.002059056     0.001791323     0.392740000
    7320     0.002036811     0.001770931     0.405200000
    7340     0.002031570     0.001768258     0.406670000
    7360     0.002028634     0.001766642     0.403520000
    7380     0.002045784     0.001779669     0.411570000
    7400     0.002047129     0.001780814     0.402410000
    7420     0.002056077     0.001785055     0.403700000
    7440     0.002071920     0.001796693     0.396220000
    7460     0.002057441     0.001788624     0.401420000
    7480     0.002057662     0.001790889     0.402620000
    7500     0.002057976     0.001791785     0.391880000
    7520     0.002053634     0.001784678     0.397670000
    7540     0.002053378     0.001788288     0.406950000
    7560     0.002045099     0.001781973     0.401100000
    7580     0.002046054     0.001782081     0.400310000
    7600     0.002053294     0.001789137     0.404880000
    7620     0.002046973     0.001784737     0.407950000
    7640     0.002061474     0.001795895     0.412450000
    7660     0.002059402     0.001796395     0.398830000
    7680     0.002065871     0.001803951     0.399720000
    7700     0.002069358     0.001805542     0.396430000
    7720     0.002072814     0.001809138     0.394010000
    7740     0.002069787     0.001803917     0.393450000
    7760     0.002078145     0.001812111     0.397990000
    7780     0.002066111     0.001800348     0.391700000
    7800     0.002053604     0.001788359     0.386980000
    7820     0.002064330     0.001795979     0.409720000
    7840     0.002051802     0.001788356     0.403260000
    7860     0.002063455     0.001795087     0.398100000
    7880     0.002064914     0.001798420     0.403980000
    7900     0.002078430     0.001809031     0.407010000
    7920     0.002078749     0.001810943     0.393190000
    7940     0.002078801     0.001809747     0.386570000
    7960     0.002076378     0.001808302     0.388920000
    7980     0.002072895     0.001804954     0.388220000
    8000     0.002090111     0.001817651     0.389520000
    8020     0.002106872     0.001827552     0.395780000
    8040     0.002098403     0.001822589     0.397210000
    8060     0.002098108     0.001823487     0.399260000
    8080     0.002110988     0.001834426     0.394810000
    8100     0.002119426     0.001842509     0.398450000
    8120     0.002136970     0.001855092     0.379870000
    8140     0.002137952     0.001853295     0.382820000
    8160     0.002129967     0.001841016     0.376190000
    8180     0.002122148     0.001833652     0.385050000
    8200     0.002113178     0.001826873     0.391630000
    8220     0.002126329     0.001837884     0.389270000
    8240     0.002124306     0.001837380     0.394900000
    8260     0.002134965     0.001844990     0.385410000
    8280     0.002125096     0.001839644     0.382580000
    8300     0.002120019     0.001832633     0.382190000
    8320     0.002132270     0.001841569     0.383290000
    8340     0.002146823     0.001854050     0.381250000
    8360     0.002148186     0.001853845     0.379100000
    8380     0.002148009     0.001851708     0.359330000
    8400     0.002144166     0.001842115     0.356780000
    8420     0.002152548     0.001849546     0.371790000
    8440     0.002140840     0.001839040     0.368170000
    8460     0.002132704     0.001830095     0.375520000
    8480     0.002117306     0.001819897     0.382470000
    8500     0.002115550     0.001822586     0.375880000
    8520     0.002117422     0.001825739     0.372910000
    8540     0.002109078     0.001817003     0.375100000
    8560     0.002114765     0.001819658     0.367490000
    8580     0.002123314     0.001827350     0.361490000
    8600     0.002124033     0.001826767     0.364270000
    8620     0.002115734     0.001818506     0.362970000
    8640     0.002110354     0.001810896     0.365760000
    8660     0.002103124     0.001806430     0.360540000
    8680     0.002094551     0.001797435     0.371110000
    8700     0.002086138     0.001792442     0.386220000
    8720     0.002082151     0.001793328     0.392100000
    8740     0.002080706     0.001797661     0.393510000
    8760     0.002065073     0.001788518     0.390720000
    8780     0.002067025     0.001790660     0.396330000
    8800     0.002051636     0.001779850     0.389400000
    8820     0.002049685     0.001778416     0.386400000
    8840     0.002034712     0.001767211     0.385100000
    8860     0.002029319     0.001764377     0.392760000
    8880     0.002024214     0.001763802     0.395240000
    8900     0.002038727     0.001776461     0.397570000
    8920     0.002042506     0.001779218     0.404200000
    8940     0.002027505     0.001766190     0.404160000
    8960     0.002025331     0.001766569     0.410830000
    8980     0.002016093     0.001762599     0.419390000
    9000     0.002010597     0.001761703     0.423510000
    9020     0.002012492     0.001763572     0.421770000
    9040     0.002017148     0.001767471     0.424470000
    9060     0.002022314     0.001772992     0.422660000
    9080     0.002031914     0.001783458     0.413590000
    9100     0.002038007     0.001790120     0.420940000
    9120     0.002044289     0.001792935     0.408920000
    9140     0.002034659     0.001782658     0.401840000
    9160     0.002023113     0.001771074     0.409080000
    9180     0.002024342     0.001771087     0.414600000
    9200     0.002025856     0.001773558     0.416320000
    9220     0.002029312     0.001778287     0.412720000
    9240     0.002031027     0.001780657     0.409520000
    9260     0.002027736     0.001776716     0.424870000
    9280     0.002025228     0.001773944     0.417890000
    9300     0.002033592     0.001779743     0.425940000
    9320     0.002038683     0.001784699     0.406050000
    9340     0.002030837     0.001777313     0.403220000
    9360     0.002027884     0.001775901     0.415000000
    9380     0.002042034     0.001786309     0.422350000
    9400     0.002062645     0.001802443     0.406880000
    9420     0.002070398     0.001812878     0.404950000
    9440     0.002086518     0.001825553     0.383640000
    9460     0.002070540     0.001811818     0.392610000
    9480     0.002060504     0.001803731     0.405490000
    9500     0.002058694     0.001798853     0.400270000
    9520     0.002063905     0.001802795     0.405030000
    9540     0.002067737     0.001804055     0.409260000
    9560     0.002062783     0.001796869     0.402050000
    9580     0.002057365     0.001792632     0.396890000
    9600     0.002058520     0.001792551     0.403580000
    9620     0.002066154     0.001800637     0.390720000
    9640     0.002047146     0.001785403     0.400400000
    9660     0.002048735     0.001788598     0.401950000
    9680     0.002041647     0.001782123     0.404600000
    9700     0.002059961     0.001795255     0.397850000
    9720     0.002068296     0.001801206     0.391880000
    9740     0.002061438     0.001794936     0.413850000
    9760     0.002066786     0.001801511     0.405330000
    9780     0.002051742     0.001792314     0.397580000
    9800     0.002044277     0.001785485     0.404440000
    9820     0.002052009     0.001791042     0.396390000
    9840     0.002046528     0.001787206     0.384250000
    9860     0.002040527     0.001781256     0.390370000
    9880     0.002034605     0.001776016     0.400150000
    9900     0.002038589     0.001780994     0.418490000
    9920     0.002033408     0.001775526     0.410090000
    9940     0.002039590     0.001779808     0.401500000
    9960     0.002031427     0.001776197     0.408120000
    9980     0.002024828     0.001769910     0.397510000
   10000     0.002031062     0.001774426     0.405820000
   10020     0.002048349     0.001790408     0.406470000
   10040     0.002054379     0.001795691     0.410060000
   10060     0.002056262     0.001794293     0.406720000
   10080     0.002074639     0.001811353     0.400270000
   10100     0.002066282     0.001802125     0.394900000
   10120     0.002064976     0.001800400     0.383740000
   10140     0.002050987     0.001788166     0.386410000
   10160     0.002061098     0.001794768     0.397920000
   10180     0.002065018     0.001799365     0.396940000
   10200     0.002064595     0.001799446     0.399730000
   10220     0.002061766     0.001795332     0.404880000
   10240     0.002050822     0.001787974     0.404950000
   10260     0.002062964     0.001797546     0.395730000
   10280     0.002047398     0.001785106     0.395900000
   10300     0.002060538     0.001792851     0.393750000
   10320     0.002060420     0.001793738     0.390560000
   10340     0.002049899     0.001784717     0.380470000
   10360     0.002056998     0.001791747     0.397970000
   10380     0.002065919     0.001797806     0.396990000
   10400     0.002071237     0.001803727     0.393840000
   10420     0.002078584     0.001806810     0.392820000
   10440     0.002063686     0.001797446     0.397760000
   10460     0.002059291     0.001791797     0.399930000
   10480     0.002042067     0.001778105     0.405200000
   10500     0.002037485     0.001775472     0.408870000
   10520     0.002044817     0.001784736     0.414580000
   10540     0.002044350     0.001780844     0.413740000
   10560     0.002032485     0.001776884     0.407450000
   10580     0.002024773     0.001771154     0.414710000
   10600     0.002030085     0.001775740     0.405790000
   10620     0.002028852     0.001775591     0.413920000
   10640     0.002031738     0.001778877     0.413540000
   10660     0.002036271     0.001779964     0.404460000
   10680     0.002026351     0.001773008     0.405740000
   10700     0.002033290     0.001780981     0.409310000
   10720     0.002009363     0.001764093     0.401990000
   10740     0.002015608     0.001770339     0.402250000
   10760     0.002013210     0.001770030     0.409830000
   10780     0.002019450     0.001776931     0.414570000
   10800     0.002020968     0.001774379     0.410530000
   10820     0.002019180     0.001773599     0.413210000
   10840     0.002021600     0.001774267     0.423980000
   10860     0.002044790     0.001792356     0.425980000
   10880     0.002029486     0.001779918     0.414920000
   10900     0.002025858     0.001775002     0.421810000
   10920     0.002020706     0.001774862     0.414700000
   10940     0.002038788     0.001789329     0.405310000
   10960     0.002047781     0.001795726     0.406680000
   10980     0.002047219     0.001795939     0.394590000
   11000     0.002056884     0.001801765     0.398810000
   11020     0.002056543     0.001796692     0.396690000
   11040     0.002070760     0.001809075     0.401690000
   11060     0.002077621     0.001814495     0.408500000
   11080     0.002076070     0.001813003     0.404870000
   11100     0.002076197     0.001814831     0.397950000
   11120     0.002068467     0.001812259     0.406820000
   11140     0.002083812     0.001823089     0.406590000
   11160     0.002097134     0.001833911     0.400350000
   11180     0.002092969     0.001826097     0.387520000
   11200     0.002109878     0.001837650     0.399610000
   11220     0.002112423     0.001839084     0.390520000
   11240     0.002105080     0.001831631     0.382280000
   11260     0.002112184     0.001835621     0.377300000
   11280     0.002117303     0.001837792     0.389420000
   11300     0.002126669     0.001845790     0.376370000
   11320     0.002119771     0.001837597     0.375690000
   11340     0.002112381     0.001829997     0.379990000
   11360     0.002124910     0.001839253     0.391880000
   11380     0.002106673     0.001829819     0.386120000
   11400     0.002111058     0.001831387     0.391440000
   11420     0.002112367     0.001834686     0.400330000
   11440     0.002093015     0.001819284     0.382860000
   11460     0.002081083     0.001804512     0.381170000
   11480     0.002062816     0.001792098     0.382910000
   11500     0.002051162     0.001781297     0.392090000
   11520     0.002055325     0.001787989     0.400100000
   11540     0.002059762     0.001791010     0.397070000
   11560     0.002051915     0.001791176     0.410330000
   11580     0.002035403     0.001777415     0.405240000
   11600     0.002035075     0.001774494     0.396700000
   11620     0.002021214     0.001761963     0.399080000
   11640     0.002006287     0.001753009     0.396910000
   11660     0.002012127     0.001758627     0.407270000
   11680     0.002015742     0.001762440     0.403530000
   11700     0.002034224     0.001778965     0.410350000
   11720     0.002023269     0.001771123     0.405600000
   11740     0.002027103     0.001774784     0.417210000
   11760     0.002039341     0.001784966     0.418140000
   11780     0.002034971     0.001779943     0.408750000
   11800     0.002032947     0.001778973     0.417470000
   11820     0.002035985     0.001780703     0.407020000
   11840     0.002039423     0.001782912     0.412450000
   11860     0.002036461     0.001781389     0.401730000
   11880     0.002042858     0.001784753     0.401490000
   11900     0.002028488     0.001774937     0.417150000
   11920     0.002041977     0.001787037     0.412660000
   11940     0.002044115     0.001788626     0.401920000
   11960     0.002050968     0.001793081     0.402460000
   11980     0.002068226     0.001804441     0.400930000
   12000     0.002072811     0.001807090     0.394200000
   12020     0.002088145     0.001818270     0.394350000
   12040     0.002085386     0.001815116     0.388450000
   12060     0.002079387     0.001807859     0.391620000
   12080     0.002082906     0.001812888     0.396340000
   12100     0.002057846     0.001793896     0.397850000
   12120     0.002058562     0.001792839     0.390310000
   12140     0.002055132     0.001786485     0.383450000
   12160     0.002050054     0.001780875     0.388900000
   12180     0.002052349     0.001781706     0.403580000
   12200     0.002061694     0.001791591     0.395300000
   12220     0.002052836     0.001784600     0.396810000
   12240     0.002071700     0.001799841     0.386390000
   12260     0.002070771     0.001801550     0.392510000
   12280     0.002074875     0.001805274     0.392650000
   12300     0.002080250     0.001809825     0.375890000
   12320     0.002073031     0.001803299     0.383020000
   12340     0.002072032     0.001803177     0.393880000
   12360     0.002064364     0.001796765     0.395860000
   12380     0.002079179     0.001807992     0.407090000
   12400     0.002080113     0.001808889     0.402960000
   12420     0.002077552     0.001808978     0.396020000
   12440     0.002055256     0.001791513     0.388450000
   12460     0.002070502     0.001805141     0.386990000
   12480     0.002070195     0.001801766     0.392050000
   12500     0.002072180     0.001802208     0.381530000
   12520     0.002074384     0.001801632     0.407430000
   12540     0.002055712     0.001787557     0.405610000
   12560     0.002059015     0.001792849     0.409040000
   12580     0.002063283     0.001796866     0.396930000
   12600     0.002065915     0.001797853     0.397530000
   12620     0.002041662     0.001778683     0.405030000
   12640     0.002040785     0.001780690     0.402400000
   12660     0.002045729     0.001783134     0.403880000
   12680     0.002043865     0.001785596     0.399590000
   12700     0.002039864     0.001781606     0.408800000
   12720     0.002025949     0.001770855     0.419130000
   12740     0.002028941     0.001775182     0.412370000
   12760     0.002027130     0.001771331     0.416720000
   12780     0.002035930     0.001783716     0.421310000
   12800     0.002023260     0.001774004     0.411040000
   12820     0.002024197     0.001777633     0.420670000
   12840     0.002002847     0.001760839     0.428210000
   12860     0.002009793     0.001764229     0.408010000
   12880     0.002002370     0.001755453     0.407500000
   12900     0.002011327     0.001763707     0.418080000
   12920     0.002014337     0.001766976     0.428790000
   12940     0.002016128     0.001766205     0.417180000
   12960     0.002025002     0.001773963     0.406900000
   12980     0.002024669     0.001773029     0.413600000
   13000     0.002025364     0.001776402     0.419760000
   13020     0.002022776     0.001776977     0.420450000
   13040     0.002021060     0.001775156     0.417090000
   13060     0.002024273     0.001777040     0.426230000
   13080     0.002027965     0.001776651     0.410140000
   13100     0.002030644     0.001778185     0.406070000
   13120     0.002024865     0.001773065     0.393890000
   13140     0.002028588     0.001775034     0.397120000
   13160     0.002001736     0.001756357     0.414720000
   13180     0.001990911     0.001750927     0.420530000
   13200     0.002014386     0.001770653     0.426020000
   13220     0.002008227     0.001766540     0.415320000
   13240     0.002006151     0.001767022     0.406040000
   13260     0.002016749     0.001774220     0.410290000
   13280     0.002019012     0.001774747     0.412350000
   13300     0.002035903     0.001784868     0.399820000
   13320     0.002040473     0.001786956     0.403540000
   13340     0.002052764     0.001795772     0.407140000
   13360     0.002053984     0.001797894     0.406580000
   13380     0.002056957     0.001799685     0.399470000
   13400     0.002043820     0.001791298     0.411300000
   13420     0.002041680     0.001788637     0.399210000
   13440     0.002068958     0.001809880     0.402990000
   13460     0.002067346     0.001806340     0.400360000
   13480     0.002072529     0.001807869     0.394860000
   13500     0.002054038     0.001793228     0.392320000
   13520     0.002058819     0.001794242     0.406430000
   13540     0.002059877     0.001792634     0.411360000
   13560     0.002043634     0.001784139     0.409920000
   13580     0.002045586     0.001784208     0.409120000
   13600     0.002045819     0.001784422     0.415610000
   13620     0.002047026     0.001785380     0.410530000
   13640     0.002045519     0.001785258     0.412470000
   13660     0.002044696     0.001785326     0.389720000
   13680     0.002047030     0.001785528     0.410970000
   13700     0.002044726     0.001788536     0.405610000
   13720     0.002042370     0.001785689     0.413820000
   13740     0.002049497     0.001792796     0.397410000
   13760     0.002052444     0.001793113     0.396090000
   13780     0.002055430     0.001793328     0.398130000
   13800     0.002039038     0.001779106     0.402100000
   13820     0.002037295     0.001780444     0.403810000
   13840     0.002045659     0.001787741     0.407780000
   13860     0.002044642     0.001787009     0.404550000
   13880     0.002047222     0.001791718     0.414000000
   13900     0.002040713     0.001789148     0.411720000
   13920     0.002038722     0.001786845     0.409370000
   13940     0.002040893     0.001791992     0.407700000
   13960     0.002051348     0.001800933     0.405060000
   13980     0.002057725     0.001805530     0.406290000
   14000     0.002062098     0.001808614     0.408380000
   14020     0.002051034     0.001796337     0.400870000
   14040     0.002066596     0.001806610     0.400980000
   14060     0.002075968     0.001815077     0.406900000
   14080     0.002073418     0.001815344     0.400440000
   14100     0.002075071     0.001817337     0.399320000
   14120     0.002089054     0.001826019     0.383910000
   14140     0.002074404     0.001807734     0.392940000
   14160     0.002073228     0.001802979     0.383820000
   14180     0.002069877     0.001798683     0.385000000
   14200     0.002065205     0.001792298     0.383350000
   14220     0.002059388     0.001788217     0.390580000
   14240     0.002064541     0.001794990     0.389490000
   14260     0.002069065     0.001796785     0.387810000
   14280     0.002058931     0.001791620     0.395850000
   14300     0.002073740     0.001806177     0.399370000
   14320     0.002065607     0.001802885     0.399380000
   14340     0.002060091     0.001798730     0.393310000
   14360     0.002046095     0.001785107     0.404760000
   14380     0.002047701     0.001782770     0.399990000
   14400     0.002046672     0.001783259     0.399020000
   14420     0.002052009     0.001787173     0.400760000
   14440     0.002052894     0.001786754     0.401620000
   14460     0.002053911     0.001792655     0.400180000
   14480     0.002050761     0.001789339     0.417660000
   14500     0.002058080     0.001796925     0.403600000
   14520     0.002059090     0.001797096     0.403450000
   14540     0.002070043     0.001807464     0.395200000
   14560     0.002065931     0.001803372     0.394980000
   14580     0.002061149     0.001800573     0.395810000
   14600     0.002072025     0.001810264     0.399010000
   14620     0.002076083     0.001806798     0.394710000
   14640     0.002068968     0.001801242     0.379390000
   14660     0.002073557     0.001804043     0.388600000
   14680     0.002066907     0.001797596     0.394360000
   14700     0.002071866     0.001802043     0.402860000
   14720     0.002079845     0.001808090     0.395950000
   14740     0.002070284     0.001800198     0.396290000
   14760     0.002078613     0.001807295     0.390180000
   14780     0.002073177     0.001800994     0.392700000
   14800     0.002080447     0.001806835     0.396780000
   14820     0.002064453     0.001798051     0.388860000
   14840     0.002064316     0.001798165     0.394090000
   14860     0.002065905     0.001801090     0.393340000
   14880     0.002061291     0.001797604     0.391950000
   14900     0.002044853     0.001783636     0.396420000
   14920     0.002057231     0.001791564     0.402320000
   14940     0.002046157     0.001781383     0.398770000
   14960     0.002039720     0.001776077     0.393880000
   14980     0.002033552     0.001772401     0.408660000
   15000     0.002028901     0.001769479     0.406140000
   15020     0.002033665     0.001776053     0.409250000
   15040     0.002033035     0.001777929     0.407410000
   15060     0.002033078     0.001778554     0.399560000
   15080     0.002039025     0.001783503     0.409080000
   15100     0.002042989     0.001787260     0.394350000
   15120     0.002034866     0.001784443     0.395040000
   15140     0.002049007     0.001792215     0.398430000
   15160     0.002042826     0.001786812     0.400910000
   15180     0.002050214     0.001792336     0.403020000
   15200     0.002072256     0.001810212     0.405700000
   15220     0.002065151     0.001805644     0.398770000
   15240     0.002090728     0.001824672     0.386940000
   15260     0.002080743     0.001817264     0.399790000
   15280     0.002074698     0.001809523     0.390530000
   15300     0.002065362     0.001800335     0.389560000
   15320     0.002063724     0.001798541     0.385690000
   15340     0.002078521     0.001805961     0.383070000
   15360     0.002067234     0.001796183     0.378840000
   15380     0.002074909     0.001801181     0.393830000
   15400     0.002061438     0.001793929     0.399200000
   15420     0.002061561     0.001793299     0.402410000
   15440     0.002064109     0.001797192     0.386200000
   15460     0.002058409     0.001794734     0.387630000
   15480     0.002047990     0.001784818     0.396470000
   15500     0.002072702     0.001803772     0.395500000
   15520     0.002080189     0.001809563     0.391070000
   15540     0.002088549     0.001812561     0.380850000
   15560     0.002089184     0.001810983     0.389590000
   15580     0.002096107     0.001815664     0.390660000
   15600     0.002100615     0.001822087     0.398300000
   15620     0.002105168     0.001831640     0.401300000
   15640     0.002105592     0.001830118     0.393980000
   15660     0.002097779     0.001822277     0.386070000
   15680     0.002098844     0.001818799     0.394810000
   15700     0.002093449     0.001813367     0.388160000
   15720     0.002099708     0.001818099     0.388300000
   15740     0.002094815     0.001816938     0.401300000
   15760     0.002091841     0.001814379     0.385000000
   15780     0.002088023     0.001813042     0.383060000
   15800     0.002079846     0.001805646     0.388350000
   15820     0.002080525     0.001807504     0.398280000
   15840     0.002086674     0.001808655     0.397010000
   15860     0.002107170     0.001825661     0.385960000
   15880     0.002102322     0.001822822     0.380290000
   15900     0.002091207     0.001809394     0.386710000
   15920     0.002089742     0.001807649     0.385300000
   15940     0.002075910     0.001796693     0.392500000
   15960     0.002083291     0.001804674     0.387480000
   15980     0.002067375     0.001793027     0.390660000
   16000     0.002048832     0.001778665     0.386910000
   16020     0.002056706     0.001788848     0.396630000
   16040     0.002047713     0.001778981     0.404580000
   16060     0.002054123     0.001785582     0.408860000
   16080     0.002057390     0.001790488     0.405370000
   16100     0.002059577     0.001794954     0.405330000
   16120     0.002057863     0.001795255     0.406100000
   16140     0.002045997     0.001784012     0.406290000
   16160     0.002045317     0.001782297     0.393600000
   16180     0.002048505     0.001782508     0.387840000
   16200     0.002045996     0.001776936     0.394410000
   16220     0.002046418     0.001776563     0.393630000
   16240     0.002048250     0.001777209     0.397100000
   16260     0.002056303     0.001781250     0.397900000
   16280     0.002063388     0.001789663     0.380390000
   16300     0.002074538     0.001798053     0.382190000
   16320     0.002080237     0.001801577     0.390460000
   16340     0.002095364     0.001813955     0.390800000
   16360     0.002105452     0.001824214     0.397530000
   16380     0.002104422     0.001821538     0.388300000
   16400     0.002115524     0.001830883     0.398430000
   16420     0.002101158     0.001820112     0.396650000
   16440     0.002077791     0.001803531     0.380570000
   16460     0.002058898     0.001787869     0.393540000
   16480     0.002056239     0.001786879     0.404870000
   16500     0.002060458     0.001791692     0.388900000
   16520     0.002059316     0.001790311     0.388780000
   16540     0.002058706     0.001786883     0.400180000
   16560     0.002055118     0.001786526     0.397010000
   16580     0.002068220     0.001799875     0.390590000
   16600     0.002069862     0.001799447     0.393440000
   16620     0.002041920     0.001777872     0.388640000
   16640     0.002054141     0.001789471     0.397920000
   16660     0.002058212     0.001793610     0.399740000
   16680     0.002049716     0.001786352     0.397290000
   16700     0.002059216     0.001790527     0.406100000
   16720     0.002064046     0.001796070     0.403250000
   16740     0.002058791     0.001794332     0.390590000
   16760     0.002054370     0.001789164     0.387830000
   16780     0.002057217     0.001790630     0.404370000
   16800     0.002066131     0.001801412     0.402900000
   16820     0.002073879     0.001804829     0.397480000
   16840     0.002071841     0.001803664     0.389560000
   16860     0.002080182     0.001814417     0.400490000
   16880     0.002075402     0.001810180     0.398240000
   16900     0.002078046     0.001811187     0.403720000
   16920     0.002073536     0.001807995     0.402820000
   16940     0.002071203     0.001808557     0.405400000
   16960     0.002075524     0.001810907     0.397520000
   16980     0.002098652     0.001829464     0.405970000
   17000     0.002110993     0.001837752     0.394300000
   17020     0.002115235     0.001839961     0.386410000
   17040     0.002113313     0.001836847     0.380750000
   17060     0.002095224     0.001821414     0.376730000
   17080     0.002089969     0.001816384     0.383260000
   17100     0.002090982     0.001815134     0.393830000
   17120     0.002100398     0.001822976     0.385030000
   17140     0.002092729     0.001817288     0.388720000
   17160     0.002086775     0.001811973     0.383640000
   17180     0.002087587     0.001808909     0.381510000
   17200     0.002085650     0.001808489     0.381560000
   17220     0.002096828     0.001817028     0.385120000
   17240     0.002097560     0.001818379     0.383500000
   17260     0.002099797     0.001818892     0.381740000
   17280     0.002084694     0.001807989     0.384660000
   17300     0.002079506     0.001804548     0.382330000
   17320     0.002076940     0.001802676     0.383420000
   17340     0.002057440     0.001787276     0.382270000
   17360     0.002055761     0.001787636     0.389290000
   17380     0.002046699     0.001780429     0.402420000
   17400     0.002057280     0.001790442     0.396630000
   17420     0.002062505     0.001794650     0.397270000
   17440     0.002057773     0.001793842     0.405000000
   17460     0.002048672     0.001786375     0.396940000
   17480     0.002055261     0.001788565     0.394500000
   17500     0.002055963     0.001788771     0.394850000
   17520     0.002059206     0.001789360     0.384380000
   17540     0.002066059     0.001794621     0.379020000
   17560     0.002068080     0.001795161     0.383830000
   17580     0.002047051     0.001778794     0.390240000
   17600     0.002053869     0.001781885     0.396250000
   17620     0.002055871     0.001782102     0.394940000
   17640     0.002067795     0.001794379     0.394600000
   17660     0.002066779     0.001793351     0.401020000
   17680     0.002062268     0.001788014     0.395880000
   17700     0.002061848     0.001788959     0.385810000
   17720     0.002066809     0.001792330     0.385290000
   17740     0.002068635     0.001791471     0.383660000
   17760     0.002074532     0.001797735     0.392060000
   17780     0.002076836     0.001801718     0.394880000
   17800     0.002077372     0.001799872     0.392320000
   17820     0.002068817     0.001792376     0.397450000
   17840     0.002064994     0.001789728     0.403290000
   17860     0.002057610     0.001789010     0.395400000
   17880     0.002059198     0.001790101     0.390850000
   17900     0.002060265     0.001790568     0.404700000
   17920     0.002067958     0.001802938     0.410260000
   17940     0.002045774     0.001786681     0.411100000
   17960     0.002047773     0.001788690     0.394250000
   17980     0.002044243     0.001783048     0.393830000
   18000     0.002051165     0.001790864     0.403470000
   18020     0.002059961     0.001798004     0.403610000
   18040     0.002072023     0.001806806     0.407870000
   18060     0.002060221     0.001795818     0.393540000
   18080     0.002059268     0.001793956     0.404510000
   18100     0.002044778     0.001784479     0.393560000
   18120     0.002050666     0.001791045     0.399400000
   18140     0.002030144     0.001776888     0.405160000
   18160     0.002043993     0.001787418     0.397510000
   18180     0.002045229     0.001788284     0.400510000
   18200     0.002041835     0.001781448     0.390230000
   18220     0.002043373     0.001777955     0.391790000
   18240     0.002043384     0.001776232     0.394230000
   18260     0.002055491     0.001786128     0.396320000
   18280     0.002067616     0.001794255     0.389180000
   18300     0.002072482     0.001799968     0.394530000
   18320     0.002074772     0.001798318     0.379650000
   18340     0.002069442     0.001795515     0.376080000
   18360     0.002072756     0.001795477     0.384350000
   18380     0.002070812     0.001794584     0.390390000
   18400     0.002084641     0.001806128     0.389360000
   18420     0.002084383     0.001805520     0.389120000
   18440     0.002065352     0.001792159     0.391780000
   18460     0.002075370     0.001804420     0.402820000
   18480     0.002086463     0.001811863     0.393370000
   18500     0.002084223     0.001812973     0.392370000
   18520     0.002094014     0.001816567     0.379090000
   18540     0.002085167     0.001808449     0.386920000
   18560     0.002065893     0.001789779     0.398070000
   18580     0.002063995     0.001789876     0.400310000
   18600     0.002073755     0.001800379     0.393190000
   18620     0.002075553     0.001805004     0.401130000
   18640     0.002066915     0.001798948     0.384180000
   18660     0.002061393     0.001795315     0.399700000
   18680     0.002052582     0.001790984     0.398640000
   18700     0.002052628     0.001789671     0.410880000
   18720     0.002047197     0.001784841     0.408460000
   18740     0.002045312     0.001786045     0.406040000
   18760     0.002055374     0.001795028     0.400790000
   18780     0.002059485     0.001795309     0.400990000
   18800     0.002055046     0.001790192     0.401020000
   18820     0.002054156     0.001792202     0.404820000
   18840     0.002051931     0.001793369     0.402520000
   18860     0.002055577     0.001795877     0.400790000
   18880     0.002065634     0.001804275     0.406750000
   18900     0.002061622     0.001804181     0.392780000
   18920     0.002079249     0.001816220     0.401210000
   18940     0.002090284     0.001828397     0.401010000
   18960     0.002087851     0.001823070     0.395970000
   18980     0.002074068     0.001810679     0.413530000
   19000     0.002078740     0.001812726     0.399460000
   19020     0.002073124     0.001807974     0.398260000
   19040     0.002077024     0.001811418     0.394430000
   19060     0.002093312     0.001820074     0.395960000
   19080     0.002086760     0.001815112     0.393080000
   19100     0.002098590     0.001826110     0.391880000
   19120     0.002100688     0.001825669     0.389760000
   19140     0.002108459     0.001831256     0.387350000
   19160     0.002108261     0.001830689     0.384660000
   19180     0.002096421     0.001826805     0.394920000
   19200     0.002104045     0.001830541     0.390700000
   19220     0.002104976     0.001832857     0.394050000
   19240     0.002098062     0.001827060     0.383820000
   19260     0.002100619     0.001822536     0.384670000
   19280     0.002102338     0.001825809     0.392810000
   19300     0.002101485     0.001823765     0.389330000
   19320     0.002095475     0.001819815     0.391220000
   19340     0.002110934     0.001833865     0.390110000
   19360     0.002095796     0.001821414     0.386560000
   19380     0.002085458     0.001814769     0.391840000
   19400     0.002075663     0.001803820     0.382020000
   19420     0.002082790     0.001809594     0.384780000
   19440     0.002076024     0.001802739     0.385230000
   19460     0.002069982     0.001798467     0.390230000
   19480     0.002070740     0.001798432     0.389580000
   19500     0.002076525     0.001803758     0.394080000
   19520     0.002065058     0.001797644     0.388850000
   19540     0.002064056     0.001795545     0.397520000
   19560     0.002056359     0.001793720     0.399540000
   19580     0.002057386     0.001793823     0.390420000
   19600     0.002054563     0.001795768     0.393570000
   19620     0.002061145     0.001802478     0.410830000
   19640     0.002058691     0.001798426     0.398820000
   19660     0.002061009     0.001797955     0.402710000
   19680     0.002067808     0.001805763     0.394620000
   19700     0.002069595     0.001806444     0.401070000
   19720     0.002084455     0.001819941     0.393750000
   19740     0.002078206     0.001812986     0.392430000
   19760     0.002093757     0.001823231     0.398120000
   19780     0.002086062     0.001815483     0.401440000
   19800     0.002071743     0.001803579     0.404380000
   19820     0.002074329     0.001803212     0.388790000
   19840     0.002074081     0.001800690     0.390560000
   19860     0.002071875     0.001794292     0.387450000
   19880     0.002073470     0.001797922     0.397370000
   19900     0.002081035     0.001806974     0.389620000
   19920     0.002087290     0.001813385     0.382810000
   19940     0.002074139     0.001802696     0.392670000
   19960     0.002075398     0.001801293     0.402090000
   19980     0.002082242     0.001807153     0.407980000
   20000     0.002078752     0.001807258     0.395950000
   20020     0.002085936     0.001813675     0.400450000
   20040     0.002088241     0.001820095     0.393360000
   20060     0.002094238     0.001825150     0.399040000
   20080     0.002086480     0.001817703     0.386340000
   20100     0.002096723     0.001821328     0.393360000
   20120     0.002092932     0.001816953     0.388320000
   20140     0.002104658     0.001829031     0.389730000
   20160     0.002097735     0.001816890     0.384480000
   20180     0.002087114     0.001811197     0.390220000
   20200     0.002067723     0.001796062     0.392340000
   20220     0.002047003     0.001783311     0.397150000
   20240     0.002063414     0.001798512     0.390580000
   20260     0.002051627     0.001790428     0.385180000
   20280     0.002038482     0.001780496     0.399220000
   20300     0.002048654     0.001788175     0.401090000
   20320     0.002041686     0.001783980     0.411330000
   20340     0.002041841     0.001783692     0.403850000
   20360     0.002050386     0.001789101     0.395110000
   20380     0.002054781     0.001789176     0.395780000
   20400     0.002056186     0.001791556     0.387490000
   20420     0.002055329     0.001788896     0.395030000
   20440     0.002048840     0.001781269     0.383340000
   20460     0.002059308     0.001789455     0.391470000
   20480     0.002058285     0.001789477     0.388150000
   20500     0.002050415     0.001785129     0.386550000
   20520     0.002052577     0.001785727     0.396650000
   20540     0.002060527     0.001793010     0.401900000
   20560     0.002057872     0.001788032     0.410470000
   20580     0.002058268     0.001788817     0.410290000
   20600     0.002070755     0.001799166     0.405720000
   20620     0.002055031     0.001786724     0.399870000
   20640     0.002063741     0.001790188     0.401880000
   20660     0.002063860     0.001793829     0.399160000
   20680     0.002065949     0.001796697     0.393920000
   20700     0.002070915     0.001800888     0.392520000
   20720     0.002075621     0.001805484     0.395230000
   20740     0.002083027     0.001812912     0.408910000
   20760     0.002078442     0.001807086     0.405500000
   20780     0.002085063     0.001813922     0.404990000
   20800     0.002084287     0.001814457     0.405690000
   20820     0.002106763     0.001828939     0.384280000
   20840     0.002106623     0.001824307     0.378300000
   20860     0.002089522     0.001807858     0.375230000
   20880     0.002067062     0.001795432     0.371670000
   20900     0.002060634     0.001788395     0.384340000
   20920     0.002050380     0.001776290     0.383110000
   20940     0.002038666     0.001764098     0.385390000
   20960     0.002052836     0.001776201     0.386700000
   20980     0.002054763     0.001780480     0.401680000
   21000     0.002058752     0.001784033     0.401070000
   21020     0.002059579     0.001785154     0.404090000
   21040     0.002065163     0.001790686     0.405140000
   21060     0.002052422     0.001784315     0.399810000
   21080     0.002058799     0.001792533     0.394200000
   21100     0.002042247     0.001779136     0.390890000
   21120     0.002054936     0.001785158     0.396000000
   21140     0.002070114     0.001795983     0.380150000
   21160     0.002058792     0.001790297     0.391390000
   21180     0.002063374     0.001794618     0.395520000
   21200     0.002062504     0.001792500     0.393770000
   21220     0.002062912     0.001792699     0.384060000
   21240     0.002068488     0.001799706     0.401820000
   21260     0.002068360     0.001799084     0.398250000
   21280     0.002067809     0.001800290     0.398310000
   21300     0.002068277     0.001800424     0.391520000
   21320     0.002069265     0.001801807     0.404500000
   21340     0.002086059     0.001812707     0.391830000
   21360     0.002082865     0.001811055     0.385560000
   21380     0.002087083     0.001811073     0.385990000
   21400     0.002088530     0.001813239     0.396620000
   21420     0.002085143     0.001809479     0.382430000
   21440     0.002085739     0.001811577     0.387060000
   21460     0.002086965     0.001813440     0.376470000
   21480     0.002080908     0.001803916     0.389780000
   21500     0.002079067     0.001801910     0.381660000
   21520     0.002089865     0.001809245     0.377180000
   21540     0.002088453     0.001806835     0.374510000
   21560     0.002084500     0.001804079     0.385200000
   21580     0.002085715     0.001807864     0.390380000
   21600     0.002093199     0.001813992     0.378490000
   21620     0.002088804     0.001809305     0.373330000
   21640     0.002077874     0.001800176     0.387160000
   21660     0.002084344     0.001801424     0.382020000
   21680     0.002081529     0.001803758     0.390160000
   21700     0.002074363     0.001797309     0.390050000
   21720     0.002060734     0.001787656     0.398620000
   21740     0.002070181     0.001800365     0.397800000
   21760     0.002067909     0.001796998     0.394570000
   21780     0.002056804     0.001787643     0.395600000
   21800     0.002042761     0.001781251     0.408150000
   21820     0.002052113     0.001789377     0.401710000
   21840     0.002047861     0.001783034     0.398760000
   21860     0.002046620     0.001784099     0.403190000
   21880     0.002045445     0.001785195     0.403390000
   21900     0.002055010     0.001791745     0.409010000
   21920     0.002031825     0.001771963     0.404330000
   21940     0.002033053     0.001775972     0.401330000
   21960     0.002051211     0.001787172     0.400240000
   21980     0.002054792     0.001790761     0.412890000
   22000     0.002056440     0.001794513     0.407140000
   22020     0.002052051     0.001791969     0.407400000
   22040     0.002073316     0.001811151     0.403350000
   22060     0.002079845     0.001817161     0.401500000
   22080     0.002081136     0.001815888     0.401700000
   22100     0.002079071     0.001816173     0.406700000
   22120     0.002077152     0.001810935     0.391270000
   22140     0.002073626     0.001805286     0.382210000
   22160     0.002073276     0.001805934     0.386630000
   22180     0.002080603     0.001808012     0.396230000
   22200     0.002073640     0.001805378     0.380180000
   22220     0.002070178     0.001799362     0.379620000
   22240     0.002075786     0.001801108     0.391910000
   22260     0.002080938     0.001806047     0.383470000
   22280     0.002089755     0.001813442     0.377780000
   22300     0.002084895     0.001811213     0.380010000
   22320     0.002092640     0.001817733     0.376250000
   22340     0.002076524     0.001803491     0.383470000
   22360     0.002074916     0.001801079     0.389520000
   22380     0.002060285     0.001788842     0.395650000
   22400     0.002059876     0.001789067     0.388190000
   22420     0.002066428     0.001795981     0.393620000
   22440     0.002065757     0.001796002     0.387880000
   22460     0.002065587     0.001796536     0.393330000
   22480     0.002035559     0.001775769     0.399020000
   22500     0.002027087     0.001767658     0.395820000
   22520     0.002020344     0.001763665     0.411590000
   22540     0.002031565     0.001770247     0.405620000
   22560     0.002028377     0.001769255     0.387250000
   22580     0.002030023     0.001771218     0.391890000
   22600     0.002027676     0.001773556     0.407370000
   22620     0.002033163     0.001778442     0.411330000
   22640     0.002038765     0.001785210     0.415390000
   22660     0.002041066     0.001789447     0.409320000
   22680     0.002035217     0.001784032     0.421520000
   22700     0.002031261     0.001784577     0.403180000
   22720     0.002024060     0.001778247     0.412240000
   22740     0.002019734     0.001775581     0.422670000
   22760     0.002024678     0.001779363     0.423920000
   22780     0.002036273     0.001788468     0.407890000
   22800     0.002044208     0.001793127     0.409380000
   22820     0.002046784     0.001792635     0.421220000
   22840     0.002045115     0.001792788     0.414820000
   22860     0.002053928     0.001799694     0.407890000
   22880     0.002056015     0.001797001     0.406430000
   22900     0.002057868     0.001798911     0.395040000
   22920     0.002051467     0.001793000     0.389920000
   22940     0.002050694     0.001791881     0.413180000
   22960     0.002046769     0.001789078     0.398170000
   22980     0.002028717     0.001771867     0.401450000
   23000     0.002035127     0.001778201     0.402240000
   23020     0.002041955     0.001784132     0.406130000
   23040     0.002052810     0.001794463     0.408820000
   23060     0.002070221     0.001807409     0.412810000
   23080     0.002067057     0.001804953     0.411180000
   23100     0.002078847     0.001817154     0.411780000
   23120     0.002078311     0.001814603     0.400510000
   23140     0.002077907     0.001815937     0.386750000
   23160     0.002084129     0.001820792     0.392080000
   23180     0.002095929     0.001827461     0.388570000
   23200     0.002083002     0.001813786     0.380950000
   23220     0.002096259     0.001821074     0.384790000
   23240     0.002096082     0.001817998     0.386040000
   23260     0.002096681     0.001819061     0.386600000
   23280     0.002096947     0.001817352     0.385580000
   23300     0.002095390     0.001815603     0.385090000
   23320     0.002096225     0.001814527     0.376740000
   23340     0.002111494     0.001828305     0.379220000
   23360     0.002110936     0.001829739     0.376580000
   23380     0.002106372     0.001821013     0.374220000
   23400     0.002107762     0.001818317     0.375760000
   23420     0.002109644     0.001819461     0.378320000
   23440     0.002119338     0.001825711     0.369990000
   23460     0.002109648     0.001820419     0.364110000
   23480     0.002117361     0.001826569     0.381870000
   23500     0.002106853     0.001820747     0.378700000
   23520     0.002099610     0.001815839     0.377910000
   23540     0.002105275     0.001822300     0.368710000
   23560     0.002109029     0.001824471     0.379270000
   23580     0.002112441     0.001827465     0.383350000
   23600     0.002105447     0.001820403     0.389270000
   23620     0.002105975     0.001824216     0.388600000
   23640     0.002105931     0.001822885     0.387320000
   23660     0.002089358     0.001812676     0.383270000
   23680     0.002088383     0.001814059     0.396650000
   23700     0.002082286     0.001811824     0.393610000
   23720     0.002080916     0.001807484     0.385940000
   23740     0.002064758     0.001795404     0.383240000
   23760     0.002056977     0.001790322     0.386660000
   23780     0.002057176     0.001790721     0.395600000
   23800     0.002067120     0.001800074     0.390560000
   23820     0.002073061     0.001804205     0.384980000
   23840     0.002083925     0.001812734     0.390150000
   23860     0.002093294     0.001820288     0.393440000
   23880     0.002106106     0.001826908     0.380180000
   23900     0.002112146     0.001830882     0.387240000
   23920     0.002113562     0.001830191     0.385470000
   23940     0.002106640     0.001822585     0.381670000
   23960     0.002107337     0.001821425     0.380030000
   23980     0.002110509     0.001823693     0.376840000
   24000     0.002096887     0.001811438     0.376160000
   24020     0.002089765     0.001805477     0.385420000
   24040     0.002091696     0.001807694     0.387150000
   24060     0.002087522     0.001805318     0.384280000
   24080     0.002077101     0.001799266     0.383110000
   24100     0.002082598     0.001801036     0.383450000
   24120     0.002066769     0.001788159     0.380310000
   24140     0.002079657     0.001799052     0.388670000
   24160     0.002102217     0.001818663     0.387120000
   24180     0.002092775     0.001813942     0.372680000
   24200     0.002091477     0.001808340     0.383020000
   24220     0.002088775     0.001808523     0.387820000
   24240     0.002077641     0.001800363     0.384680000
   24260     0.002086025     0.001804755     0.384510000
   24280     0.002072500     0.001793601     0.384720000
   24300     0.002056119     0.001781368     0.392130000
   24320     0.002053505     0.001779667     0.388010000
   24340     0.002059667     0.001783974     0.394570000
   24360     0.002052771     0.001782260     0.393930000
   24380     0.002050263     0.001781598     0.398490000
   24400     0.002054996     0.001786598     0.409030000
   24420     0.002041781     0.001779632     0.395110000
   24440     0.002041711     0.001780060     0.399790000
   24460     0.002048528     0.001785649     0.400230000
   24480     0.002050775     0.001785712     0.416140000
   24500     0.002055909     0.001790225     0.406090000
   24520     0.002042283     0.001780449     0.397370000
   24540     0.002038695     0.001778854     0.404400000
   24560     0.002027571     0.001773470     0.400760000
   24580     0.002029944     0.001772330     0.399180000
   24600     0.002015075     0.001760045     0.411230000
   24620     0.002021042     0.001766095     0.415280000
   24640     0.002015153     0.001763317     0.409090000
   24660     0.002019011     0.001768955     0.414960000
   24680     0.002023990     0.001772232     0.409630000
   24700     0.002027617     0.001775442     0.403680000
   24720     0.002038930     0.001785018     0.411090000
   24740     0.002034929     0.001782953     0.409210000
   24760     0.002041454     0.001788274     0.411360000
   24780     0.002063753     0.001805960     0.406940000
   24800     0.002072633     0.001808539     0.399390000
   24820     0.002071846     0.001807332     0.403440000
   24840     0.002050786     0.001791741     0.402470000
   24860     0.002058367     0.001795510     0.413420000
   24880     0.002051133     0.001794320     0.405540000
   24900     0.002045284     0.001792819     0.414950000
   24920     0.002051251     0.001797314     0.422930000
   24940     0.002050690     0.001799201     0.421460000
   24960     0.002060289     0.001807142     0.409600000
   24980     0.002067172     0.001808812     0.402400000
   25000     0.002062756     0.001802851     0.401600000
   25020     0.002078608     0.001813995     0.397260000
   25040     0.002079745     0.001814009     0.385410000
   25060     0.002077929     0.001809681     0.385720000
   25080     0.002071040     0.001801828     0.377400000
   25100     0.002063309     0.001792116     0.384390000
   25120     0.002054566     0.001787454     0.391820000
   25140     0.002053911     0.001791141     0.397490000
   25160     0.002061714     0.001799558     0.396090000
   25180     0.002070343     0.001804094     0.401030000
   25200     0.002052724     0.001790890     0.414370000
   25220     0.002064618     0.001801369     0.408930000
   25240     0.002076063     0.001809667     0.404100000
   25260     0.002075097     0.001805177     0.402010000
   25280     0.002076456     0.001803203     0.391200000
   25300     0.002066242     0.001795737     0.384050000
   25320     0.002065327     0.001796117     0.386460000
   25340     0.002070072     0.001797742     0.387490000
   25360     0.002072936     0.001798551     0.379940000
   25380     0.002064372     0.001791514     0.387500000
   25400     0.002065714     0.001791131     0.386060000
   25420     0.002073450     0.001796826     0.396690000
   25440     0.002069625     0.001795933     0.396840000
   25460     0.002056122     0.001783793     0.397960000
   25480     0.002070586     0.001791666     0.389290000
   25500     0.002083254     0.001800485     0.381830000
   25520     0.002079581     0.001800030     0.387070000
   25540     0.002081570     0.001803831     0.396330000
   25560     0.002082989     0.001803874     0.396690000
   25580     0.002089160     0.001811563     0.402880000
   25600     0.002085522     0.001811847     0.390330000
   25620     0.002090563     0.001814939     0.385940000
   25640     0.002088155     0.001811344     0.388830000
   25660     0.002080870     0.001801649     0.389730000
   25680     0.002084085     0.001804993     0.387320000
   25700     0.002088208     0.001808149     0.393090000
   25720     0.002099522     0.001815851     0.386080000
   25740     0.002092109     0.001810213     0.388170000
   25760     0.002098247     0.001812161     0.389190000
   25780     0.002104243     0.001815824     0.376560000
   25800     0.002091237     0.001808557     0.379490000
   25820     0.002100628     0.001817412     0.391240000
   25840     0.002098711     0.001819526     0.389590000
   25860     0.002113227     0.001829024     0.385570000
   25880     0.002119188     0.001834963     0.370410000
   25900     0.002115585     0.001832123     0.378520000
   25920     0.002129106     0.001841908     0.369390000
   25940     0.002132759     0.001839772     0.373060000
   25960     0.002128592     0.001831844     0.360510000
   25980     0.002133888     0.001836880     0.369830000
   26000     0.002135726     0.001835463     0.364600000
   26020     0.002144298     0.001839952     0.361900000
   26040     0.002130066     0.001830034     0.362290000
   26060     0.002138712     0.001834998     0.366580000
   26080     0.002142287     0.001836748     0.365990000
   26100     0.002128494     0.001825178     0.369000000
   26120     0.002111334     0.001815380     0.371740000
   26140     0.002130425     0.001832510     0.363900000
   26160     0.002117347     0.001825085     0.376970000
   26180     0.002108616     0.001819389     0.370230000
   26200     0.002079153     0.001796035     0.371860000
   26220     0.002067715     0.001790861     0.384230000
   26240     0.002061440     0.001787614     0.394110000
   26260     0.002065820     0.001789817     0.396240000
   26280     0.002071146     0.001793408     0.390430000
   26300     0.002068842     0.001791804     0.392950000
   26320     0.002077433     0.001803292     0.386810000
   26340     0.002074885     0.001796187     0.384380000
   26360     0.002074356     0.001797220     0.386770000
   26380     0.002083109     0.001806044     0.403200000
   26400     0.002080856     0.001807665     0.396880000
   26420     0.002079401     0.001806909     0.396260000
   26440     0.002070282     0.001800507     0.397410000
   26460     0.002059215     0.001793443     0.402210000
   26480     0.002052218     0.001788502     0.407250000
   26500     0.002043930     0.001782097     0.414320000
   26520     0.002037498     0.001777817     0.405890000
   26540     0.002031342     0.001773402     0.414190000
   26560     0.002036546     0.001777425     0.410530000
   26580     0.002029359     0.001772434     0.406610000
   26600     0.002048086     0.001790042     0.406520000
   26620     0.002036213     0.001779927     0.400840000
   26640     0.002045088     0.001787278     0.407420000
   26660     0.002046728     0.001789293     0.397440000
   26680     0.002051099     0.001791831     0.397440000
   26700     0.002054893     0.001796335     0.397580000
   26720     0.002057615     0.001796378     0.395480000
   26740     0.002067108     0.001799656     0.393280000
   26760     0.002069876     0.001801195     0.398370000
   26780     0.002064571     0.001800504     0.407410000
   26800     0.002073666     0.001804119     0.397300000
   26820     0.002079135     0.001807252     0.388960000
   26840     0.002071798     0.001797368     0.368750000
   26860     0.002069416     0.001792808     0.384430000
   26880     0.002085167     0.001808204     0.394990000
   26900     0.002079521     0.001801756     0.389130000
   26920     0.002052460     0.001780041     0.387010000
   26940     0.002052130     0.001781618     0.388320000
   26960     0.002047757     0.001780837     0.399500000
   26980     0.002056459     0.001790409     0.400330000
   27000     0.002062681     0.001797933     0.415100000
   27020     0.002059845     0.001798414     0.413610000
   27040     0.002066962     0.001802815     0.411310000
   27060     0.002068399     0.001804241     0.404830000
   27080     0.002071030     0.001807308     0.399570000
   27100     0.002076901     0.001808770     0.391740000
   27120     0.002065042     0.001797996     0.397220000
   27140     0.002080100     0.001810817     0.394500000
   27160     0.002086326     0.001815927     0.390310000
   27180     0.002097998     0.001822140     0.391510000
   27200     0.002101391     0.001824879     0.388780000
   27220     0.002082661     0.001810768     0.390650000
   27240     0.002078211     0.001804428     0.382060000
   27260     0.002067578     0.001793744     0.386460000
   27280     0.002067661     0.001794689     0.392510000
   27300     0.002075611     0.001800993     0.385290000
   27320     0.002069447     0.001795490     0.390200000
   27340     0.002082693     0.001803970     0.395610000
   27360     0.002089113     0.001808389     0.382230000
   27380     0.002096282     0.001812965     0.384560000
   27400     0.002106769     0.001816082     0.380630000
   27420     0.002104191     0.001815757     0.381880000
   27440     0.002109328     0.001819495     0.385280000
   27460     0.002111974     0.001822368     0.385050000
   27480     0.002101031     0.001818941     0.383500000
   27500     0.002075675     0.001799937     0.385930000
   27520     0.002083141     0.001802892     0.378010000
   27540     0.002088461     0.001807242     0.382730000
   27560     0.002096173     0.001813621     0.379330000
   27580     0.002113788     0.001825446     0.373320000
   27600     0.002111130     0.001827374     0.370510000
   27620     0.002101537     0.001817334     0.374530000
   27640     0.002096397     0.001811725     0.371110000
   27660     0.002102356     0.001814168     0.368940000
   27680     0.002092942     0.001806361     0.377310000
   27700     0.002113647     0.001822637     0.371560000
   27720     0.002117570     0.001825339     0.376270000
   27740     0.002122353     0.001827065     0.379900000
   27760     0.002122125     0.001827602     0.377840000
   27780     0.002138640     0.001837578     0.372960000
   27800     0.002145937     0.001842997     0.376260000
   27820     0.002144438     0.001841467     0.361260000
   27840     0.002131304     0.001829154     0.372240000
   27860     0.002119763     0.001821499     0.378000000
   27880     0.002108732     0.001817543     0.385600000
   27900     0.002104361     0.001816096     0.377920000
   27920     0.002088811     0.001804709     0.386430000
   27940     0.002087263     0.001805494     0.393180000
   27960     0.002079088     0.001801409     0.393430000
   27980     0.002068397     0.001796915     0.399700000
   28000     0.002068089     0.001795578     0.403500000
   28020     0.002075876     0.001804205     0.399700000
   28040     0.002061133     0.001793082     0.402270000
   28060     0.002061992     0.001797512     0.411050000
   28080     0.002067612     0.001802390     0.412460000
   28100     0.002070772     0.001802634     0.406230000
   28120     0.002072314     0.001804068     0.402640000
   28140     0.002072443     0.001804778     0.404040000
   28160     0.002066694     0.001802409     0.393770000
   28180     0.002070547     0.001805583     0.390750000
   28200     0.002057418     0.001791292     0.387720000
   28220     0.002061540     0.001796570     0.388210000
   28240     0.002054213     0.001787659     0.391430000
   28260     0.002050233     0.001786111     0.389770000
   28280     0.002037831     0.001778388     0.383770000
   28300     0.002055528     0.001789308     0.392120000
   28320     0.002060847     0.001794707     0.398410000
   28340     0.002062682     0.001794066     0.399660000
   28360     0.002063309     0.001794025     0.394670000
   28380     0.002061792     0.001795010     0.395340000
   28400     0.002059415     0.001795514     0.401920000
   28420     0.002058078     0.001796681     0.401330000
   28440     0.002065187     0.001800527     0.401510000
   28460     0.002058818     0.001796400     0.420520000
   28480     0.002060581     0.001797251     0.415860000
   28500     0.002068624     0.001803011     0.402280000
   28520     0.002074688     0.001805610     0.384510000
   28540     0.002054209     0.001789574     0.396990000
   28560     0.002066274     0.001797085     0.398840000
   28580     0.002064673     0.001800523     0.406500000
   28600     0.002050805     0.001792417     0.401220000
   28620     0.002054106     0.001789633     0.399820000
   28640     0.002059287     0.001796835     0.402450000
   28660     0.002071357     0.001808225     0.412990000
   28680     0.002070539     0.001807255     0.405620000
   28700     0.002076926     0.001811478     0.407290000
   28720     0.002075546     0.001806477     0.400240000
   28740     0.002096232     0.001822436     0.387320000
   28760     0.002088587     0.001816356     0.379380000
   28780     0.002095396     0.001822107     0.383950000
   28800     0.002093978     0.001815061     0.360890000
   28820     0.002091506     0.001811090     0.360100000
   28840     0.002085628     0.001804945     0.365900000
   28860     0.002072884     0.001795041     0.383460000
   28880     0.002064093     0.001787821     0.387870000
   28900     0.002062829     0.001788125     0.384030000
   28920     0.002067624     0.001792419     0.383220000
   28940     0.002067187     0.001793288     0.389970000
   28960     0.002075526     0.001800419     0.392730000
   28980     0.002076329     0.001799993     0.392980000
   29000     0.002062639     0.001786952     0.400130000
   29020     0.002066156     0.001791904     0.398890000
   29040     0.002052413     0.001782169     0.400430000
   29060     0.002058456     0.001787565     0.407080000
   29080     0.002061705     0.001794740     0.401510000
   29100     0.002068877     0.001798987     0.390620000
   29120     0.002069115     0.001797551     0.382250000
   29140     0.002058076     0.001788414     0.389370000
   29160     0.002053754     0.001782636     0.394470000
   29180     0.002050654     0.001780740     0.402710000
   29200     0.002050862     0.001781404     0.405000000
   29220     0.002048025     0.001779375     0.403390000
   29240     0.002051525     0.001784833     0.400020000
   29260     0.002041221     0.001775655     0.399510000
   29280     0.002026938     0.001766376     0.402230000
   29300     0.002023079     0.001766879     0.403080000
   29320     0.002025723     0.001767896     0.401650000
   29340     0.002035467     0.001774027     0.398960000
   29360     0.002039776     0.001780115     0.398590000
   29380     0.002034641     0.001777675     0.402480000
   29400     0.002039179     0.001777779     0.403830000
   29420     0.002030028     0.001768139     0.393810000
   29440     0.002025500     0.001766672     0.413360000
   29460     0.002032606     0.001777163     0.413680000
   29480     0.002031174     0.001779542     0.409120000
   29500     0.002026372     0.001779608     0.422060000
   29520     0.002030987     0.001784372     0.416810000
   29540     0.002021752     0.001776210     0.404970000
   29560     0.002004850     0.001761600     0.412600000
   29580     0.002021953     0.001774939     0.410010000
   29600     0.002030532     0.001783814     0.419730000
   29620     0.002043225     0.001791384     0.425570000
   29640     0.002045054     0.001793446     0.409810000
   29660     0.002046977     0.001792729     0.412690000
   29680     0.002040077     0.001785804     0.409150000
   29700     0.002041288     0.001785995     0.412570000
   29720     0.002041557     0.001785592     0.412200000
   29740     0.002043984     0.001789053     0.410930000
   29760     0.002044317     0.001789464     0.414240000
   29780     0.002039090     0.001786792     0.410930000
   29800     0.002032182     0.001780768     0.421130000
   29820     0.002040449     0.001785159     0.422460000
   29840     0.002039768     0.001787666     0.420750000
   29860     0.002032846     0.001780922     0.421910000
   29880     0.002034051     0.001782952     0.408040000
   29900     0.002042664     0.001789048     0.403420000
   29920     0.002052184     0.001795973     0.395590000
   29940     0.002070378     0.001806677     0.389460000
   29960     0.002072691     0.001805603     0.393840000
   29980     0.002077442     0.001809476     0.388430000
   30000     0.002079963     0.001810468     0.393780000
