      20     0.000097991     0.000097468     0.983050000
      40     0.000191814     0.000189860     0.963970000
      60     0.000281685     0.000277390     0.935460000
      80     0.000370549     0.000363068     0.915590000
     100     0.000456513     0.000445056     0.883970000
     120     0.000536988     0.000521209     0.850150000
     140     0.000610930     0.000590961     0.843740000
     160     0.000679821     0.000654832     0.830390000
     180     0.000743041     0.000712334     0.806850000
     200     0.000814149     0.000776523     0.789590000
     220     0.000884026     0.000839639     0.773700000
     240     0.000944461     0.000893789     0.762710000
     260     0.001000590     0.000943007     0.760690000
     280     0.001058425     0.000993009     0.728150000
     300     0.001112737     0.001039980     0.708720000
     320     0.001165825     0.001084048     0.695910000
     340     0.001207905     0.001119905     0.674010000
     360     0.001253050     0.001158136     0.676780000
     380     0.001294344     0.001191468     0.647330000
     400     0.001334033     0.001223041     0.642540000
     420     0.001376267     0.001258245     0.636460000
     440     0.001399081     0.001274532     0.626000000
     460     0.001430129     0.001298891     0.610460000
     480     0.001463720     0.001325986     0.604330000
     500     0.001481469     0.001338583     0.591970000
     520     0.001530879     0.001376926     0.588980000
     540     0.001562554     0.001400418     0.567880000
     560     0.001583805     0.001413513     0.554480000
     580     0.001619563     0.001440185     0.545670000
     600     0.001634846     0.001449863     0.546480000
     620     0.001654001     0.001460915     0.529570000
     640     0.001676287     0.001474369     0.520580000
     660     0.001710625     0.001497986     0.513580000
     680     0.001729134     0.001508161     0.489120000
     700     0.001754203     0.001524761     0.478410000
     720     0.001770416     0.001529866     0.469640000
     740     0.001789334     0.001536145     0.463270000
     760     0.001788991     0.001533255     0.469190000
     780     0.001800329     0.001537916     0.462540000
     800     0.001812768     0.001542048     0.453050000
     820     0.001811686     0.001538381     0.463490000
     840     0.001830932     0.001551863     0.459380000
     860     0.001843546     0.001554753     0.456630000
     880     0.001853498     0.001559334     0.454930000
     900     0.001855903     0.001561462     0.437610000
     920     0.001858948     0.001560708     0.438750000
     940     0.001867669     0.001567104     0.442880000
     960     0.001882269     0.001575385     0.437790000
     980     0.001889349     0.001577507     0.432260000
    1000     0.001889570     0.001573997     0.423670000
    1020     0.001899080     0.001580219     0.414470000
    1040     0.001914598     0.001585754     0.412230000
    1060     0.001920712     0.001586351     0.413660000
    1080     0.001938361     0.001592006     0.409000000
    1100     0.001935291     0.001583685     0.398700000
    1120     0.001942896     0.001580829     0.388970000
    1140     0.001935668     0.001584506     0.390760000
    1160     0.001935143     0.001582827     0.402590000
    1180     0.001939552     0.001569234     0.390070000
    1200     0.001934010     0.001562947     0.392070000
    1220     0.001951354     0.001579199     0.384120000
    1240     0.001976236     0.001592416     0.379650000
    1260     0.001980439     0.001590263     0.379960000
    1280     0.001984274     0.001586554     0.367210000
    1300     0.002001271     0.001588560     0.362230000
    1320     0.002015214     0.001586154     0.359090000
    1340     0.002023464     0.001582905     0.349240000
    1360     0.002021635     0.001579915     0.339720000
    1380     0.002017752     0.001590887     0.329800000
    1400     0.002039727     0.001589570     0.330060000
    1420     0.002037701     0.001574300     0.321240000
    1440     0.002038925     0.001550484     0.327230000
    1460     0.002045926     0.001535969     0.328800000
    1480     0.002026205     0.001545395     0.324540000
    1500     0.002007886     0.001504177     0.319710000
    1520     0.002033637     0.001519577     0.308960000
    1540     0.002026757     0.001536568     0.308560000
    1560     0.002046940     0.001519724     0.307080000
    1580     0.002058706     0.001526565     0.306940000
    1600     0.002042047     0.001503913     0.303400000
    1620     0.002032066     0.001516906     0.308570000
    1640     0.002000404     0.001508216     0.313610000
    1660     0.001995535     0.001475934     0.306320000
    1680     0.001999705     0.001498299     0.301580000
    1700     0.002008979     0.001441217     0.298840000
    1720     0.002013214     0.001472740     0.297000000
    1740     0.002014907     0.001489978     0.291700000
    1760     0.002027585     0.001490573     0.294880000
    1780     0.002022496     0.001443293     0.297060000
    1800     0.002012728     0.001442084     0.292330000
    1820     0.001994867     0.001445921     0.289640000
    1840     0.001976781     0.001386106     0.293850000
    1860     0.001985319     0.001401864     0.306610000
    1880     0.001937617     0.001378700     0.307510000
    1900     0.001962556     0.001381311     0.306050000
    1920     0.001953086     0.001414429     0.303190000
    1940     0.001956961     0.001387291     0.301840000
    1960     0.001973857     0.001400367     0.302180000
    1980     0.001959469     0.001403810     0.303060000
    2000     0.001935227     0.001397950     0.303430000
    2020     0.001923220     0.001376173     0.299790000
    2040     0.001934824     0.001392186     0.311900000
    2060     0.001900759     0.001386226     0.320230000
    2080     0.001898920     0.001386843     0.312830000
    2100     0.001913207     0.001408240     0.306870000
    2120     0.001948748     0.001434157     0.310720000
    2140     0.001933249     0.001391666     0.309070000
    2160     0.001945358     0.001397836     0.299210000
    2180     0.001950603     0.001438986     0.293160000
    2200     0.001957868     0.001407645     0.295160000
    2220     0.001973206     0.001425660     0.287040000
    2240     0.001961497     0.001417909     0.282160000
    2260     0.001951938     0.001415218     0.289010000
    2280     0.002009443     0.001421887     0.289370000
    2300     0.002001314     0.001418941     0.278130000
    2320     0.001988326     0.001437693     0.270870000
    2340     0.002014932     0.001429160     0.277850000
    2360     0.002001032     0.001419784     0.274470000
    2380     0.002013519     0.001431357     0.279140000
    2400     0.002018511     0.001404741     0.277250000
    2420     0.002018787     0.001427017     0.274350000
    2440     0.002023030     0.001348613     0.268550000
    2460     0.001994032     0.001381926     0.255460000
    2480     0.001985312     0.001401919     0.259040000
    2500     0.001997829     0.001411793     0.252850000
    2520     0.001992311     0.001428017     0.251100000
    2540     0.002013854     0.001386154     0.250440000
    2560     0.002021023     0.001354912     0.240040000
    2580     0.001998157     0.001344689     0.232180000
    2600     0.002004799     0.001369176     0.236740000
    2620     0.001997976     0.001369300     0.237920000
    2640     0.001996831     0.001375694     0.248980000
    2660     0.001994884     0.001354027     0.242920000
    2680     0.002008850     0.001349264     0.251030000
    2700     0.002013658     0.001368937     0.249420000
    2720     0.002002013     0.001357077     0.248310000
    2740     0.001997260     0.001375561     0.250560000
    2760     0.002016335     0.001387003     0.246350000
    2780     0.002028658     0.001394321     0.241870000
    2800     0.002034727     0.001387351     0.239550000
    2820     0.002013917     0.001343676     0.240720000
    2840     0.002063614     0.001349017     0.232730000
    2860     0.002046113     0.001350008     0.223850000
    2880     0.002004492     0.001327999     0.218250000
    2900     0.002046283     0.001292533     0.220720000
    2920     0.001997273     0.001315932     0.213660000
    2940     0.001980982     0.001272799     0.212250000
    2960     0.001923439     0.001279650     0.217760000
    2980     0.001929544     0.001256170     0.218940000
    3000     0.001960069     0.001278597     0.216360000
    3020     0.001966688     0.001280123     0.216930000
    3040     0.001931798     0.001309727     0.222270000
    3060     0.001947252     0.001313713     0.223310000
    3080     0.001926139     0.001301519     0.234290000
    3100     0.001935505     0.001261694     0.225820000
    3120     0.001931030     0.001253786     0.223800000
    3140     0.001940343     0.001300120     0.223990000
    3160     0.001893432     0.001261512     0.220270000
    3180     0.001959334     0.001282860     0.218620000
    3200     0.001952263     0.001292798     0.218780000
    3220     0.001943390     0.001294052     0.212630000
    3240     0.001953707     0.001254655     0.210950000
    3260     0.001942857     0.001233408     0.204370000
    3280     0.001937832     0.001273121     0.214040000
    3300     0.001950545     0.001213607     0.217970000
    3320     0.001979419     0.001212838     0.221580000
    3340     0.001956690     0.001196240     0.222000000
    3360     0.001938215     0.001202356     0.224840000
    3380     0.001927714     0.001182734     0.222180000
    3400     0.001920518     0.001197669     0.218530000
    3420     0.001930044     0.001214756     0.220830000
    3440     0.001913297     0.001259778     0.219390000
    3460     0.001903139     0.001231367     0.219620000
    3480     0.001927688     0.001241847     0.223660000
    3500     0.001943159     0.001233974     0.226950000
    3520     0.001927001     0.001259154     0.222160000
    3540     0.001958198     0.001295774     0.212820000
    3560     0.001942138     0.001251152     0.213430000
    3580     0.001972177     0.001259739     0.203380000
    3600     0.001968235     0.001198503     0.198860000
    3620     0.001990817     0.001252889     0.209220000
    3640     0.001973016     0.001265753     0.201270000
    3660     0.001997149     0.001268381     0.198730000
    3680     0.001987123     0.001258076     0.199740000
    3700     0.001964290     0.001250422     0.198490000
    3720     0.001970635     0.001183798     0.188500000
    3740     0.001999787     0.001228137     0.190960000
    3760     0.002003215     0.001239720     0.196670000
    3780     0.001977263     0.001221949     0.191270000
    3800     0.002017600     0.001222608     0.184380000
    3820     0.002005068     0.001215368     0.188390000
    3840     0.002016967     0.001170867     0.183000000
    3860     0.001978441     0.001176840     0.185750000
    3880     0.001989594     0.001226158     0.193580000
    3900     0.001988258     0.001216614     0.187170000
    3920     0.001931691     0.001241589     0.184310000
    3940     0.001916359     0.001161681     0.189290000
    3960     0.001931647     0.001166162     0.208150000
    3980     0.001953711     0.001209860     0.209290000
    4000     0.001982330     0.001240395     0.203620000
    4020     0.001962047     0.001231148     0.200580000
    4040     0.001975447     0.001201254     0.204320000
    4060     0.001921328     0.001149282     0.213880000
    4080     0.001891198     0.001217050     0.215480000
    4100     0.001907846     0.001206853     0.211790000
    4120     0.001924357     0.001206275     0.215450000
    4140     0.001951260     0.001241164     0.208310000
    4160     0.001978453     0.001239343     0.215660000
    4180     0.001978493     0.001239277     0.210600000
    4200     0.001988604     0.001225391     0.202880000
    4220     0.002005050     0.001244086     0.199990000
    4240     0.001981059     0.001269066     0.206100000
    4260     0.001957508     0.001199458     0.195140000
    4280     0.001952611     0.001227963     0.194480000
    4300     0.001947801     0.001233585     0.201660000
    4320     0.001971063     0.001235418     0.200160000
    4340     0.001967122     0.001244098     0.200160000
    4360     0.001986546     0.001230718     0.196800000
    4380     0.001970863     0.001293051     0.206650000
    4400     0.001969778     0.001276935     0.199700000
    4420     0.001974976     0.001276192     0.204550000
    4440     0.002014070     0.001276378     0.204600000
    4460     0.001997446     0.001277815     0.200470000
    4480     0.002026609     0.001248517     0.197700000
    4500     0.002011465     0.001326672     0.198380000
    4520     0.001990047     0.001253437     0.200980000
    4540     0.002017397     0.001332010     0.195300000
    4560     0.001975277     0.001295073     0.190600000
    4580     0.001975263     0.001258813     0.185670000
    4600     0.001989519     0.001235013     0.187610000
    4620     0.001978926     0.001225102     0.196450000
    4640     0.001984331     0.001240459     0.198740000
    4660     0.001993470     0.001248108     0.205130000
    4680     0.001995408     0.001240661     0.201370000
    4700     0.001993178     0.001184306     0.197490000
    4720     0.001970797     0.001230225     0.190580000
    4740     0.001988830     0.001207998     0.198760000
    4760     0.001992529     0.001215431     0.202550000
    4780     0.001983271     0.001198166     0.191160000
    4800     0.002040154     0.001226343     0.189660000
    4820     0.001989959     0.001220639     0.182770000
    4840     0.001977996     0.001196485     0.183730000
    4860     0.002018176     0.001140202     0.183070000
    4880     0.001975831     0.001197009     0.187300000
    4900     0.001963690     0.001158600     0.185960000
    4920     0.001978401     0.001128616     0.176530000
    4940     0.001968645     0.001173965     0.166490000
    4960     0.001979405     0.001189190     0.159880000
    4980     0.001999710     0.001180276     0.162940000
    5000     0.001981214     0.001187627     0.171820000
    5020     0.001955377     0.001240095     0.168340000
    5040     0.001994392     0.001207932     0.165970000
    5060     0.002020581     0.001204761     0.167500000
    5080     0.001997487     0.001212703     0.169330000
    5100     0.001977633     0.001204873     0.161460000
    5120     0.001932381     0.001164389     0.159650000
    5140     0.001993557     0.001187458     0.155210000
    5160     0.001976727     0.001143260     0.159420000
    5180     0.001963230     0.001144131     0.151990000
    5200     0.001970629     0.001071886     0.155810000
    5220     0.001953360     0.001161852     0.152750000
    5240     0.001953233     0.001134012     0.154910000
    5260     0.001935612     0.001155236     0.150890000
    5280     0.001956455     0.001164820     0.151690000
    5300     0.001931922     0.001152015     0.153350000
    5320     0.001962650     0.001150843     0.152270000
    5340     0.001958905     0.001168898     0.149100000
    5360     0.001964528     0.001224179     0.146750000
    5380     0.001997270     0.001140190     0.141050000
    5400     0.002004113     0.001126619     0.142230000
    5420     0.002028006     0.001138451     0.134620000
    5440     0.002005425     0.001163274     0.143940000
    5460     0.001991009     0.001244546     0.136970000
    5480     0.001992497     0.001211450     0.136100000
    5500     0.001985906     0.001188710     0.129830000
    5520     0.001986748     0.001181389     0.130130000
    5540     0.001984658     0.001248039     0.131800000
    5560     0.002010109     0.001203890     0.134450000
    5580     0.001998465     0.001219932     0.126170000
    5600     0.001898153     0.001202089     0.127940000
    5620     0.001944056     0.001098901     0.128770000
    5640     0.001913866     0.001174659     0.124630000
    5660     0.001904611     0.001135183     0.124450000
    5680     0.001919163     0.001065920     0.131050000
    5700     0.001947759     0.001098160     0.136060000
    5720     0.001926393     0.001103763     0.135930000
    5740     0.001985044     0.001130859     0.137810000
    5760     0.001981403     0.001066062     0.136610000
    5780     0.001961753     0.001035989     0.135070000
    5800     0.001943785     0.001047568     0.134400000
    5820     0.001942715     0.001082565     0.134410000
    5840     0.001916384     0.001063782     0.131590000
    5860     0.001941886     0.001057098     0.130830000
    5880     0.001925728     0.001047916     0.136020000
    5900     0.001952159     0.000985025     0.134320000
    5920     0.001951191     0.001039522     0.134080000
    5940     0.002011397     0.001098032     0.128620000
    5960     0.002058963     0.001077094     0.133950000
    5980     0.002030051     0.001088823     0.129540000
    6000     0.001987209     0.001115063     0.115130000
    6020     0.002027253     0.001106164     0.122270000
    6040     0.002011307     0.001189675     0.122460000
    6060     0.002013947     0.001164805     0.124820000
    6080     0.001958395     0.001190977     0.115670000
    6100     0.001923785     0.001164219     0.114200000
    6120     0.001905499     0.001073749     0.116660000
    6140     0.001873245     0.001040949     0.113040000
    6160     0.001896570     0.001141955     0.113010000
    6180     0.001952667     0.001136653     0.112990000
    6200     0.001860669     0.001072126     0.116230000
    6220     0.001904082     0.001043968     0.116470000
    6240     0.001877659     0.001056663     0.112010000
    6260     0.001946004     0.001084835     0.119940000
    6280     0.002003896     0.001048814     0.115870000
    6300     0.002012080     0.001059023     0.117580000
    6320     0.001943392     0.001052296     0.111210000
    6340     0.001874033     0.001040428     0.118880000
    6360     0.001929365     0.001001982     0.112670000
    6380     0.001930348     0.001018680     0.120340000
    6400     0.001944396     0.001119659     0.119010000
    6420     0.001836601     0.001079907     0.113720000
    6440     0.001818118     0.001034405     0.112960000
    6460     0.001855926     0.001105940     0.111090000
    6480     0.001866685     0.001090468     0.120060000
    6500     0.001864622     0.001127905     0.120860000
    6520     0.001903224     0.001091749     0.116200000
    6540     0.001931621     0.001026637     0.115180000
    6560     0.001825677     0.001091055     0.117490000
    6580     0.001862334     0.000975504     0.115960000
    6600     0.001894809     0.001044085     0.113600000
    6620     0.001847206     0.000999036     0.110800000
    6640     0.001870509     0.001020410     0.115800000
    6660     0.001861518     0.001075187     0.114680000
    6680     0.001873107     0.001029037     0.120240000
    6700     0.001889758     0.001046726     0.114020000
    6720     0.001878021     0.001082908     0.118600000
    6740     0.001846315     0.000997208     0.117800000
    6760     0.001879987     0.000969214     0.121010000
    6780     0.001830165     0.001062526     0.117860000
    6800     0.001880152     0.001014351     0.118260000
    6820     0.001868029     0.001110429     0.122070000
    6840     0.001882610     0.001122908     0.121520000
    6860     0.001857886     0.001046667     0.128340000
    6880     0.001884894     0.001069989     0.127640000
    6900     0.001859075     0.001031822     0.125500000
    6920     0.001815619     0.001000783     0.130090000
    6940     0.001830589     0.000953961     0.127040000
    6960     0.001892900     0.001011247     0.122870000
    6980     0.001917580     0.001003516     0.124480000
    7000     0.001937873     0.000984989     0.122430000
    7020     0.001927105     0.001027790     0.125370000
    7040     0.001948061     0.001063376     0.121470000
    7060     0.001967680     0.001039978     0.119710000
    7080     0.001992564     0.001048816     0.120220000
    7100     0.001920128     0.001025021     0.116800000
    7120     0.001910360     0.001025825     0.117430000
    7140     0.001949138     0.001106093     0.115750000
    7160     0.001943412     0.001083762     0.116520000
    7180     0.001948458     0.001071238     0.120670000
    7200     0.001976214     0.001053430     0.116280000
    7220     0.001929691     0.001015158     0.122990000
    7240     0.001889383     0.001007535     0.126320000
    7260     0.001935555     0.001015432     0.125480000
    7280     0.001912198     0.000966914     0.124120000
    7300     0.001967827     0.000956172     0.119610000
    7320     0.001868286     0.000956668     0.111570000
    7340     0.001932980     0.001023632     0.113760000
    7360     0.001918877     0.001028861     0.108880000
    7380     0.001919389     0.000994294     0.108310000
    7400     0.001912395     0.000970065     0.113510000
    7420     0.001958750     0.000998084     0.113600000
    7440     0.001977280     0.000965957     0.105780000
    7460     0.001901411     0.000978580     0.095250000
    7480     0.001922822     0.000958154     0.097620000
    7500     0.001908362     0.000940597     0.093930000
    7520     0.001954930     0.001001099     0.096960000
    7540     0.001842179     0.001001924     0.098030000
    7560     0.001877303     0.001036127     0.100850000
    7580     0.001959322     0.001073964     0.105640000
    7600     0.001937261     0.000994174     0.102500000
    7620     0.001977312     0.001039317     0.098920000
    7640     0.001891027     0.001102211     0.100970000
    7660     0.001909723     0.001059748     0.101580000
    7680     0.001875942     0.001072666     0.090350000
    7700     0.001859903     0.001036639     0.093740000
    7720     0.001861870     0.000982657     0.093590000
    7740     0.001874066     0.001063802     0.095870000
    7760     0.001936853     0.000967437     0.092190000
    7780     0.001929612     0.001074978     0.090140000
    7800     0.001982751     0.001004612     0.091850000
    7820     0.001979096     0.001109809     0.094860000
    7840     0.001991224     0.001050138     0.091210000
    7860     0.001963287     0.001037811     0.083090000
    7880     0.001966406     0.001017275     0.084530000
    7900     0.001976914     0.001053784     0.082960000
    7920     0.001982230     0.000976465     0.082450000
    7940     0.001997961     0.001035855     0.085090000
    7960     0.002062896     0.001063499     0.082070000
    7980     0.002011297     0.001056638     0.074040000
    8000     0.001984333     0.001087284     0.073150000
    8020     0.002017932     0.001067805     0.073670000
    8040     0.002022358     0.001099132     0.068420000
    8060     0.001949271     0.001140127     0.067140000
    8080     0.001860955     0.001012098     0.066760000
    8100     0.001913502     0.000998888     0.065220000
    8120     0.001936207     0.000996043     0.068300000
    8140     0.001956639     0.000958970     0.070750000
    8160     0.001932208     0.001048929     0.072290000
    8180     0.001955717     0.000921335     0.072510000
    8200     0.001847295     0.000944055     0.071380000
    8220     0.001848274     0.000980852     0.067410000
    8240     0.001898421     0.000959469     0.069570000
    8260     0.001857811     0.001009872     0.070100000
    8280     0.001866966     0.001013400     0.066680000
    8300     0.001879604     0.000942762     0.066100000
    8320     0.001923427     0.000965015     0.064360000
    8340     0.001882767     0.001002798     0.060800000
    8360     0.001925893     0.000961761     0.065430000
    8380     0.001896404     0.000969267     0.060790000
    8400     0.002038446     0.000919027     0.058910000
    8420     0.001951068     0.000860850     0.061890000
    8440     0.001814508     0.000908017     0.061730000
    8460     0.001823726     0.000902492     0.061230000
    8480     0.001846627     0.000944884     0.063140000
    8500     0.001864051     0.001106749     0.066810000
    8520     0.001959028     0.001027891     0.063340000
    8540     0.001930671     0.001090023     0.064240000
    8560     0.001949874     0.000991205     0.066340000
    8580     0.001891366     0.001014566     0.074880000
    8600     0.001930041     0.001018977     0.072960000
    8620     0.001899794     0.000921869     0.071310000
    8640     0.001993810     0.000936881     0.074730000
    8660     0.001994189     0.000955380     0.072350000
    8680     0.001956651     0.000920054     0.072770000
    8700     0.001948631     0.000970082     0.068880000
    8720     0.001932720     0.000969785     0.068550000
    8740     0.001967530     0.000989003     0.070670000
    8760     0.001979427     0.000906620     0.068260000
    8780     0.001927299     0.000871526     0.066570000
    8800     0.001928393     0.000904629     0.066510000
    8820     0.001842811     0.000989896     0.069290000
    8840     0.001908183     0.000918222     0.070720000
    8860     0.001875593     0.000886103     0.067620000
    8880     0.001917627     0.000983167     0.067000000
    8900     0.001942437     0.000886211     0.063170000
    8920     0.002018360     0.000911955     0.065490000
    8940     0.001988249     0.000931020     0.065490000
    8960     0.001986721     0.000913543     0.062130000
    8980     0.002030141     0.000959935     0.057630000
    9000     0.001889296     0.000985451     0.056780000
    9020     0.001935654     0.000986884     0.054990000
    9040     0.001906917     0.000956004     0.058230000
    9060     0.001991991     0.000953849     0.058160000
    9080     0.001953063     0.000898380     0.055190000
    9100     0.001958159     0.000894307     0.057930000
    9120     0.001956794     0.000914170     0.051330000
    9140     0.001942567     0.000955965     0.056200000
    9160     0.001920612     0.000920829     0.059590000
    9180     0.001848382     0.000801844     0.059480000
    9200     0.001814544     0.000841805     0.059270000
    9220     0.001824531     0.000907536     0.061670000
    9240     0.001832056     0.001035359     0.064640000
    9260     0.001830942     0.000962667     0.067210000
    9280     0.001849857     0.000885015     0.069700000
    9300     0.001801818     0.000933156     0.068360000
    9320     0.001842452     0.001060352     0.065230000
    9340     0.001799191     0.000974982     0.065820000
    9360     0.001896381     0.001039247     0.066950000
    9380     0.001838400     0.001069196     0.067150000
    9400     0.001927459     0.000925482     0.063410000
    9420     0.001817841     0.000907904     0.068160000
    9440     0.001867185     0.000989453     0.068150000
    9460     0.001812853     0.000909738     0.067610000
    9480     0.001884747     0.000905678     0.068070000
    9500     0.001779036     0.000962451     0.070910000
    9520     0.001917383     0.000955313     0.075110000
    9540     0.001890516     0.000969645     0.074600000
    9560     0.001837554     0.000990246     0.071710000
    9580     0.001882134     0.000970968     0.070840000
    9600     0.001878991     0.000922893     0.074260000
    9620     0.001895125     0.000942683     0.078040000
    9640     0.001872543     0.000873243     0.077080000
    9660     0.001890054     0.000873003     0.078640000
    9680     0.001853721     0.000925668     0.074680000
    9700     0.001945099     0.000938627     0.077310000
    9720     0.001944138     0.000902576     0.075210000
    9740     0.001925865     0.000962377     0.069970000
    9760     0.001904909     0.000860744     0.068920000
    9780     0.001917103     0.000914436     0.071730000
    9800     0.001933306     0.000874100     0.071290000
    9820     0.001920668     0.000867494     0.075250000
    9840     0.001896672     0.000873324     0.074740000
    9860     0.001866326     0.000931060     0.077180000
    9880     0.001798900     0.000825478     0.076370000
    9900     0.001874632     0.000868310     0.081210000
    9920     0.001890718     0.000908127     0.079610000
    9940     0.001876003     0.000977169     0.078030000
    9960     0.001869551     0.000982454     0.078420000
    9980     0.001855210     0.000929053     0.085520000
   10000     0.001869746     0.000902258     0.085460000
   10020     0.001854414     0.000997749     0.086580000
   10040     0.001829148     0.000908148     0.091440000
   10060     0.001833249     0.000875602     0.086140000
   10080     0.001873861     0.001028963     0.082910000
   10100     0.001833456     0.000925387     0.074730000
   10120     0.001993442     0.001009447     0.072530000
   10140     0.001940875     0.000893245     0.070490000
   10160     0.001956024     0.000965713     0.078010000
   10180     0.001912711     0.000914399     0.075860000
   10200     0.001943509     0.000945697     0.072010000
   10220     0.001917199     0.000933849     0.068240000
   10240     0.001925919     0.001001847     0.061960000
   10260     0.001911778     0.000925061     0.063660000
   10280     0.001920519     0.000969633     0.063610000
   10300     0.001874343     0.000836565     0.060640000
   10320     0.001890438     0.000839128     0.062830000
   10340     0.001892048     0.000873296     0.056000000
   10360     0.001771892     0.000812365     0.063540000
   10380     0.001786871     0.000829569     0.063530000
   10400     0.001770031     0.000831108     0.067080000
   10420     0.001809599     0.000792368     0.068610000
   10440     0.001807942     0.000858565     0.066410000
   10460     0.001818094     0.000897628     0.063160000
   10480     0.001775207     0.000907877     0.068980000
   10500     0.001748304     0.000932448     0.072810000
   10520     0.001756247     0.000873880     0.069980000
   10540     0.001748562     0.000880153     0.072350000
   10560     0.001708783     0.000835736     0.079400000
   10580     0.001734566     0.000869642     0.081810000
   10600     0.001762039     0.000884705     0.078220000
   10620     0.001732216     0.000884121     0.082040000
   10640     0.001724835     0.000874104     0.084550000
   10660     0.001756628     0.000889743     0.084630000
   10680     0.001762075     0.000935343     0.086780000
   10700     0.001779548     0.000935212     0.089560000
   10720     0.001836618     0.000886246     0.098130000
   10740     0.001733648     0.000916759     0.094870000
   10760     0.001821601     0.000951377     0.096390000
   10780     0.001794583     0.000977371     0.098710000
   10800     0.001822415     0.000977524     0.101850000
   10820     0.001857219     0.001008419     0.103860000
   10840     0.001875013     0.000949327     0.097410000
   10860     0.001835976     0.000935445     0.092000000
   10880     0.001916535     0.000979207     0.087690000
   10900     0.001938539     0.001020216     0.087980000
   10920     0.001930700     0.001041446     0.086140000
   10940     0.001987043     0.001030021     0.089700000
   10960     0.002027520     0.001062758     0.083520000
   10980     0.002020229     0.000967376     0.079460000
   11000     0.002021486     0.001009315     0.080520000
   11020     0.002050624     0.001095957     0.082780000
   11040     0.002046569     0.001033684     0.080880000
   11060     0.002019410     0.000983154     0.074660000
   11080     0.001984147     0.001003489     0.069640000
   11100     0.001994517     0.000989904     0.068160000
   11120     0.001969930     0.001006572     0.069000000
   11140     0.001976606     0.000987324     0.067120000
   11160     0.001999503     0.000978030     0.065240000
   11180     0.002012870     0.000992606     0.064380000
   11200     0.001954449     0.001084242     0.061170000
   11220     0.002036320     0.000985446     0.065860000
   11240     0.002042165     0.000918474     0.063650000
   11260     0.001947311     0.000847839     0.061280000
   11280     0.001967654     0.000858715     0.058500000
   11300     0.001989952     0.000860579     0.059920000
   11320     0.001918371     0.000871503     0.062240000
   11340     0.001975855     0.000965234     0.060760000
   11360     0.001939790     0.000974586     0.058070000
   11380     0.002104278     0.000923056     0.056830000
   11400     0.001921827     0.000914704     0.059770000
   11420     0.001926873     0.000905580     0.059310000
   11440     0.001976262     0.000894686     0.064010000
   11460     0.001938878     0.000953210     0.057410000
   11480     0.001917875     0.001012887     0.057410000
   11500     0.001959358     0.000955657     0.062950000
   11520     0.001902412     0.000945386     0.056820000
   11540     0.001974215     0.000944618     0.056070000
   11560     0.001942242     0.000881264     0.056700000
   11580     0.001950291     0.000926257     0.055890000
   11600     0.002003754     0.001048138     0.053900000
   11620     0.002043292     0.000942674     0.051140000
   11640     0.002033676     0.000962140     0.051140000
   11660     0.001950942     0.001008253     0.048530000
   11680     0.001968994     0.000995885     0.046990000
   11700     0.001993302     0.000967593     0.050430000
   11720     0.001985852     0.001002480     0.044390000
   11740     0.001949063     0.001074802     0.043180000
   11760     0.001833264     0.001001901     0.044440000
   11780     0.001873248     0.001008265     0.046290000
   11800     0.001878694     0.000925433     0.048590000
   11820     0.001897575     0.000937176     0.046480000
   11840     0.001939494     0.000931773     0.046740000
   11860     0.001977003     0.000953250     0.044720000
   11880     0.002054680     0.000931089     0.043840000
   11900     0.002035882     0.000951624     0.042620000
   11920     0.002057700     0.000881150     0.039050000
   11940     0.002063829     0.000959604     0.037210000
   11960     0.002017424     0.000873422     0.034890000
   11980     0.001925432     0.000881150     0.034010000
   12000     0.001887235     0.000854409     0.033920000
   12020     0.001863766     0.000875888     0.032420000
   12040     0.001904920     0.000932644     0.032390000
   12060     0.002036476     0.000876967     0.032260000
   12080     0.002052349     0.000894260     0.031240000
   12100     0.002047436     0.000860493     0.028600000
   12120     0.002029953     0.000885808     0.028050000
   12140     0.002182021     0.000903644     0.029900000
   12160     0.002045737     0.001010394     0.030040000
   12180     0.002059618     0.000873540     0.026970000
   12200     0.002064916     0.000967699     0.021030000
   12220     0.002114076     0.001001497     0.021980000
   12240     0.002061273     0.000808543     0.021220000
   12260     0.001888302     0.000875017     0.019140000
   12280     0.001941939     0.000852889     0.016420000
   12300     0.001859295     0.000805335     0.013520000
   12320     0.001894463     0.000835279     0.014300000
   12340     0.001879888     0.000747183     0.016230000
   12360     0.001941048     0.000794316     0.017390000
   12380     0.001970130     0.000722598     0.018070000
   12400     0.001947536     0.000656887     0.013950000
   12420     0.001922287     0.000657045     0.013770000
   12440     0.001860703     0.000671969     0.017460000
   12460     0.001881123     0.000729576     0.017270000
   12480     0.001862181     0.000661282     0.016700000
   12500     0.001966930     0.000524323     0.015810000
   12520     0.001799177     0.000855259     0.014260000
   12540     0.001797139     0.000753269     0.015480000
   12560     0.001889844     0.000666901     0.016060000
   12580     0.001859647     0.000634388     0.014150000
   12600     0.001866873     0.000820114     0.013070000
   12620     0.001964778     0.000949466     0.014170000
   12640     0.002012917     0.000687751     0.013900000
   12660     0.002039273     0.000733177     0.013050000
   12680     0.001952884     0.000732869     0.011580000
   12700     0.002031577     0.000770429     0.011640000
   12720     0.002069843     0.000674416     0.009270000
   12740     0.001971888     0.000759736     0.008460000
   12760     0.001861056     0.000687585     0.011120000
   12780     0.002118910     0.000814349     0.008360000
   12800     0.001893985     0.000723316     0.007990000
   12820     0.002027490     0.000824605     0.006400000
   12840     0.002105616     0.000727371     0.004870000
   12860     0.002131395     0.000714050     0.004410000
   12880     0.002106006     0.000589972     0.002730000
   12900     0.002279742     0.000426222     0.002220000
   12920     0.002317320     0.000506657     0.001790000
   12940     0.002130762     0.000583642     0.000960000
   12960     0.002676471     0.001121972     0.000850000
   12980     0.003011905     0.001024660     0.000280000
   13000     0.003375000     0.000031250     0.000020000
   13020             NaN             NaN     0.000000000
   13040             NaN             NaN     0.000000000
   13060             NaN             NaN     0.000000000
   13080             NaN             NaN     0.000000000
   13100             NaN             NaN     0.000000000
   13120             NaN             NaN     0.000000000
   13140             NaN             NaN     0.000000000
   13160             NaN             NaN     0.000000000
   13180             NaN             NaN     0.000000000
   13200             NaN             NaN     0.000000000
   13220             NaN             NaN     0.000000000
   13240             NaN             NaN     0.000000000
   13260             NaN             NaN     0.000000000
   13280             NaN             NaN     0.000000000
   13300             NaN             NaN     0.000000000
   13320             NaN             NaN     0.000000000
   13340             NaN             NaN     0.000000000
   13360             NaN             NaN     0.000000000
   13380             NaN             NaN     0.000000000
   13400             NaN             NaN     0.000000000
   13420             NaN             NaN     0.000000000
   13440             NaN             NaN     0.000000000
   13460             NaN             NaN     0.000000000
   13480             NaN             NaN     0.000000000
   13500             NaN             NaN     0.000000000
   13520             NaN             NaN     0.000000000
   13540             NaN             NaN     0.000000000
   13560             NaN             NaN     0.000000000
   13580             NaN             NaN     0.000000000
   13600             NaN             NaN     0.000000000
   13620             NaN             NaN     0.000000000
   13640             NaN             NaN     0.000000000
   13660             NaN             NaN     0.000000000
   13680             NaN             NaN     0.000000000
   13700             NaN             NaN     0.000000000
   13720             NaN             NaN     0.000000000
   13740             NaN             NaN     0.000000000
   13760             NaN             NaN     0.000000000
   13780             NaN             NaN     0.000000000
   13800             NaN             NaN     0.000000000
   13820             NaN             NaN     0.000000000
   13840             NaN             NaN     0.000000000
   13860             NaN             NaN     0.000000000
   13880             NaN             NaN     0.000000000
   13900             NaN             NaN     0.000000000
   13920             NaN             NaN     0.000000000
   13940             NaN             NaN     0.000000000
   13960             NaN             NaN     0.000000000
   13980             NaN             NaN     0.000000000
   14000             NaN             NaN     0.000000000
   14020             NaN             NaN     0.000000000
   14040             NaN             NaN     0.000000000
   14060             NaN             NaN     0.000000000
   14080             NaN             NaN     0.000000000
   14100             NaN             NaN     0.000000000
   14120             NaN             NaN     0.000000000
   14140             NaN             NaN     0.000000000
   14160             NaN             NaN     0.000000000
   14180             NaN             NaN     0.000000000
   14200             NaN             NaN     0.000000000
   14220             NaN             NaN     0.000000000
   14240             NaN             NaN     0.000000000
   14260             NaN             NaN     0.000000000
   14280             NaN             NaN     0.000000000
   14300             NaN             NaN     0.000000000
   14320             NaN             NaN     0.000000000
   14340             NaN             NaN     0.000000000
   14360             NaN             NaN     0.000000000
   14380             NaN             NaN     0.000000000
   14400             NaN             NaN     0.000000000
   14420             NaN             NaN     0.000000000
   14440             NaN             NaN     0.000000000
   14460             NaN             NaN     0.000000000
   14480             NaN             NaN     0.000000000
   14500             NaN             NaN     0.000000000
   14520             NaN             NaN     0.000000000
   14540             NaN             NaN     0.000000000
   14560             NaN             NaN     0.000000000
   14580             NaN             NaN     0.000000000
   14600             NaN             NaN     0.000000000
   14620             NaN             NaN     0.000000000
   14640             NaN             NaN     0.000000000
   14660             NaN             NaN     0.000000000
   14680             NaN             NaN     0.000000000
   14700             NaN             NaN     0.000000000
   14720             NaN             NaN     0.000000000
   14740             NaN             NaN     0.000000000
   14760             NaN             NaN     0.000000000
   14780             NaN             NaN     0.000000000
   14800             NaN             NaN     0.000000000
   14820             NaN             NaN     0.000000000
   14840             NaN             NaN     0.000000000
   14860             NaN             NaN     0.000000000
   14880             NaN             NaN     0.000000000
   14900             NaN             NaN     0.000000000
   14920             NaN             NaN     0.000000000
   14940             NaN             NaN     0.000000000
   14960             NaN             NaN     0.000000000
   14980             NaN             NaN     0.000000000
   15000             NaN             NaN     0.000000000
   15020             NaN             NaN     0.000000000
   15040             NaN             NaN     0.000000000
   15060             NaN             NaN     0.000000000
   15080             NaN             NaN     0.000000000
   15100             NaN             NaN     0.000000000
   15120             NaN             NaN     0.000000000
   15140             NaN             NaN     0.000000000
   15160             NaN             NaN     0.000000000
   15180             NaN             NaN     0.000000000
   15200             NaN             NaN     0.000000000
   15220             NaN             NaN     0.000000000
   15240             NaN             NaN     0.000000000
   15260             NaN             NaN     0.000000000
   15280             NaN             NaN     0.000000000
   15300             NaN             NaN     0.000000000
   15320             NaN             NaN     0.000000000
   15340             NaN             NaN     0.000000000
   15360             NaN             NaN     0.000000000
   15380             NaN             NaN     0.000000000
   15400             NaN             NaN     0.000000000
   15420             NaN             NaN     0.000000000
   15440             NaN             NaN     0.000000000
   15460             NaN             NaN     0.000000000
   15480             NaN             NaN     0.000000000
   15500             NaN             NaN     0.000000000
   15520             NaN             NaN     0.000000000
   15540             NaN             NaN     0.000000000
   15560             NaN             NaN     0.000000000
   15580             NaN             NaN     0.000000000
   15600             NaN             NaN     0.000000000
   15620             NaN             NaN     0.000000000
   15640             NaN             NaN     0.000000000
   15660             NaN             NaN     0.000000000
   15680             NaN             NaN     0.000000000
   15700             NaN             NaN     0.000000000
   15720             NaN             NaN     0.000000000
   15740             NaN             NaN     0.000000000
   15760             NaN             NaN     0.000000000
   15780             NaN             NaN     0.000000000
   15800             NaN             NaN     0.000000000
   15820             NaN             NaN     0.000000000
   15840             NaN             NaN     0.000000000
   15860             NaN             NaN     0.000000000
   15880             NaN             NaN     0.000000000
   15900             NaN             NaN     0.000000000
   15920             NaN             NaN     0.000000000
   15940             NaN             NaN     0.000000000
   15960             NaN             NaN     0.000000000
   15980             NaN             NaN     0.000000000
   16000             NaN             NaN     0.000000000
   16020             NaN             NaN     0.000000000
   16040             NaN             NaN     0.000000000
   16060             NaN             NaN     0.000000000
   16080             NaN             NaN     0.000000000
   16100             NaN             NaN     0.000000000
   16120             NaN             NaN     0.000000000
   16140             NaN             NaN     0.000000000
   16160             NaN             NaN     0.000000000
   16180             NaN             NaN     0.000000000
   16200             NaN             NaN     0.000000000
   16220             NaN             NaN     0.000000000
   16240             NaN             NaN     0.000000000
   16260             NaN             NaN     0.000000000
   16280             NaN             NaN     0.000000000
   16300             NaN             NaN     0.000000000
   16320             NaN             NaN     0.000000000
   16340             NaN             NaN     0.000000000
   16360             NaN             NaN     0.000000000
   16380             NaN             NaN     0.000000000
   16400             NaN             NaN     0.000000000
   16420             NaN             NaN     0.000000000
   16440             NaN             NaN     0.000000000
   16460             NaN             NaN     0.000000000
   16480             NaN             NaN     0.000000000
   16500             NaN             NaN     0.000000000
   16520             NaN             NaN     0.000000000
   16540             NaN             NaN     0.000000000
   16560             NaN             NaN     0.000000000
   16580             NaN             NaN     0.000000000
   16600             NaN             NaN     0.000000000
   16620             NaN             NaN     0.000000000
   16640             NaN             NaN     0.000000000
   16660             NaN             NaN     0.000000000
   16680             NaN             NaN     0.000000000
   16700             NaN             NaN     0.000000000
   16720             NaN             NaN     0.000000000
   16740             NaN             NaN     0.000000000
   16760             NaN             NaN     0.000000000
   16780             NaN             NaN     0.000000000
   16800             NaN             NaN     0.000000000
   16820             NaN             NaN     0.000000000
   16840             NaN             NaN     0.000000000
   16860             NaN             NaN     0.000000000
   16880             NaN             NaN     0.000000000
   16900             NaN             NaN     0.000000000
   16920             NaN             NaN     0.000000000
   16940             NaN             NaN     0.000000000
   16960             NaN             NaN     0.000000000
   16980             NaN             NaN     0.000000000
   17000             NaN             NaN     0.000000000
   17020             NaN             NaN     0.000000000
   17040             NaN             NaN     0.000000000
   17060             NaN             NaN     0.000000000
   17080             NaN             NaN     0.000000000
   17100             NaN             NaN     0.000000000
   17120             NaN             NaN     0.000000000
   17140             NaN             NaN     0.000000000
   17160             NaN             NaN     0.000000000
   17180             NaN             NaN     0.000000000
   17200             NaN             NaN     0.000000000
   17220             NaN             NaN     0.000000000
   17240             NaN             NaN     0.000000000
   17260             NaN             NaN     0.000000000
   17280             NaN             NaN     0.000000000
   17300             NaN             NaN     0.000000000
   17320             NaN             NaN     0.000000000
   17340             NaN             NaN     0.000000000
   17360             NaN             NaN     0.000000000
   17380             NaN             NaN     0.000000000
   17400             NaN             NaN     0.000000000
   17420             NaN             NaN     0.000000000
   17440             NaN             NaN     0.000000000
   17460             NaN             NaN     0.000000000
   17480             NaN             NaN     0.000000000
   17500             NaN             NaN     0.000000000
   17520             NaN             NaN     0.000000000
   17540             NaN             NaN     0.000000000
   17560             NaN             NaN     0.000000000
   17580             NaN             NaN     0.000000000
   17600             NaN             NaN     0.000000000
   17620             NaN             NaN     0.000000000
   17640             NaN             NaN     0.000000000
   17660             NaN             NaN     0.000000000
   17680             NaN             NaN     0.000000000
   17700             NaN             NaN     0.000000000
   17720             NaN             NaN     0.000000000
   17740             NaN             NaN     0.000000000
   17760             NaN             NaN     0.000000000
   17780             NaN             NaN     0.000000000
   17800             NaN             NaN     0.000000000
   17820             NaN             NaN     0.000000000
   17840             NaN             NaN     0.000000000
   17860             NaN             NaN     0.000000000
   17880             NaN             NaN     0.000000000
   17900             NaN             NaN     0.000000000
   17920             NaN             NaN     0.000000000
   17940             NaN             NaN     0.000000000
   17960             NaN             NaN     0.000000000
   17980             NaN             NaN     0.000000000
   18000             NaN             NaN     0.000000000
   18020             NaN             NaN     0.000000000
   18040             NaN             NaN     0.000000000
   18060             NaN             NaN     0.000000000
   18080             NaN             NaN     0.000000000
   18100             NaN             NaN     0.000000000
   18120             NaN             NaN     0.000000000
   18140             NaN             NaN     0.000000000
   18160             NaN             NaN     0.000000000
   18180             NaN             NaN     0.000000000
   18200             NaN             NaN     0.000000000
   18220             NaN             NaN     0.000000000
   18240             NaN             NaN     0.000000000
   18260             NaN             NaN     0.000000000
   18280             NaN             NaN     0.000000000
   18300             NaN             NaN     0.000000000
   18320             NaN             NaN     0.000000000
   18340             NaN             NaN     0.000000000
   18360             NaN             NaN     0.000000000
   18380             NaN             NaN     0.000000000
   18400             NaN             NaN     0.000000000
   18420             NaN             NaN     0.000000000
   18440             NaN             NaN     0.000000000
   18460             NaN             NaN     0.000000000
   18480             NaN             NaN     0.000000000
   18500             NaN             NaN     0.000000000
   18520             NaN             NaN     0.000000000
   18540             NaN             NaN     0.000000000
   18560             NaN             NaN     0.000000000
   18580             NaN             NaN     0.000000000
   18600             NaN             NaN     0.000000000
   18620             NaN             NaN     0.000000000
   18640             NaN             NaN     0.000000000
   18660             NaN             NaN     0.000000000
   18680             NaN             NaN     0.000000000
   18700             NaN             NaN     0.000000000
   18720             NaN             NaN     0.000000000
   18740             NaN             NaN     0.000000000
   18760             NaN             NaN     0.000000000
   18780             NaN             NaN     0.000000000
   18800             NaN             NaN     0.000000000
   18820             NaN             NaN     0.000000000
   18840             NaN             NaN     0.000000000
   18860             NaN             NaN     0.000000000
   18880             NaN             NaN     0.000000000
   18900             NaN             NaN     0.000000000
   18920             NaN             NaN     0.000000000
   18940             NaN             NaN     0.000000000
   18960             NaN             NaN     0.000000000
   18980             NaN             NaN     0.000000000
   19000             NaN             NaN     0.000000000
   19020             NaN             NaN     0.000000000
   19040             NaN             NaN     0.000000000
   19060             NaN             NaN     0.000000000
   19080             NaN             NaN     0.000000000
   19100             NaN             NaN     0.000000000
   19120             NaN             NaN     0.000000000
   19140             NaN             NaN     0.000000000
   19160             NaN             NaN     0.000000000
   19180             NaN             NaN     0.000000000
   19200             NaN             NaN     0.000000000
   19220             NaN             NaN     0.000000000
   19240             NaN             NaN     0.000000000
   19260             NaN             NaN     0.000000000
   19280             NaN             NaN     0.000000000
   19300             NaN             NaN     0.000000000
   19320             NaN             NaN     0.000000000
   19340             NaN             NaN     0.000000000
   19360             NaN             NaN     0.000000000
   19380             NaN             NaN     0.000000000
   19400             NaN             NaN     0.000000000
   19420             NaN             NaN     0.000000000
   19440             NaN             NaN     0.000000000
   19460             NaN             NaN     0.000000000
   19480             NaN             NaN     0.000000000
   19500             NaN             NaN     0.000000000
   19520             NaN             NaN     0.000000000
   19540             NaN             NaN     0.000000000
   19560             NaN             NaN     0.000000000
   19580             NaN             NaN     0.000000000
   19600             NaN             NaN     0.000000000
   19620             NaN             NaN     0.000000000
   19640             NaN             NaN     0.000000000
   19660             NaN             NaN     0.000000000
   19680             NaN             NaN     0.000000000
   19700             NaN             NaN     0.000000000
   19720             NaN             NaN     0.000000000
   19740             NaN             NaN     0.000000000
   19760             NaN             NaN     0.000000000
   19780             NaN             NaN     0.000000000
   19800             NaN             NaN     0.000000000
   19820             NaN             NaN     0.000000000
   19840             NaN             NaN     0.000000000
   19860             NaN             NaN     0.000000000
   19880             NaN             NaN     0.000000000
   19900             NaN             NaN     0.000000000
   19920             NaN             NaN     0.000000000
   19940             NaN             NaN     0.000000000
   19960             NaN             NaN     0.000000000
   19980             NaN             NaN     0.000000000
   20000             NaN             NaN     0.000000000
   20020             NaN             NaN     0.000000000
   20040             NaN             NaN     0.000000000
   20060             NaN             NaN     0.000000000
   20080             NaN             NaN     0.000000000
   20100             NaN             NaN     0.000000000
   20120             NaN             NaN     0.000000000
   20140             NaN             NaN     0.000000000
   20160             NaN             NaN     0.000000000
   20180             NaN             NaN     0.000000000
   20200             NaN             NaN     0.000000000
   20220             NaN             NaN     0.000000000
   20240             NaN             NaN     0.000000000
   20260             NaN             NaN     0.000000000
   20280             NaN             NaN     0.000000000
   20300             NaN             NaN     0.000000000
   20320             NaN             NaN     0.000000000
   20340             NaN             NaN     0.000000000
   20360             NaN             NaN     0.000000000
   20380             NaN             NaN     0.000000000
   20400             NaN             NaN     0.000000000
   20420             NaN             NaN     0.000000000
   20440             NaN             NaN     0.000000000
   20460             NaN             NaN     0.000000000
   20480             NaN             NaN     0.000000000
   20500             NaN             NaN     0.000000000
   20520             NaN             NaN     0.000000000
   20540             NaN             NaN     0.000000000
   20560             NaN             NaN     0.000000000
   20580             NaN             NaN     0.000000000
   20600             NaN             NaN     0.000000000
   20620             NaN             NaN     0.000000000
   20640             NaN             NaN     0.000000000
   20660             NaN             NaN     0.000000000
   20680             NaN             NaN     0.000000000
   20700             NaN             NaN     0.000000000
   20720             NaN             NaN     0.000000000
   20740             NaN             NaN     0.000000000
   20760             NaN             NaN     0.000000000
   20780             NaN             NaN     0.000000000
   20800             NaN             NaN     0.000000000
   20820             NaN             NaN     0.000000000
   20840             NaN             NaN     0.000000000
   20860             NaN             NaN     0.000000000
   20880             NaN             NaN     0.000000000
   20900             NaN             NaN     0.000000000
   20920             NaN             NaN     0.000000000
   20940             NaN             NaN     0.000000000
   20960             NaN             NaN     0.000000000
   20980             NaN             NaN     0.000000000
   21000             NaN             NaN     0.000000000
   21020             NaN             NaN     0.000000000
   21040             NaN             NaN     0.000000000
   21060             NaN             NaN     0.000000000
   21080             NaN             NaN     0.000000000
   21100             NaN             NaN     0.000000000
   21120             NaN             NaN     0.000000000
   21140             NaN             NaN     0.000000000
   21160             NaN             NaN     0.000000000
   21180             NaN             NaN     0.000000000
   21200             NaN             NaN     0.000000000
   21220             NaN             NaN     0.000000000
   21240             NaN             NaN     0.000000000
   21260             NaN             NaN     0.000000000
   21280             NaN             NaN     0.000000000
   21300             NaN             NaN     0.000000000
   21320             NaN             NaN     0.000000000
   21340             NaN             NaN     0.000000000
   21360             NaN             NaN     0.000000000
   21380             NaN             NaN     0.000000000
   21400             NaN             NaN     0.000000000
   21420             NaN             NaN     0.000000000
   21440             NaN             NaN     0.000000000
   21460             NaN             NaN     0.000000000
   21480             NaN             NaN     0.000000000
   21500             NaN             NaN     0.000000000
   21520             NaN             NaN     0.000000000
   21540             NaN             NaN     0.000000000
   21560             NaN             NaN     0.000000000
   21580             NaN             NaN     0.000000000
   21600             NaN             NaN     0.000000000
   21620             NaN             NaN     0.000000000
   21640             NaN             NaN     0.000000000
   21660             NaN             NaN     0.000000000
   21680             NaN             NaN     0.000000000
   21700             NaN             NaN     0.000000000
   21720             NaN             NaN     0.000000000
   21740             NaN             NaN     0.000000000
   21760             NaN             NaN     0.000000000
   21780             NaN             NaN     0.000000000
   21800             NaN             NaN     0.000000000
   21820             NaN             NaN     0.000000000
   21840             NaN             NaN     0.000000000
   21860             NaN             NaN     0.000000000
   21880             NaN             NaN     0.000000000
   21900             NaN             NaN     0.000000000
   21920             NaN             NaN     0.000000000
   21940             NaN             NaN     0.000000000
   21960             NaN             NaN     0.000000000
   21980             NaN             NaN     0.000000000
   22000             NaN             NaN     0.000000000
   22020             NaN             NaN     0.000000000
   22040             NaN             NaN     0.000000000
   22060             NaN             NaN     0.000000000
   22080             NaN             NaN     0.000000000
   22100             NaN             NaN     0.000000000
   22120             NaN             NaN     0.000000000
   22140             NaN             NaN     0.000000000
   22160             NaN             NaN     0.000000000
   22180             NaN             NaN     0.000000000
   22200             NaN             NaN     0.000000000
   22220             NaN             NaN     0.000000000
   22240             NaN             NaN     0.000000000
   22260             NaN             NaN     0.000000000
   22280             NaN             NaN     0.000000000
   22300             NaN             NaN     0.000000000
   22320             NaN             NaN     0.000000000
   22340             NaN             NaN     0.000000000
   22360             NaN             NaN     0.000000000
   22380             NaN             NaN     0.000000000
   22400             NaN             NaN     0.000000000
   22420             NaN             NaN     0.000000000
   22440             NaN             NaN     0.000000000
   22460             NaN             NaN     0.000000000
   22480             NaN             NaN     0.000000000
   22500             NaN             NaN     0.000000000
   22520             NaN             NaN     0.000000000
   22540             NaN             NaN     0.000000000
   22560             NaN             NaN     0.000000000
   22580             NaN             NaN     0.000000000
   22600             NaN             NaN     0.000000000
   22620             NaN             NaN     0.000000000
   22640             NaN             NaN     0.000000000
   22660             NaN             NaN     0.000000000
   22680             NaN             NaN     0.000000000
   22700             NaN             NaN     0.000000000
   22720             NaN             NaN     0.000000000
   22740             NaN             NaN     0.000000000
   22760             NaN             NaN     0.000000000
   22780             NaN             NaN     0.000000000
   22800             NaN             NaN     0.000000000
   22820             NaN             NaN     0.000000000
   22840             NaN             NaN     0.000000000
   22860             NaN             NaN     0.000000000
   22880             NaN             NaN     0.000000000
   22900             NaN             NaN     0.000000000
   22920             NaN             NaN     0.000000000
   22940             NaN             NaN     0.000000000
   22960             NaN             NaN     0.000000000
   22980             NaN             NaN     0.000000000
   23000             NaN             NaN     0.000000000
   23020             NaN             NaN     0.000000000
   23040             NaN             NaN     0.000000000
   23060             NaN             NaN     0.000000000
   23080             NaN             NaN     0.000000000
   23100             NaN             NaN     0.000000000
   23120             NaN             NaN     0.000000000
   23140             NaN             NaN     0.000000000
   23160             NaN             NaN     0.000000000
   23180             NaN             NaN     0.000000000
   23200             NaN             NaN     0.000000000
   23220             NaN             NaN     0.000000000
   23240             NaN             NaN     0.000000000
   23260             NaN             NaN     0.000000000
   23280             NaN             NaN     0.000000000
   23300             NaN             NaN     0.000000000
   23320             NaN             NaN     0.000000000
   23340             NaN             NaN     0.000000000
   23360             NaN             NaN     0.000000000
   23380             NaN             NaN     0.000000000
   23400             NaN             NaN     0.000000000
   23420             NaN             NaN     0.000000000
   23440             NaN             NaN     0.000000000
   23460             NaN             NaN     0.000000000
   23480             NaN             NaN     0.000000000
   23500             NaN             NaN     0.000000000
   23520             NaN             NaN     0.000000000
   23540             NaN             NaN     0.000000000
   23560             NaN             NaN     0.000000000
   23580             NaN             NaN     0.000000000
   23600             NaN             NaN     0.000000000
   23620             NaN             NaN     0.000000000
   23640             NaN             NaN     0.000000000
   23660             NaN             NaN     0.000000000
   23680             NaN             NaN     0.000000000
   23700             NaN             NaN     0.000000000
   23720             NaN             NaN     0.000000000
   23740             NaN             NaN     0.000000000
   23760             NaN             NaN     0.000000000
   23780             NaN             NaN     0.000000000
   23800             NaN             NaN     0.000000000
   23820             NaN             NaN     0.000000000
   23840             NaN             NaN     0.000000000
   23860             NaN             NaN     0.000000000
   23880             NaN             NaN     0.000000000
   23900             NaN             NaN     0.000000000
   23920             NaN             NaN     0.000000000
   23940             NaN             NaN     0.000000000
   23960             NaN             NaN     0.000000000
   23980             NaN             NaN     0.000000000
   24000             NaN             NaN     0.000000000
   24020             NaN             NaN     0.000000000
   24040             NaN             NaN     0.000000000
   24060             NaN             NaN     0.000000000
   24080             NaN             NaN     0.000000000
   24100             NaN             NaN     0.000000000
   24120             NaN             NaN     0.000000000
   24140             NaN             NaN     0.000000000
   24160             NaN             NaN     0.000000000
   24180             NaN             NaN     0.000000000
   24200             NaN             NaN     0.000000000
   24220             NaN             NaN     0.000000000
   24240             NaN             NaN     0.000000000
   24260             NaN             NaN     0.000000000
   24280             NaN             NaN     0.000000000
   24300             NaN             NaN     0.000000000
   24320             NaN             NaN     0.000000000
   24340             NaN             NaN     0.000000000
   24360             NaN             NaN     0.000000000
   24380             NaN             NaN     0.000000000
   24400             NaN             NaN     0.000000000
   24420             NaN             NaN     0.000000000
   24440             NaN             NaN     0.000000000
   24460             NaN             NaN     0.000000000
   24480             NaN             NaN     0.000000000
   24500             NaN             NaN     0.000000000
   24520             NaN             NaN     0.000000000
   24540             NaN             NaN     0.000000000
   24560             NaN             NaN     0.000000000
   24580             NaN             NaN     0.000000000
   24600             NaN             NaN     0.000000000
   24620             NaN             NaN     0.000000000
   24640             NaN             NaN     0.000000000
   24660             NaN             NaN     0.000000000
   24680             NaN             NaN     0.000000000
   24700             NaN             NaN     0.000000000
   24720             NaN             NaN     0.000000000
   24740             NaN             NaN     0.000000000
   24760             NaN             NaN     0.000000000
   24780             NaN             NaN     0.000000000
   24800             NaN             NaN     0.000000000
   24820             NaN             NaN     0.000000000
   24840             NaN             NaN     0.000000000
   24860             NaN             NaN     0.000000000
   24880             NaN             NaN     0.000000000
   24900             NaN             NaN     0.000000000
   24920             NaN             NaN     0.000000000
   24940             NaN             NaN     0.000000000
   24960             NaN             NaN     0.000000000
   24980             NaN             NaN     0.000000000
   25000             NaN             NaN     0.000000000
   25020             NaN             NaN     0.000000000
   25040             NaN             NaN     0.000000000
   25060             NaN             NaN     0.000000000
   25080             NaN             NaN     0.000000000
   25100             NaN             NaN     0.000000000
   25120             NaN             NaN     0.000000000
   25140             NaN             NaN     0.000000000
   25160             NaN             NaN     0.000000000
   25180             NaN             NaN     0.000000000
   25200             NaN             NaN     0.000000000
   25220             NaN             NaN     0.000000000
   25240             NaN             NaN     0.000000000
   25260             NaN             NaN     0.000000000
   25280             NaN             NaN     0.000000000
   25300             NaN             NaN     0.000000000
   25320             NaN             NaN     0.000000000
   25340             NaN             NaN     0.000000000
   25360             NaN             NaN     0.000000000
   25380             NaN             NaN     0.000000000
   25400             NaN             NaN     0.000000000
   25420             NaN             NaN     0.000000000
   25440             NaN             NaN     0.000000000
   25460             NaN             NaN     0.000000000
   25480             NaN             NaN     0.000000000
   25500             NaN             NaN     0.000000000
   25520             NaN             NaN     0.000000000
   25540             NaN             NaN     0.000000000
   25560             NaN             NaN     0.000000000
   25580             NaN             NaN     0.000000000
   25600             NaN             NaN     0.000000000
   25620             NaN             NaN     0.000000000
   25640             NaN             NaN     0.000000000
   25660             NaN             NaN     0.000000000
   25680             NaN             NaN     0.000000000
   25700             NaN             NaN     0.000000000
   25720             NaN             NaN     0.000000000
   25740             NaN             NaN     0.000000000
   25760             NaN             NaN     0.000000000
   25780             NaN             NaN     0.000000000
   25800             NaN             NaN     0.000000000
   25820             NaN             NaN     0.000000000
   25840             NaN             NaN     0.000000000
   25860             NaN             NaN     0.000000000
   25880             NaN             NaN     0.000000000
   25900             NaN             NaN     0.000000000
   25920             NaN             NaN     0.000000000
   25940             NaN             NaN     0.000000000
   25960             NaN             NaN     0.000000000
   25980             NaN             NaN     0.000000000
   26000             NaN             NaN     0.000000000
   26020             NaN             NaN     0.000000000
   26040             NaN             NaN     0.000000000
   26060             NaN             NaN     0.000000000
   26080             NaN             NaN     0.000000000
   26100             NaN             NaN     0.000000000
   26120             NaN             NaN     0.000000000
   26140             NaN             NaN     0.000000000
   26160             NaN             NaN     0.000000000
   26180             NaN             NaN     0.000000000
   26200             NaN             NaN     0.000000000
   26220             NaN             NaN     0.000000000
   26240             NaN             NaN     0.000000000
   26260             NaN             NaN     0.000000000
   26280             NaN             NaN     0.000000000
   26300             NaN             NaN     0.000000000
   26320             NaN             NaN     0.000000000
   26340             NaN             NaN     0.000000000
   26360             NaN             NaN     0.000000000
   26380             NaN             NaN     0.000000000
   26400             NaN             NaN     0.000000000
   26420             NaN             NaN     0.000000000
   26440             NaN             NaN     0.000000000
   26460             NaN             NaN     0.000000000
   26480             NaN             NaN     0.000000000
   26500             NaN             NaN     0.000000000
   26520             NaN             NaN     0.000000000
   26540             NaN             NaN     0.000000000
   26560             NaN             NaN     0.000000000
   26580             NaN             NaN     0.000000000
   26600             NaN             NaN     0.000000000
   26620             NaN             NaN     0.000000000
   26640             NaN             NaN     0.000000000
   26660             NaN             NaN     0.000000000
   26680             NaN             NaN     0.000000000
   26700             NaN             NaN     0.000000000
   26720             NaN             NaN     0.000000000
   26740             NaN             NaN     0.000000000
   26760             NaN             NaN     0.000000000
   26780             NaN             NaN     0.000000000
   26800             NaN             NaN     0.000000000
   26820             NaN             NaN     0.000000000
   26840             NaN             NaN     0.000000000
   26860             NaN             NaN     0.000000000
   26880             NaN             NaN     0.000000000
   26900             NaN             NaN     0.000000000
   26920             NaN             NaN     0.000000000
   26940             NaN             NaN     0.000000000
   26960             NaN             NaN     0.000000000
   26980             NaN             NaN     0.000000000
   27000             NaN             NaN     0.000000000
   27020             NaN             NaN     0.000000000
   27040             NaN             NaN     0.000000000
   27060             NaN             NaN     0.000000000
   27080             NaN             NaN     0.000000000
   27100             NaN             NaN     0.000000000
   27120             NaN             NaN     0.000000000
   27140             NaN             NaN     0.000000000
   27160             NaN             NaN     0.000000000
   27180             NaN             NaN     0.000000000
   27200             NaN             NaN     0.000000000
   27220             NaN             NaN     0.000000000
   27240             NaN             NaN     0.000000000
   27260             NaN             NaN     0.000000000
   27280             NaN             NaN     0.000000000
   27300             NaN             NaN     0.000000000
   27320             NaN             NaN     0.000000000
   27340             NaN             NaN     0.000000000
   27360             NaN             NaN     0.000000000
   27380             NaN             NaN     0.000000000
   27400             NaN             NaN     0.000000000
   27420             NaN             NaN     0.000000000
   27440             NaN             NaN     0.000000000
   27460             NaN             NaN     0.000000000
   27480             NaN             NaN     0.000000000
   27500             NaN             NaN     0.000000000
   27520             NaN             NaN     0.000000000
   27540             NaN             NaN     0.000000000
   27560             NaN             NaN     0.000000000
   27580             NaN             NaN     0.000000000
   27600             NaN             NaN     0.000000000
   27620             NaN             NaN     0.000000000
   27640             NaN             NaN     0.000000000
   27660             NaN             NaN     0.000000000
   27680             NaN             NaN     0.000000000
   27700             NaN             NaN     0.000000000
   27720             NaN             NaN     0.000000000
   27740             NaN             NaN     0.000000000
   27760             NaN             NaN     0.000000000
   27780             NaN             NaN     0.000000000
   27800             NaN             NaN     0.000000000
   27820             NaN             NaN     0.000000000
   27840             NaN             NaN     0.000000000
   27860             NaN             NaN     0.000000000
   27880             NaN             NaN     0.000000000
   27900             NaN             NaN     0.000000000
   27920             NaN             NaN     0.000000000
   27940             NaN             NaN     0.000000000
   27960             NaN             NaN     0.000000000
   27980             NaN             NaN     0.000000000
   28000             NaN             NaN     0.000000000
   28020             NaN             NaN     0.000000000
   28040             NaN             NaN     0.000000000
   28060             NaN             NaN     0.000000000
   28080             NaN             NaN     0.000000000
   28100             NaN             NaN     0.000000000
   28120             NaN             NaN     0.000000000
   28140             NaN             NaN     0.000000000
   28160             NaN             NaN     0.000000000
   28180             NaN             NaN     0.000000000
   28200             NaN             NaN     0.000000000
   28220             NaN             NaN     0.000000000
   28240             NaN             NaN     0.000000000
   28260             NaN             NaN     0.000000000
   28280             NaN             NaN     0.000000000
   28300             NaN             NaN     0.000000000
   28320             NaN             NaN     0.000000000
   28340             NaN             NaN     0.000000000
   28360             NaN             NaN     0.000000000
   28380             NaN             NaN     0.000000000
   28400             NaN             NaN     0.000000000
   28420             NaN             NaN     0.000000000
   28440             NaN             NaN     0.000000000
   28460             NaN             NaN     0.000000000
   28480             NaN             NaN     0.000000000
   28500             NaN             NaN     0.000000000
   28520             NaN             NaN     0.000000000
   28540             NaN             NaN     0.000000000
   28560             NaN             NaN     0.000000000
   28580             NaN             NaN     0.000000000
   28600             NaN             NaN     0.000000000
   28620             NaN             NaN     0.000000000
   28640             NaN             NaN     0.000000000
   28660             NaN             NaN     0.000000000
   28680             NaN             NaN     0.000000000
   28700             NaN             NaN     0.000000000
   28720             NaN             NaN     0.000000000
   28740             NaN             NaN     0.000000000
   28760             NaN             NaN     0.000000000
   28780             NaN             NaN     0.000000000
   28800             NaN             NaN     0.000000000
   28820             NaN             NaN     0.000000000
   28840             NaN             NaN     0.000000000
   28860             NaN             NaN     0.000000000
   28880             NaN             NaN     0.000000000
   28900             NaN             NaN     0.000000000
   28920             NaN             NaN     0.000000000
   28940             NaN             NaN     0.000000000
   28960             NaN             NaN     0.000000000
   28980             NaN             NaN     0.000000000
   29000             NaN             NaN     0.000000000
   29020             NaN             NaN     0.000000000
   29040             NaN             NaN     0.000000000
   29060             NaN             NaN     0.000000000
   29080             NaN             NaN     0.000000000
   29100             NaN             NaN     0.000000000
   29120             NaN             NaN     0.000000000
   29140             NaN             NaN     0.000000000
   29160             NaN             NaN     0.000000000
   29180             NaN             NaN     0.000000000
   29200             NaN             NaN     0.000000000
   29220             NaN             NaN     0.000000000
   29240             NaN             NaN     0.000000000
   29260             NaN             NaN     0.000000000
   29280             NaN             NaN     0.000000000
   29300             NaN             NaN     0.000000000
   29320             NaN             NaN     0.000000000
   29340             NaN             NaN     0.000000000
   29360             NaN             NaN     0.000000000
   29380             NaN             NaN     0.000000000
   29400             NaN             NaN     0.000000000
   29420             NaN             NaN     0.000000000
   29440             NaN             NaN     0.000000000
   29460             NaN             NaN     0.000000000
   29480             NaN             NaN     0.000000000
   29500             NaN             NaN     0.000000000
   29520             NaN             NaN     0.000000000
   29540             NaN             NaN     0.000000000
   29560             NaN             NaN     0.000000000
   29580             NaN             NaN     0.000000000
   29600             NaN             NaN     0.000000000
   29620             NaN             NaN     0.000000000
   29640             NaN             NaN     0.000000000
   29660             NaN             NaN     0.000000000
   29680             NaN             NaN     0.000000000
   29700             NaN             NaN     0.000000000
   29720             NaN             NaN     0.000000000
   29740             NaN             NaN     0.000000000
   29760             NaN             NaN     0.000000000
   29780             NaN             NaN     0.000000000
   29800             NaN             NaN     0.000000000
   29820             NaN             NaN     0.000000000
   29840             NaN             NaN     0.000000000
   29860             NaN             NaN     0.000000000
   29880             NaN             NaN     0.000000000
   29900             NaN             NaN     0.000000000
   29920             NaN             NaN     0.000000000
   29940             NaN             NaN     0.000000000
   29960             NaN             NaN     0.000000000
   29980             NaN             NaN     0.000000000
   30000             NaN             NaN     0.000000000
