      20 1069  995  919 1015  947  890  874 1024  925  981
      40  875  875  856  794  991  913  975  898  888  974
      60  842  888  829  784  955  861  796  918  910  925
      80  796  787  711  907  787  789  836  938  689  722
     100  928  756  754  902  787  754  780  829  770  844
     120  713  748  596  820  810  686  762  680  598  877
     140  669  597  649  736  807  709  717  780  635  645
     160  665  746  621  592  696  747  792  649  578  720
     180  657  584  529  518  578  657  639  502  732  697
     200  491  716  656  601  542  742  639  613  624  664
     220  623  693  736  596  644  796  736  719  625  624
     240  624  604  566  597  759  612  773  662  659  598
     260  590  509  535  561  569  601  665  509  612  522
     280  617  538  545  524  507  578  504  407  533  591
     300  591  562  535  577  524  522  471  431  383  586
     320  549  595  462  487  493  392  392  404  585  613
     340  496  524  580  523  538  542  521  500  540  448
     360  595  516  434  491  493  550  520  485  478  403
     380  463  414  447  408  517  365  507  517  458  532
     400  457  431  508  393  460  476  408  437  529  545
     420  417  606  371  372  594  573  501  442  489  468
     440  369  542  555  459  592  507  439  360  494  453
     460  482  501  496  366  517  455  451  458  401  483
     480  525  474  443  412  466  354  512  507  383  544
     500  398  433  486  513  564  424  525  375  443  508
     520  387  343  348  381  445  411  471  552  316  407
     540  374  330  396  419  367  367  408  374  339  400
     560  381  294  341  286  372  423  400  405  441  437
     580  450  422  434  473  289  475  308  455  507  540
     600  361  377  413  427  373  424  330  431  411  367
     620  462  274  400  424  449  451  387  472  416  411
     640  443  348  468  429  379  447  337  405  396  486
     660  361  277  506  459  330  441  360  399  473  534
     680  463  273  478  467  426  351  351  414  371  516
     700  425  327  553  425  245  294  477  378  420  388
     720  322  359  497  362  280  401  369  484  517  422
     740  396  329  438  422  390  524  388  490  510  448
     760  466  300  311  382  455  531  366  473  339  424
     780  503  365  399  465  320  453  335  440  368  337
     800  453  368  453  388  394  375  355  377  346  380
     820  424  375  457  385  362  339  431  428  448  421
     840  428  376  443  252  425  416  332  385  420  397
     860  383  426  421  294  396  311  328  397  422  453
     880  408  282  334  300  414  246  409  370  308  540
     900  380  314  429  357  359  215  398  350  426  387
     920  420  336  398  357  446  323  453  459  361  455
     940  355  312  355  429  310  332  425  471  367  302
     960  457  444  359  283  345  425  365  418  342  371
     980  522  403  446  302  381  478  309  386  421  414
    1000  390  364  388  374  459  485  405  402  365  349
    1020  286  342  351  448  479  424  352  371  402  395
    1040  308  357  408  402  376  385  554  395  350  481
    1060  268  393  418  390  348  377  474  402  366  372
    1080  344  327  383  232  250  266  527  477  363  366
    1100  395  438  428  468  296  352  435  393  319  428
    1120  433  489  310  373  414  322  352  472  327  364
    1140  438  400  412  360  409  339  449  353  365  391
    1160  412  394  389  439  355  392  544  271  390  391
    1180  477  388  529  322  282  478  484  385  382  430
    1200  447  311  434  367  373  375  466  307  345  482
    1220  419  434  344  356  338  379  358  403  375  324
    1240  388  415  406  390  330  366  400  415  356  480
    1260  332  312  431  369  447  308  427  522  494  448
    1280  488  327  309  423  432  290  376  391  518  452
    1300  446  351  367  507  426  324  377  393  452  429
    1320  270  334  369  378  328  373  430  460  393  333
    1340  273  432  413  311  365  418  490  424  440  320
    1360  353  356  483  220  376  361  321  483  430  361
    1380  475  321  411  230  333  455  418  457  452  386
    1400  352  392  387  289  334  427  297  549  583  452
    1420  449  436  384  426  334  457  358  453  514  343
    1440  479  351  415  414  464  558  411  353  477  335
    1460  470  349  376  398  388  423  325  435  565  390
    1480  402  383  358  334  379  422  419  481  439  374
    1500  409  398  329  487  417  405  349  390  365  495
    1520  323  422  330  405  460  445  383  506  396  439
    1540  317  442  411  432  528  393  492  388  397  464
    1560  319  356  497  376  460  431  358  363  391  387
    1580  303  423  383  379  390  548  484  349  400  351
    1600  324  343  386  417  331  347  402  255  404  472
    1620  384  346  477  449  487  291  532  373  478  376
    1640  447  337  427  455  406  382  438  506  540  449
    1660  408  463  337  422  391  537  357  501  465  378
    1680  302  391  343  359  425  465  508  404  462  416
    1700  309  408  400  411  522  355  436  424  410  403
    1720  299  456  388  401  576  285  337  370  418  393
    1740  386  427  413  439  439  364  422  430  359  340
    1760  359  420  439  387  387  449  432  416  357  357
    1780  361  424  439  403  335  332  321  387  355  393
    1800  285  313  435  372  355  434  314  350  267  390
    1820  301  441  376  384  367  433  411  373  372  385
    1840  307  405  400  386  218  420  265  336  416  404
    1860  323  398  349  359  368  411  265  453  380  376
    1880  411  388  329  369  340  362  389  367  404  327
    1900  470  365  330  349  293  386  454  363  324  340
    1920  510  345  510  411  359  399  449  373  460  315
    1940  460  372  390  460  358  439  407  382  449  394
    1960  415  372  481  418  427  342  425  546  368  401
    1980  462  386  378  394  376  307  335  428  391  331
    2000  465  431  477  372  359  375  356  440  481  425
    2020  470  500  334  451  313  385  455  333  356  444
    2040  492  394  319  486  417  406  416  263  312  331
    2060  463  437  415  362  358  362  433  340  376  442
    2080  418  422  372  388  515  504  419  281  320  428
    2100  379  352  316  339  328  284  461  297  425  394
    2120  431  382  409  410  465  309  303  389  405  556
    2140  357  371  468  361  440  280  328  254  401  425
    2160  337  433  487  362  402  334  342  344  389  407
    2180  477  370  342  410  466  379  285  279  450  486
    2200  337  458  302  432  330  301  332  303  412  325
    2220  328  364  333  425  351  255  457  258  417  414
    2240  311  351  363  444  430  307  391  294  334  440
    2260  396  281  482  497  377  383  448  316  481  439
    2280  405  278  405  379  313  294  405  261  339  298
    2300  302  271  478  388  313  247  432  305  364  324
    2320  304  425  437  420  423  316  467  296  383  371
    2340  388  465  501  358  470  317  435  319  427  402
    2360  343  274  469  418  441  342  512  325  313  527
    2380  321  305  332  294  484  340  436  530  369  416
    2400  466  299  278  356  424  332  426  418  427  411
    2420  508  255  392  528  389  307  471  487  356  410
    2440  382  218  382  427  332  397  394  361  311  310
    2460  417  316  358  374  286  373  386  402  264  424
    2480  511  335  382  421  269  343  379  370  189  388
    2500  552  313  293  478  277  278  409  400  315  368
    2520  484  306  294  388  430  410  344  390  281  322
    2540  516  402  322  401  374  469  390  379  399  405
    2560  447  228  434  367  383  390  315  443  405  405
    2580  454  341  486  237  380  423  329  344  416  328
    2600  381  359  483  357  342  364  417  405  321  284
    2620  412  433  419  416  475  409  320  272  382  406
    2640  430  376  344  391  409  405  403  386  445  384
    2660  433  444  361  433  453  469  329  370  478  370
    2680  330  367  373  370  389  551  416  431  391  317
    2700  245  256  496  374  349  440  311  514  438  386
    2720  386  212  479  364  420  338  407  528  383  454
    2740  457  295  429  437  351  316  369  416  319  310
    2760  381  375  383  390  313  351  409  297  529  377
    2780  411  438  387  392  169  415  383  194  444  422
    2800  331  372  339  475  312  412  371  362  461  435
    2820  319  451  430  402  326  512  323  292  391  326
    2840  330  422  369  412  399  419  308  373  355  409
    2860  305  454  407  427  354  431  295  424  454  487
    2880  369  382  389  348  372  348  345  429  448  468
    2900  356  365  409  359  395  327  276  361  456  348
    2920  375  427  359  394  334  421  445  362  510  435
    2940  419  472  316  442  233  498  540  374  497  384
    2960  466  367  338  331  388  365  472  406  351  410
    2980  513  329  437  361  312  414  434  308  304  290
    3000  488  363  372  254  461  302  381  307  313  304
    3020  419  439  462  323  534  436  400  305  329  456
    3040  400  420  301  323  462  429  417  241  283  340
    3060  365  416  413  414  387  369  385  371  340  354
    3080  357  438  406  431  408  435  452  375  340  407
    3100  438  405  382  303  377  467  369  307  262  501
    3120  381  430  384  291  493  425  351  302  371  444
    3140  352  412  441  367  380  377  284  304  276  291
    3160  312  417  437  478  348  386  359  410  393  352
    3180  270  436  253  439  484  467  281  466  363  320
    3200  323  359  301  482  532  443  296  455  393  376
    3220  359  395  330  428  444  449  256  432  361  352
    3240  251  473  322  442  441  552  427  473  402  328
    3260  332  503  325  392  372  498  421  459  327  377
    3280  437  500  398  411  291  452  463  489  347  356
    3300  469  414  400  376  336  448  414  546  412  461
    3320  524  439  537  345  399  433  409  341  484  468
    3340  417  360  396  370  381  470  532  462  424  309
    3360  533  437  362  307  368  408  332  425  368  400
    3380  429  370  389  362  220  401  397  477  366  399
    3400  523  310  549  411  304  362  427  392  369  351
    3420  396  410  433  385  262  312  515  411  294  324
    3440  457  517  405  391  423  378  454  428  252  304
    3460  466  511  378  353  319  472  397  348  375  366
    3480  479  520  428  476  274  358  433  476  366  325
    3500  327  410  456  509  312  370  466  440  185  421
    3520  333  439  385  454  390  356  482  426  333  360
    3540  303  392  453  368  510  429  397  475  249  247
    3560  305  372  415  402  447  412  376  382  333  404
    3580  359  336  401  470  323  490  385  240  423  443
    3600  378  362  421  524  389  406  372  285  446  420
    3620  405  340  394  355  415  369  407  323  405  487
    3640  397  373  465  395  390  352  475  297  410  440
    3660  553  397  490  446  364  369  521  440  522  449
    3680  411  398  426  397  414  442  404  349  394  454
    3700  337  399  387  380  386  450  231  387  340  348
    3720  361  355  432  392  404  471  300  408  397  277
    3740  432  280  406  451  517  353  344  362  345  345
    3760  347  264  454  431  442  498  463  391  372  370
    3780  278  347  375  397  233  495  326  331  398  374
    3800  365  336  321  423  315  521  447  209  370  382
    3820  332  370  390  303  412  491  395  398  593  399
    3840  369  401  352  289  451  352  394  383  368  486
    3860  322  471  326  368  419  342  394  352  379  323
    3880  338  378  396  455  367  370  387  377  366  334
    3900  340  515  396  453  340  317  379  404  411  393
    3920  409  518  319  418  348  361  455  348  311  442
    3940  392  463  424  412  388  457  390  503  380  489
    3960  295  310  423  472  420  445  290  488  316  414
    3980  372  359  383  446  419  412  310  365  344  390
    4000  392  305  311  423  421  493  336  327  333  386
    4020  367  353  378  352  453  322  409  421  430  411
    4040  312  504  256  453  403  296  453  365  331  441
    4060  374  447  318  335  326  373  341  389  453  414
    4080  389  360  471  393  369  296  445  326  462  297
    4100  366  329  363  368  335  346  403  390  378  434
    4120  332  396  333  401  269  355  371  470  460  406
    4140  324  215  295  399  431  378  370  415  413  445
    4160  292  215  367  395  374  382  336  323  463  562
    4180  360  321  331  406  371  289  300  345  394  343
    4200  346  368  325  415  379  376  318  318  370  325
    4220  353  321  471  460  309  318  333  323  322  374
    4240  362  399  498  446  299  399  243  412  392  375
    4260  244  323  421  397  404  419  247  367  252  343
    4280  312  335  527  416  357  329  261  511  315  533
    4300  421  289  500  442  308  356  321  393  200  490
    4320  360  408  400  528  294  431  341  542  314  412
    4340  374  446  400  510  355  351  350  462  253  363
    4360  416  401  336  347  439  390  341  294  327  361
    4380  390  406  274  369  399  380  406  415  327  357
    4400  388  413  255  425  340  397  330  509  467  394
    4420  392  450  427  473  309  405  367  385  438  412
    4440  339  454  350  420  348  260  453  402  355  485
    4460  398  422  488  388  450  317  419  301  311  478
    4480  415  442  449  292  389  339  447  443  357  373
    4500  463  329  523  349  419  342  442  455  331  435
    4520  467  393  457  442  425  287  508  353  421  386
    4540  288  356  421  392  404  426  409  286  444  473
    4560  325  377  496  321  343  332  342  398  405  442
    4580  398  480  511  331  342  462  489  420  400  402
    4600  385  333  387  444  337  439  338  429  379  461
    4620  360  381  362  374  456  271  335  446  355  449
    4640  335  348  329  371  429  307  433  356  376  481
    4660  416  385  372  285  430  408  276  452  332  392
    4680  494  312  473  460  372  415  384  369  375  482
    4700  474  294  408  381  340  412  305  376  389  441
    4720  360  418  488  440  373  388  418  454  352  362
    4740  469  430  438  380  392  408  278  386  322  432
    4760  321  389  378  399  341  348  294  433  283  342
    4780  376  365  429  411  391  350  281  259  401  326
    4800  463  352  396  410  373  533  357  266  487  434
    4820  287  308  487  348  336  464  313  268  368  472
    4840  427  257  372  371  333  338  338  433  346  376
    4860  467  327  411  396  329  473  323  428  374  369
    4880  413  279  480  364  362  436  350  308  334  429
    4900  467  290  465  410  391  333  361  410  338  445
    4920  405  402  362  473  386  373  266  366  256  356
    4940  432  474  395  434  337  395  272  306  337  414
    4960  417  436  420  339  292  386  362  376  260  342
    4980  457  407  398  349  294  460  366  318  262  386
    5000  321  267  377  330  413  408  283  399  278  375
    5020  246  330  456  393  389  393  328  514  284  276
    5040  321  520  443  433  331  393  324  444  241  373
    5060  374  399  475  322  321  540  461  397  365  383
    5080  345  363  453  359  415  403  490  408  420  393
    5100  358  399  431  421  386  345  473  407  402  400
    5120  254  366  464  543  335  341  433  412  452  363
    5140  385  366  400  433  316  414  376  433  361  355
    5160  322  396  437  441  373  453  336  469  290  379
    5180  360  337  405  370  281  343  378  434  356  519
    5200  409  438  311  399  320  403  406  256  355  392
    5220  474  419  352  422  403  384  344  336  445  355
    5240  424  371  197  359  392  428  451  471  376  402
    5260  443  379  307  368  451  359  432  405  440  512
    5280  380  390  298  401  394  382  449  365  414  546
    5300  224  386  342  326  389  407  380  419  435  507
    5320  213  328  416  389  379  341  267  322  336  344
    5340  277  346  279  369  310  346  415  281  276  393
    5360  355  465  317  385  348  358  474  353  388  407
    5380  458  425  341  356  349  370  439  322  578  343
    5400  361  406  479  303  262  383  402  353  515  361
    5420  429  483  350  339  448  366  362  299  390  329
    5440  492  508  345  399  414  402  359  367  342  333
    5460  449  440  347  297  481  400  359  358  472  393
    5480  404  418  393  336  390  473  443  251  328  380
    5500  417  392  513  289  360  379  543  395  367  346
    5520  350  452  460  334  389  370  434  469  375  303
    5540  434  391  345  405  423  325  378  443  354  309
    5560  511  468  344  443  333  403  387  389  407  403
    5580  519  430  422  398  337  451  436  318  339  466
    5600  460  416  293  442  462  448  324  322  317  348
    5620  350  408  343  432  436  340  305  340  320  351
    5640  453  375  274  440  428  279  471  397  228  360
    5660  420  458  396  437  458  345  406  287  287  440
    5680  320  371  366  423  290  454  425  385  420  363
    5700  392  387  268  338  460  416  325  455  422  346
    5720  494  429  207  459  476  438  370  526  447  441
    5740  498  304  327  389  438  588  328  457  384  453
    5760  383  277  296  317  400  418  488  426  564  299
    5780  374  292  378  273  391  306  330  370  389  281
    5800  341  410  359  283  283  392  264  388  460  462
    5820  350  348  382  368  329  354  374  450  383  464
    5840  380  454  390  404  341  396  346  345  439  413
    5860  251  417  424  358  341  375  337  278  420  370
    5880  404  347  255  364  403  271  316  346  294  247
    5900  335  473  341  319  314  313  323  464  314  464
    5920  378  342  308  335  345  280  364  392  386  533
    5940  424  338  341  371  418  251  415  336  454  412
    5960  361  427  334  364  314  307  528  388  475  403
    5980  417  390  274  384  386  331  367  436  400  384
    6000  381  195  388  440  433  366  363  289  312  438
    6020  365  247  391  360  368  348  426  509  391  335
    6040  301  270  386  440  401  419  424  457  398  408
    6060  342  394  351  379  350  404  352  227  416  309
    6080  347  382  319  458  421  441  331  375  391  311
    6100  448  398  359  518  362  390  394  313  459  364
    6120  417  224  376  383  292  319  456  355  364  416
    6140  488  279  386  350  336  297  415  379  343  278
    6160  440  340  380  279  449  379  305  404  345  310
    6180  351  273  373  294  330  378  295  426  300  358
    6200  406  393  458  362  389  362  332  376  520  354
    6220  334  400  347  425  327  420  342  338  452  389
    6240  251  414  475  548  381  441  300  480  340  415
    6260  320  453  409  541  308  329  311  429  448  410
    6280  400  451  307  393  371  304  460  443  543  366
    6300  295  309  361  399  397  289  441  401  412  437
    6320  395  373  306  376  454  329  346  324  420  637
    6340  374  390  363  318  494  356  396  315  404  580
    6360  282  384  379  344  352  405  367  400  381  395
    6380  297  392  377  409  455  426  388  523  446  369
    6400  323  426  350  499  456  380  396  408  349  377
    6420  351  390  417  325  337  498  316  378  406  433
    6440  478  298  429  378  389  436  418  440  432  461
    6460  440  388  392  439  355  438  424  449  338  553
    6480  358  344  443  445  361  375  374  313  358  480
    6500  407  242  378  429  409  498  480  383  481  369
    6520  378  315  461  357  455  410  419  313  417  511
    6540  344  363  425  350  424  381  510  331  414  378
    6560  216  439  505  445  389  400  335  368  450  289
    6580  322  445  397  364  476  428  401  347  442  417
    6600  461  421  361  401  285  433  403  402  320  407
    6620  494  516  391  353  433  390  353  348  299  399
    6640  561  492  344  393  308  431  432  388  367  428
    6660  491  427  273  411  273  470  356  368  449  456
    6680  397  319  407  381  302  400  303  307  367  460
    6700  356  413  417  285  380  361  372  354  426  421
    6720  357  308  358  345  337  308  365  394  340  445
    6740  353  331  259  326  404  424  418  489  366  377
    6760  446  447  400  321  381  321  328  456  378  460
    6780  417  524  341  382  306  423  315  456  482  400
    6800  481  490  341  297  336  353  379  352  498  393
    6820  360  339  410  265  383  375  398  366  518  297
    6840  334  299  446  404  405  378  352  336  480  377
    6860  411  385  273  397  330  334  402  321  467  410
    6880  403  381  237  459  359  311  439  356  466  352
    6900  361  395  352  378  439  361  433  539  357  318
    6920  500  389  450  434  387  321  376  470  435  482
    6940  522  395  366  456  340  423  310  402  357  402
    6960  329  406  507  355  441  380  391  499  358  393
    6980  415  341  454  338  526  355  436  458  277  434
    7000  373  314  337  462  455  327  456  400  245  415
    7020  344  417  337  526  365  412  439  332  331  504
    7040  313  547  377  413  491  372  389  356  340  428
    7060  354  597  362  395  503  414  388  465  365  408
    7080  344  436  340  390  404  378  386  473  361  395
    7100  364  492  389  340  344  395  377  363  401  307
    7120  391  489  375  470  375  333  313  286  287  421
    7140  345  507  381  387  271  386  403  393  373  386
    7160  377  489  414  424  299  321  427  323  429  328
    7180  407  331  421  403  334  293  429  470  382  334
    7200  333  366  380  283  308  321  436  515  398  334
    7220  541  446  521  378  460  389  387  414  466  460
    7240  305  517  429  430  322  382  370  472  409  287
    7260  306  412  470  337  475  406  334  480  451  262
    7280  420  434  284  308  398  382  385  460  452  343
    7300  431  406  351  377  263  472  459  375  561  235
    7320  379  411  300  332  290  348  377  387  371  349
    7340  377  469  343  320  344  306  415  381  371  317
    7360  393  465  271  390  419  351  450  288  352  344
    7380  347  414  358  395  413  330  453  342  346  412
    7400  306  517  385  460  515  340  375  344  291  334
    7420  318  409  431  392  447  393  325  367  303  279
    7440  376  329  428  461  481  402  385  409  432  240
    7460  418  290  376  296  418  355  415  484  269  458
    7480  430  313  433  440  458  361  419  464  349  380
    7500  347  348  357  497  396  291  411  450  392  350
    7520  349  398  364  437  391  387  446  430  524  316
    7540  397  303  366  413  465  449  388  302  390  365
    7560  411  362  303  442  449  353  393  335  448  306
    7580  447  473  392  448  388  437  439  366  369  260
    7600  493  373  316  423  353  315  456  462  417  363
    7620  434  433  389  323  395  355  392  455  468  318
    7640  468  394  369  461  506  402  300  286  460  462
    7660  430  329  414  384  422  326  328  266  357  438
    7680  398  449  305  421  375  419  305  409  407  367
    7700  344  522  318  524  260  392  302  523  310  470
    7720  407  427  326  454  397  438  441  413  355  510
    7740  463  354  366  357  382  284  343  410  414  346
    7760  410  316  406  301  431  295  422  400  410  289
    7780  428  389  423  349  419  291  320  404  376  299
    7800  544  376  393  337  333  316  252  372  402  286
    7820  468  393  285  412  252  365  435  400  393  386
    7840  392  422  448  386  308  479  302  392  410  381
    7860  479  413  370  398  375  436  419  359  401  388
    7880  358  429  395  447  346  348  369  391  394  259
    7900  460  410  381  469  373  395  408  362  391  339
    7920  455  283  437  444  370  331  366  402  378  314
    7940  432  356  378  451  426  315  374  338  354  451
    7960  328  317  360  330  310  491  341  318  408  462
    7980  327  339  307  370  397  444  259  404  369  316
    8000  324  337  379  289  362  313  332  342  389  421
    8020  399  346  350  304  314  295  351  293  308  547
    8040  387  365  409  309  377  262  302  424  259  452
    8060  404  287  428  409  386  341  459  336  329  420
    8080  385  281  336  500  351  296  443  353  266  364
    8100  356  395  448  409  328  311  385  379  260  353
    8120  427  370  399  415  375  433  333  258  338  325
    8140  373  291  322  403  446  330  389  332  359  417
    8160  438  290  363  417  325  378  457  350  389  295
    8180  357  328  378  297  323  314  330  401  356  322
    8200  345  350  287  298  453  369  331  421  462  370
    8220  452  343  334  504  389  369  474  350  391  378
    8240  495  324  411  378  316  377  471  335  358  339
    8260  428  391  474  306  290  401  500  287  393  377
    8280  385  413  310  358  311  319  492  291  431  349
    8300  319  392  357  370  301  405  453  471  252  330
    8320  163  330  294  279  270  512  568  549  338  333
    8340  264  342  387  290  242  389  426  371  383  303
    8360  270  494  384  365  287  390  391  487  308  304
    8380  321  443  359  309  292  407  384  401  399  328
    8400  392  391  465  280  298  447  267  347  344  397
    8420  384  395  353  331  394  389  369  350  277  369
    8440  408  431  419  445  396  306  464  301  438  408
    8460  379  406  439  381  443  456  319  489  393  332
    8480  473  364  362  444  394  470  438  386  465  349
    8500  384  380  443  484  366  484  412  309  408  404
    8520  277  355  326  395  493  435  471  321  462  408
    8540  453  413  309  430  316  384  318  391  424  403
    8560  388  418  449  341  382  304  423  373  321  444
    8580  451  351  453  413  514  477  386  425  444  411
    8600  363  430  363  456  514  404  388  419  438  352
    8620  431  302  396  409  419  354  401  393  454  380
    8640  409  356  364  404  363  362  409  508  359  433
    8660  400  293  402  355  421  329  391  493  422  393
    8680  318  335  346  430  473  307  340  382  392  448
    8700  333  458  399  414  372  388  319  315  378  365
    8720  341  405  366  392  263  504  249  359  519  286
    8740  486  434  291  358  295  403  417  417  485  365
    8760  298  414  301  317  423  426  419  431  388  335
    8780  334  496  271  325  359  415  378  343  377  380
    8800  430  339  359  292  388  399  311  380  415  355
    8820  445  517  446  465  411  396  347  280  512  378
    8840  365  347  384  417  414  439  352  282  466  402
    8860  479  392  374  389  396  387  424  353  328  374
    8880  380  353  335  474  340  300  372  293  413  449
    8900  452  382  391  465  433  413  402  375  368  445
    8920  498  339  342  483  496  426  546  381  378  380
    8940  369  295  385  390  430  544  529  284  474  299
    8960  387  397  396  316  351  364  374  363  354  344
    8980  411  428  394  273  282  488  432  386  310  253
    9000  335  422  398  264  410  422  434  344  402  359
    9020  374  348  375  331  420  392  472  499  399  395
    9040  315  275  458  386  365  485  392  339  401  413
    9060  413  395  417  396  395  271  374  338  518  282
    9080  399  507  322  412  410  405  342  365  338  393
    9100  521  357  366  375  459  414  400  409  315  424
    9120  500  420  328  381  476  435  404  527  347  430
    9140  434  371  346  468  414  539  440  445  430  323
    9160  304  267  439  432  454  361  463  391  392  389
    9180  346  338  504  333  397  392  452  331  302  331
    9200  292  314  400  258  331  377  404  357  280  350
    9220  261  263  273  233  355  455  459  339  278  325
    9240  316  326  304  408  326  398  408  264  280  407
    9260  388  333  268  379  284  323  377  285  370  280
    9280  409  412  375  433  309  281  379  358  401  337
    9300  362  377  365  346  524  449  362  422  422  370
    9320  321  413  391  487  443  255  427  391  421  406
    9340  296  421  507  413  412  323  423  257  475  471
    9360  359  402  356  417  382  453  499  304  468  409
    9380  312  432  352  483  427  427  402  427  293  454
    9400  308  334  377  406  435  367  327  428  293  458
    9420  338  420  392  370  358  424  376  376  501  209
    9440  268  366  402  422  480  469  412  319  441  268
    9460  232  329  342  272  495  409  423  433  465  337
    9480  330  295  305  378  429  580  423  372  485  307
    9500  438  425  335  401  523  455  373  322  346  337
    9520  482  473  385  260  320  393  303  399  394  337
    9540  432  543  354  322  466  298  371  371  435  331
    9560  473  523  455  431  463  410  459  373  331  286
    9580  384  384  400  387  446  373  454  456  337  353
    9600  399  393  419  359  444  447  348  426  317  393
    9620  329  353  421  337  368  371  420  470  395  420
    9640  391  386  390  353  411  475  328  476  337  309
    9660  382  299  370  358  440  314  244  479  355  379
    9680  297  258  393  455  504  380  253  461  305  366
    9700  455  346  415  450  314  456  283  394  367  399
    9720  534  436  340  426  285  372  346  430  383  391
    9740  407  382  453  341  292  293  314  438  440  355
    9760  399  331  482  362  391  355  453  370  431  398
    9780  414  349  461  303  335  420  498  376  522  423
    9800  376  422  432  338  377  393  434  399  367  358
    9820  394  388  433  291  419  387  346  366  340  368
    9840  428  424  401  454  531  369  292  424  392  418
    9860  405  355  445  419  407  439  318  514  307  379
    9880  449  305  362  480  389  390  399  392  397  427
    9900  484  413  320  379  393  390  407  407  354  250
    9920  441  458  313  256  436  357  435  465  375  311
    9940  439  526  425  426  387  354  377  440  371  391
    9960  340  408  435  435  553  448  452  429  330  523
    9980  418  366  354  423  374  394  363  353  210  516
   10000  432  438  409  374  446  296  401  336  258  354
   10020  295  340  438  321  344  456  397  323  385  337
   10040  366  373  266  360  373  334  466  320  388  317
   10060  383  347  320  352  380  372  459  354  369  580
   10080  330  321  353  410  431  314  408  447  403  443
   10100  378  446  383  411  411  301  301  517  418  362
   10120  454  531  360  455  459  270  457  425  437  337
   10140  505  367  390  430  440  285  490  402  343  363
   10160  384  355  418  497  458  353  518  463  381  348
   10180  244  335  307  515  418  395  379  356  282  313
   10200  382  315  382  344  348  408  322  355  263  377
   10220  396  287  466  422  483  310  325  404  310  332
   10240  447  289  330  470  438  369  292  395  348  365
   10260  411  359  412  510  411  361  252  311  382  376
   10280  407  474  345  402  421  343  255  359  405  312
   10300  511  457  461  409  292  530  287  468  431  318
   10320  543  388  446  320  342  399  290  497  364  315
   10340  499  353  370  367  347  476  446  416  340  376
   10360  411  476  402  400  331  403  432  411  470  414
   10380  432  408  344  371  305  348  466  351  322  476
   10400  417  387  374  486  264  332  414  353  327  369
   10420  577  442  369  425  392  298  366  335  367  385
   10440  493  431  388  387  416  335  487  297  310  429
   10460  481  359  402  377  445  383  379  271  267  462
   10480  414  368  373  411  409  365  362  280  406  399
   10500  543  465  384  385  310  352  302  366  428  326
   10520  365  461  318  483  344  407  364  325  477  420
   10540  361  464  391  380  389  435  439  376  472  494
   10560  394  424  329  483  361  348  353  387  489  579
   10580  260  437  468  408  379  356  325  444  497  397
   10600  385  373  391  495  391  461  381  372  488  495
   10620  308  407  321  569  347  405  434  395  469  463
   10640  379  325  468  392  362  473  342  313  452  384
   10660  455  400  418  468  436  455  419  455  332  379
   10680  363  332  453  376  380  442  310  468  346  376
   10700  485  436  530  332  314  436  338  413  270  427
   10720  435  443  437  353  413  270  387  400  284  305
   10740  425  307  425  351  466  401  439  259  405  434
   10760  350  375  477  440  360  311  444  331  350  411
   10780  392  375  497  409  323  399  473  415  297  361
   10800  424  348  483  467  421  431  394  312  392  316
   10820  407  303  450  446  528  493  459  322  410  442
   10840  448  371  406  441  412  508  522  468  320  304
   10860  388  336  236  425  465  349  433  394  380  339
   10880  358  331  260  455  414  371  364  398  281  389
   10900  410  378  358  480  399  388  423  342  329  446
   10920  411  421  552  404  465  302  408  310  404  325
   10940  288  381  396  364  448  498  487  372  315  309
   10960  301  415  370  500  514  446  454  436  331  323
   10980  368  382  421  402  386  453  392  307  357  314
   11000  311  321  327  374  431  309  323  477  364  330
   11020  354  365  447  370  522  297  381  472  433  393
   11040  350  392  466  476  391  400  433  540  359  373
   11060  390  289  390  388  410  273  387  383  359  320
   11080  342  428  418  376  364  393  392  420  458  342
   11100  313  464  441  294  387  541  458  411  389  222
   11120  434  550  347  344  301  505  443  417  283  270
   11140  341  445  307  280  459  433  528  468  292  247
   11160  434  364  328  389  563  403  491  340  335  312
   11180  475  469  371  371  580  517  452  349  364  284
   11200  347  355  430  414  482  515  396  334  345  351
   11220  355  467  291  391  474  471  488  339  402  299
   11240  326  344  258  382  371  337  384  422  336  273
   11260  352  363  379  325  285  355  419  386  251  265
   11280  313  434  333  301  328  474  480  384  295  415
   11300  295  377  268  331  364  379  432  391  434  353
   11320  303  399  388  284  361  388  335  383  424  445
   11340  351  405  414  278  443  444  501  463  382  453
   11360  390  344  446  371  516  345  376  291  412  377
   11380  410  387  432  388  365  331  381  432  360  276
   11400  382  331  437  446  365  328  288  467  409  288
   11420  326  296  454  294  420  336  503  511  378  395
   11440  385  542  399  413  379  432  423  458  219  355
   11460  347  473  411  421  429  331  319  397  245  316
   11480  424  459  397  395  411  318  471  426  314  404
   11500  412  365  384  408  338  323  509  510  444  422
   11520  326  301  351  383  342  450  394  316  455  387
   11540  364  391  314  436  422  297  356  425  359  372
   11560  307  391  343  310  403  446  358  304  239  319
   11580  312  323  405  334  432  317  443  460  386  459
   11600  452  449  349  359  319  331  314  405  475  419
   11620  482  362  309  377  366  382  314  376  523  369
   11640  345  365  322  340  381  372  368  379  480  440
   11660  450  356  430  382  405  426  475  267  539  381
   11680  527  406  435  277  409  395  413  369  430  437
   11700  397  397  378  313  491  445  396  424  447  469
   11720  452  432  378  311  457  373  339  389  443  480
   11740  425  361  476  392  407  384  414  458  391  308
   11760  323  428  369  405  457  410  477  446  407  467
   11780  451  389  350  383  510  322  447  458  521  450
   11800  432  473  486  373  279  476  399  413  492  407
   11820  372  353  312  442  227  349  432  414  460  504
   11840  355  285  417  336  450  415  339  422  412  430
   11860  438  284  293  371  380  397  460  442  385  385
   11880  352  316  353  493  447  354  383  359  391  382
   11900  334  461  396  495  424  448  269  447  422  421
   11920  471  286  391  411  420  415  354  348  474  382
   11940  455  266  364  344  454  367  393  448  370  368
   11960  395  272  437  420  404  305  378  618  354  403
   11980  476  419  461  502  471  288  394  507  518  272
   12000  381  429  421  439  306  261  366  310  442  315
   12020  399  434  383  347  333  327  306  382  395  395
   12040  388  412  501  361  323  386  350  408  318  458
   12060  550  358  383  418  383  397  381  344  273  433
   12080  378  291  455  371  448  382  328  355  405  423
   12100  486  315  360  441  386  371  428  352  344  479
   12120  353  264  304  382  520  334  322  382  303  533
   12140  418  375  457  450  429  337  391  330  316  388
   12160  442  381  499  470  452  410  394  322  363  368
   12180  529  303  373  526  489  518  385  380  362  360
   12200  424  298  377  439  387  508  314  419  355  470
   12220  380  404  428  294  466  363  343  380  330  424
   12240  375  547  455  378  425  507  310  457  419  386
   12260  411  496  370  496  395  487  406  438  419  477
   12280  414  463  522  459  372  391  488  409  328  473
   12300  312  412  503  500  427  333  355  394  404  414
   12320  259  388  472  398  400  324  405  369  508  430
   12340  344  476  374  514  306  313  335  320  539  456
   12360  359  634  469  440  442  409  337  382  491  452
   12380  392  529  431  565  409  294  298  394  405  376
   12400  414  445  353  489  350  321  410  432  424  381
   12420  340  475  448  442  435  396  344  432  340  395
   12440  404  454  333  401  480  411  381  380  455  555
   12460  367  419  401  413  483  440  420  438  382  438
   12480  340  333  296  404  405  407  347  374  417  401
   12500  390  320  428  310  412  394  392  494  266  470
   12520  372  278  450  344  336  394  300  399  312  316
   12540  477  481  375  268  421  375  392  320  475  380
   12560  374  422  522  336  435  360  414  313  449  302
   12580  415  343  462  371  370  417  478  376  513  341
   12600  395  331  404  416  430  364  424  386  485  331
   12620  538  411  492  367  326  428  381  270  415  400
   12640  404  379  356  407  302  311  373  366  427  445
   12660  434  412  273  393  315  313  364  374  508  454
   12680  388  410  285  383  300  410  352  427  489  403
   12700  395  388  385  480  396  390  441  545  428  378
   12720  293  463  418  439  476  382  423  467  530  356
   12740  369  436  385  500  391  427  378  350  447  450
   12760  396  328  366  435  512  387  288  361  472  413
   12780  347  334  398  418  457  327  418  273  428  314
   12800  359  451  468  361  465  260  426  449  389  464
   12820  414  442  406  411  370  329  452  427  418  434
   12840  391  445  339  380  458  371  400  383  373  287
   12860  364  349  406  411  396  308  441  359  415  324
   12880  432  353  520  483  399  375  301  458  460  327
   12900  497  374  465  431  471  461  337  467  382  277
   12920  411  395  453  558  481  524  478  367  367  370
   12940  549  332  502  428  400  434  439  371  463  395
   12960  422  285  507  543  453  390  378  377  364  419
   12980  388  380  417  444  448  348  427  400  454  392
   13000  294  417  474  382  406  456  460  344  392  388
   13020  403  458  428  510  325  399  369  396  424  256
   13040  339  368  525  404  389  420  411  369  403  306
   13060  416  305  467  466  406  412  335  304  391  272
   13080  426  315  438  355  361  421  356  380  330  366
   13100  441  331  307  330  384  425  367  367  433  330
   13120  299  396  356  300  406  395  304  361  481  360
   13140  406  309  318  352  367  457  349  347  391  359
   13160  417  328  315  347  404  418  387  386  405  351
   13180  424  435  412  329  387  304  302  333  387  354
   13200  430  368  343  310  322  386  310  358  338  314
   13220  358  383  321  410  345  396  399  359  451  231
   13240  408  413  440  404  416  395  321  368  367  302
   13260  526  355  379  447  394  418  392  482  410  261
   13280  410  335  425  471  352  453  356  561  500  394
   13300  530  326  361  379  440  446  321  345  417  450
   13320  374  335  422  473  325  425  417  399  405  408
   13340  478  409  461  376  425  415  428  366  412  416
   13360  523  427  349  273  483  451  369  264  245  331
   13380  544  345  355  298  415  400  391  365  365  313
   13400  378  440  378  375  335  339  430  529  264  380
   13420  292  525  392  364  395  376  392  366  304  382
   13440  384  503  392  447  351  484  330  406  440  445
   13460  408  393  513  399  400  463  368  341  243  457
   13480  420  466  346  202  308  355  364  300  294  410
   13500  398  357  362  348  246  364  353  429  260  379
   13520  487  252  389  271  256  483  408  392  336  339
   13540  430  378  376  354  343  403  359  446  410  385
   13560  473  377  370  372  368  297  442  386  431  352
   13580  406  328  291  388  329  339  435  338  302  500
   13600  379  440  399  363  341  291  478  316  369  305
   13620  365  448  454  345  383  429  381  347  329  364
   13640  436  483  403  318  301  395  302  325  272  440
   13660  351  376  489  405  357  418  382  426  287  328
   13680  458  311  439  370  455  410  446  389  319  321
   13700  388  468  339  385  437  377  484  398  272  381
   13720  365  373  464  479  403  399  426  498  441  467
   13740  443  439  387  374  420  377  322  378  327  407
   13760  438  406  369  289  400  410  356  363  379  434
   13780  443  351  368  251  437  424  340  316  410  411
   13800  455  347  266  338  407  501  347  388  488  323
   13820  476  336  316  441  480  526  340  302  434  256
   13840  495  406  309  336  457  429  245  223  361  306
   13860  403  532  341  395  373  523  257  285  271  400
   13880  448  559  426  418  402  557  259  357  300  429
   13900  495  519  385  430  464  425  364  368  315  351
   13920  504  377  362  333  451  309  347  358  392  259
   13940  408  365  537  273  472  275  464  498  354  305
   13960  437  350  384  339  467  321  312  365  291  395
   13980  430  459  494  406  363  403  450  376  383  402
   14000  323  390  456  372  416  378  319  383  327  381
   14020  395  376  395  304  421  288  364  431  419  473
   14040  346  502  332  357  303  462  555  448  296  419
   14060  283  426  411  428  326  458  420  590  362  489
   14080  343  456  437  330  375  477  377  363  469  422
   14100  415  490  490  388  475  447  387  399  401  385
   14120  572  428  429  333  490  504  435  350  426  417
   14140  464  358  378  372  507  443  373  388  321  428
   14160  543  519  460  216  413  352  347  442  512  410
   14180  606  500  340  280  438  378  361  402  505  366
   14200  463  498  395  373  266  436  348  429  504  432
   14220  504  425  406  287  440  399  348  459  452  282
   14240  401  405  439  352  558  305  358  404  367  375
   14260  488  479  434  414  406  371  280  380  344  315
   14280  536  409  473  322  481  451  404  379  413  378
   14300  445  327  445  292  442  467  399  449  339  357
   14320  467  382  382  476  411  429  350  375  310  427
   14340  466  406  465  382  534  445  378  357  377  313
   14360  412  369  333  429  460  388  386  329  319  368
   14380  474  422  397  395  523  506  284  434  361  424
   14400  526  410  478  454  360  406  346  382  281  304
   14420  550  359  422  436  413  488  259  404  287  363
   14440  515  337  427  364  415  347  413  489  371  388
   14460  359  372  474  413  378  313  382  497  306  379
   14480  434  450  452  456  347  367  431  482  348  323
   14500  442  471  404  413  368  321  343  360  387  302
   14520  419  428  398  530  439  365  386  319  393  389
   14540  342  374  447  487  468  384  358  434  375  391
   14560  365  400  413  414  291  394  285  405  350  360
   14580  402  290  383  329  417  333  303  418  452  441
   14600  336  393  394  354  412  345  394  470  383  429
   14620  387  353  332  395  444  426  319  428  327  466
   14640  478  343  291  394  422  582  272  455  516  389
   14660  473  381  342  413  447  449  345  448  507  238
   14680  368  444  263  440  393  330  335  371  411  197
   14700  311  467  372  344  488  350  448  342  382  429
   14720  294  483  489  452  465  369  386  391  512  339
   14740  362  483  471  563  371  413  535  464  419  437
   14760  340  389  333  385  450  396  486  501  507  411
   14780  283  357  319  375  414  361  494  502  524  341
   14800  297  283  356  283  468  497  367  335  419  481
   14820  284  253  381  271  493  435  376  345  416  418
   14840  428  265  473  330  346  364  312  395  397  381
   14860  377  359  382  239  295  416  411  453  393  397
   14880  436  258  335  387  288  333  485  480  335  354
   14900  368  325  396  372  390  343  417  507  436  427
   14920  415  392  433  342  510  296  431  406  422  459
   14940  415  392  433  330  448  506  442  366  382  354
   14960  320  324  365  356  480  390  305  483  350  353
   14980  309  366  343  334  453  379  307  426  501  413
   15000  372  303  361  380  456  307  387  489  404  412
   15020  351  302  372  383  462  410  385  440  408  337
   15040  285  400  373  354  380  348  351  427  352  323
   15060  344  425  346  338  348  366  374  348  270  405
   15080  348  384  354  400  348  440  324  412  340  412
   15100  405  304  349  349  300  338  350  333  403  475
   15120  444  446  381  270  348  317  451  308  348  406
   15140  460  521  380  348  459  331  335  333  454  395
   15160  352  457  376  333  347  355  354  344  430  324
   15180  468  414  384  468  484  340  354  361  385  292
   15200  402  374  360  362  492  414  343  311  352  394
   15220  328  322  463  392  475  250  277  327  387  344
   15240  322  332  423  353  360  332  335  315  418  265
   15260  425  340  397  402  405  417  367  415  366  220
   15280  384  355  435  313  392  430  285  480  394  285
   15300  384  306  423  300  415  319  391  486  394  417
   15320  450  323  372  478  397  383  374  372  398  498
   15340  435  430  401  513  509  358  374  311  473  460
   15360  392  402  423  369  582  354  419  398  411  420
   15380  277  549  336  501  397  320  365  424  351  423
   15400  361  452  340  521  348  375  291  428  404  535
   15420  416  370  325  453  463  491  375  405  345  380
   15440  390  367  297  478  489  383  294  492  437  389
   15460  318  399  319  465  507  462  376  352  440  442
   15480  308  332  289  348  414  315  288  337  477  397
   15500  344  301  333  393  295  322  350  337  437  411
   15520  494  291  316  317  236  261  468  461  415  456
   15540  455  281  361  347  225  305  410  395  385  419
   15560  465  320  362  281  239  293  437  501  443  410
   15580  333  412  401  368  370  287  415  408  493  358
   15600  453  368  340  357  414  387  459  395  486  471
   15620  335  390  277  366  336  273  404  392  470  424
   15640  353  377  323  359  410  355  443  396  418  336
   15660  345  421  365  328  355  277  371  369  406  442
   15680  399  375  383  265  375  449  314  443  389  438
   15700  281  290  301  348  448  516  444  516  339  338
   15720  333  369  414  458  424  350  399  404  304  365
   15740  371  386  426  484  388  301  497  412  351  400
   15760  396  411  432  430  372  325  424  243  323  404
   15780  405  405  414  368  401  331  514  318  550  473
   15800  448  344  345  404  330  386  443  372  428  339
   15820  445  279  467  423  299  372  372  376  327  391
   15840  466  332  435  361  431  412  351  466  357  377
   15860  514  318  422  398  454  494  391  449  473  379
   15880  428  331  416  385  391  373  371  376  411  492
   15900  380  337  377  375  404  427  430  462  465  428
   15920  465  341  504  350  383  475  334  409  452  313
   15940  370  386  404  345  386  389  328  380  432  325
   15960  351  404  412  542  407  392  327  418  470  347
   15980  383  537  394  501  406  391  341  404  370  347
   16000  511  492  426  506  316  421  366  396  412  341
   16020  418  496  363  426  387  453  406  469  375  462
   16040  454  447  412  451  362  476  284  383  461  503
   16060  324  373  360  396  286  574  393  416  443  419
   16080  386  501  412  420  284  521  403  402  457  379
   16100  350  528  482  382  388  484  454  388  433  490
   16120  392  418  501  422  416  426  448  443  383  335
   16140  449  489  531  361  445  403  414  493  348  395
   16160  284  383  337  273  380  351  428  350  357  441
   16180  385  441  393  312  433  382  329  333  391  363
   16200  314  413  420  412  285  436  276  259  394  348
   16220  298  497  321  424  345  329  329  344  402  360
   16240  388  324  255  285  238  491  310  366  367  438
   16260  468  463  253  362  384  410  366  296  355  351
   16280  357  392  323  318  430  448  384  349  366  415
   16300  313  357  390  339  389  487  318  310  361  427
   16320  405  338  438  476  427  451  330  462  355  455
   16340  352  325  447  398  421  335  395  352  407  401
   16360  259  216  380  350  490  385  333  334  456  373
   16380  357  278  356  467  377  452  408  459  442  352
   16400  376  349  410  433  467  375  375  440  475  477
   16420  469  304  373  288  349  387  364  422  321  462
   16440  439  273  404  372  305  300  396  497  321  445
   16460  349  342  319  477  290  357  454  497  268  509
   16480  414  410  302  452  350  374  418  420  302  397
   16500  494  342  341  460  388  322  479  382  330  378
   16520  343  359  380  358  423  394  349  265  392  311
   16540  472  361  449  340  293  402  460  328  434  498
   16560  466  364  375  367  360  335  363  372  309  477
   16580  391  388  427  376  436  361  380  291  392  431
   16600  430  399  336  346  402  264  378  356  417  442
   16620  349  411  414  412  419  409  408  487  446  413
   16640  441  432  347  371  528  305  336  419  339  427
   16660  430  401  413  361  540  323  393  393  412  363
   16680  330  384  324  372  411  429  476  415  299  438
   16700  277  342  326  326  280  332  402  384  407  473
   16720  336  462  405  412  403  410  353  446  372  319
   16740  431  291  396  457  533  468  470  458  393  368
   16760  373  340  394  349  465  499  345  393  407  392
   16780  352  388  600  341  395  400  352  393  310  496
   16800  282  397  444  332  381  369  432  339  475  372
   16820  293  477  491  406  402  306  455  337  430  392
   16840  462  568  333  307  381  323  446  438  501  512
   16860  475  402  336  363  430  391  398  442  536  511
   16880  469  449  325  330  410  375  322  388  468  458
   16900  449  461  409  330  456  379  369  390  456  427
   16920  529  488  481  396  476  400  398  446  398  437
   16940  408  396  333  393  489  500  298  492  428  381
   16960  389  391  398  427  341  409  322  499  435  419
   16980  310  299  382  445  344  354  383  511  544  402
   17000  439  293  407  361  333  429  456  480  400  341
   17020  418  387  344  464  374  533  377  415  424  471
   17040  509  443  395  454  484  361  373  497  427  454
   17060  420  344  386  381  495  374  395  522  357  360
   17080  402  365  354  325  347  388  488  410  410  413
   17100  436  412  472  310  383  381  365  414  392  360
   17120  451  484  408  311  501  368  427  347  405  314
   17140  406  479  304  287  450  331  488  279  389  382
   17160  477  456  383  303  339  399  412  350  330  289
   17180  418  520  424  384  378  528  290  484  352  321
   17200  412  533  348  348  398  412  344  358  412  337
   17220  419  460  295  347  395  387  373  365  413  425
   17240  429  349  472  471  436  381  334  418  465  481
   17260  454  472  357  314  350  407  248  457  336  420
   17280  452  430  535  352  312  368  238  388  331  375
   17300  460  421  390  344  352  408  241  476  400  405
   17320  391  345  342  387  532  481  327  402  322  425
   17340  450  337  356  351  374  505  349  312  358  466
   17360  544  467  415  361  365  452  430  377  412  441
   17380  383  378  451  384  375  495  397  366  367  382
   17400  372  435  386  317  343  474  383  343  367  357
   17420  264  471  379  447  397  394  268  440  387  312
   17440  339  393  428  379  381  470  387  306  414  375
   17460  429  418  439  303  478  319  368  391  316  399
   17480  359  367  528  381  524  400  400  360  436  376
   17500  344  429  349  376  439  326  501  334  397  440
   17520  382  371  327  371  344  243  417  459  401  414
   17540  416  372  467  496  396  251  360  371  375  363
   17560  463  308  512  382  342  301  355  367  495  492
   17580  389  446  401  389  355  316  329  259  424  332
   17600  394  256  413  393  432  309  236  339  351  406
   17620  430  347  534  366  405  402  314  374  374  347
   17640  438  402  400  357  412  326  324  326  417  440
   17660  396  331  354  332  522  441  409  311  354  412
   17680  312  320  383  278  390  505  432  346  409  408
   17700  314  335  416  328  263  378  469  405  275  334
   17720  398  452  438  287  245  439  299  460  437  340
   17740  285  409  428  480  297  457  348  379  444  331
   17760  399  406  405  471  305  396  320  490  377  347
   17780  378  344  364  357  377  430  460  451  458  301
   17800  360  475  515  388  487  441  447  443  345  358
   17820  299  415  426  400  455  450  393  440  444  398
   17840  289  399  418  371  443  427  333  491  313  474
   17860  434  402  387  306  406  414  378  501  351  437
   17880  361  314  344  460  368  407  435  521  467  371
   17900  401  359  355  471  330  423  490  457  234  322
   17920  484  404  404  406  345  426  362  524  421  339
   17940  403  405  465  402  310  296  433  544  481  419
   17960  493  415  381  379  507  223  273  471  447  548
   17980  342  409  414  461  428  325  370  426  404  493
   18000  324  328  385  526  437  340  409  497  385  378
   18020  403  377  395  433  551  467  435  415  418  259
   18040  441  452  318  369  470  487  273  350  407  358
   18060  478  499  292  459  425  430  322  376  446  454
   18080  347  437  427  373  434  395  417  386  310  372
   18100  364  383  378  411  339  414  355  399  353  326
   18120  367  441  409  473  411  365  392  473  456  368
   18140  337  336  285  425  431  361  524  367  450  405
   18160  369  390  266  400  497  350  443  376  350  415
   18180  363  410  403  416  451  412  407  302  350  333
   18200  449  373  387  357  297  328  479  372  370  371
   18220  440  334  339  442  310  339  393  456  305  317
   18240  291  455  375  438  409  335  565  481  335  419
   18260  373  469  356  467  434  312  560  479  288  304
   18280  298  344  441  275  359  336  353  441  342  272
   18300  268  310  351  286  354  372  378  378  389  350
   18320  422  370  326  372  489  407  296  354  379  467
   18340  382  305  339  333  339  321  293  490  390  413
   18360  401  471  323  471  225  372  318  371  339  391
   18380  422  466  303  288  314  438  240  321  392  425
   18400  314  369  337  420  433  484  293  308  371  290
   18420  217  319  352  487  388  484  385  335  428  232
   18440  264  382  349  364  429  468  399  368  475  348
   18460  254  373  411  372  358  392  395  353  385  375
   18480  370  419  438  308  462  304  426  401  322  441
   18500  383  334  449  334  403  528  351  435  276  481
   18520  409  337  419  401  383  446  341  478  383  338
   18540  439  397  483  485  492  446  407  381  529  522
   18560  357  349  441  397  481  490  297  337  356  405
   18580  422  399  449  505  574  434  450  354  377  457
   18600  296  334  432  430  454  368  312  342  402  445
   18620  350  407  457  313  522  378  336  415  420  428
   18640  442  376  334  335  503  304  449  553  347  375
   18660  383  395  484  378  403  305  432  481  466  285
   18680  352  414  419  336  334  317  368  392  474  359
   18700  372  270  342  301  299  379  362  382  465  360
   18720  359  392  375  347  382  488  427  357  530  396
   18740  343  297  311  439  400  423  363  309  406  360
   18760  334  394  422  415  406  464  407  345  425  319
   18780  332  471  352  378  388  471  394  291  565  380
   18800  275  350  387  403  342  449  328  217  528  394
   18820  249  274  400  420  411  385  254  349  522  395
   18840  393  419  419  316  399  368  354  358  445  336
   18860  387  362  498  419  372  303  365  342  479  351
   18880  393  404  470  397  366  336  384  404  466  449
   18900  419  346  313  429  395  322  266  435  491  337
   18920  389  408  285  418  319  429  361  299  507  318
   18940  338  412  287  476  413  432  360  270  455  267
   18960  425  296  333  403  576  379  437  395  314  450
   18980  428  369  362  475  441  385  309  416  289  422
   19000  299  453  354  432  316  458  413  354  460  322
   19020  276  379  456  383  312  483  402  265  360  264
   19040  339  417  348  414  325  418  387  371  352  295
   19060  402  369  323  491  297  371  370  395  364  257
   19080  408  364  325  495  309  378  508  462  387  270
   19100  375  286  331  408  393  403  387  405  348  296
   19120  395  309  361  406  393  378  376  494  399  352
   19140  372  333  383  380  447  407  352  475  430  313
   19160  479  430  286  371  504  336  283  468  380  337
   19180  502  400  301  302  337  281  340  503  398  349
   19200  263  324  286  307  424  282  302  465  391  408
   19220  249  306  360  358  359  434  253  573  306  376
   19240  294  279  355  405  453  437  336  441  340  376
   19260  355  362  428  248  358  301  410  390  366  384
   19280  434  492  428  227  403  322  329  449  349  340
   19300  352  324  385  311  410  339  246  447  321  353
   19320  314  369  357  355  382  455  352  403  361  405
   19340  262  423  347  397  390  447  445  510  341  367
   19360  298  440  423  366  300  418  424  411  324  365
   19380  410  323  355  383  348  390  431  444  357  351
   19400  373  497  262  339  293  429  409  463  433  285
   19420  495  461  311  368  297  344  336  378  410  382
   19440  518  383  381  330  392  372  391  292  408  411
   19460  378  324  259  391  383  321  420  314  354  459
   19480  402  330  392  413  381  332  462  433  326  392
   19500  393  367  276  527  330  356  468  345  445  421
   19520  405  338  325  474  386  397  452  360  445  376
   19540  313  405  328  384  430  301  442  246  519  344
   19560  318  434  349  389  499  274  460  312  374  503
   19580  349  557  409  372  506  240  372  442  326  527
   19600  397  486  396  388  491  246  353  455  312  367
   19620  382  452  316  306  502  307  450  484  479  472
   19640  455  350  388  349  478  393  485  352  330  491
   19660  502  420  321  324  507  514  401  526  371  427
   19680  400  367  445  330  494  416  493  527  380  453
   19700  443  459  465  255  369  389  430  404  362  433
   19720  327  367  381  383  439  421  284  361  382  517
   19740  381  381  374  342  475  381  316  492  331  430
   19760  361  532  479  502  471  496  404  452  274  546
   19780  378  441  452  578  380  467  453  391  354  463
   19800  432  308  376  399  331  409  434  501  352  483
   19820  385  411  339  438  385  444  325  398  307  371
   19840  390  456  407  399  435  380  343  418  335  427
   19860  367  453  448  436  441  412  410  347  300  347
   19880  361  396  504  337  272  389  443  377  313  446
   19900  496  488  576  404  316  305  402  462  346  453
   19920  415  466  435  419  455  399  363  396  378  449
   19940  434  377  363  471  494  405  455  473  395  436
   19960  409  379  438  313  331  309  399  457  424  326
   19980  582  374  306  390  442  438  432  430  479  364
   20000  390  327  425  408  428  346  410  414  367  339
