      20     0.000097292     0.000096782     0.973830000
      40     0.000191072     0.000189117     0.962550000
      60     0.000282662     0.000278483     0.948370000
      80     0.000372535     0.000365220     0.932430000
     100     0.000453458     0.000442349     0.894560000
     120     0.000534899     0.000519353     0.867940000
     140     0.000609896     0.000589550     0.842760000
     160     0.000681995     0.000656110     0.835630000
     180     0.000752873     0.000721357     0.816190000
     200     0.000817490     0.000780827     0.799580000
     220     0.000884808     0.000841516     0.774880000
     240     0.000944660     0.000893890     0.756940000
     260     0.001001223     0.000944089     0.741390000
     280     0.001056937     0.000993409     0.723740000
     300     0.001116397     0.001044623     0.714350000
     320     0.001169271     0.001089452     0.694880000
     340     0.001214010     0.001125816     0.674670000
     360     0.001261525     0.001164031     0.674270000
     380     0.001316231     0.001210053     0.649280000
     400     0.001352643     0.001237159     0.638210000
     420     0.001389995     0.001265921     0.627750000
     440     0.001418310     0.001286653     0.611610000
     460     0.001455946     0.001316511     0.602290000
     480     0.001484281     0.001337300     0.589710000
     500     0.001524466     0.001367650     0.582480000
     520     0.001549724     0.001385736     0.582500000
     540     0.001580583     0.001408526     0.560690000
     560     0.001606239     0.001425706     0.543310000
     580     0.001645253     0.001453141     0.540460000
     600     0.001679459     0.001474443     0.515810000
     620     0.001705044     0.001490314     0.509620000
     640     0.001719766     0.001496925     0.500180000
     660     0.001735011     0.001503022     0.503030000
     680     0.001745892     0.001506324     0.471400000
     700     0.001765079     0.001516785     0.482100000
     720     0.001788554     0.001533869     0.467830000
     740     0.001799689     0.001536736     0.465130000
     760     0.001825690     0.001553202     0.461920000
     780     0.001836290     0.001559031     0.450920000
     800     0.001838568     0.001555633     0.448790000
     820     0.001856832     0.001565218     0.447150000
     840     0.001864694     0.001568103     0.449730000
     860     0.001862808     0.001560927     0.440000000
     880     0.001859716     0.001554446     0.419890000
     900     0.001870592     0.001557347     0.428370000
     920     0.001881290     0.001556288     0.430500000
     940     0.001891934     0.001564630     0.424840000
     960     0.001898199     0.001563583     0.416860000
     980     0.001920836     0.001574513     0.423150000
    1000     0.001921242     0.001571537     0.411010000
    1020     0.001919349     0.001563850     0.397980000
    1040     0.001929561     0.001568459     0.406370000
    1060     0.001944115     0.001571005     0.398940000
    1080     0.001946035     0.001576037     0.395540000
    1100     0.001943031     0.001574176     0.394310000
    1120     0.001953735     0.001578725     0.388200000
    1140     0.001963598     0.001582838     0.392000000
    1160     0.001968736     0.001582849     0.374730000
    1180     0.001985610     0.001584003     0.376660000
    1200     0.001976548     0.001575478     0.380420000
    1220     0.001971499     0.001562180     0.367250000
    1240     0.001965998     0.001554407     0.370210000
    1260     0.001976735     0.001554039     0.358770000
    1280     0.002001689     0.001559552     0.352290000
    1300     0.001998825     0.001544408     0.344740000
    1320     0.001977305     0.001528714     0.336580000
    1340     0.001973616     0.001491825     0.329300000
    1360     0.001974229     0.001497483     0.330220000
    1380     0.001963237     0.001495786     0.332790000
    1400     0.001970619     0.001496370     0.328670000
    1420     0.001975933     0.001525178     0.337010000
    1440     0.001971968     0.001506243     0.328900000
    1460     0.001978418     0.001521359     0.322780000
    1480     0.001985277     0.001507937     0.324580000
    1500     0.001984036     0.001530796     0.325940000
    1520     0.001991495     0.001515818     0.319310000
    1540     0.001968340     0.001461760     0.327290000
    1560     0.001973539     0.001464394     0.317060000
    1580     0.001989367     0.001448236     0.307380000
    1600     0.001998116     0.001458968     0.301210000
    1620     0.001986127     0.001466599     0.302150000
    1640     0.001974600     0.001448789     0.302880000
    1660     0.002002110     0.001478867     0.310770000
    1680     0.002001837     0.001438016     0.310470000
    1700     0.001977197     0.001497452     0.303020000
    1720     0.001992686     0.001491101     0.311270000
    1740     0.002004635     0.001482421     0.306720000
    1760     0.001983557     0.001465383     0.309370000
    1780     0.002001237     0.001462790     0.304070000
    1800     0.001978240     0.001469739     0.296630000
    1820     0.001968376     0.001442249     0.300770000
    1840     0.001968728     0.001424405     0.289100000
    1860     0.001966913     0.001386722     0.293080000
    1880     0.001959153     0.001407117     0.296080000
    1900     0.001930639     0.001391292     0.293100000
    1920     0.001933898     0.001397805     0.289740000
    1940     0.001953179     0.001415747     0.273770000
    1960     0.001973828     0.001404790     0.277780000
    1980     0.001972730     0.001396062     0.289300000
    2000     0.001991929     0.001410598     0.274150000
    2020     0.001993546     0.001379341     0.270340000
    2040     0.001970569     0.001374558     0.269000000
    2060     0.001965601     0.001372769     0.269000000
    2080     0.001985591     0.001397531     0.276380000
    2100     0.001964426     0.001385028     0.270650000
    2120     0.001971725     0.001313989     0.269030000
    2140     0.001991823     0.001338034     0.275830000
    2160     0.001958914     0.001342003     0.261610000
    2180     0.001981940     0.001372976     0.262990000
    2200     0.001959141     0.001361083     0.265790000
    2220     0.001927537     0.001349118     0.269180000
    2240     0.001943045     0.001353626     0.257050000
    2260     0.001966509     0.001400662     0.255190000
    2280     0.001955406     0.001401408     0.254670000
    2300     0.001945421     0.001373182     0.256350000
    2320     0.001926276     0.001352369     0.264800000
    2340     0.001937904     0.001336741     0.261610000
    2360     0.001939842     0.001360298     0.262650000
    2380     0.001964519     0.001353979     0.259640000
    2400     0.001961216     0.001373617     0.262000000
    2420     0.001952195     0.001363043     0.241790000
    2440     0.001938792     0.001350943     0.257580000
    2460     0.001952508     0.001377274     0.260730000
    2480     0.001940413     0.001378621     0.251770000
    2500     0.001914856     0.001313244     0.253110000
    2520     0.001939315     0.001346683     0.245360000
    2540     0.001908188     0.001312976     0.252630000
    2560     0.001933677     0.001345111     0.258300000
    2580     0.001907257     0.001329868     0.253200000
    2600     0.001948034     0.001346852     0.251940000
    2620     0.001951665     0.001352553     0.246310000
    2640     0.001949165     0.001343336     0.248290000
    2660     0.001933130     0.001353829     0.253860000
    2680     0.001961754     0.001355167     0.247370000
    2700     0.001888877     0.001368390     0.246370000
    2720     0.001908646     0.001347949     0.238720000
    2740     0.001942622     0.001339711     0.252260000
    2760     0.001878948     0.001326177     0.255470000
    2780     0.001886992     0.001275614     0.253370000
    2800     0.001928274     0.001300400     0.248060000
    2820     0.001922539     0.001286242     0.250920000
    2840     0.001936093     0.001293803     0.250410000
    2860     0.001932856     0.001308150     0.235750000
    2880     0.001929312     0.001345949     0.228270000
    2900     0.001924717     0.001350220     0.232010000
    2920     0.001941703     0.001321216     0.236070000
    2940     0.001941641     0.001292104     0.236320000
    2960     0.001968314     0.001259126     0.232060000
    2980     0.001957202     0.001285100     0.238680000
    3000     0.002004031     0.001270379     0.236190000
    3020     0.001986013     0.001325720     0.230810000
    3040     0.001977486     0.001318728     0.221780000
    3060     0.001940291     0.001286318     0.215400000
    3080     0.001904656     0.001248919     0.213890000
    3100     0.001901272     0.001284484     0.214530000
    3120     0.001935933     0.001291833     0.216000000
    3140     0.001915209     0.001262458     0.211700000
    3160     0.001935681     0.001292350     0.211590000
    3180     0.001938295     0.001317709     0.214720000
    3200     0.001925734     0.001258427     0.214380000
    3220     0.001900212     0.001214162     0.216400000
    3240     0.001932506     0.001219503     0.207530000
    3260     0.001946388     0.001248902     0.217690000
    3280     0.001970210     0.001289632     0.211000000
    3300     0.001971233     0.001275279     0.202260000
    3320     0.001986060     0.001292939     0.191000000
    3340     0.002001917     0.001338962     0.196350000
    3360     0.002007974     0.001257413     0.191100000
    3380     0.002000759     0.001237952     0.190100000
    3400     0.002009970     0.001203380     0.180650000
    3420     0.001956634     0.001285846     0.177580000
    3440     0.001958604     0.001217531     0.178890000
    3460     0.001915165     0.001233826     0.167010000
    3480     0.001909856     0.001167610     0.166190000
    3500     0.001913026     0.001209942     0.174400000
    3520     0.001953763     0.001224066     0.183380000
    3540     0.001907702     0.001189309     0.186840000
    3560     0.001904049     0.001188589     0.194290000
    3580     0.001942537     0.001152670     0.187570000
    3600     0.001942058     0.001176563     0.182770000
    3620     0.001924595     0.001155897     0.181440000
    3640     0.001909374     0.001177882     0.178090000
    3660     0.001956193     0.001198145     0.169520000
    3680     0.001930375     0.001155862     0.171580000
    3700     0.001923052     0.001189350     0.174580000
    3720     0.001929079     0.001148673     0.169130000
    3740     0.001952087     0.001114147     0.167510000
    3760     0.001995740     0.001226399     0.162500000
    3780     0.002010592     0.001218883     0.158580000
    3800     0.001947689     0.001229105     0.159170000
    3820     0.001945625     0.001200781     0.166180000
    3840     0.001908218     0.001176544     0.165040000
    3860     0.001903533     0.001159299     0.167010000
    3880     0.001904523     0.001150935     0.165620000
    3900     0.001947937     0.001180651     0.159580000
    3920     0.001951387     0.001252622     0.163220000
    3940     0.001998123     0.001230571     0.167860000
    3960     0.002009153     0.001203167     0.162420000
    3980     0.002037848     0.001165350     0.153970000
    4000     0.002009373     0.001173986     0.161150000
    4020     0.001970971     0.001179280     0.158000000
    4040     0.002013097     0.001275961     0.154490000
    4060     0.002036413     0.001216770     0.143550000
    4080     0.001970013     0.001215416     0.148220000
    4100     0.001887119     0.001175013     0.147340000
    4120     0.001919048     0.001229157     0.156150000
    4140     0.001905284     0.001186070     0.153280000
    4160     0.001924774     0.001211700     0.148370000
    4180     0.001918080     0.001154633     0.143870000
    4200     0.001969574     0.001166268     0.144350000
    4220     0.001946028     0.001211492     0.138610000
    4240     0.001966064     0.001191561     0.137960000
    4260     0.001958595     0.001223872     0.140760000
    4280     0.001889002     0.001226647     0.146230000
    4300     0.001953964     0.001195439     0.147310000
    4320     0.001945281     0.001111042     0.140030000
    4340     0.002009947     0.001118894     0.138160000
    4360     0.001940819     0.001124489     0.136950000
    4380     0.001990414     0.001133674     0.139170000
    4400     0.001997806     0.001150911     0.131190000
    4420     0.001992824     0.001124176     0.136260000
    4440     0.001997913     0.001159125     0.134570000
    4460     0.002017635     0.001139669     0.130700000
    4480     0.001917003     0.001171648     0.131280000
    4500     0.001968788     0.001223627     0.130110000
    4520     0.001965379     0.001288235     0.139010000
    4540     0.001946938     0.001240194     0.127820000
    4560     0.001972429     0.001227073     0.126820000
    4580     0.002017798     0.001229370     0.130750000
    4600     0.001985534     0.001220129     0.125950000
    4620     0.002004901     0.001134348     0.121190000
    4640     0.002053892     0.001074995     0.112840000
    4660     0.002052369     0.001060447     0.110000000
    4680     0.002016169     0.000988688     0.111840000
    4700     0.001981857     0.001131027     0.114940000
    4720     0.001964530     0.001054280     0.107760000
    4740     0.001959716     0.000999407     0.109510000
    4760     0.001965893     0.000956981     0.110710000
    4780     0.001963960     0.001017260     0.116410000
    4800     0.001894950     0.001044725     0.106110000
    4820     0.001872766     0.001040456     0.111390000
    4840     0.001867856     0.001076662     0.111770000
    4860     0.001802679     0.001084342     0.115590000
    4880     0.001841752     0.001147893     0.116360000
    4900     0.001821099     0.001117936     0.121540000
    4920     0.001843065     0.001101120     0.124920000
    4940     0.001852237     0.001137504     0.120460000
    4960     0.001886668     0.001125387     0.116920000
    4980     0.001920701     0.001127572     0.116940000
    5000     0.001932621     0.001122350     0.116170000
    5020     0.001857494     0.001070483     0.113230000
    5040     0.001892270     0.001088559     0.105900000
    5060     0.001902799     0.001038224     0.118240000
    5080     0.001905700     0.001096551     0.111630000
    5100     0.001884300     0.001099527     0.110440000
    5120     0.001939023     0.001140003     0.101720000
    5140     0.001928217     0.001093521     0.101010000
    5160     0.001925801     0.000992032     0.101750000
    5180     0.001956914     0.001004909     0.105490000
    5200     0.001967533     0.001038505     0.105330000
    5220     0.001957185     0.001096418     0.106630000
    5240     0.001938744     0.001114009     0.104920000
    5260     0.001963763     0.001107418     0.093870000
    5280     0.002063410     0.001070709     0.096870000
    5300     0.001987713     0.001083138     0.097410000
    5320     0.002037924     0.001049422     0.100950000
    5340     0.002032823     0.001029847     0.103990000
    5360     0.001989031     0.001064366     0.101150000
    5380     0.001924088     0.001061673     0.097150000
    5400     0.001958331     0.001004312     0.099920000
    5420     0.002010437     0.001050439     0.095380000
    5440     0.002036619     0.001033628     0.093910000
    5460     0.002003830     0.001097153     0.089380000
    5480     0.002005702     0.001064613     0.092450000
    5500     0.002002357     0.001102013     0.082240000
    5520     0.002022210     0.001087910     0.075220000
    5540     0.002036460     0.001150379     0.071820000
    5560     0.002031963     0.001199394     0.072160000
    5580     0.002065179     0.001181765     0.076070000
    5600     0.002032909     0.001088393     0.072030000
    5620     0.002067359     0.000985161     0.070730000
    5640     0.002041296     0.001047811     0.072060000
    5660     0.002062396     0.000974607     0.069540000
    5680     0.002023409     0.000957772     0.067870000
    5700     0.001989486     0.000886952     0.068090000
    5720     0.001922670     0.000929939     0.070150000
    5740     0.001913888     0.000929722     0.075760000
    5760     0.001872432     0.000887558     0.065350000
    5780     0.001942792     0.000982753     0.066160000
    5800     0.001959457     0.001001349     0.068820000
    5820     0.001864806     0.001037624     0.068220000
    5840     0.001807686     0.000989267     0.068340000
    5860     0.001784002     0.001050154     0.065400000
    5880     0.001816586     0.000943917     0.070670000
    5900     0.001829704     0.001015306     0.068780000
    5920     0.001783039     0.001047227     0.068300000
    5940     0.001846908     0.000995707     0.066140000
    5960     0.001855388     0.001136458     0.066820000
    5980     0.001807017     0.001036142     0.066130000
    6000     0.001720244     0.001043610     0.070290000
    6020     0.001882940     0.001023607     0.068560000
    6040     0.001842374     0.001136829     0.069820000
    6060     0.001758213     0.001144017     0.069950000
    6080     0.001784567     0.000990839     0.067000000
    6100     0.001819335     0.001011373     0.065770000
    6120     0.001865403     0.001056137     0.065760000
    6140     0.001863365     0.001045960     0.065320000
    6160     0.001903242     0.001084606     0.069420000
    6180     0.001850983     0.001008609     0.065060000
    6200     0.001857395     0.000961924     0.063770000
    6220     0.001891122     0.000984060     0.066760000
    6240     0.001848967     0.000987013     0.070660000
    6260     0.001840995     0.000956815     0.065630000
    6280     0.001875029     0.001006835     0.067260000
    6300     0.001873321     0.000943742     0.071390000
    6320     0.001857532     0.000916373     0.068500000
    6340     0.001868747     0.000884452     0.063150000
    6360     0.001890308     0.000952006     0.065150000
    6380     0.001880591     0.000997003     0.063030000
    6400     0.001846323     0.000925490     0.061460000
    6420     0.001833914     0.000880964     0.058570000
    6440     0.001865355     0.000929813     0.064680000
    6460     0.001852161     0.000934696     0.066510000
    6480     0.001829848     0.000961956     0.059860000
    6500     0.001861614     0.001028203     0.061340000
    6520     0.001864666     0.001053682     0.065570000
    6540     0.001890994     0.001092053     0.060730000
    6560     0.002002356     0.001032954     0.060400000
    6580     0.001922606     0.001032105     0.054720000
    6600     0.001943650     0.000961819     0.053610000
    6620     0.001985939     0.000997724     0.047720000
    6640     0.002035603     0.001057284     0.046160000
    6660     0.002011855     0.001010244     0.042750000
    6680     0.002047257     0.001045506     0.042840000
    6700     0.002024702     0.001085669     0.043240000
    6720     0.002128425     0.001080220     0.041450000
    6740     0.002117108     0.001014617     0.040370000
    6760     0.002066389     0.001061562     0.039560000
    6780     0.002082917     0.001083316     0.034820000
    6800     0.002037474     0.001074183     0.032500000
    6820     0.002098501     0.001143416     0.031410000
    6840     0.002041621     0.001076196     0.032990000
    6860     0.001940126     0.001074669     0.036690000
    6880     0.002028550     0.001074079     0.035290000
    6900     0.001897091     0.001029130     0.035910000
    6920     0.002046955     0.001032641     0.035800000
    6940     0.002053908     0.001065438     0.033650000
    6960     0.001955082     0.001209973     0.032680000
    6980     0.001980590     0.001215563     0.032780000
    7000     0.001991615     0.001159538     0.031830000
    7020     0.001929737     0.001003717     0.026950000
    7040     0.001821141     0.000944292     0.029120000
    7060     0.001898127     0.000991677     0.029440000
    7080     0.001879037     0.000856553     0.026850000
    7100     0.001894272     0.000849238     0.026540000
    7120     0.001834409     0.001017582     0.031260000
    7140     0.001855844     0.001084647     0.028430000
    7160     0.001906581     0.001051411     0.031890000
    7180     0.001924726     0.000891797     0.031430000
    7200     0.001931437     0.001013621     0.030950000
    7220     0.001876984     0.001017849     0.029770000
    7240     0.001956261     0.001101507     0.028450000
    7260     0.001821982     0.001002287     0.031890000
    7280     0.001870470     0.000945569     0.032260000
    7300     0.001911184     0.000966231     0.029840000
    7320     0.001817511     0.000947676     0.028680000
    7340     0.001911724     0.001060932     0.034360000
    7360     0.001848863     0.001121257     0.030780000
    7380     0.001869032     0.001000547     0.029580000
    7400     0.001802191     0.001080183     0.033630000
    7420     0.001845324     0.001155122     0.030100000
    7440     0.001894972     0.001052991     0.030780000
    7460     0.001952201     0.001173868     0.028980000
    7480     0.001985180     0.001166252     0.024370000
    7500     0.001998734     0.001289201     0.025990000
    7520     0.002064682     0.001162996     0.028090000
    7540     0.002040484     0.001211260     0.025170000
    7560     0.002017488     0.001278988     0.026700000
    7580     0.002027329     0.001149203     0.026590000
    7600     0.002055537     0.001202800     0.022810000
    7620     0.002095211     0.001295571     0.022910000
    7640     0.002040394     0.001117570     0.022120000
    7660     0.002109891     0.001113483     0.018370000
    7680     0.002148113     0.001028823     0.021160000
    7700     0.002278072     0.001032995     0.020200000
    7720     0.002239356     0.001237912     0.020580000
    7740     0.002103068     0.001331796     0.019320000
    7760     0.002098230     0.001208529     0.018220000
    7780     0.002001667     0.001178960     0.018860000
    7800     0.002058063     0.001288733     0.016150000
    7820     0.002133606     0.001332562     0.013940000
    7840     0.002170444     0.001450798     0.013230000
    7860     0.002277238     0.001436486     0.011410000
    7880     0.002307474     0.001376968     0.011640000
    7900     0.002198520     0.001398055     0.014620000
    7920     0.002168177     0.001216314     0.014940000
    7940     0.002222638     0.001319182     0.013420000
    7960     0.002232536     0.001125158     0.014900000
    7980     0.002351088     0.000986127     0.015500000
    8000     0.002195456     0.001121037     0.014700000
    8020     0.002272062     0.000855652     0.013720000
    8040     0.002118747     0.000939924     0.014010000
    8060     0.002147254     0.001104550     0.012370000
    8080     0.002170961     0.001487006     0.013120000
    8100     0.002233487     0.001500027     0.011380000
    8120     0.002203817     0.001465178     0.009510000
    8140     0.002134862     0.001357403     0.010700000
    8160     0.001918562     0.001287313     0.009140000
    8180     0.002012169     0.001546722     0.009560000
    8200     0.002108504     0.001017831     0.009880000
    8220     0.001806712     0.000761294     0.010340000
    8240     0.001725091     0.000825799     0.010820000
    8260     0.001978381     0.000798165     0.013290000
    8280     0.001833414     0.000907383     0.011200000
    8300     0.001810489     0.001445769     0.010480000
    8320     0.001651411     0.000963268     0.012740000
    8340     0.001725931     0.000767504     0.013620000
    8360     0.001750351     0.000849897     0.013930000
    8380     0.001718947     0.000903218     0.013210000
    8400     0.001740541     0.000878137     0.013330000
    8420     0.001770636     0.001110873     0.014610000
    8440     0.001706876     0.000877860     0.018160000
    8460     0.001810655     0.000899304     0.018000000
    8480     0.001674011     0.001048946     0.017880000
    8500     0.001800025     0.000869958     0.020070000
    8520     0.001723792     0.001009739     0.018340000
    8540     0.001757373     0.001055967     0.021570000
    8560     0.001742477     0.001010144     0.024640000
    8580     0.001708062     0.000875081     0.023470000
    8600     0.001887673     0.000922470     0.021290000
    8620     0.001685775     0.000759830     0.020700000
    8640     0.001740442     0.000814168     0.022440000
    8660     0.001693661     0.000851010     0.021030000
    8680     0.001761016     0.001078837     0.020950000
    8700     0.001699289     0.000799531     0.023620000
    8720     0.001701842     0.000967925     0.022020000
    8740     0.001692887     0.001041142     0.024490000
    8760     0.001762956     0.000988546     0.026330000
    8780     0.001781229     0.000978276     0.022210000
    8800     0.001952909     0.001026403     0.023920000
    8820     0.001869965     0.001002929     0.026500000
    8840     0.001816511     0.001055103     0.026470000
    8860     0.001756352     0.000958697     0.025790000
    8880     0.001753214     0.000881232     0.022980000
    8900     0.001819754     0.000932147     0.021200000
    8920     0.001789760     0.000925612     0.021850000
    8940     0.001815957     0.001002283     0.023620000
    8960     0.001753672     0.000888590     0.021680000
    8980     0.001809482     0.000855533     0.024610000
    9000     0.001831618     0.000678969     0.024530000
    9020     0.001864380     0.000756148     0.021410000
    9040     0.001749446     0.000774772     0.020910000
    9060     0.001813097     0.000878642     0.021770000
    9080     0.001817996     0.000826887     0.022960000
    9100     0.001865345     0.000842087     0.023480000
    9120     0.001889289     0.000897761     0.020810000
    9140     0.001853251     0.000796593     0.021350000
    9160     0.001791887     0.000736598     0.023850000
    9180     0.001852182     0.000722246     0.025250000
    9200     0.001840426     0.000747749     0.024590000
    9220     0.001853771     0.000768689     0.024590000
    9240     0.001901962     0.000689120     0.026310000
    9260     0.001794263     0.000684252     0.023320000
    9280     0.001756085     0.000697637     0.022780000
    9300     0.001755144     0.000734873     0.025920000
    9320     0.001559444     0.000759511     0.027580000
    9340     0.001666418     0.000798047     0.030240000
    9360     0.001688717     0.000829997     0.027150000
    9380     0.001805148     0.000791502     0.027610000
    9400     0.001675455     0.000877019     0.028850000
    9420     0.001919660     0.000869114     0.029980000
    9440     0.001862487     0.000856470     0.029290000
    9460     0.001862597     0.000817505     0.025800000
    9480     0.001901824     0.000848852     0.025460000
    9500     0.001849338     0.000853290     0.026410000
    9520     0.001880964     0.000886707     0.027130000
    9540     0.001891112     0.000868130     0.025400000
    9560     0.001852962     0.000909841     0.024940000
    9580     0.001747397     0.000821310     0.023610000
    9600     0.001838762     0.000910239     0.024020000
    9620     0.001788158     0.000873690     0.024890000
    9640     0.001803210     0.000709219     0.025310000
    9660     0.001829237     0.000935997     0.024440000
    9680     0.001883788     0.000853460     0.021740000
    9700     0.002061199     0.000817009     0.023480000
    9720     0.001963310     0.000872397     0.023250000
    9740     0.001930088     0.001000624     0.022600000
    9760     0.002008486     0.000960584     0.022340000
    9780     0.002064535     0.000895164     0.020180000
    9800     0.001980611     0.000954973     0.018360000
    9820     0.001969308     0.001011301     0.015760000
    9840     0.001913355     0.001049179     0.015130000
    9860     0.002086658     0.001029382     0.017590000
    9880     0.002066658     0.000913878     0.019310000
    9900     0.001995115     0.001097463     0.017300000
    9920     0.002096020     0.000941317     0.013860000
    9940     0.002174442     0.001082066     0.012030000
    9960     0.002024299     0.001036922     0.016190000
    9980     0.002026575     0.001041673     0.013960000
   10000     0.002019599     0.000958155     0.014270000
   10020     0.002007254     0.000908205     0.013350000
   10040     0.001995394     0.000758355     0.013070000
   10060     0.002037084     0.000857063     0.012920000
   10080     0.002113283     0.000818967     0.012800000
   10100     0.002063304     0.000906159     0.010050000
   10120     0.002174598     0.001147905     0.008150000
   10140     0.002252057     0.001127538     0.007550000
   10160     0.002280650     0.001002932     0.006550000
   10180     0.002262723     0.001436062     0.005890000
   10200     0.002206834     0.001294892     0.004850000
   10220     0.002288234     0.000851687     0.005270000
   10240     0.002119614     0.000874145     0.005540000
   10260     0.002166852     0.001288092     0.004050000
   10280     0.001911909     0.000982569     0.003730000
   10300     0.002212715     0.000892878     0.004180000
   10320     0.002320028     0.000809760     0.004450000
   10340     0.001999587     0.000955583     0.003060000
   10360     0.002247222     0.001120050     0.003800000
   10380     0.001912764     0.001408176     0.003630000
   10400     0.001661216     0.001001606     0.003480000
   10420     0.001897769     0.000873364     0.003590000
   10440     0.001894522     0.001385688     0.002860000
   10460     0.001774009     0.000729996     0.002850000
   10480     0.002039415     0.000928984     0.003320000
   10500     0.002105835     0.000848737     0.003490000
   10520     0.001949113     0.000711875     0.003340000
   10540     0.002020800     0.000694508     0.003840000
   10560     0.001794636     0.001000783     0.004760000
   10580     0.001732217     0.000963094     0.005600000
   10600     0.001967130     0.000798854     0.005540000
   10620     0.002011950     0.000847484     0.005920000
   10640     0.002137197     0.000893398     0.004950000
   10660     0.001840572     0.001029715     0.003470000
   10680     0.001702208     0.000989983     0.003280000
   10700     0.001614838     0.000920859     0.004270000
   10720     0.001594093     0.000693024     0.005230000
   10740     0.001649469     0.000770748     0.005790000
   10760     0.001627139     0.000811241     0.008770000
   10780     0.001507836     0.000663138     0.006700000
   10800     0.001723067     0.000668030     0.005200000
   10820     0.001742037     0.000630207     0.005950000
   10840     0.001928668     0.000442219     0.005120000
   10860     0.001869956     0.000577594     0.005580000
   10880     0.001934120     0.000532972     0.005600000
   10900     0.001822345     0.000480638     0.006320000
   10920     0.001896834     0.000399539     0.003850000
   10940     0.001735319     0.000482272     0.006200000
   10960     0.001651252     0.000611780     0.007230000
   10980     0.001745636     0.000696561     0.005930000
   11000     0.001756047     0.000698258     0.006420000
   11020     0.001792954     0.000711426     0.006010000
   11040     0.001890235     0.000799005     0.006520000
   11060     0.001908201     0.000907184     0.008620000
   11080     0.001859163     0.000823954     0.007810000
   11100     0.001868093     0.000829132     0.008170000
   11120     0.001986016     0.000837397     0.006890000
   11140     0.002002883     0.000903370     0.005970000
   11160     0.002118023     0.000943578     0.004190000
   11180     0.001885180     0.000594689     0.002610000
   11200     0.001874401     0.000536742     0.003140000
   11220     0.002077778     0.000914260     0.003730000
   11240     0.001894737     0.001428770     0.002660000
   11260     0.002003650     0.001481578     0.002740000
   11280     0.001899944     0.001422293     0.002990000
   11300     0.002010743     0.001488835     0.002870000
   11320     0.001825871     0.001023773     0.001350000
   11340     0.002538194     0.001687190     0.001200000
   11360     0.002389205     0.001522055     0.000880000
   11380     0.002539720     0.001183713     0.001080000
   11400     0.002755556     0.000565995     0.000630000
   11420     0.002397059     0.001247422     0.000850000
   11440     0.002097561     0.001099321     0.000820000
   11460     0.002004566     0.001078572     0.001460000
   11480     0.001791667     0.001051204     0.001220000
   11500     0.001841475     0.001008584     0.001740000
   11520     0.001850084     0.001034448     0.001990000
   11540     0.001795948     0.001023945     0.003130000
   11560     0.001555730     0.000656456     0.002380000
   11580     0.001509259     0.000629292     0.003000000
   11600     0.001919623     0.000733281     0.004520000
   11620     0.001762433     0.000495343     0.004560000
   11640     0.001717393     0.000700281     0.004550000
   11660     0.001746506     0.000613486     0.004240000
   11680     0.001843429     0.000493028     0.005090000
   11700     0.001728419     0.000507018     0.004360000
   11720     0.001765537     0.000409629     0.002900000
   11740     0.001920254     0.000523338     0.002990000
   11760     0.002056271     0.000607507     0.003050000
   11780     0.001902385     0.000888297     0.002580000
   11800     0.001911802     0.000811657     0.002110000
   11820     0.001742665     0.000741770     0.001720000
   11840     0.001624911     0.000513589     0.002550000
   11860     0.001773168     0.000464977     0.001730000
   11880     0.001956266     0.000428417     0.002620000
   11900     0.001661296     0.000521702     0.003090000
   11920     0.001746480     0.000505336     0.003020000
   11940     0.001814484     0.000520107     0.002490000
   11960     0.001893170     0.000446157     0.003390000
   11980     0.001903197     0.000531346     0.002390000
   12000     0.001882506     0.000525373     0.002800000
   12020     0.001874734     0.000462720     0.002530000
   12040     0.001941106     0.000477398     0.002160000
   12060     0.001990787     0.000987515     0.001990000
   12080     0.002014601     0.000988542     0.002340000
   12100     0.002055717     0.000982233     0.001720000
   12120     0.002085145     0.001044368     0.002300000
   12140     0.002227303     0.000603434     0.002470000
   12160     0.002177968     0.000564131     0.002130000
   12180     0.001915441     0.001037337     0.001360000
   12200     0.002148551     0.001137420     0.001150000
   12220     0.001909524     0.001018670     0.001050000
   12240     0.002063725     0.001044486     0.000510000
   12260     0.002034722     0.000601562     0.000120000
   12280     0.001666667     0.000259259     0.000030000
   12300             NaN             NaN     0.000000000
   12320             NaN             NaN     0.000000000
   12340             NaN             NaN     0.000000000
   12360             NaN             NaN     0.000000000
   12380             NaN             NaN     0.000000000
   12400             NaN             NaN     0.000000000
   12420             NaN             NaN     0.000000000
   12440             NaN             NaN     0.000000000
   12460             NaN             NaN     0.000000000
   12480             NaN             NaN     0.000000000
   12500             NaN             NaN     0.000000000
   12520             NaN             NaN     0.000000000
   12540             NaN             NaN     0.000000000
   12560             NaN             NaN     0.000000000
   12580             NaN             NaN     0.000000000
   12600             NaN             NaN     0.000000000
   12620             NaN             NaN     0.000000000
   12640             NaN             NaN     0.000000000
   12660             NaN             NaN     0.000000000
   12680             NaN             NaN     0.000000000
   12700             NaN             NaN     0.000000000
   12720             NaN             NaN     0.000000000
   12740             NaN             NaN     0.000000000
   12760             NaN             NaN     0.000000000
   12780             NaN             NaN     0.000000000
   12800             NaN             NaN     0.000000000
   12820             NaN             NaN     0.000000000
   12840             NaN             NaN     0.000000000
   12860             NaN             NaN     0.000000000
   12880             NaN             NaN     0.000000000
   12900             NaN             NaN     0.000000000
   12920             NaN             NaN     0.000000000
   12940             NaN             NaN     0.000000000
   12960             NaN             NaN     0.000000000
   12980             NaN             NaN     0.000000000
   13000             NaN             NaN     0.000000000
   13020             NaN             NaN     0.000000000
   13040             NaN             NaN     0.000000000
   13060             NaN             NaN     0.000000000
   13080             NaN             NaN     0.000000000
   13100             NaN             NaN     0.000000000
   13120             NaN             NaN     0.000000000
   13140             NaN             NaN     0.000000000
   13160             NaN             NaN     0.000000000
   13180             NaN             NaN     0.000000000
   13200             NaN             NaN     0.000000000
   13220             NaN             NaN     0.000000000
   13240             NaN             NaN     0.000000000
   13260             NaN             NaN     0.000000000
   13280             NaN             NaN     0.000000000
   13300             NaN             NaN     0.000000000
   13320             NaN             NaN     0.000000000
   13340             NaN             NaN     0.000000000
   13360             NaN             NaN     0.000000000
   13380             NaN             NaN     0.000000000
   13400             NaN             NaN     0.000000000
   13420             NaN             NaN     0.000000000
   13440             NaN             NaN     0.000000000
   13460             NaN             NaN     0.000000000
   13480             NaN             NaN     0.000000000
   13500             NaN             NaN     0.000000000
   13520             NaN             NaN     0.000000000
   13540             NaN             NaN     0.000000000
   13560             NaN             NaN     0.000000000
   13580             NaN             NaN     0.000000000
   13600             NaN             NaN     0.000000000
   13620             NaN             NaN     0.000000000
   13640             NaN             NaN     0.000000000
   13660             NaN             NaN     0.000000000
   13680             NaN             NaN     0.000000000
   13700             NaN             NaN     0.000000000
   13720             NaN             NaN     0.000000000
   13740             NaN             NaN     0.000000000
   13760             NaN             NaN     0.000000000
   13780             NaN             NaN     0.000000000
   13800             NaN             NaN     0.000000000
   13820             NaN             NaN     0.000000000
   13840             NaN             NaN     0.000000000
   13860             NaN             NaN     0.000000000
   13880             NaN             NaN     0.000000000
   13900             NaN             NaN     0.000000000
   13920             NaN             NaN     0.000000000
   13940             NaN             NaN     0.000000000
   13960             NaN             NaN     0.000000000
   13980             NaN             NaN     0.000000000
   14000             NaN             NaN     0.000000000
   14020             NaN             NaN     0.000000000
   14040             NaN             NaN     0.000000000
   14060             NaN             NaN     0.000000000
   14080             NaN             NaN     0.000000000
   14100             NaN             NaN     0.000000000
   14120             NaN             NaN     0.000000000
   14140             NaN             NaN     0.000000000
   14160             NaN             NaN     0.000000000
   14180             NaN             NaN     0.000000000
   14200             NaN             NaN     0.000000000
   14220             NaN             NaN     0.000000000
   14240             NaN             NaN     0.000000000
   14260             NaN             NaN     0.000000000
   14280             NaN             NaN     0.000000000
   14300             NaN             NaN     0.000000000
   14320             NaN             NaN     0.000000000
   14340             NaN             NaN     0.000000000
   14360             NaN             NaN     0.000000000
   14380             NaN             NaN     0.000000000
   14400             NaN             NaN     0.000000000
   14420             NaN             NaN     0.000000000
   14440             NaN             NaN     0.000000000
   14460             NaN             NaN     0.000000000
   14480             NaN             NaN     0.000000000
   14500             NaN             NaN     0.000000000
   14520             NaN             NaN     0.000000000
   14540             NaN             NaN     0.000000000
   14560             NaN             NaN     0.000000000
   14580             NaN             NaN     0.000000000
   14600             NaN             NaN     0.000000000
   14620             NaN             NaN     0.000000000
   14640             NaN             NaN     0.000000000
   14660             NaN             NaN     0.000000000
   14680             NaN             NaN     0.000000000
   14700             NaN             NaN     0.000000000
   14720             NaN             NaN     0.000000000
   14740             NaN             NaN     0.000000000
   14760             NaN             NaN     0.000000000
   14780             NaN             NaN     0.000000000
   14800             NaN             NaN     0.000000000
   14820             NaN             NaN     0.000000000
   14840             NaN             NaN     0.000000000
   14860             NaN             NaN     0.000000000
   14880             NaN             NaN     0.000000000
   14900             NaN             NaN     0.000000000
   14920             NaN             NaN     0.000000000
   14940             NaN             NaN     0.000000000
   14960             NaN             NaN     0.000000000
   14980             NaN             NaN     0.000000000
   15000             NaN             NaN     0.000000000
   15020             NaN             NaN     0.000000000
   15040             NaN             NaN     0.000000000
   15060             NaN             NaN     0.000000000
   15080             NaN             NaN     0.000000000
   15100             NaN             NaN     0.000000000
   15120             NaN             NaN     0.000000000
   15140             NaN             NaN     0.000000000
   15160             NaN             NaN     0.000000000
   15180             NaN             NaN     0.000000000
   15200             NaN             NaN     0.000000000
   15220             NaN             NaN     0.000000000
   15240             NaN             NaN     0.000000000
   15260             NaN             NaN     0.000000000
   15280             NaN             NaN     0.000000000
   15300             NaN             NaN     0.000000000
   15320             NaN             NaN     0.000000000
   15340             NaN             NaN     0.000000000
   15360             NaN             NaN     0.000000000
   15380             NaN             NaN     0.000000000
   15400             NaN             NaN     0.000000000
   15420             NaN             NaN     0.000000000
   15440             NaN             NaN     0.000000000
   15460             NaN             NaN     0.000000000
   15480             NaN             NaN     0.000000000
   15500             NaN             NaN     0.000000000
   15520             NaN             NaN     0.000000000
   15540             NaN             NaN     0.000000000
   15560             NaN             NaN     0.000000000
   15580             NaN             NaN     0.000000000
   15600             NaN             NaN     0.000000000
   15620             NaN             NaN     0.000000000
   15640             NaN             NaN     0.000000000
   15660             NaN             NaN     0.000000000
   15680             NaN             NaN     0.000000000
   15700             NaN             NaN     0.000000000
   15720             NaN             NaN     0.000000000
   15740             NaN             NaN     0.000000000
   15760             NaN             NaN     0.000000000
   15780             NaN             NaN     0.000000000
   15800             NaN             NaN     0.000000000
   15820             NaN             NaN     0.000000000
   15840             NaN             NaN     0.000000000
   15860             NaN             NaN     0.000000000
   15880             NaN             NaN     0.000000000
   15900             NaN             NaN     0.000000000
   15920             NaN             NaN     0.000000000
   15940             NaN             NaN     0.000000000
   15960             NaN             NaN     0.000000000
   15980             NaN             NaN     0.000000000
   16000             NaN             NaN     0.000000000
   16020             NaN             NaN     0.000000000
   16040             NaN             NaN     0.000000000
   16060             NaN             NaN     0.000000000
   16080             NaN             NaN     0.000000000
   16100             NaN             NaN     0.000000000
   16120             NaN             NaN     0.000000000
   16140             NaN             NaN     0.000000000
   16160             NaN             NaN     0.000000000
   16180             NaN             NaN     0.000000000
   16200             NaN             NaN     0.000000000
   16220             NaN             NaN     0.000000000
   16240             NaN             NaN     0.000000000
   16260             NaN             NaN     0.000000000
   16280             NaN             NaN     0.000000000
   16300             NaN             NaN     0.000000000
   16320             NaN             NaN     0.000000000
   16340             NaN             NaN     0.000000000
   16360             NaN             NaN     0.000000000
   16380             NaN             NaN     0.000000000
   16400             NaN             NaN     0.000000000
   16420             NaN             NaN     0.000000000
   16440             NaN             NaN     0.000000000
   16460             NaN             NaN     0.000000000
   16480             NaN             NaN     0.000000000
   16500             NaN             NaN     0.000000000
   16520             NaN             NaN     0.000000000
   16540             NaN             NaN     0.000000000
   16560             NaN             NaN     0.000000000
   16580             NaN             NaN     0.000000000
   16600             NaN             NaN     0.000000000
   16620             NaN             NaN     0.000000000
   16640             NaN             NaN     0.000000000
   16660             NaN             NaN     0.000000000
   16680             NaN             NaN     0.000000000
   16700             NaN             NaN     0.000000000
   16720             NaN             NaN     0.000000000
   16740             NaN             NaN     0.000000000
   16760             NaN             NaN     0.000000000
   16780             NaN             NaN     0.000000000
   16800             NaN             NaN     0.000000000
   16820             NaN             NaN     0.000000000
   16840             NaN             NaN     0.000000000
   16860             NaN             NaN     0.000000000
   16880             NaN             NaN     0.000000000
   16900             NaN             NaN     0.000000000
   16920             NaN             NaN     0.000000000
   16940             NaN             NaN     0.000000000
   16960             NaN             NaN     0.000000000
   16980             NaN             NaN     0.000000000
   17000             NaN             NaN     0.000000000
   17020             NaN             NaN     0.000000000
   17040             NaN             NaN     0.000000000
   17060             NaN             NaN     0.000000000
   17080             NaN             NaN     0.000000000
   17100             NaN             NaN     0.000000000
   17120             NaN             NaN     0.000000000
   17140             NaN             NaN     0.000000000
   17160             NaN             NaN     0.000000000
   17180             NaN             NaN     0.000000000
   17200             NaN             NaN     0.000000000
   17220             NaN             NaN     0.000000000
   17240             NaN             NaN     0.000000000
   17260             NaN             NaN     0.000000000
   17280             NaN             NaN     0.000000000
   17300             NaN             NaN     0.000000000
   17320             NaN             NaN     0.000000000
   17340             NaN             NaN     0.000000000
   17360             NaN             NaN     0.000000000
   17380             NaN             NaN     0.000000000
   17400             NaN             NaN     0.000000000
   17420             NaN             NaN     0.000000000
   17440             NaN             NaN     0.000000000
   17460             NaN             NaN     0.000000000
   17480             NaN             NaN     0.000000000
   17500             NaN             NaN     0.000000000
   17520             NaN             NaN     0.000000000
   17540             NaN             NaN     0.000000000
   17560             NaN             NaN     0.000000000
   17580             NaN             NaN     0.000000000
   17600             NaN             NaN     0.000000000
   17620             NaN             NaN     0.000000000
   17640             NaN             NaN     0.000000000
   17660             NaN             NaN     0.000000000
   17680             NaN             NaN     0.000000000
   17700             NaN             NaN     0.000000000
   17720             NaN             NaN     0.000000000
   17740             NaN             NaN     0.000000000
   17760             NaN             NaN     0.000000000
   17780             NaN             NaN     0.000000000
   17800             NaN             NaN     0.000000000
   17820             NaN             NaN     0.000000000
   17840             NaN             NaN     0.000000000
   17860             NaN             NaN     0.000000000
   17880             NaN             NaN     0.000000000
   17900             NaN             NaN     0.000000000
   17920             NaN             NaN     0.000000000
   17940             NaN             NaN     0.000000000
   17960             NaN             NaN     0.000000000
   17980             NaN             NaN     0.000000000
   18000             NaN             NaN     0.000000000
   18020             NaN             NaN     0.000000000
   18040             NaN             NaN     0.000000000
   18060             NaN             NaN     0.000000000
   18080             NaN             NaN     0.000000000
   18100             NaN             NaN     0.000000000
   18120             NaN             NaN     0.000000000
   18140             NaN             NaN     0.000000000
   18160             NaN             NaN     0.000000000
   18180             NaN             NaN     0.000000000
   18200             NaN             NaN     0.000000000
   18220             NaN             NaN     0.000000000
   18240             NaN             NaN     0.000000000
   18260             NaN             NaN     0.000000000
   18280             NaN             NaN     0.000000000
   18300             NaN             NaN     0.000000000
   18320             NaN             NaN     0.000000000
   18340             NaN             NaN     0.000000000
   18360             NaN             NaN     0.000000000
   18380             NaN             NaN     0.000000000
   18400             NaN             NaN     0.000000000
   18420             NaN             NaN     0.000000000
   18440             NaN             NaN     0.000000000
   18460             NaN             NaN     0.000000000
   18480             NaN             NaN     0.000000000
   18500             NaN             NaN     0.000000000
   18520             NaN             NaN     0.000000000
   18540             NaN             NaN     0.000000000
   18560             NaN             NaN     0.000000000
   18580             NaN             NaN     0.000000000
   18600             NaN             NaN     0.000000000
   18620             NaN             NaN     0.000000000
   18640             NaN             NaN     0.000000000
   18660             NaN             NaN     0.000000000
   18680             NaN             NaN     0.000000000
   18700             NaN             NaN     0.000000000
   18720             NaN             NaN     0.000000000
   18740             NaN             NaN     0.000000000
   18760             NaN             NaN     0.000000000
   18780             NaN             NaN     0.000000000
   18800             NaN             NaN     0.000000000
   18820             NaN             NaN     0.000000000
   18840             NaN             NaN     0.000000000
   18860             NaN             NaN     0.000000000
   18880             NaN             NaN     0.000000000
   18900             NaN             NaN     0.000000000
   18920             NaN             NaN     0.000000000
   18940             NaN             NaN     0.000000000
   18960             NaN             NaN     0.000000000
   18980             NaN             NaN     0.000000000
   19000             NaN             NaN     0.000000000
   19020             NaN             NaN     0.000000000
   19040             NaN             NaN     0.000000000
   19060             NaN             NaN     0.000000000
   19080             NaN             NaN     0.000000000
   19100             NaN             NaN     0.000000000
   19120             NaN             NaN     0.000000000
   19140             NaN             NaN     0.000000000
   19160             NaN             NaN     0.000000000
   19180             NaN             NaN     0.000000000
   19200             NaN             NaN     0.000000000
   19220             NaN             NaN     0.000000000
   19240             NaN             NaN     0.000000000
   19260             NaN             NaN     0.000000000
   19280             NaN             NaN     0.000000000
   19300             NaN             NaN     0.000000000
   19320             NaN             NaN     0.000000000
   19340             NaN             NaN     0.000000000
   19360             NaN             NaN     0.000000000
   19380             NaN             NaN     0.000000000
   19400             NaN             NaN     0.000000000
   19420             NaN             NaN     0.000000000
   19440             NaN             NaN     0.000000000
   19460             NaN             NaN     0.000000000
   19480             NaN             NaN     0.000000000
   19500             NaN             NaN     0.000000000
   19520             NaN             NaN     0.000000000
   19540             NaN             NaN     0.000000000
   19560             NaN             NaN     0.000000000
   19580             NaN             NaN     0.000000000
   19600             NaN             NaN     0.000000000
   19620             NaN             NaN     0.000000000
   19640             NaN             NaN     0.000000000
   19660             NaN             NaN     0.000000000
   19680             NaN             NaN     0.000000000
   19700             NaN             NaN     0.000000000
   19720             NaN             NaN     0.000000000
   19740             NaN             NaN     0.000000000
   19760             NaN             NaN     0.000000000
   19780             NaN             NaN     0.000000000
   19800             NaN             NaN     0.000000000
   19820             NaN             NaN     0.000000000
   19840             NaN             NaN     0.000000000
   19860             NaN             NaN     0.000000000
   19880             NaN             NaN     0.000000000
   19900             NaN             NaN     0.000000000
   19920             NaN             NaN     0.000000000
   19940             NaN             NaN     0.000000000
   19960             NaN             NaN     0.000000000
   19980             NaN             NaN     0.000000000
   20000             NaN             NaN     0.000000000
   20020             NaN             NaN     0.000000000
   20040             NaN             NaN     0.000000000
   20060             NaN             NaN     0.000000000
   20080             NaN             NaN     0.000000000
   20100             NaN             NaN     0.000000000
   20120             NaN             NaN     0.000000000
   20140             NaN             NaN     0.000000000
   20160             NaN             NaN     0.000000000
   20180             NaN             NaN     0.000000000
   20200             NaN             NaN     0.000000000
   20220             NaN             NaN     0.000000000
   20240             NaN             NaN     0.000000000
   20260             NaN             NaN     0.000000000
   20280             NaN             NaN     0.000000000
   20300             NaN             NaN     0.000000000
   20320             NaN             NaN     0.000000000
   20340             NaN             NaN     0.000000000
   20360             NaN             NaN     0.000000000
   20380             NaN             NaN     0.000000000
   20400             NaN             NaN     0.000000000
   20420             NaN             NaN     0.000000000
   20440             NaN             NaN     0.000000000
   20460             NaN             NaN     0.000000000
   20480             NaN             NaN     0.000000000
   20500             NaN             NaN     0.000000000
   20520             NaN             NaN     0.000000000
   20540             NaN             NaN     0.000000000
   20560             NaN             NaN     0.000000000
   20580             NaN             NaN     0.000000000
   20600             NaN             NaN     0.000000000
   20620             NaN             NaN     0.000000000
   20640             NaN             NaN     0.000000000
   20660             NaN             NaN     0.000000000
   20680             NaN             NaN     0.000000000
   20700             NaN             NaN     0.000000000
   20720             NaN             NaN     0.000000000
   20740             NaN             NaN     0.000000000
   20760             NaN             NaN     0.000000000
   20780             NaN             NaN     0.000000000
   20800             NaN             NaN     0.000000000
   20820             NaN             NaN     0.000000000
   20840             NaN             NaN     0.000000000
   20860             NaN             NaN     0.000000000
   20880             NaN             NaN     0.000000000
   20900             NaN             NaN     0.000000000
   20920             NaN             NaN     0.000000000
   20940             NaN             NaN     0.000000000
   20960             NaN             NaN     0.000000000
   20980             NaN             NaN     0.000000000
   21000             NaN             NaN     0.000000000
   21020             NaN             NaN     0.000000000
   21040             NaN             NaN     0.000000000
   21060             NaN             NaN     0.000000000
   21080             NaN             NaN     0.000000000
   21100             NaN             NaN     0.000000000
   21120             NaN             NaN     0.000000000
   21140             NaN             NaN     0.000000000
   21160             NaN             NaN     0.000000000
   21180             NaN             NaN     0.000000000
   21200             NaN             NaN     0.000000000
   21220             NaN             NaN     0.000000000
   21240             NaN             NaN     0.000000000
   21260             NaN             NaN     0.000000000
   21280             NaN             NaN     0.000000000
   21300             NaN             NaN     0.000000000
   21320             NaN             NaN     0.000000000
   21340             NaN             NaN     0.000000000
   21360             NaN             NaN     0.000000000
   21380             NaN             NaN     0.000000000
   21400             NaN             NaN     0.000000000
   21420             NaN             NaN     0.000000000
   21440             NaN             NaN     0.000000000
   21460             NaN             NaN     0.000000000
   21480             NaN             NaN     0.000000000
   21500             NaN             NaN     0.000000000
   21520             NaN             NaN     0.000000000
   21540             NaN             NaN     0.000000000
   21560             NaN             NaN     0.000000000
   21580             NaN             NaN     0.000000000
   21600             NaN             NaN     0.000000000
   21620             NaN             NaN     0.000000000
   21640             NaN             NaN     0.000000000
   21660             NaN             NaN     0.000000000
   21680             NaN             NaN     0.000000000
   21700             NaN             NaN     0.000000000
   21720             NaN             NaN     0.000000000
   21740             NaN             NaN     0.000000000
   21760             NaN             NaN     0.000000000
   21780             NaN             NaN     0.000000000
   21800             NaN             NaN     0.000000000
   21820             NaN             NaN     0.000000000
   21840             NaN             NaN     0.000000000
   21860             NaN             NaN     0.000000000
   21880             NaN             NaN     0.000000000
   21900             NaN             NaN     0.000000000
   21920             NaN             NaN     0.000000000
   21940             NaN             NaN     0.000000000
   21960             NaN             NaN     0.000000000
   21980             NaN             NaN     0.000000000
   22000             NaN             NaN     0.000000000
   22020             NaN             NaN     0.000000000
   22040             NaN             NaN     0.000000000
   22060             NaN             NaN     0.000000000
   22080             NaN             NaN     0.000000000
   22100             NaN             NaN     0.000000000
   22120             NaN             NaN     0.000000000
   22140             NaN             NaN     0.000000000
   22160             NaN             NaN     0.000000000
   22180             NaN             NaN     0.000000000
   22200             NaN             NaN     0.000000000
   22220             NaN             NaN     0.000000000
   22240             NaN             NaN     0.000000000
   22260             NaN             NaN     0.000000000
   22280             NaN             NaN     0.000000000
   22300             NaN             NaN     0.000000000
   22320             NaN             NaN     0.000000000
   22340             NaN             NaN     0.000000000
   22360             NaN             NaN     0.000000000
   22380             NaN             NaN     0.000000000
   22400             NaN             NaN     0.000000000
   22420             NaN             NaN     0.000000000
   22440             NaN             NaN     0.000000000
   22460             NaN             NaN     0.000000000
   22480             NaN             NaN     0.000000000
   22500             NaN             NaN     0.000000000
   22520             NaN             NaN     0.000000000
   22540             NaN             NaN     0.000000000
   22560             NaN             NaN     0.000000000
   22580             NaN             NaN     0.000000000
   22600             NaN             NaN     0.000000000
   22620             NaN             NaN     0.000000000
   22640             NaN             NaN     0.000000000
   22660             NaN             NaN     0.000000000
   22680             NaN             NaN     0.000000000
   22700             NaN             NaN     0.000000000
   22720             NaN             NaN     0.000000000
   22740             NaN             NaN     0.000000000
   22760             NaN             NaN     0.000000000
   22780             NaN             NaN     0.000000000
   22800             NaN             NaN     0.000000000
   22820             NaN             NaN     0.000000000
   22840             NaN             NaN     0.000000000
   22860             NaN             NaN     0.000000000
   22880             NaN             NaN     0.000000000
   22900             NaN             NaN     0.000000000
   22920             NaN             NaN     0.000000000
   22940             NaN             NaN     0.000000000
   22960             NaN             NaN     0.000000000
   22980             NaN             NaN     0.000000000
   23000             NaN             NaN     0.000000000
   23020             NaN             NaN     0.000000000
   23040             NaN             NaN     0.000000000
   23060             NaN             NaN     0.000000000
   23080             NaN             NaN     0.000000000
   23100             NaN             NaN     0.000000000
   23120             NaN             NaN     0.000000000
   23140             NaN             NaN     0.000000000
   23160             NaN             NaN     0.000000000
   23180             NaN             NaN     0.000000000
   23200             NaN             NaN     0.000000000
   23220             NaN             NaN     0.000000000
   23240             NaN             NaN     0.000000000
   23260             NaN             NaN     0.000000000
   23280             NaN             NaN     0.000000000
   23300             NaN             NaN     0.000000000
   23320             NaN             NaN     0.000000000
   23340             NaN             NaN     0.000000000
   23360             NaN             NaN     0.000000000
   23380             NaN             NaN     0.000000000
   23400             NaN             NaN     0.000000000
   23420             NaN             NaN     0.000000000
   23440             NaN             NaN     0.000000000
   23460             NaN             NaN     0.000000000
   23480             NaN             NaN     0.000000000
   23500             NaN             NaN     0.000000000
   23520             NaN             NaN     0.000000000
   23540             NaN             NaN     0.000000000
   23560             NaN             NaN     0.000000000
   23580             NaN             NaN     0.000000000
   23600             NaN             NaN     0.000000000
   23620             NaN             NaN     0.000000000
   23640             NaN             NaN     0.000000000
   23660             NaN             NaN     0.000000000
   23680             NaN             NaN     0.000000000
   23700             NaN             NaN     0.000000000
   23720             NaN             NaN     0.000000000
   23740             NaN             NaN     0.000000000
   23760             NaN             NaN     0.000000000
   23780             NaN             NaN     0.000000000
   23800             NaN             NaN     0.000000000
   23820             NaN             NaN     0.000000000
   23840             NaN             NaN     0.000000000
   23860             NaN             NaN     0.000000000
   23880             NaN             NaN     0.000000000
   23900             NaN             NaN     0.000000000
   23920             NaN             NaN     0.000000000
   23940             NaN             NaN     0.000000000
   23960             NaN             NaN     0.000000000
   23980             NaN             NaN     0.000000000
   24000             NaN             NaN     0.000000000
   24020             NaN             NaN     0.000000000
   24040             NaN             NaN     0.000000000
   24060             NaN             NaN     0.000000000
   24080             NaN             NaN     0.000000000
   24100             NaN             NaN     0.000000000
   24120             NaN             NaN     0.000000000
   24140             NaN             NaN     0.000000000
   24160             NaN             NaN     0.000000000
   24180             NaN             NaN     0.000000000
   24200             NaN             NaN     0.000000000
   24220             NaN             NaN     0.000000000
   24240             NaN             NaN     0.000000000
   24260             NaN             NaN     0.000000000
   24280             NaN             NaN     0.000000000
   24300             NaN             NaN     0.000000000
   24320             NaN             NaN     0.000000000
   24340             NaN             NaN     0.000000000
   24360             NaN             NaN     0.000000000
   24380             NaN             NaN     0.000000000
   24400             NaN             NaN     0.000000000
   24420             NaN             NaN     0.000000000
   24440             NaN             NaN     0.000000000
   24460             NaN             NaN     0.000000000
   24480             NaN             NaN     0.000000000
   24500             NaN             NaN     0.000000000
   24520             NaN             NaN     0.000000000
   24540             NaN             NaN     0.000000000
   24560             NaN             NaN     0.000000000
   24580             NaN             NaN     0.000000000
   24600             NaN             NaN     0.000000000
   24620             NaN             NaN     0.000000000
   24640             NaN             NaN     0.000000000
   24660             NaN             NaN     0.000000000
   24680             NaN             NaN     0.000000000
   24700             NaN             NaN     0.000000000
   24720             NaN             NaN     0.000000000
   24740             NaN             NaN     0.000000000
   24760             NaN             NaN     0.000000000
   24780             NaN             NaN     0.000000000
   24800             NaN             NaN     0.000000000
   24820             NaN             NaN     0.000000000
   24840             NaN             NaN     0.000000000
   24860             NaN             NaN     0.000000000
   24880             NaN             NaN     0.000000000
   24900             NaN             NaN     0.000000000
   24920             NaN             NaN     0.000000000
   24940             NaN             NaN     0.000000000
   24960             NaN             NaN     0.000000000
   24980             NaN             NaN     0.000000000
   25000             NaN             NaN     0.000000000
   25020             NaN             NaN     0.000000000
   25040             NaN             NaN     0.000000000
   25060             NaN             NaN     0.000000000
   25080             NaN             NaN     0.000000000
   25100             NaN             NaN     0.000000000
   25120             NaN             NaN     0.000000000
   25140             NaN             NaN     0.000000000
   25160             NaN             NaN     0.000000000
   25180             NaN             NaN     0.000000000
   25200             NaN             NaN     0.000000000
   25220             NaN             NaN     0.000000000
   25240             NaN             NaN     0.000000000
   25260             NaN             NaN     0.000000000
   25280             NaN             NaN     0.000000000
   25300             NaN             NaN     0.000000000
   25320             NaN             NaN     0.000000000
   25340             NaN             NaN     0.000000000
   25360             NaN             NaN     0.000000000
   25380             NaN             NaN     0.000000000
   25400             NaN             NaN     0.000000000
   25420             NaN             NaN     0.000000000
   25440             NaN             NaN     0.000000000
   25460             NaN             NaN     0.000000000
   25480             NaN             NaN     0.000000000
   25500             NaN             NaN     0.000000000
   25520             NaN             NaN     0.000000000
   25540             NaN             NaN     0.000000000
   25560             NaN             NaN     0.000000000
   25580             NaN             NaN     0.000000000
   25600             NaN             NaN     0.000000000
   25620             NaN             NaN     0.000000000
   25640             NaN             NaN     0.000000000
   25660             NaN             NaN     0.000000000
   25680             NaN             NaN     0.000000000
   25700             NaN             NaN     0.000000000
   25720             NaN             NaN     0.000000000
   25740             NaN             NaN     0.000000000
   25760             NaN             NaN     0.000000000
   25780             NaN             NaN     0.000000000
   25800             NaN             NaN     0.000000000
   25820             NaN             NaN     0.000000000
   25840             NaN             NaN     0.000000000
   25860             NaN             NaN     0.000000000
   25880             NaN             NaN     0.000000000
   25900             NaN             NaN     0.000000000
   25920             NaN             NaN     0.000000000
   25940             NaN             NaN     0.000000000
   25960             NaN             NaN     0.000000000
   25980             NaN             NaN     0.000000000
   26000             NaN             NaN     0.000000000
   26020             NaN             NaN     0.000000000
   26040             NaN             NaN     0.000000000
   26060             NaN             NaN     0.000000000
   26080             NaN             NaN     0.000000000
   26100             NaN             NaN     0.000000000
   26120             NaN             NaN     0.000000000
   26140             NaN             NaN     0.000000000
   26160             NaN             NaN     0.000000000
   26180             NaN             NaN     0.000000000
   26200             NaN             NaN     0.000000000
   26220             NaN             NaN     0.000000000
   26240             NaN             NaN     0.000000000
   26260             NaN             NaN     0.000000000
   26280             NaN             NaN     0.000000000
   26300             NaN             NaN     0.000000000
   26320             NaN             NaN     0.000000000
   26340             NaN             NaN     0.000000000
   26360             NaN             NaN     0.000000000
   26380             NaN             NaN     0.000000000
   26400             NaN             NaN     0.000000000
   26420             NaN             NaN     0.000000000
   26440             NaN             NaN     0.000000000
   26460             NaN             NaN     0.000000000
   26480             NaN             NaN     0.000000000
   26500             NaN             NaN     0.000000000
   26520             NaN             NaN     0.000000000
   26540             NaN             NaN     0.000000000
   26560             NaN             NaN     0.000000000
   26580             NaN             NaN     0.000000000
   26600             NaN             NaN     0.000000000
   26620             NaN             NaN     0.000000000
   26640             NaN             NaN     0.000000000
   26660             NaN             NaN     0.000000000
   26680             NaN             NaN     0.000000000
   26700             NaN             NaN     0.000000000
   26720             NaN             NaN     0.000000000
   26740             NaN             NaN     0.000000000
   26760             NaN             NaN     0.000000000
   26780             NaN             NaN     0.000000000
   26800             NaN             NaN     0.000000000
   26820             NaN             NaN     0.000000000
   26840             NaN             NaN     0.000000000
   26860             NaN             NaN     0.000000000
   26880             NaN             NaN     0.000000000
   26900             NaN             NaN     0.000000000
   26920             NaN             NaN     0.000000000
   26940             NaN             NaN     0.000000000
   26960             NaN             NaN     0.000000000
   26980             NaN             NaN     0.000000000
   27000             NaN             NaN     0.000000000
   27020             NaN             NaN     0.000000000
   27040             NaN             NaN     0.000000000
   27060             NaN             NaN     0.000000000
   27080             NaN             NaN     0.000000000
   27100             NaN             NaN     0.000000000
   27120             NaN             NaN     0.000000000
   27140             NaN             NaN     0.000000000
   27160             NaN             NaN     0.000000000
   27180             NaN             NaN     0.000000000
   27200             NaN             NaN     0.000000000
   27220             NaN             NaN     0.000000000
   27240             NaN             NaN     0.000000000
   27260             NaN             NaN     0.000000000
   27280             NaN             NaN     0.000000000
   27300             NaN             NaN     0.000000000
   27320             NaN             NaN     0.000000000
   27340             NaN             NaN     0.000000000
   27360             NaN             NaN     0.000000000
   27380             NaN             NaN     0.000000000
   27400             NaN             NaN     0.000000000
   27420             NaN             NaN     0.000000000
   27440             NaN             NaN     0.000000000
   27460             NaN             NaN     0.000000000
   27480             NaN             NaN     0.000000000
   27500             NaN             NaN     0.000000000
   27520             NaN             NaN     0.000000000
   27540             NaN             NaN     0.000000000
   27560             NaN             NaN     0.000000000
   27580             NaN             NaN     0.000000000
   27600             NaN             NaN     0.000000000
   27620             NaN             NaN     0.000000000
   27640             NaN             NaN     0.000000000
   27660             NaN             NaN     0.000000000
   27680             NaN             NaN     0.000000000
   27700             NaN             NaN     0.000000000
   27720             NaN             NaN     0.000000000
   27740             NaN             NaN     0.000000000
   27760             NaN             NaN     0.000000000
   27780             NaN             NaN     0.000000000
   27800             NaN             NaN     0.000000000
   27820             NaN             NaN     0.000000000
   27840             NaN             NaN     0.000000000
   27860             NaN             NaN     0.000000000
   27880             NaN             NaN     0.000000000
   27900             NaN             NaN     0.000000000
   27920             NaN             NaN     0.000000000
   27940             NaN             NaN     0.000000000
   27960             NaN             NaN     0.000000000
   27980             NaN             NaN     0.000000000
   28000             NaN             NaN     0.000000000
   28020             NaN             NaN     0.000000000
   28040             NaN             NaN     0.000000000
   28060             NaN             NaN     0.000000000
   28080             NaN             NaN     0.000000000
   28100             NaN             NaN     0.000000000
   28120             NaN             NaN     0.000000000
   28140             NaN             NaN     0.000000000
   28160             NaN             NaN     0.000000000
   28180             NaN             NaN     0.000000000
   28200             NaN             NaN     0.000000000
   28220             NaN             NaN     0.000000000
   28240             NaN             NaN     0.000000000
   28260             NaN             NaN     0.000000000
   28280             NaN             NaN     0.000000000
   28300             NaN             NaN     0.000000000
   28320             NaN             NaN     0.000000000
   28340             NaN             NaN     0.000000000
   28360             NaN             NaN     0.000000000
   28380             NaN             NaN     0.000000000
   28400             NaN             NaN     0.000000000
   28420             NaN             NaN     0.000000000
   28440             NaN             NaN     0.000000000
   28460             NaN             NaN     0.000000000
   28480             NaN             NaN     0.000000000
   28500             NaN             NaN     0.000000000
   28520             NaN             NaN     0.000000000
   28540             NaN             NaN     0.000000000
   28560             NaN             NaN     0.000000000
   28580             NaN             NaN     0.000000000
   28600             NaN             NaN     0.000000000
   28620             NaN             NaN     0.000000000
   28640             NaN             NaN     0.000000000
   28660             NaN             NaN     0.000000000
   28680             NaN             NaN     0.000000000
   28700             NaN             NaN     0.000000000
   28720             NaN             NaN     0.000000000
   28740             NaN             NaN     0.000000000
   28760             NaN             NaN     0.000000000
   28780             NaN             NaN     0.000000000
   28800             NaN             NaN     0.000000000
   28820             NaN             NaN     0.000000000
   28840             NaN             NaN     0.000000000
   28860             NaN             NaN     0.000000000
   28880             NaN             NaN     0.000000000
   28900             NaN             NaN     0.000000000
   28920             NaN             NaN     0.000000000
   28940             NaN             NaN     0.000000000
   28960             NaN             NaN     0.000000000
   28980             NaN             NaN     0.000000000
   29000             NaN             NaN     0.000000000
   29020             NaN             NaN     0.000000000
   29040             NaN             NaN     0.000000000
   29060             NaN             NaN     0.000000000
   29080             NaN             NaN     0.000000000
   29100             NaN             NaN     0.000000000
   29120             NaN             NaN     0.000000000
   29140             NaN             NaN     0.000000000
   29160             NaN             NaN     0.000000000
   29180             NaN             NaN     0.000000000
   29200             NaN             NaN     0.000000000
   29220             NaN             NaN     0.000000000
   29240             NaN             NaN     0.000000000
   29260             NaN             NaN     0.000000000
   29280             NaN             NaN     0.000000000
   29300             NaN             NaN     0.000000000
   29320             NaN             NaN     0.000000000
   29340             NaN             NaN     0.000000000
   29360             NaN             NaN     0.000000000
   29380             NaN             NaN     0.000000000
   29400             NaN             NaN     0.000000000
   29420             NaN             NaN     0.000000000
   29440             NaN             NaN     0.000000000
   29460             NaN             NaN     0.000000000
   29480             NaN             NaN     0.000000000
   29500             NaN             NaN     0.000000000
   29520             NaN             NaN     0.000000000
   29540             NaN             NaN     0.000000000
   29560             NaN             NaN     0.000000000
   29580             NaN             NaN     0.000000000
   29600             NaN             NaN     0.000000000
   29620             NaN             NaN     0.000000000
   29640             NaN             NaN     0.000000000
   29660             NaN             NaN     0.000000000
   29680             NaN             NaN     0.000000000
   29700             NaN             NaN     0.000000000
   29720             NaN             NaN     0.000000000
   29740             NaN             NaN     0.000000000
   29760             NaN             NaN     0.000000000
   29780             NaN             NaN     0.000000000
   29800             NaN             NaN     0.000000000
   29820             NaN             NaN     0.000000000
   29840             NaN             NaN     0.000000000
   29860             NaN             NaN     0.000000000
   29880             NaN             NaN     0.000000000
   29900             NaN             NaN     0.000000000
   29920             NaN             NaN     0.000000000
   29940             NaN             NaN     0.000000000
   29960             NaN             NaN     0.000000000
   29980             NaN             NaN     0.000000000
   30000             NaN             NaN     0.000000000
