      20     0.000099232     0.000098738     0.999510000
      40     0.000198501     0.000196664     1.000060000
      60     0.000295690     0.000291889     0.990140000
      80     0.000387561     0.000381329     0.977940000
     100     0.000486534     0.000477253     0.970400000
     120     0.000582769     0.000570117     0.968910000
     140     0.000675385     0.000659149     0.940130000
     160     0.000765781     0.000745851     0.941990000
     180     0.000857910     0.000834154     0.941280000
     200     0.000953565     0.000925127     0.932100000
     220     0.001041991     0.001009292     0.944270000
     240     0.001132135     0.001095114     0.937640000
     260     0.001227216     0.001184965     0.929400000
     280     0.001306283     0.001260659     0.919900000
     300     0.001382915     0.001333450     0.914920000
     320     0.001473758     0.001419327     0.905380000
     340     0.001569513     0.001508997     0.908160000
     360     0.001653333     0.001588396     0.891340000
     380     0.001735030     0.001665564     0.877950000
     400     0.001826539     0.001751750     0.891220000
     420     0.001905742     0.001826390     0.881160000
     440     0.001997676     0.001912962     0.893350000
     460     0.002073666     0.001984617     0.878400000
     480     0.002161496     0.002067226     0.865070000
     500     0.002241537     0.002141086     0.863700000
     520     0.002317065     0.002212012     0.864730000
     540     0.002387073     0.002277110     0.852950000
     560     0.002452320     0.002337232     0.837980000
     580     0.002528689     0.002408363     0.844080000
     600     0.002604002     0.002478723     0.827840000
     620     0.002677178     0.002545998     0.819460000
     640     0.002757416     0.002619783     0.821430000
     660     0.002822748     0.002681070     0.816160000
     680     0.002887593     0.002741902     0.819320000
     700     0.002956303     0.002805823     0.826130000
     720     0.003041132     0.002884034     0.821680000
     740     0.003112673     0.002950166     0.804230000
     760     0.003180883     0.003014222     0.804200000
     780     0.003243894     0.003073039     0.805260000
     800     0.003317677     0.003141511     0.801820000
     820     0.003389884     0.003208764     0.789330000
     840     0.003452058     0.003266338     0.786850000
     860     0.003508199     0.003318337     0.776890000
     880     0.003565579     0.003371786     0.774780000
     900     0.003647529     0.003445935     0.756980000
     920     0.003708264     0.003501337     0.782260000
     940     0.003773199     0.003559350     0.765860000
     960     0.003832908     0.003614096     0.767120000
     980     0.003886987     0.003663681     0.764360000
    1000     0.003954939     0.003725783     0.764050000
    1020     0.004022479     0.003786229     0.754980000
    1040     0.004077647     0.003837131     0.762190000
    1060     0.004131825     0.003886181     0.732320000
    1080     0.004195042     0.003944061     0.735920000
    1100     0.004259251     0.004003358     0.739660000
    1120     0.004315350     0.004054639     0.735860000
    1140     0.004401894     0.004133106     0.733540000
    1160     0.004452967     0.004179334     0.731510000
    1180     0.004508254     0.004229962     0.724430000
    1200     0.004567417     0.004283273     0.723260000
    1220     0.004620452     0.004331419     0.730450000
    1240     0.004670524     0.004375174     0.718210000
    1260     0.004721527     0.004421168     0.706800000
    1280     0.004755360     0.004451638     0.707070000
    1300     0.004808996     0.004498407     0.705990000
    1320     0.004852867     0.004538034     0.703850000
    1340     0.004896053     0.004575918     0.702360000
    1360     0.004941382     0.004618450     0.697110000
    1380     0.005001780     0.004671669     0.700030000
    1400     0.005058770     0.004723765     0.700530000
    1420     0.005114460     0.004775080     0.678140000
    1440     0.005175835     0.004828959     0.671110000
    1460     0.005220795     0.004868072     0.671410000
    1480     0.005284747     0.004923017     0.671840000
    1500     0.005319675     0.004955878     0.673630000
    1520     0.005366768     0.004999014     0.677010000
    1540     0.005401472     0.005032548     0.662990000
    1560     0.005435702     0.005062752     0.668070000
    1580     0.005480997     0.005101839     0.679530000
    1600     0.005528152     0.005141745     0.664810000
    1620     0.005585076     0.005192440     0.665750000
    1640     0.005594253     0.005198791     0.654020000
    1660     0.005623091     0.005226315     0.657710000
    1680     0.005656781     0.005257843     0.659300000
    1700     0.005690082     0.005287168     0.659270000
    1720     0.005735227     0.005328025     0.660490000
    1740     0.005775616     0.005367260     0.653820000
    1760     0.005806157     0.005395547     0.646020000
    1780     0.005871699     0.005450345     0.643590000
    1800     0.005913727     0.005486281     0.629150000
    1820     0.005959064     0.005526735     0.648960000
    1840     0.005977842     0.005542022     0.637060000
    1860     0.006020375     0.005579994     0.631920000
    1880     0.006037078     0.005592443     0.624570000
    1900     0.006089285     0.005634760     0.614770000
    1920     0.006136335     0.005671968     0.619580000
    1940     0.006159335     0.005693432     0.625100000
    1960     0.006216608     0.005746175     0.621560000
    1980     0.006244875     0.005770008     0.621760000
    2000     0.006295474     0.005813146     0.628530000
    2020     0.006320290     0.005839062     0.616440000
    2040     0.006355788     0.005868990     0.623050000
    2060     0.006401896     0.005909352     0.603500000
    2080     0.006454704     0.005955164     0.603920000
    2100     0.006507520     0.005999374     0.592980000
    2120     0.006551198     0.006033863     0.602620000
    2140     0.006593804     0.006070700     0.598220000
    2160     0.006637985     0.006110471     0.621390000
    2180     0.006669611     0.006139023     0.603930000
    2200     0.006708065     0.006172734     0.590960000
    2220     0.006707497     0.006166678     0.581330000
    2240     0.006749880     0.006202634     0.593180000
    2260     0.006801973     0.006248398     0.584970000
    2280     0.006830930     0.006271611     0.573250000
    2300     0.006882422     0.006315687     0.573470000
    2320     0.006926129     0.006348407     0.573300000
    2340     0.006948144     0.006366886     0.564580000
    2360     0.006983094     0.006394584     0.554750000
    2380     0.007008741     0.006416120     0.563450000
    2400     0.007058645     0.006460223     0.574950000
    2420     0.007073961     0.006477902     0.562150000
    2440     0.007105874     0.006504972     0.573240000
    2460     0.007146470     0.006540975     0.554820000
    2480     0.007171188     0.006559769     0.557240000
    2500     0.007223093     0.006602078     0.560430000
    2520     0.007254221     0.006634375     0.574280000
    2540     0.007295386     0.006670268     0.550880000
    2560     0.007314355     0.006680983     0.544320000
    2580     0.007324793     0.006690487     0.549250000
    2600     0.007372686     0.006727446     0.552390000
    2620     0.007406216     0.006755524     0.550060000
    2640     0.007456958     0.006801143     0.547360000
    2660     0.007490904     0.006831914     0.548340000
    2680     0.007498794     0.006841325     0.544200000
    2700     0.007524393     0.006859763     0.532140000
    2720     0.007561115     0.006891955     0.545360000
    2740     0.007608864     0.006933541     0.541130000
    2760     0.007619039     0.006942869     0.531530000
    2780     0.007654751     0.006970087     0.530480000
    2800     0.007690946     0.007000343     0.539350000
    2820     0.007717059     0.007022994     0.529870000
    2840     0.007719869     0.007021461     0.535560000
    2860     0.007760713     0.007057482     0.532890000
    2880     0.007782009     0.007074148     0.534940000
    2900     0.007794869     0.007085693     0.518470000
    2920     0.007823409     0.007109556     0.532100000
    2940     0.007862855     0.007137644     0.514700000
    2960     0.007873846     0.007139819     0.505290000
    2980     0.007921072     0.007179691     0.504380000
    3000     0.007947851     0.007199601     0.507320000
    3020     0.007969930     0.007220236     0.505150000
    3040     0.007991830     0.007228927     0.504790000
    3060     0.008052210     0.007281340     0.501270000
    3080     0.008059038     0.007286931     0.517750000
    3100     0.008072780     0.007299089     0.519700000
    3120     0.008060792     0.007296842     0.514730000
    3140     0.008113400     0.007342592     0.506220000
    3160     0.008139398     0.007363824     0.497970000
    3180     0.008173622     0.007385677     0.490070000
    3200     0.008195124     0.007406021     0.495890000
    3220     0.008215474     0.007422366     0.496010000
    3240     0.008225331     0.007427825     0.493040000
    3260     0.008247306     0.007439552     0.477640000
    3280     0.008272843     0.007456016     0.491570000
    3300     0.008296403     0.007474287     0.479220000
    3320     0.008356085     0.007520115     0.486200000
    3340     0.008391536     0.007550550     0.488780000
    3360     0.008434934     0.007585005     0.482810000
    3380     0.008452875     0.007603967     0.483790000
    3400     0.008480888     0.007626464     0.477180000
    3420     0.008498199     0.007640597     0.486720000
    3440     0.008537267     0.007672578     0.473070000
    3460     0.008549367     0.007683162     0.473740000
    3480     0.008585327     0.007714805     0.472300000
    3500     0.008592767     0.007714386     0.474160000
    3520     0.008624935     0.007743651     0.468430000
    3540     0.008640454     0.007761867     0.477910000
    3560     0.008644281     0.007760314     0.482250000
    3580     0.008657019     0.007776463     0.479750000
    3600     0.008665609     0.007784903     0.481780000
    3620     0.008668510     0.007787960     0.490300000
    3640     0.008682887     0.007801228     0.481000000
    3660     0.008711558     0.007817352     0.470590000
    3680     0.008749924     0.007844313     0.463560000
    3700     0.008741233     0.007832130     0.458960000
    3720     0.008753927     0.007844758     0.457910000
    3740     0.008774129     0.007854671     0.448010000
    3760     0.008775666     0.007851877     0.458210000
    3780     0.008792375     0.007871256     0.470610000
    3800     0.008812928     0.007891778     0.467830000
    3820     0.008847296     0.007916845     0.455410000
    3840     0.008869337     0.007934980     0.460980000
    3860     0.008890536     0.007954103     0.468150000
    3880     0.008915763     0.007967167     0.455470000
    3900     0.008934281     0.007978864     0.439080000
    3920     0.008929868     0.007973002     0.448390000
    3940     0.008947286     0.007986458     0.450800000
    3960     0.008953145     0.007988142     0.460600000
    3980     0.008983381     0.008011079     0.450580000
    4000     0.008993766     0.008015283     0.441380000
    4020     0.009027863     0.008039646     0.442910000
    4040     0.009066654     0.008069671     0.437400000
    4060     0.009084517     0.008085213     0.442830000
    4080     0.009106541     0.008102868     0.443770000
    4100     0.009104653     0.008098528     0.446010000
    4120     0.009106027     0.008098641     0.438550000
    4140     0.009114661     0.008107612     0.436220000
    4160     0.009119426     0.008109294     0.437520000
    4180     0.009123587     0.008107917     0.430170000
    4200     0.009133781     0.008120080     0.440600000
    4220     0.009134747     0.008120631     0.438980000
    4240     0.009131334     0.008113557     0.438020000
    4260     0.009162483     0.008132889     0.437330000
    4280     0.009172035     0.008141706     0.445230000
    4300     0.009163018     0.008137572     0.437330000
    4320     0.009183957     0.008158953     0.432630000
    4340     0.009162085     0.008137434     0.423710000
    4360     0.009158616     0.008123249     0.431250000
    4380     0.009172522     0.008140970     0.437200000
    4400     0.009181579     0.008154511     0.433470000
    4420     0.009179885     0.008162765     0.441600000
    4440     0.009197804     0.008167453     0.424150000
    4460     0.009191132     0.008151600     0.427270000
    4480     0.009182922     0.008155437     0.446450000
    4500     0.009175999     0.008158254     0.444230000
    4520     0.009237186     0.008209955     0.441140000
    4540     0.009226459     0.008199557     0.434850000
    4560     0.009217943     0.008191855     0.429740000
    4580     0.009213940     0.008187794     0.435890000
    4600     0.009227476     0.008201587     0.429410000
    4620     0.009217227     0.008192111     0.433910000
    4640     0.009236378     0.008206778     0.441710000
    4660     0.009243550     0.008217265     0.437470000
    4680     0.009242729     0.008216816     0.436810000
    4700     0.009266850     0.008239696     0.434200000
    4720     0.009285947     0.008258577     0.441570000
    4740     0.009299513     0.008267156     0.436850000
    4760     0.009308166     0.008269587     0.424060000
    4780     0.009297154     0.008250585     0.410760000
    4800     0.009325536     0.008266886     0.412790000
    4820     0.009352075     0.008289619     0.425770000
    4840     0.009372320     0.008302052     0.417030000
    4860     0.009335831     0.008280255     0.428640000
    4880     0.009347938     0.008295719     0.435670000
    4900     0.009348031     0.008296155     0.440100000
    4920     0.009336264     0.008295899     0.435650000
    4940     0.009349311     0.008302791     0.430620000
    4960     0.009359111     0.008301282     0.422310000
    4980     0.009367647     0.008300268     0.426440000
    5000     0.009377419     0.008303493     0.427170000
    5020     0.009368118     0.008291267     0.412330000
    5040     0.009379659     0.008302953     0.413450000
    5060     0.009388303     0.008306761     0.421970000
    5080     0.009379699     0.008304819     0.426420000
    5100     0.009392385     0.008316112     0.428590000
    5120     0.009396462     0.008327611     0.430670000
    5140     0.009418710     0.008347529     0.422410000
    5160     0.009439992     0.008360910     0.425140000
    5180     0.009451996     0.008372777     0.416350000
    5200     0.009466960     0.008384569     0.412950000
    5220     0.009498435     0.008400361     0.417410000
    5240     0.009546767     0.008432020     0.421190000
    5260     0.009540376     0.008427296     0.424350000
    5280     0.009573963     0.008452812     0.419490000
    5300     0.009593378     0.008474038     0.415790000
    5320     0.009601975     0.008481383     0.415160000
    5340     0.009608277     0.008487884     0.407070000
    5360     0.009622322     0.008495572     0.415410000
    5380     0.009624785     0.008501081     0.415910000
    5400     0.009625479     0.008505085     0.416050000
    5420     0.009640776     0.008513388     0.417220000
    5440     0.009662294     0.008529022     0.413140000
    5460     0.009671884     0.008528692     0.406650000
    5480     0.009681467     0.008528898     0.407750000
    5500     0.009684645     0.008529695     0.412380000
    5520     0.009687646     0.008538046     0.423290000
    5540     0.009702690     0.008551192     0.412770000
    5560     0.009683263     0.008535517     0.409020000
    5580     0.009721778     0.008556580     0.405030000
    5600     0.009741500     0.008580822     0.408460000
    5620     0.009718946     0.008563252     0.404660000
    5640     0.009698585     0.008536949     0.407170000
    5660     0.009703374     0.008534311     0.411560000
    5680     0.009717896     0.008543334     0.410900000
    5700     0.009740304     0.008566554     0.408340000
    5720     0.009763756     0.008590389     0.411470000
    5740     0.009760550     0.008594957     0.407980000
    5760     0.009765905     0.008597858     0.398290000
    5780     0.009775651     0.008596311     0.390390000
    5800     0.009771748     0.008594995     0.409950000
    5820     0.009759190     0.008586481     0.407500000
    5840     0.009773981     0.008600316     0.397180000
    5860     0.009797597     0.008611454     0.395870000
    5880     0.009784185     0.008592511     0.405940000
    5900     0.009804914     0.008611093     0.409810000
    5920     0.009837276     0.008639340     0.395010000
    5940     0.009838402     0.008639039     0.393310000
    5960     0.009856374     0.008653715     0.399360000
    5980     0.009843970     0.008648564     0.405500000
    6000     0.009827095     0.008635454     0.392700000
    6020     0.009808291     0.008619547     0.399310000
    6040     0.009809356     0.008612122     0.396390000
    6060     0.009833175     0.008626922     0.404110000
    6080     0.009856327     0.008647808     0.400990000
    6100     0.009864175     0.008661985     0.397130000
    6120     0.009855201     0.008653313     0.394700000
    6140     0.009865849     0.008654908     0.394580000
    6160     0.009837948     0.008630593     0.392920000
    6180     0.009875806     0.008660927     0.393790000
    6200     0.009903214     0.008682170     0.395800000
    6220     0.009928565     0.008693994     0.390670000
    6240     0.009933704     0.008696786     0.391620000
    6260     0.009930339     0.008695759     0.406740000
    6280     0.009974941     0.008732960     0.393960000
    6300     0.009963957     0.008720490     0.391340000
    6320     0.009991229     0.008742782     0.385870000
    6340     0.010001055     0.008756106     0.395570000
    6360     0.009985646     0.008742923     0.394080000
    6380     0.009983055     0.008739163     0.382520000
    6400     0.010016610     0.008756935     0.386340000
    6420     0.010051686     0.008774050     0.373740000
    6440     0.010058009     0.008787460     0.386470000
    6460     0.010057270     0.008793244     0.384500000
    6480     0.010081131     0.008813557     0.386520000
    6500     0.010102236     0.008835537     0.380800000
    6520     0.010111587     0.008839816     0.383500000
    6540     0.010123167     0.008851554     0.378740000
    6560     0.010118335     0.008843739     0.377170000
    6580     0.010115019     0.008840198     0.379100000
    6600     0.010140252     0.008857696     0.370120000
    6620     0.010150043     0.008863342     0.380670000
    6640     0.010182970     0.008888375     0.370960000
    6660     0.010211233     0.008901731     0.364910000
    6680     0.010203456     0.008904840     0.375860000
    6700     0.010225862     0.008913877     0.377880000
    6720     0.010216082     0.008908185     0.380140000
    6740     0.010241117     0.008915490     0.370410000
    6760     0.010248258     0.008921446     0.374710000
    6780     0.010268466     0.008936984     0.375550000
    6800     0.010267596     0.008937102     0.370370000
    6820     0.010255720     0.008930270     0.377390000
    6840     0.010260775     0.008926214     0.366540000
    6860     0.010260410     0.008930968     0.377610000
    6880     0.010266226     0.008945657     0.368490000
    6900     0.010258865     0.008935149     0.373420000
    6920     0.010256183     0.008929694     0.373080000
    6940     0.010256372     0.008928427     0.369840000
    6960     0.010265370     0.008931003     0.366580000
    6980     0.010240001     0.008903347     0.367550000
    7000     0.010264893     0.008921318     0.364270000
    7020     0.010268550     0.008931061     0.360680000
    7040     0.010246997     0.008900233     0.371270000
    7060     0.010247827     0.008903573     0.378790000
    7080     0.010267151     0.008925065     0.374560000
    7100     0.010289033     0.008945166     0.371770000
    7120     0.010291493     0.008951541     0.373850000
    7140     0.010295893     0.008959301     0.363630000
    7160     0.010302731     0.008954162     0.378350000
    7180     0.010330466     0.008982603     0.369250000
    7200     0.010359565     0.009000472     0.362140000
    7220     0.010343885     0.008992937     0.369950000
    7240     0.010334368     0.008975636     0.376390000
    7260     0.010335291     0.008976893     0.373960000
    7280     0.010384460     0.009022563     0.376930000
    7300     0.010396185     0.009041569     0.376380000
    7320     0.010401309     0.009046367     0.370950000
    7340     0.010380147     0.009024627     0.365050000
    7360     0.010438801     0.009064452     0.364150000
    7380     0.010407114     0.009028799     0.362630000
    7400     0.010412907     0.009024203     0.356670000
    7420     0.010452056     0.009053236     0.361560000
    7440     0.010465731     0.009065862     0.360290000
    7460     0.010466937     0.009056767     0.350390000
    7480     0.010483412     0.009065208     0.349580000
    7500     0.010482821     0.009068049     0.354470000
    7520     0.010506547     0.009081913     0.355780000
    7540     0.010481994     0.009055508     0.353770000
    7560     0.010500010     0.009070072     0.362280000
    7580     0.010493317     0.009074846     0.363510000
    7600     0.010489565     0.009070014     0.368090000
    7620     0.010483738     0.009075769     0.370040000
    7640     0.010485998     0.009080011     0.357490000
    7660     0.010504894     0.009089382     0.364680000
    7680     0.010533525     0.009115132     0.360750000
    7700     0.010536919     0.009120754     0.367620000
    7720     0.010543239     0.009132911     0.358890000
    7740     0.010557343     0.009132219     0.351730000
    7760     0.010538379     0.009099867     0.356310000
    7780     0.010547877     0.009114557     0.371560000
    7800     0.010573619     0.009144812     0.356380000
    7820     0.010607008     0.009168952     0.346170000
    7840     0.010582760     0.009138844     0.339620000
    7860     0.010578158     0.009129592     0.351910000
    7880     0.010534570     0.009098048     0.357900000
    7900     0.010538065     0.009098726     0.352940000
    7920     0.010549099     0.009105460     0.355620000
    7940     0.010518585     0.009089261     0.356000000
    7960     0.010530636     0.009100785     0.359980000
    7980     0.010525940     0.009096081     0.352630000
    8000     0.010532484     0.009092291     0.352660000
    8020     0.010522782     0.009084953     0.358220000
    8040     0.010539954     0.009095935     0.355550000
    8060     0.010528095     0.009093397     0.365040000
    8080     0.010519557     0.009086127     0.360330000
    8100     0.010540028     0.009106256     0.362340000
    8120     0.010531530     0.009115576     0.375620000
    8140     0.010500613     0.009103304     0.381840000
    8160     0.010505306     0.009108483     0.371650000
    8180     0.010504376     0.009105537     0.353510000
    8200     0.010497733     0.009097474     0.367430000
    8220     0.010478610     0.009080420     0.354070000
    8240     0.010513976     0.009105315     0.350480000
    8260     0.010507829     0.009092840     0.355470000
    8280     0.010525839     0.009102786     0.352790000
    8300     0.010514346     0.009085787     0.352760000
    8320     0.010525920     0.009096444     0.358060000
    8340     0.010527241     0.009096593     0.362990000
    8360     0.010565590     0.009119828     0.351780000
    8380     0.010537661     0.009093241     0.354880000
    8400     0.010548709     0.009098836     0.351910000
    8420     0.010529240     0.009085684     0.347260000
    8440     0.010542294     0.009105120     0.356330000
    8460     0.010588345     0.009138340     0.343360000
    8480     0.010565432     0.009103766     0.343910000
    8500     0.010582140     0.009115177     0.346020000
    8520     0.010581344     0.009099846     0.350090000
    8540     0.010631289     0.009131934     0.351870000
    8560     0.010655451     0.009163867     0.348060000
    8580     0.010686981     0.009195466     0.349650000
    8600     0.010700862     0.009202556     0.343610000
    8620     0.010716374     0.009203394     0.336670000
    8640     0.010746826     0.009228222     0.335590000
    8660     0.010783297     0.009254391     0.336580000
    8680     0.010801215     0.009263369     0.329630000
    8700     0.010825550     0.009279983     0.332160000
    8720     0.010795938     0.009255758     0.332830000
    8740     0.010782092     0.009246746     0.340330000
    8760     0.010744500     0.009210161     0.335710000
    8780     0.010753197     0.009218762     0.335820000
    8800     0.010736382     0.009209162     0.338230000
    8820     0.010746688     0.009226997     0.352250000
    8840     0.010723529     0.009209838     0.341500000
    8860     0.010723209     0.009212299     0.341540000
    8880     0.010719931     0.009210283     0.341890000
    8900     0.010695623     0.009185297     0.343510000
    8920     0.010648689     0.009151859     0.339710000
    8940     0.010672500     0.009167377     0.350730000
    8960     0.010700890     0.009198358     0.354010000
    8980     0.010692644     0.009186119     0.341090000
    9000     0.010676105     0.009175047     0.344120000
    9020     0.010702394     0.009195199     0.337070000
    9040     0.010709988     0.009187721     0.334350000
    9060     0.010699755     0.009171572     0.326630000
    9080     0.010699595     0.009174230     0.335280000
    9100     0.010692104     0.009168661     0.334330000
    9120     0.010688510     0.009173483     0.341110000
    9140     0.010689930     0.009177437     0.345720000
    9160     0.010719001     0.009205911     0.341340000
    9180     0.010723288     0.009203604     0.346570000
    9200     0.010772596     0.009247324     0.340100000
    9220     0.010758693     0.009246325     0.355740000
    9240     0.010717098     0.009218876     0.349440000
    9260     0.010717006     0.009211172     0.340080000
    9280     0.010681119     0.009183291     0.342010000
    9300     0.010647449     0.009155516     0.354910000
    9320     0.010660005     0.009178152     0.355300000
    9340     0.010676548     0.009185000     0.349570000
    9360     0.010699850     0.009198671     0.338840000
    9380     0.010693819     0.009186562     0.338320000
    9400     0.010663454     0.009164051     0.338380000
    9420     0.010657779     0.009165154     0.348500000
    9440     0.010658567     0.009168322     0.349850000
    9460     0.010660128     0.009164329     0.345840000
    9480     0.010624109     0.009141612     0.346180000
    9500     0.010647595     0.009155768     0.355620000
    9520     0.010661986     0.009174596     0.360150000
    9540     0.010677868     0.009206820     0.357810000
    9560     0.010673066     0.009204922     0.355400000
    9580     0.010693987     0.009217619     0.352640000
    9600     0.010690754     0.009217105     0.349610000
    9620     0.010727812     0.009245428     0.344430000
    9640     0.010763736     0.009268049     0.351090000
    9660     0.010776099     0.009276399     0.345900000
    9680     0.010754659     0.009261782     0.341440000
    9700     0.010737063     0.009250184     0.343930000
    9720     0.010763036     0.009266611     0.339510000
    9740     0.010727550     0.009236177     0.351580000
    9760     0.010721825     0.009241998     0.352110000
    9780     0.010770328     0.009279113     0.342430000
    9800     0.010773168     0.009269533     0.342670000
    9820     0.010769872     0.009256125     0.346770000
    9840     0.010765765     0.009265088     0.346130000
    9860     0.010769455     0.009267872     0.341240000
    9880     0.010741919     0.009232068     0.344140000
    9900     0.010785671     0.009259652     0.330680000
    9920     0.010758791     0.009216807     0.329200000
    9940     0.010766946     0.009212726     0.328200000
    9960     0.010771294     0.009227640     0.336870000
    9980     0.010848755     0.009289218     0.334600000
   10000     0.010825918     0.009273770     0.332520000
   10020     0.010842891     0.009273074     0.330890000
   10040     0.010850450     0.009263464     0.327810000
   10060     0.010836050     0.009261283     0.333580000
   10080     0.010857842     0.009285406     0.342510000
   10100     0.010850702     0.009276676     0.342780000
   10120     0.010861150     0.009303372     0.346220000
   10140     0.010845150     0.009306848     0.344960000
   10160     0.010832579     0.009294665     0.333410000
   10180     0.010840106     0.009301444     0.336160000
   10200     0.010822032     0.009282803     0.340510000
   10220     0.010819148     0.009279790     0.334650000
   10240     0.010820348     0.009280207     0.319860000
   10260     0.010824785     0.009266724     0.328880000
   10280     0.010811623     0.009259314     0.331560000
   10300     0.010811779     0.009258230     0.330720000
   10320     0.010823528     0.009274232     0.332530000
   10340     0.010859309     0.009294915     0.330880000
   10360     0.010882138     0.009313171     0.341090000
   10380     0.010896502     0.009324583     0.326960000
   10400     0.010892509     0.009316746     0.337210000
   10420     0.010904322     0.009323968     0.340020000
   10440     0.010924861     0.009344328     0.334820000
   10460     0.010927953     0.009353660     0.332110000
   10480     0.010920672     0.009330945     0.320730000
   10500     0.010911527     0.009311080     0.320040000
   10520     0.010907061     0.009303354     0.323490000
   10540     0.010893701     0.009288807     0.338170000
   10560     0.010896327     0.009295206     0.336560000
   10580     0.010899384     0.009305878     0.339080000
   10600     0.010905660     0.009310586     0.330210000
   10620     0.010871023     0.009285978     0.330500000
   10640     0.010873744     0.009299845     0.334840000
   10660     0.010856835     0.009289550     0.334770000
   10680     0.010843305     0.009279852     0.329780000
   10700     0.010852759     0.009290144     0.328900000
   10720     0.010876248     0.009298417     0.323980000
   10740     0.010840566     0.009257049     0.327840000
   10760     0.010858980     0.009270957     0.336910000
   10780     0.010831901     0.009256037     0.328840000
   10800     0.010802743     0.009225209     0.335980000
   10820     0.010759133     0.009199541     0.340680000
   10840     0.010753559     0.009202653     0.342310000
   10860     0.010749749     0.009208770     0.358520000
   10880     0.010737408     0.009225680     0.355840000
   10900     0.010751438     0.009244203     0.349660000
   10920     0.010770589     0.009257563     0.345200000
   10940     0.010739138     0.009235595     0.353990000
   10960     0.010733900     0.009230592     0.335510000
   10980     0.010749087     0.009227556     0.336750000
   11000     0.010780417     0.009245393     0.335090000
   11020     0.010766229     0.009226193     0.336050000
   11040     0.010739761     0.009208076     0.336300000
   11060     0.010734962     0.009192607     0.326090000
   11080     0.010699046     0.009143022     0.325410000
   11100     0.010705897     0.009151129     0.333230000
   11120     0.010705792     0.009154667     0.338110000
   11140     0.010696693     0.009157635     0.333020000
   11160     0.010676275     0.009137443     0.339750000
   11180     0.010677142     0.009143487     0.351870000
   11200     0.010700698     0.009184891     0.340750000
   11220     0.010729838     0.009207177     0.340080000
   11240     0.010763460     0.009240517     0.343580000
   11260     0.010748673     0.009214972     0.334640000
   11280     0.010765356     0.009226917     0.339850000
   11300     0.010791483     0.009245383     0.338320000
   11320     0.010789331     0.009240992     0.327400000
   11340     0.010786603     0.009239191     0.335790000
   11360     0.010837027     0.009284690     0.338030000
   11380     0.010827659     0.009282040     0.339370000
   11400     0.010853843     0.009289540     0.344480000
   11420     0.010886179     0.009314134     0.338130000
   11440     0.010872166     0.009292660     0.332100000
   11460     0.010869671     0.009295415     0.343730000
   11480     0.010882568     0.009313594     0.332530000
   11500     0.010822577     0.009269021     0.342420000
   11520     0.010819560     0.009266177     0.338810000
   11540     0.010815017     0.009252161     0.339350000
   11560     0.010790770     0.009243794     0.337940000
   11580     0.010755967     0.009212697     0.336100000
   11600     0.010804413     0.009243117     0.328000000
   11620     0.010807931     0.009240958     0.327340000
   11640     0.010790003     0.009220620     0.331700000
   11660     0.010780587     0.009217270     0.342580000
   11680     0.010801017     0.009245832     0.339950000
   11700     0.010835111     0.009271633     0.326110000
   11720     0.010813742     0.009248383     0.327680000
   11740     0.010778950     0.009219101     0.328460000
   11760     0.010769759     0.009205264     0.330430000
   11780     0.010764417     0.009204647     0.326450000
   11800     0.010742751     0.009189552     0.335050000
   11820     0.010760234     0.009213853     0.345090000
   11840     0.010746124     0.009214740     0.352410000
   11860     0.010761041     0.009231388     0.345710000
   11880     0.010746293     0.009208847     0.341940000
   11900     0.010715627     0.009193705     0.341040000
   11920     0.010700606     0.009185930     0.342530000
   11940     0.010662305     0.009157558     0.341310000
   11960     0.010649287     0.009152589     0.346730000
   11980     0.010619234     0.009141211     0.344640000
   12000     0.010610680     0.009134818     0.352540000
   12020     0.010642156     0.009150877     0.344710000
   12040     0.010644556     0.009153851     0.349300000
   12060     0.010652712     0.009164504     0.347850000
   12080     0.010657346     0.009173089     0.344290000
   12100     0.010650417     0.009152413     0.338830000
   12120     0.010664145     0.009170597     0.356340000
   12140     0.010652922     0.009159216     0.353160000
   12160     0.010668584     0.009170141     0.347500000
   12180     0.010708192     0.009206278     0.352260000
   12200     0.010701755     0.009209059     0.354180000
   12220     0.010695173     0.009207416     0.351530000
   12240     0.010695103     0.009206651     0.349450000
   12260     0.010688029     0.009220333     0.366090000
   12280     0.010684776     0.009225616     0.357130000
   12300     0.010694892     0.009223967     0.356110000
   12320     0.010694248     0.009220644     0.346660000
   12340     0.010673893     0.009208233     0.353190000
   12360     0.010702135     0.009225504     0.347130000
   12380     0.010677299     0.009197798     0.340330000
   12400     0.010659125     0.009181658     0.346290000
   12420     0.010677412     0.009198738     0.346570000
   12440     0.010682312     0.009197632     0.345710000
   12460     0.010700163     0.009214029     0.355220000
   12480     0.010673875     0.009194685     0.366140000
   12500     0.010693764     0.009219551     0.359890000
   12520     0.010720535     0.009235868     0.353820000
   12540     0.010732860     0.009243014     0.352700000
   12560     0.010740605     0.009243156     0.355150000
   12580     0.010720286     0.009227532     0.349930000
   12600     0.010691563     0.009202695     0.349800000
   12620     0.010680942     0.009192991     0.342670000
   12640     0.010677544     0.009185618     0.347270000
   12660     0.010683848     0.009190674     0.351960000
   12680     0.010697422     0.009210118     0.358340000
   12700     0.010727525     0.009238566     0.349470000
   12720     0.010691643     0.009190183     0.342660000
   12740     0.010695673     0.009196312     0.345850000
   12760     0.010718293     0.009212146     0.339750000
   12780     0.010728377     0.009215060     0.343970000
   12800     0.010718068     0.009211882     0.342050000
   12820     0.010716679     0.009199407     0.345920000
   12840     0.010707304     0.009194563     0.343850000
   12860     0.010701041     0.009183331     0.342620000
   12880     0.010728814     0.009203439     0.349130000
   12900     0.010737198     0.009215282     0.350300000
   12920     0.010756936     0.009235287     0.360560000
   12940     0.010744103     0.009231851     0.346480000
   12960     0.010712784     0.009201823     0.348550000
   12980     0.010702961     0.009181829     0.333630000
   13000     0.010669597     0.009150990     0.331560000
   13020     0.010604020     0.009101781     0.346110000
   13040     0.010599254     0.009107732     0.341810000
   13060     0.010629743     0.009113190     0.345350000
   13080     0.010613650     0.009106818     0.341010000
   13100     0.010660172     0.009141966     0.342830000
   13120     0.010636241     0.009127550     0.341710000
   13140     0.010647719     0.009143683     0.344150000
   13160     0.010668356     0.009156722     0.340980000
   13180     0.010640318     0.009139848     0.347900000
   13200     0.010655199     0.009164468     0.353870000
   13220     0.010661185     0.009164391     0.357280000
   13240     0.010682849     0.009195692     0.362440000
   13260     0.010695358     0.009199890     0.349210000
   13280     0.010722580     0.009230623     0.353400000
   13300     0.010750585     0.009250482     0.338510000
   13320     0.010746866     0.009248998     0.334830000
   13340     0.010772868     0.009244214     0.324360000
   13360     0.010724881     0.009198911     0.328450000
   13380     0.010713012     0.009193174     0.335640000
   13400     0.010735713     0.009194658     0.349070000
   13420     0.010727699     0.009193337     0.357910000
   13440     0.010722893     0.009205564     0.352030000
   13460     0.010737809     0.009220685     0.358660000
   13480     0.010754334     0.009247677     0.360490000
   13500     0.010757741     0.009246385     0.346210000
   13520     0.010738649     0.009232249     0.340930000
   13540     0.010752972     0.009237464     0.346770000
   13560     0.010709736     0.009207686     0.343540000
   13580     0.010728222     0.009217173     0.338500000
   13600     0.010711455     0.009199745     0.350130000
   13620     0.010704757     0.009180683     0.328860000
   13640     0.010721045     0.009188366     0.327500000
   13660     0.010733979     0.009192746     0.334620000
   13680     0.010752354     0.009215057     0.337450000
   13700     0.010789031     0.009240848     0.334210000
   13720     0.010774000     0.009216504     0.329940000
   13740     0.010801151     0.009234401     0.324520000
   13760     0.010806238     0.009241689     0.335940000
   13780     0.010787415     0.009230922     0.339600000
   13800     0.010814582     0.009254450     0.337850000
   13820     0.010806835     0.009251188     0.344270000
   13840     0.010819271     0.009246948     0.336210000
   13860     0.010850486     0.009276906     0.330560000
   13880     0.010878376     0.009298879     0.335740000
   13900     0.010886916     0.009299785     0.328500000
   13920     0.010867514     0.009280616     0.322630000
   13940     0.010902245     0.009299642     0.325600000
   13960     0.010895821     0.009280338     0.326940000
   13980     0.010918444     0.009293161     0.326290000
   14000     0.010911899     0.009287734     0.321220000
   14020     0.010934175     0.009298842     0.320910000
   14040     0.010966271     0.009322520     0.325760000
   14060     0.010958834     0.009308019     0.322910000
   14080     0.010974355     0.009347186     0.329780000
   14100     0.010952007     0.009328508     0.332120000
   14120     0.010933408     0.009306605     0.340510000
   14140     0.010964164     0.009332074     0.329130000
   14160     0.010924190     0.009310462     0.330340000
   14180     0.010934394     0.009320500     0.332320000
   14200     0.010917812     0.009306571     0.332090000
   14220     0.010933883     0.009319033     0.336330000
   14240     0.010917707     0.009321357     0.327150000
   14260     0.010954797     0.009351698     0.336180000
   14280     0.010930779     0.009343347     0.337830000
   14300     0.010915824     0.009327215     0.328490000
   14320     0.010903460     0.009307443     0.333430000
   14340     0.010900629     0.009309301     0.336880000
   14360     0.010885851     0.009303871     0.331250000
   14380     0.010906802     0.009313547     0.333330000
   14400     0.010909915     0.009310934     0.323860000
   14420     0.010892745     0.009307931     0.332920000
   14440     0.010891174     0.009312303     0.336140000
   14460     0.010934541     0.009339717     0.339290000
   14480     0.010962954     0.009357220     0.342680000
   14500     0.010975679     0.009374272     0.335450000
   14520     0.010989971     0.009379114     0.326430000
   14540     0.010989185     0.009373748     0.322240000
   14560     0.010985304     0.009371309     0.324050000
   14580     0.010953420     0.009348614     0.331530000
   14600     0.010950389     0.009352571     0.332000000
   14620     0.010970714     0.009356358     0.321680000
   14640     0.010960910     0.009342326     0.322240000
   14660     0.010971457     0.009349679     0.316090000
   14680     0.011003243     0.009374622     0.319600000
   14700     0.011030680     0.009378969     0.313360000
   14720     0.011020927     0.009365678     0.317350000
   14740     0.011055826     0.009393879     0.318080000
   14760     0.011027307     0.009369122     0.313910000
   14780     0.011039518     0.009381958     0.319420000
   14800     0.011029485     0.009368641     0.321170000
   14820     0.011001866     0.009352255     0.325890000
   14840     0.010989863     0.009341870     0.333030000
   14860     0.010989452     0.009347030     0.337680000
   14880     0.011001454     0.009365522     0.332880000
   14900     0.010953233     0.009330190     0.326130000
   14920     0.010953937     0.009329669     0.336050000
   14940     0.010946632     0.009324182     0.325950000
   14960     0.010946295     0.009314638     0.322430000
   14980     0.010943054     0.009305414     0.322670000
   15000     0.010966505     0.009326122     0.323930000
   15020     0.010942006     0.009312027     0.330070000
   15040     0.010950805     0.009324851     0.326690000
   15060     0.010962296     0.009336280     0.331220000
   15080     0.011000047     0.009360629     0.322480000
   15100     0.010979647     0.009337147     0.327530000
   15120     0.010956442     0.009322157     0.323690000
   15140     0.010972914     0.009343530     0.335040000
   15160     0.011011117     0.009377190     0.328350000
   15180     0.011014914     0.009379898     0.315830000
   15200     0.011006454     0.009363987     0.318060000
   15220     0.011056027     0.009394337     0.320320000
   15240     0.011026347     0.009371002     0.313330000
   15260     0.011064317     0.009395490     0.314620000
   15280     0.011076152     0.009406681     0.324480000
   15300     0.011075300     0.009416587     0.320020000
   15320     0.011104273     0.009424913     0.314950000
   15340     0.011133359     0.009440455     0.308500000
   15360     0.011135735     0.009419452     0.311060000
   15380     0.011126653     0.009398485     0.306620000
   15400     0.011089222     0.009388843     0.317410000
   15420     0.011082657     0.009391695     0.317120000
   15440     0.011091727     0.009396581     0.324350000
   15460     0.011088621     0.009396346     0.325740000
   15480     0.011075632     0.009401120     0.334760000
   15500     0.011099296     0.009428390     0.345450000
   15520     0.011097581     0.009436924     0.322570000
   15540     0.011085374     0.009439298     0.335010000
   15560     0.011061793     0.009431714     0.342190000
   15580     0.010994782     0.009389610     0.338920000
   15600     0.011013957     0.009406385     0.331030000
   15620     0.011011602     0.009395650     0.327620000
   15640     0.011009156     0.009378777     0.324480000
   15660     0.010974154     0.009348167     0.323870000
   15680     0.010945012     0.009321272     0.317140000
   15700     0.010971949     0.009332363     0.324310000
   15720     0.010970545     0.009335488     0.331040000
   15740     0.010948359     0.009332005     0.334660000
   15760     0.010919516     0.009326142     0.331880000
   15780     0.010919500     0.009326884     0.336960000
   15800     0.010927208     0.009324842     0.330850000
   15820     0.010924230     0.009330133     0.334550000
   15840     0.010925798     0.009333722     0.326300000
   15860     0.010950852     0.009343434     0.317830000
   15880     0.010937093     0.009336134     0.326110000
   15900     0.010935389     0.009340216     0.331540000
   15920     0.010941614     0.009348731     0.336770000
   15940     0.010925944     0.009342913     0.333840000
   15960     0.010926313     0.009326177     0.321220000
   15980     0.010939954     0.009322064     0.317880000
   16000     0.010949988     0.009330737     0.329840000
   16020     0.010929904     0.009314731     0.325440000
   16040     0.010913258     0.009319492     0.336490000
   16060     0.010933651     0.009341386     0.323720000
   16080     0.010938270     0.009329763     0.332340000
   16100     0.010938953     0.009330404     0.321910000
   16120     0.010935941     0.009319400     0.323950000
   16140     0.010919866     0.009313069     0.323730000
   16160     0.010941718     0.009312866     0.321560000
   16180     0.010944122     0.009326958     0.340900000
   16200     0.010924226     0.009320271     0.337610000
   16220     0.010902741     0.009319172     0.339240000
   16240     0.010890870     0.009316529     0.334120000
   16260     0.010886293     0.009306389     0.331080000
   16280     0.010875547     0.009295897     0.339340000
   16300     0.010865438     0.009288140     0.331150000
   16320     0.010882069     0.009305325     0.340470000
   16340     0.010849415     0.009286417     0.327410000
   16360     0.010833602     0.009275024     0.329150000
   16380     0.010843357     0.009282872     0.340610000
   16400     0.010779346     0.009240260     0.347150000
   16420     0.010815373     0.009253987     0.339700000
   16440     0.010828090     0.009260345     0.333800000
   16460     0.010834144     0.009275377     0.340260000
   16480     0.010844631     0.009288108     0.328900000
   16500     0.010831497     0.009278221     0.328500000
   16520     0.010817802     0.009263151     0.330150000
   16540     0.010802972     0.009246771     0.328800000
   16560     0.010795150     0.009228529     0.328370000
   16580     0.010776441     0.009211893     0.333140000
   16600     0.010777886     0.009220542     0.333970000
   16620     0.010769462     0.009217492     0.334540000
   16640     0.010797190     0.009233046     0.332190000
   16660     0.010807042     0.009242088     0.337510000
   16680     0.010793277     0.009237865     0.332230000
   16700     0.010772157     0.009220230     0.339990000
   16720     0.010759654     0.009219942     0.335040000
   16740     0.010751746     0.009197105     0.333530000
   16760     0.010736489     0.009191347     0.341330000
   16780     0.010729200     0.009197330     0.355480000
   16800     0.010752443     0.009212362     0.348500000
   16820     0.010781164     0.009246039     0.338630000
   16840     0.010760004     0.009220990     0.334550000
   16860     0.010752496     0.009209437     0.337870000
   16880     0.010757437     0.009221589     0.335180000
   16900     0.010748881     0.009223592     0.344160000
   16920     0.010753522     0.009229619     0.345130000
   16940     0.010762083     0.009246984     0.352040000
   16960     0.010752135     0.009242269     0.348490000
   16980     0.010788335     0.009268361     0.355890000
   17000     0.010756143     0.009248453     0.347170000
   17020     0.010747935     0.009246087     0.354180000
   17040     0.010752377     0.009238534     0.344570000
   17060     0.010739722     0.009221482     0.344620000
   17080     0.010695986     0.009186860     0.338540000
   17100     0.010722039     0.009213628     0.344560000
   17120     0.010724386     0.009208238     0.339450000
   17140     0.010731974     0.009205510     0.339000000
   17160     0.010746361     0.009227077     0.343370000
   17180     0.010743038     0.009223006     0.330790000
   17200     0.010757430     0.009214756     0.335700000
   17220     0.010779287     0.009229504     0.336760000
   17240     0.010768825     0.009230606     0.340170000
   17260     0.010802816     0.009270856     0.338490000
   17280     0.010806882     0.009267395     0.339120000
   17300     0.010812498     0.009286766     0.350370000
   17320     0.010826689     0.009292625     0.339110000
   17340     0.010821636     0.009289910     0.335850000
   17360     0.010801493     0.009273025     0.332660000
   17380     0.010783463     0.009257311     0.333690000
   17400     0.010764256     0.009231140     0.338110000
   17420     0.010754598     0.009220365     0.340350000
   17440     0.010746426     0.009222311     0.342380000
   17460     0.010735132     0.009211615     0.349850000
   17480     0.010723915     0.009198896     0.341550000
   17500     0.010663497     0.009149079     0.341980000
   17520     0.010685604     0.009173582     0.332350000
   17540     0.010684156     0.009177507     0.342240000
   17560     0.010688667     0.009172721     0.335960000
   17580     0.010688447     0.009178499     0.347340000
   17600     0.010649935     0.009158277     0.352300000
   17620     0.010635216     0.009153476     0.349230000
   17640     0.010641013     0.009156897     0.352170000
   17660     0.010642145     0.009159010     0.355190000
   17680     0.010636805     0.009164665     0.352950000
   17700     0.010634442     0.009164156     0.347850000
   17720     0.010651847     0.009169284     0.340550000
   17740     0.010656555     0.009169890     0.357300000
   17760     0.010717599     0.009213261     0.345350000
   17780     0.010736529     0.009223563     0.338840000
   17800     0.010756483     0.009224449     0.340730000
   17820     0.010775762     0.009238522     0.339830000
   17840     0.010725333     0.009209961     0.349610000
   17860     0.010738775     0.009215998     0.347480000
   17880     0.010776972     0.009243461     0.341000000
   17900     0.010751518     0.009223089     0.348370000
   17920     0.010735526     0.009210529     0.340160000
   17940     0.010697334     0.009182967     0.341030000
   17960     0.010741836     0.009215812     0.343980000
   17980     0.010757311     0.009229283     0.339410000
   18000     0.010798601     0.009275767     0.352500000
   18020     0.010818685     0.009301642     0.362660000
   18040     0.010827814     0.009320609     0.359700000
   18060     0.010880783     0.009366100     0.339850000
   18080     0.010874931     0.009349359     0.329140000
   18100     0.010876887     0.009333350     0.331500000
   18120     0.010888055     0.009334735     0.339220000
   18140     0.010886092     0.009321267     0.337470000
   18160     0.010917810     0.009339507     0.337340000
   18180     0.010893949     0.009322231     0.334250000
   18200     0.010893325     0.009308658     0.318840000
   18220     0.010868529     0.009284336     0.326440000
   18240     0.010888828     0.009298246     0.330670000
   18260     0.010869928     0.009279470     0.315830000
   18280     0.010902561     0.009304833     0.318320000
   18300     0.010934318     0.009328829     0.332270000
   18320     0.010910226     0.009310897     0.325310000
   18340     0.010907680     0.009300005     0.331540000
   18360     0.010867902     0.009279999     0.332350000
   18380     0.010883717     0.009286018     0.328370000
   18400     0.010901985     0.009302385     0.333020000
   18420     0.010881097     0.009280742     0.335540000
   18440     0.010899276     0.009304270     0.340500000
   18460     0.010923371     0.009327517     0.345010000
   18480     0.010943670     0.009349569     0.333690000
   18500     0.010934151     0.009338948     0.324420000
   18520     0.010949477     0.009345669     0.322680000
   18540     0.010936162     0.009324379     0.318360000
   18560     0.010935492     0.009325857     0.320930000
   18580     0.010886606     0.009275213     0.336040000
   18600     0.010841027     0.009258749     0.332390000
   18620     0.010822372     0.009243890     0.333300000
   18640     0.010838830     0.009262271     0.333040000
   18660     0.010842728     0.009263676     0.339120000
   18680     0.010855266     0.009272948     0.337770000
   18700     0.010880423     0.009307024     0.345550000
   18720     0.010858098     0.009301843     0.335030000
   18740     0.010869815     0.009297788     0.334630000
   18760     0.010849562     0.009285673     0.345030000
   18780     0.010880246     0.009311148     0.341140000
   18800     0.010888524     0.009317590     0.339620000
   18820     0.010887173     0.009299110     0.339430000
   18840     0.010895581     0.009313486     0.329580000
   18860     0.010907095     0.009326493     0.323650000
   18880     0.010933669     0.009342972     0.341510000
   18900     0.010916205     0.009336793     0.330140000
   18920     0.010921341     0.009341735     0.334090000
   18940     0.010920645     0.009336424     0.332260000
   18960     0.010921540     0.009331577     0.330960000
   18980     0.010938190     0.009347839     0.328260000
   19000     0.010968573     0.009361835     0.331830000
   19020     0.010962349     0.009341654     0.329050000
   19040     0.010916299     0.009305178     0.318590000
   19060     0.010938282     0.009304456     0.308160000
   19080     0.010961094     0.009328710     0.323760000
   19100     0.010969815     0.009324081     0.322290000
   19120     0.010917509     0.009285097     0.326860000
   19140     0.010900574     0.009275196     0.326700000
   19160     0.010932921     0.009310469     0.330910000
   19180     0.010926594     0.009309509     0.331480000
   19200     0.010951200     0.009333266     0.325000000
   19220     0.010963103     0.009339763     0.326340000
   19240     0.010959385     0.009332223     0.325650000
   19260     0.010957821     0.009329902     0.325810000
   19280     0.010978297     0.009350988     0.329290000
   19300     0.010962663     0.009344926     0.335180000
   19320     0.011009712     0.009393130     0.343420000
   19340     0.010946617     0.009347487     0.332620000
   19360     0.010917154     0.009319065     0.332150000
   19380     0.010933977     0.009323162     0.329870000
   19400     0.010965271     0.009348151     0.326600000
   19420     0.010978040     0.009353836     0.328970000
   19440     0.010952028     0.009335362     0.320670000
   19460     0.010890576     0.009289455     0.317480000
   19480     0.010870798     0.009271809     0.329520000
   19500     0.010876764     0.009281969     0.327760000
   19520     0.010875194     0.009278298     0.332430000
   19540     0.010869002     0.009276346     0.336280000
   19560     0.010845594     0.009257001     0.334160000
   19580     0.010821561     0.009243053     0.330420000
   19600     0.010850548     0.009256982     0.327500000
   19620     0.010871355     0.009274023     0.326480000
   19640     0.010882121     0.009284849     0.334090000
   19660     0.010864432     0.009260189     0.325430000
   19680     0.010818153     0.009232751     0.329500000
   19700     0.010818000     0.009223581     0.335400000
   19720     0.010824287     0.009243614     0.334570000
   19740     0.010800918     0.009237189     0.342900000
   19760     0.010810021     0.009268142     0.347010000
   19780     0.010775268     0.009247246     0.343950000
   19800     0.010763456     0.009241920     0.347940000
   19820     0.010741715     0.009229988     0.346540000
   19840     0.010762228     0.009238982     0.334670000
   19860     0.010796656     0.009257437     0.337730000
   19880     0.010825790     0.009281593     0.332190000
   19900     0.010866264     0.009320860     0.350310000
   19920     0.010829669     0.009295072     0.357470000
   19940     0.010821311     0.009299146     0.342750000
   19960     0.010838948     0.009302173     0.336620000
   19980     0.010879948     0.009325894     0.342040000
   20000     0.010918294     0.009345514     0.325860000
