      20 1042 1003  872 1068  996  976  995 1074 1002  972
      40  927  841  900  973  881 1049  823 1015  942  915
      60  943  870 1008  948 1049  985  916  901  806  919
      80  914  901  977  977  966  918 1006  935  844  885
     100 1013  979  848  983 1006  981  971  896  962  859
     120  894  992  911 1007  931  867  879  842  980  874
     140  910  950  909 1036  966  801  814  920  904  862
     160  818  931  730  826  889  873  753  678  819  935
     180  734  831  782  902  806  676  751  805  912  703
     200  844  718  776  721  740  755  812  784  768  877
     220  776  679  792  777  728  856  927  718  773  859
     240  758  791  909  686  850  707  777  820  778  787
     260  691  776  828  784  790  671  711  639  708  726
     280  775  618  708  686  775  677  774  559  737  701
     300  701  713  786  689  758  727  799  559  852  674
     320  781  777  684  741  638  659  732  588  787  699
     340  678  702  696  650  642  647  685  653  623  566
     360  674  650  716  659  735  633  647  707  645  705
     380  618  506  706  573  764  570  664  665  537  396
     400  636  591  686  568  659  565  682  577  553  461
     420  610  536  688  666  655  609  717  512  653  530
     440  540  607  594  618  615  611  570  451  734  591
     460  599  416  589  602  596  717  513  521  634  589
     480  596  445  583  644  608  581  679  655  704  495
     500  669  532  565  595  570  446  571  613  650  525
     520  558  454  595  565  588  530  521  428  682  710
     540  556  444  656  547  580  520  458  586  698  678
     560  602  523  701  458  607  524  430  456  577  495
     580  579  434  522  549  566  619  500  472  476  522
     600  467  476  697  509  623  477  495  598  568  565
     620  545  498  574  515  707  403  580  545  502  568
     640  514  483  509  512  512  525  453  463  419  604
     660  559  474  598  579  479  565  577  445  491  540
     680  565  410  544  549  628  565  500  351  525  589
     700  531  619  642  408  511  643  341  462  529  609
     720  584  583  536  548  514  421  337  384  527  484
     740  515  493  594  584  469  420  380  364  365  461
     760  494  420  573  504  503  469  354  472  358  587
     780  478  394  531  455  512  430  454  395  406  521
     800  382  479  466  399  500  364  390  405  549  358
     820  470  384  569  452  601  384  348  457  576  390
     840  467  340  514  576  534  420  530  406  418  369
     860  628  401  440  584  456  418  512  389  570  394
     880  458  319  434  462  536  408  578  516  513  440
     900  551  328  549  494  313  417  581  422  442  373
     920  728  309  625  624  363  461  429  409  476  378
     940  509  378  513  540  491  337  515  321  433  412
     960  436  497  410  582  403  280  424  397  606  412
     980  497  370  349  523  460  357  448  452  523  328
    1000  437  405  420  446  382  362  454  527  540  458
    1020  428  396  420  350  158  443  436  508  556  493
    1040  381  487  299  411  182  489  494  532  575  463
    1060  405  492  347  472  268  510  404  462  539  397
    1080  396  436  345  531  310  444  341  352  374  276
    1100  413  421  322  453  371  256  402  335  514  345
    1120  440  394  284  397  386  329  385  486  565  394
    1140  535  475  441  549  301  313  432  324  554  390
    1160  436  474  502  473  245  323  397  424  479  408
    1180  434  383  488  507  402  378  384  435  503  430
    1200  518  387  370  540  384  386  339  421  447  488
    1220  453  349  350  436  336  393  345  514  569  532
    1240  363  310  327  497  344  411  393  492  552  275
    1260  297  282  482  502  391  436  440  531  410  398
    1280  265  329  431  414  412  518  374  304  402  523
    1300  356  313  418  391  417  535  415  320  393  391
    1320  411  299  394  489  395  507  358  368  418  437
    1340  453  330  331  554  306  321  364  367  449  571
    1360  410  255  258  500  281  413  381  259  422  425
    1380  484  212  303  509  435  407  329  336  542  508
    1400  472  279  338  531  485  335  434  341  478  428
    1420  517  222  372  580  444  345  435  486  428  390
    1440  387  230  298  696  533  300  499  535  432  409
    1460  437  344  244  546  570  308  361  487  390  459
    1480  412  227  325  462  462  302  363  475  394  406
    1500  440  281  322  446  353  408  464  437  379  449
    1520  556  374  356  465  405  350  456  424  393  392
    1540  607  294  374  528  406  325  473  467  271  453
    1560  455  423  344  426  438  356  409  417  237  429
    1580  380  366  376  535  362  461  384  502  157  444
    1600  420  298  405  499  255  486  344  484  157  339
    1620  421  295  349  470  226  494  331  545  179  417
    1640  395  367  450  441  322  492  317  500  209  326
    1660  471  226  395  418  305  554  326  748  253  312
    1680  410  348  383  387  490  427  350  554  231  442
    1700  241  321  343  418  339  551  324  545  368  427
    1720  204  312  254  315  322  527  480  536  321  368
    1740  168  431  316  307  198  502  507  404  432  379
    1760  257  489  401  321  245  491  399  521  373  325
    1780  311  430  458  322  317  428  468  453  184  273
    1800  412  349  407  313  369  369  387  462  166  288
    1820  371  443  427  265  407  325  391  530  244  398
    1840  314  429  388  326  360  468  508  552  241  237
    1860  316  310  444  349  423  378  363  529  276  262
    1880  262  423  538  381  457  450  394  308  279  304
    1900  215  405  320  329  495  514  261  331  257  347
    1920  191  463  331  367  481  395  303  402  369  289
    1940  206  557  285  376  474  531  274  388  341  330
    1960  233  334  337  255  453  527  293  387  378  348
    1980  305  322  405  195  453  468  321  405  486  176
    2000  420  272  458  262  540  528  357  372  509  254
    2020  393  348  544  286  507  477  275  512  403  376
    2040  477  274  400  214  424  520  318  479  385  314
    2060  460  344  376  302  459  530  446  323  368  370
    2080  544  337  402  309  575  518  378  414  427  526
    2100  440  460  366  248  453  380  426  539  386  393
    2120  578  382  473  264  519  416  558  443  410  276
    2140  507  343  417  316  495  542  669  440  427  309
    2160  338  267  349  277  545  482  508  382  348  316
    2180  351  325  419  385  425  355  500  353  365  393
    2200  339  322  484  360  411  409  476  414  307  349
    2220  379  293  458  358  449  510  596  357  299  269
    2240  332  367  481  444  454  409  506  443  263  452
    2260  371  422  456  390  580  426  601  457  293  415
    2280  502  383  447  491  372  406  503  394  483  479
    2300  388  406  499  302  422  445  491  498  376  418
    2320  488  352  537  418  311  427  427  396  359  381
    2340  363  394  518  483  533  450  444  391  446  566
    2360  369  319  517  362  378  454  437  406  461  471
    2380  307  358  456  179  376  408  445  408  358  475
    2400  299  361  608  300  402  430  362  396  367  506
    2420  378  378  486  358  334  480  445  351  284  441
    2440  429  396  404  346  382  319  572  325  354  426
    2460  446  276  432  356  400  375  394  292  300  528
    2480  425  294  491  456  431  444  405  274  336  526
    2500  535  405  398  403  345  464  431  205  374  504
    2520  529  388  411  354  362  408  408  296  280  442
    2540  468  374  451  341  418  421  345  408  240  355
    2560  433  383  319  369  396  311  278  467  295  395
    2580  432  414  328  312  468  306  310  512  329  301
    2600  454  302  292  476  327  378  366  382  381  433
    2620  476  265  298  454  315  272  450  379  364  329
    2640  535  314  252  577  426  383  378  464  267  341
    2660  643  285  275  525  472  417  457  415  199  375
    2680  516  320  213  542  537  252  295  242  191  464
    2700  568  346  212  450  339  325  263  444  239  513
    2720  504  465  179  440  276  365  288  427  241  493
    2740  479  375  307  540  370  487  195  473  328  504
    2760  554  426  241  339  466  369  377  426  412  476
    2780  612  405  207  367  428  358  371  618  479  556
    2800  550  241  334  392  322  312  406  626  446  580
    2820  461  285  322  448  312  273  300  590  419  465
    2840  317  367  361  368  368  226  231  431  378  503
    2860  363  464  336  361  360  261  280  472  397  569
    2880  405  469  402  378  226  285  281  377  441  470
    2900  426  442  378  312  340  158  155  576  468  411
    2920  435  476  444  414  271  255  263  505  440  330
    2940  442  415  348  362  280  338  515  365  427  425
    2960  526  535  388  335  355  422  504  328  478  419
    2980  421  567  416  344  353  422  335  376  505  460
    3000  364  348  352  468  398  309  307  350  437  597
    3020  513  372  336  417  506  290  304  351  459  459
    3040  392  332  480  344  370  279  289  369  422  525
    3060  386  337  433  428  419  342  430  345  227  648
    3080  286  379  398  444  416  450  249  378  256  593
    3100  419  450  413  494  431  436  296  361  288  614
    3120  481  400  453  401  439  431  316  364  306  562
    3140  582  370  415  370  380  398  255  351  249  549
    3160  540  411  360  456  264  403  259  349  442  599
    3180  444  347  378  408  328  392  404  324  353  545
    3200  517  518  413  434  332  454  347  250  246  552
    3220  434  467  338  426  325  391  393  280  167  570
    3240  367  473  316  418  385  467  371  519  171  673
    3260  314  502  426  362  277  455  507  449  188  498
    3280  293  456  370  475  293  398  406  341  286  493
    3300  407  374  337  399  297  505  500  337  351  498
    3320  388  360  308  309  352  354  427  296  365  477
    3340  403  417  379  362  368  363  403  478  345  467
    3360  372  334  410  391  429  303  484  467  554  462
    3380  479  402  519  380  495  386  397  450  539  314
    3400  473  330  503  395  409  350  323  432  315  393
    3420  434  340  398  368  348  399  486  361  288  468
    3440  400  419  469  272  405  324  381  274  284  360
    3460  400  467  435  299  426  262  460  283  133  464
    3480  479  453  375  315  422  283  399  296  238  370
    3500  387  501  366  409  342  257  453  302  270  307
    3520  373  542  331  337  332  297  415  218  412  399
    3540  370  433  455  351  355  355  371  307  317  355
    3560  440  460  340  347  410  367  480  384  288  383
    3580  473  550  249  300  353  411  534  379  358  394
    3600  463  531  375  481  350  369  398  368  469  436
    3620  453  465  306  423  457  395  442  379  498  423
    3640  370  462  280  310  528  415  466  368  358  478
    3660  401  468  338  288  420  418  407  242  375  405
    3680  505  488  312  335  523  352  302  306  327  282
    3700  407  383  247  388  447  375  384  362  357  338
    3720  452  482  259  386  530  367  378  249  363  361
    3740  430  448  329  415  443  312  332  262  403  277
    3760  291  410  442  304  570  327  285  268  301  339
    3780  334  525  391  327  384  268  260  438  510  343
    3800  285  475  357  337  416  281  332  377  526  369
    3820  252  521  369  362  356  277  327  367  566  390
    3840  343  508  346  407  419  199  380  443  481  313
    3860  363  479  264  468  595  434  313  364  456  225
    3880  448  418  280  419  506  400  425  331  447  287
    3900  578  516  275  412  561  252  545  349  381  305
    3920  549  486  261  257  423  291  484  310  635  339
    3940  516  398  192  310  360  383  479  387  464  357
    3960  339  386  283  435  491  399  439  394  481  380
    3980  412  448  208  247  565  352  493  376  499  281
    4000  414  293  267  177  421  313  515  464  389  245
    4020  397  310  323  136  440  322  443  439  470  146
    4040  438  381  281  245  404  384  355  389  462  130
    4060  379  279  341  324  531  469  390  537  424   81
    4080  373  469  252  174  528  482  364  563  303  183
    4100  413  548  355  172  555  417  306  485  373  171
    4120  500  457  362  178  485  375  265  473  373  255
    4140  544  405  359  195  437  369  370  553  351  304
    4160  541  342  328  257  432  478  234  545  554  257
    4180  498  416  414  302  488  410  288  440  533  358
    4200  367  392  396  285  439  340  307  409  495  396
    4220  394  326  354  268  511  250  346  455  452  491
    4240  560  321  365  288  523  271  252  456  516  527
    4260  414  267  371  265  444  307  210  483  404  387
    4280  301  253  398  369  340  231  222  483  428  386
    4300  383  244  431  314  217  215  221  503  349  521
    4320  461  396  548  333  293  175  206  478  488  462
    4340  546  405  524  374  362  126  202  442  525  548
    4360  455  340  531  339  344  190  320  376  446  470
    4380  562  290  520  497  307  326  428  320  604  434
    4400  374  338  532  503  415  362  582  478  574  521
    4420  315  277  484  511  368  289  483  541  550  574
    4440  376  198  556  486  436  393  444  451  636  397
    4460  359  249  575  419  391  412  544  372  570  430
    4480  434  353  563  427  320  336  379  493  553  425
    4500  418  383  555  530  304  340  381  421  437  576
    4520  432  343  441  468  338  327  391  273  308  563
    4540  460  397  505  462  330  206  357  339  296  472
    4560  458  286  445  331  434  245  348  422  361  427
    4580  490  315  423  357  456  202  407  406  390  283
    4600  387  433  424  348  396  227  450  399  437  378
    4620  364  409  489  239  341  310  385  474  448  414
    4640  377  340  405  274  437  329  392  386  504  449
    4660  424  409  423  278  502  417  277  384  500  471
    4680  432  330  465  381  401  419  258  360  496  466
    4700  375  324  351  340  419  390  341  406  480  485
    4720  383  465  376  309  486  372  403  439  407  363
    4740  427  490  469  327  410  353  389  354  491  410
    4760  449  543  486  250  450  306  382  332  412  534
    4780  394  429  522  337  411  323  350  360  431  591
    4800  462  436  534  434  427  280  441  388  435  422
    4820  507  474  517  399  441  346  513  325  550  495
    4840  400  453  404  256  563  354  552  363  513  441
    4860  510  516  405  361  508  464  493  371  507  406
    4880  616  470  417  388  357  523  534  327  443  380
    4900  497  512  431  501  430  537  512  342  482  412
    4920  451  368  425  445  368  335  523  417  501  516
    4940  527  363  426  290  416  410  533  398  462  440
    4960  506  392  479  288  415  306  464  369  452  375
    4980  629  293  446  278  454  376  581  397  505  392
    5000  556  301  450  330  406  396  559  269  434  412
    5020  386  451  435  386  501  451  447  346  448  322
    5040  366  420  357  482  457  399  463  527  529  376
    5060  385  457  301  393  521  361  480  498  563  465
    5080  362  509  415  407  393  407  633  366  446  450
    5100  410  316  422  326  410  407  537  413  562  388
    5120  346  350  274  256  407  319  561  383  601  484
    5140  254  398  180  265  507  202  386  446  420  456
    5160  295  423  232  269  432  277  442  471  436  338
    5180  342  377  247  253  395  380  650  557  351  357
    5200  479  452  352  220  429  394  445  544  378  315
    5220  513  330  381  226  509  480  281  484  461  418
    5240  383  388  242  265  484  420  300  554  484  511
    5260  497  328  254  311  520  348  342  548  406  529
    5280  532  247  323  389  434  443  335  488  513  463
    5300  452  354  285  400  424  334  432  474  526  448
    5320  455  510  362  489  318  375  428  614  470  579
    5340  382  351  261  455  433  527  381  495  437  480
    5360  360  262  310  351  342  328  353  581  506  500
    5380  255  357  367  327  375  453  317  386  436  388
    5400  298  298  354  414  380  482  458  397  467  407
    5420  309  344  577  503  348  360  363  383  374  454
    5440  409  395  629  386  300  321  318  371  489  564
    5460  181  410  603  378  413  199  434  483  509  472
    5480  226  353  549  384  438  302  401  531  429  545
    5500  193  355  490  362  351  223  364  412  439  403
    5520  246  354  493  350  420  205  251  394  461  332
    5540  217  352  485  353  469  100  387  508  480  280
    5560   86  468  544  457  424  145  341  457  412  329
    5580  191  475  499  464  388  151  407  414  399  428
    5600  203  539  462  392  333  243  346  454  386  337
    5620  195  511  473  419  365  364  445  392  344  414
    5640  245  598  509  555  435  260  246  270  423  347
    5660  259  538  509  374  449  309  351  337  329  358
    5680  275  518  320  459  287  320  212  295  417  483
    5700  257  489  415  363  273  316  202  456  343  457
    5720  258  431  455  414  258  384  367  365  326  352
    5740  177  336  464  330  321  456  482  472  240  529
    5760  246  321  311  395  239  386  481  558  200  332
    5780  357  406  252  425  197  428  404  472  236  314
    5800  424  424  439  515  225  285  297  459  137  331
    5820  319  379  433  459  225  301  328  390  181  215
    5840  201  358  383  533  237  353  340  422  126  283
    5860  247  418  307  538  287  604  354  452  159  352
    5880  250  361  372  586  325  605  260  458  177  467
    5900  222  410  456  484  322  534  232  524  143  446
    5920  370  343  455  412  386  288  152  455   64  389
    5940  395  389  348  296  428  425  147  368  158  395
    5960  401  474  375  340  459  351  253  487  152  407
    5980  378  236  285  441  360  434  388  372  149  464
    6000  355  304  355  416  354  474  421  385  171  496
    6020  367  337  329  507  344  527  512  266  297  403
    6040  364  463  341  442  351  412  487  299  312  504
    6060  394  484  420  357  331  470  354  313  396  550
    6080  334  541  505  421  374  488  427  395  287  510
    6100  440  406  384  314  297  525  388  338  404  520
    6120  267  343  339  347  386  532  382  386  350  568
    6140  207  338  354  426  370  534  398  384  378  516
    6160  326  376  323  454  343  347  289  215  442  502
    6180  343  416  370  433  356  270  273  279  313  580
    6200  352  442  486  398  398  301  337  386  259  383
    6220  422  456  349  360  440  367  365  462  151  477
    6240  346  309  397  410  381  517  280  494  161  479
    6260  396  430  384  454  352  497  207  368  103  356
    6280  518  485  333  522  353  486  280  297  113  362
    6300  444  517  335  372  271  320  284  365  199  387
    6320  468  500  382  465  282  456  200  283  243  430
    6340  344  406  277  502  284  367  205  261  318  459
    6360  463  424  394  521  337  527  267  335  410  500
    6380  474  484  351  409  330  349  267  294  471  565
    6400  446  489  320  518  274  249  360  342  436  430
    6420  335  428  198  481  280  351  315  448  486  408
    6440  346  491  194  521  421  439  303  230  423  476
    6460  481  462  195  486  324  372  276  253  543  507
    6480  355  458  173  334  489  420  370  366  641  535
    6500  417  464  183  435  510  324  414  270  427  507
    6520  433  547  164  515  494  422  391  202  388  455
    6540  467  552  156  405  415  432  498  111  442  454
    6560  456  504  216  393  382  394  404  182  491  434
    6580  394  488  299  402  363  381  356  184  477  512
    6600  470  523  311  341  441  365  313  216  442  488
    6620  443  434  187  445  364  360  279  220  301  507
    6640  484  420  183  462  436  460  399  258  254  473
    6660  452  478  232  460  555  425  445  304  303  535
    6680  473  372  227  538  420  328  450  266  313  498
    6700  412  541  122  461  475  431  488  302  271  549
    6720  386  465  186  478  413  507  454  267  182  471
    6740  326  429  217  452  371  447  345  307  135  361
    6760  378  374  287  448  399  450  467  313  125  444
    6780  350  361  230  449  404  415  363  229  158  377
    6800  303  393  326  328  290  478  428  208  220  489
    6820  299  339  331  279  354  493  317  175  344  433
    6840  303  363  302  337  417  440  376  183  441  450
    6860  362  324  355  339  415  330  305  202  413  490
    6880  266  282  306  356  389  419  512  222  345  483
    6900  261  391  441  257  453  450  524  202  312  434
    6920  209  487  503  195  560  278  472  189  302  353
    6940  204  430  488  139  448  271  503  296  340  489
    6960  255  519  458  187  481  390  543  403  409  348
    6980  311  603  461  260  526  394  485  331  342  388
    7000  398  598  414  287  510  299  444  446  279  350
    7020  419  553  395  266  415  245  608  383  252  401
    7040  439  648  400  256  383  264  507  305  331  417
    7060  348  584  340  312  365  351  447  318  323  369
    7080  421  633  388  264  431  379  472  246  412  548
    7100  475  674  400  317  343  367  442  189  332  418
    7120  428  616  341  358  368  366  291  211  272  303
    7140  503  589  324  348  464  364  337  151  259  520
    7160  382  466  339  450  299  448  327  131  297  347
    7180  388  430  439  495  317  463  332  184  365  309
    7200  469  573  408  451  283  340  275  262  326  398
    7220  515  555  303  300  371  395  412  335  227  489
    7240  335  473  327  318  257  378  393  346  315  627
    7260  490  323  474  381  254  370  439  283  371  510
    7280  523  408  585  372  395  497  464  291  463  556
    7300  481  294  588  361  400  452  405  274  407  611
    7320  441  382  456  406  492  455  442  427  287  458
    7340  448  307  664  559  388  564  485  423  295  523
    7360  504  455  670  544  458  534  363  349  288  546
    7380  438  476  639  683  312  527  284  451  172  489
    7400  484  429  720  474  379  570  240  516  158  490
    7420  494  537  638  514  529  472  260  493  220  619
    7440  481  414  589  366  403  389  440  437  157  630
    7460  466  374  580  544  419  455  324  323  161  347
    7480  500  355  537  547  356  510  408  409  293  382
    7500  363  344  571  464  470  463  372  490  292  468
    7520  295  324  596  422  459  595  379  458  252  307
    7540  463  412  714  503  397  528  330  476  257  324
    7560  546  401  548  467  347  450  383  535  382  388
    7580  591  436  465  439  358  398  436  456  246  400
    7600  592  494  375  477  603  558  515  475  204  342
    7620  495  531  348  443  471  422  509  447  325  350
    7640  566  591  441  381  488  399  464  493  277  456
    7660  543  622  523  396  499  336  525  437  261  395
    7680  502  484  589  356  524  325  592  415  234  201
    7700  418  503  514  310  357  218  449  409  209  333
    7720  327  604  467  330  508  294  451  372  197  338
    7740  322  416  470  257  473  286  396  375  132  433
    7760  418  460  364  328  395  385  276  274  102  509
    7780  444  499  291  426  410  492  339  368  139  362
    7800  350  472  337  445  485  375  440  338  234  416
    7820  442  630  403  479  425  375  448  318  261  406
    7840  298  645  526  487  390  489  570  306  317  327
    7860  345  597  458  558  490  482  423  366  321  354
    7880  397  501  420  491  364  451  522  310  382  458
    7900  345  474  405  456  354  309  497  297  307  408
    7920  386  422  436  425  341  349  507  278  395  504
    7940  377  351  340  440  477  295  519  452  563  513
    7960  425  392  354  506  437  246  557  274  675  462
    7980  466  386  379  429  410  232  494  400  588  384
    8000  360  411  279  395  470  340  546  486  435  464
    8020  329  520  305  393  390  359  333  411  524  492
    8040  260  333  299  329  544  404  464  459  497  432
    8060  310  343  230  311  480  416  534  471  602  339
    8080  431  260  209  359  541  344  547  500  546  403
    8100  429  338  314  295  604  342  430  425  538  473
    8120  394  419  232  380  448  337  522  436  417  523
    8140  311  465  210  376  363  300  396  403  526  446
    8160  334  416  240  423  292  391  497  402  398  459
    8180  422  458  282  453  361  308  456  454  420  442
    8200  456  515  260  412  336  220  380  515  438  302
    8220  422  491  259  354  202  281  336  417  349  309
    8240  390  434  297  461  298  332  301  584  277  321
    8260  466  352  342  373  274  424  361  527  298  328
    8280  361  359  293  320  414  315  383  554  330  455
    8300  295  340  344  270  435  360  378  488  413  468
    8320  290  296  263  234  439  378  386  481  319  480
    8340  240  441  257  202  421  433  407  566  318  441
    8360  400  485  356  176  375  247  446  640  366  450
    8380  359  491  392  162  313  330  333  425  423  536
    8400  282  458  412  273  328  322  264  348  428  486
    8420  287  300  413  284  349  285  274  439  427  483
    8440  276  310  453  299  298  353  423  617  182  383
    8460  261  266  311  137  401  473  483  604  216  466
    8480  278  274  332  221  401  459  530  545  236  297
    8500  284  371  430  290  390  452  423  573  238  314
    8520  231  396  369  289  390  500  406  364  284  297
    8540  180  375  406  266  344  611  365  293  361  342
    8560  205  392  363  249  293  565  440  345  378  380
    8580  243  448  380  317  244  448  459  373  449  422
    8600  323  463  411  328  288  588  459  346  507  440
    8620  267  458  388  360  425  516  391  321  527  402
    8640  275  474  336  497  430  529  372  325  466  393
    8660  216  512  238  386  430  436  359  399  436  395
    8680  185  582  296  391  462  429  486  345  335  485
    8700  215  449  262  431  437  470  371  422  357  481
    8720  211  459  342  526  547  440  369  359  485  478
    8740  215  534  386  461  541  506  250  415  367  468
    8760  181  486  427  451  633  430  294  537  356  350
    8780  171  393  431  333  474  426  285  503  494  323
    8800  168  380  372  404  447  399  328  474  502  406
    8820   92  423  432  415  399  336  400  365  329  496
    8840   69  421  438  331  299  482  302  282  371  463
    8860   50  393  387  393  478  425  416  295  371  492
    8880   75  345  402  287  421  387  400  423  459  466
    8900  130  366  396  418  498  384  335  545  374  471
    8920  253  425  276  416  506  407  441  451  480  533
    8940  281  424  360  466  536  397  397  488  589  521
    8960  416  516  413  621  526  264  499  401  597  571
    8980  528  387  447  514  427  279  393  434  462  496
    9000  551  346  483  486  460  348  472  324  580  586
    9020  413  194  421  493  449  340  450  243  502  506
    9040  370  254  359  431  432  372  426  339  508  493
    9060  358  269  420  451  436  326  471  260  576  476
    9080  381  317  408  405  307  338  358  275  567  375
    9100  413  389  457  481  434  271  400  370  575  525
    9120  358  337  414  414  389  441  420  462  621  396
    9140  448  333  501  374  396  465  434  514  585  489
    9160  371  354  624  369  384  468  437  408  557  500
    9180  430  368  524  399  416  446  493  415  508  455
    9200  525  303  490  524  479  453  505  373  494  394
    9220  336  318  497  455  517  467  346  302  514  438
    9240  323  426  476  495  400  461  335  358  497  487
    9260  449  306  442  574  308  593  271  440  538  413
    9280  473  398  395  435  271  480  263  362  566  451
    9300  560  424  430  562  272  563  283  355  501  497
    9320  510  343  354  459  383  404  316  480  491  390
    9340  436  331  277  405  374  363  207  480  460  387
    9360  521  461  343  335  455  383  362  395  429  418
    9380  495  425  304  403  464  424  335  422  484  438
    9400  532  371  355  443  395  486  360  359  480  448
    9420  447  387  347  373  395  552  293  225  411  446
    9440  547  465  321  316  269  416  294  294  351  569
    9460  467  328  404  276  310  342  357  281  306  355
    9480  467  319  340  300  341  355  318  380  440  400
    9500  456  379  316  297  354  370  249  414  424  451
    9520  464  440  342  242  383  421  295  395  417  346
    9540  476  523  398  362  618  502  389  390  362  325
    9560  440  463  351  270  455  433  460  321  587  330
    9580  467  439  411  354  450  537  355  509  520  407
    9600  447  477  418  344  398  493  354  420  428  423
    9620  507  539  406  279  494  442  367  433  433  395
    9640  508  338  446  331  443  408  293  445  419  330
    9660  387  392  399  428  468  498  340  417  485  405
    9680  452  342  336  441  401  460  463  517  431  362
    9700  466  345  334  359  376  393  508  418  527  347
    9720  452  352  356  444  373  354  448  307  336  562
    9740  439  454  458  400  464  456  482  504  405  621
    9760  485  509  464  345  415  549  458  367  417  544
    9780  400  578  366  439  426  443  513  507  437  534
    9800  431  415  560  275  387  532  527  462  480  509
    9820  408  385  433  428  341  549  556  413  328  318
    9840  450  344  413  392  345  393  446  436  584  334
    9860  424  413  380  453  297  395  380  506  402  452
    9880  390  374  498  442  367  507  378  549  311  460
    9900  445  420  512  516  411  505  421  417  229  496
    9920  455  332  306  572  291  531  288  456  330  516
    9940  332  493  300  452  251  452  402  483  420  488
    9960  299  459  369  449  349  440  385  392  344  481
    9980  269  399  399  500  219  324  316  415  269  383
   10000  326  269  434  425  244  295  379  437  291  343
   10020  390  318  498  496  330  285  554  443  369  502
   10040  322  404  371  531  306  254  622  352  340  371
   10060  398  255  376  480  264  336  567  264  384  383
   10080  299  176  449  504  329  296  500  276  444  450
   10100  389  250  339  508  245  458  358  264  383  291
   10120  318  391  311  403  118  541  494  384  354  269
   10140  423  361  309  479   94  441  581  365  343  314
   10160  421  386  277  370   89  568  425  284  306  289
   10180  480  460  275  346  155  434  355  388  342  305
   10200  450  476  310  370  355  451  554  348  484  338
   10220  483  392  387  315  244  323  531  340  384  306
   10240  452  361  374  443  331  363  400  340  370  257
   10260  433  416  384  442  397  406  391  348  383  268
   10280  483  483  333  418  258  499  526  382  339  216
   10300  398  485  249  433  229  450  573  410  364  327
   10320  312  493  187  412  419  548  464  490  345  271
   10340  311  295  260  312  330  481  421  410  376  277
   10360  556  341  152  356  457  502  483  335  300  383
   10380  500  335  229  449  390  420  494  319  300  374
   10400  526  342  212  559  430  379  542  353  222  361
   10420  503  357  220  347  449  512  444  468  227  354
   10440  459  456  250  382  402  437  386  546  220  215
   10460  374  377  303  356  419  490  452  512  357  262
   10480  480  354  347  353  266  523  367  598  382  312
   10500  467  475  427  285  422  477  369  495  393  286
   10520  403  381  448  229  374  576  479  462  471  258
   10540  412  345  493  366  509  508  373  419  503  179
   10560  351  339  531  311  504  473  424  505  409  149
   10580  382  361  472  317  378  424  382  456  439  160
   10600  326  518  424  387  366  450  452  456  434  278
   10620  281  539  430  474  220  472  466  523  413  420
   10640  197  464  420  452  270  506  364  422  473  418
   10660  202  423  437  385  371  512  258  514  500  313
   10680  294  465  332  435  346  496  271  428  512  333
   10700  317  456  430  430  455  440  241  223  498  369
   10720  198  400  416  497  332  302  242  262  451  349
   10740  197  379  426  607  484  405  324  362  463  316
   10760  205  455  372  422  382  314  339  273  532  411
   10780  248  520  351  424  402  344  443  504  442  451
   10800  255  445  359  357  448  434  317  314  344  384
   10820  340  506  463  360  445  527  299  415  455  327
   10840  366  561  357  290  532  377  321  425  341  316
   10860  339  527  424  292  652  277  435  475  344  410
   10880  361  562  377  270  589  328  459  433  269  343
   10900  367  559  340  246  458  281  555  368  218  324
   10920  366  484  306  296  492  343  390  399  180  287
   10940  258  595  228  221  456  455  377  432  179  371
   10960  142  548  203  251  355  362  256  367  172  492
   10980  378  482  212  205  401  273  312  357  133  408
   11000  479  479  160  242  367  437  349  298  169  291
   11020  455  516  288  206  351  441  422  256  236  298
   11040  433  501  280  176  460  408  438  271  262  301
   11060  463  529  287  243  595  341  498  301  211  439
   11080  330  431  384  218  445  297  492  365  141  425
   11100  383  408  308  239  452  320  439  390  269  301
   11120  432  408  313  208  497  309  437  438  329  451
   11140  386  374  253  211  481  339  412  366  447  372
   11160  494  475  286  281  474  318  415  340  282  336
   11180  403  406  256  282  481  452  427  385  330  293
   11200  358  459  306  193  518  479  457  421  378  313
   11220  373  400  325  280  519  342  509  339  340  184
   11240  415  466  386  209  474  420  372  257  271  392
   11260  171  472  353  245  499  501  338  235  375  316
   11280  171  552  381  242  465  418  403  255  289  326
   11300  199  511  478  188  362  428  358  391  279  374
   11320  246  312  587  213  485  402  400  363  299  373
   11340  363  272  492  337  475  351  332  332  336  370
   11360  291  340  441  350  406  392  398  306  441  254
   11380  364  406  400  389  478  481  297  327  456  225
   11400  353  392  680  359  637  455  226  263  352  243
   11420  431  370  485  417  429  316  228  366  365  334
   11440  550  277  337  501  362  447  253  274  274  320
   11460  378  242  402  502  485  321  223  202  273  413
   11480  373  387  322  464  378  354  211  199  248  342
   11500  437  340  447  581  349  365  335  252  264  281
   11520  469  423  497  678  368  365  448  323  344  277
   11540  381  331  429  529  379  401  316  278  348  331
   11560  394  347  587  545  400  497  384  253  467  395
   11580  320  264  561  457  434  462  418  318  480  445
   11600  363  263  514  510  496  401  370  333  377  515
   11620  409  324  448  455  355  375  336  264  335  339
   11640  457  307  503  450  395  574  408  156  363  298
   11660  485  361  558  416  423  453  385  183  439  284
   11680  442  525  509  492  448  345  435  165  398  293
   11700  370  468  520  434  353  384  312  298  331  345
   11720  373  547  535  477  319  305  310  330  384  455
   11740  375  442  471  392  210  327  285  331  257  457
   11760  412  489  429  344  250  487  437  511  365  389
   11780  262  540  388  357  234  394  420  376  371  402
   11800  397  490  401  483  413  410  449  380  344  315
   11820  477  362  400  336  424  400  446  402  449  360
   11840  420  443  396  322  341  543  498  364  374  239
   11860  493  312  495  385  336  432  356  291  353  255
   11880  521  263  283  366  299  379  364  355  435  268
   11900  541  357  467  296  341  508  524  410  384  317
   11920  432  429  316  264  299  450  401  359  405  311
   11940  337  403  314  179  265  328  446  354  383  355
   11960  270  488  272  230  248  388  447  355  491  411
   11980  300  395  255  279  350  418  388  387  510  311
   12000  243  508  365  327  396  374  343  272  535  358
   12020  302  534  357  259  330  308  340  347  514  351
   12040  351  346  445  250  347  379  429  264  478  350
   12060  579  229  390  388  374  358  572  370  540  315
   12080  533  261  451  494  427  369  556  402  497  372
   12100  449  320  446  571  328  532  542  422  528  433
   12120  421  258  375  439  363  470  394  340  503  397
   12140  451  286  351  519  408  403  315  313  496  333
   12160  453  217  372  441  493  484  334  300  540  409
   12180  488  286  337  451  553  385  450  311  440  416
   12200  501  271  450  301  412  445  475  321  511  405
   12220  494  297  530  388  324  401  446  382  563  342
   12240  464  227  485  357  372  445  468  289  589  408
   12260  397  184  494  389  352  609  384  229  566  345
   12280  351  147  457  431  454  584  424  194  441  384
   12300  401  176  424  442  287  523  377  108  416  333
   12320  469  324  385  450  365  459  359  153  378  312
   12340  450  312  505  368  377  423  416  241  441  321
   12360  529  241  492  422  325  531  470  167  517  322
   12380  330  365  520  408  393  477  290  234  399  361
   12400  327  296  516  446  422  527  396  366  398  288
   12420  342  287  436  453  365  472  419  402  443  390
   12440  366  326  373  500  341  438  405  284  362  308
   12460  381  316  434  429  296  375  430  292  428  290
   12480  429  267  435  655  354  339  349  401  433  199
   12500  357  374  401  477  496  492  465  307  398  241
   12520  435  318  458  490  345  513  445  372  380  407
   12540  374  248  457  455  284  436  370  416  328  412
   12560  491  204  430  501  396  408  499  372  333  460
   12580  450  270  501  370  497  458  425  502  272  352
   12600  388  289  448  454  522  361  377  566  245  442
   12620  368  196  393  355  439  511  517  517  424  386
   12640  477  257  409  242  385  505  415  421  352  325
   12660  463  359  410  253  440  549  424  480  450  424
   12680  387  208  386  471  385  517  463  490  429  341
   12700  416  325  515  407  491  572  381  378  426  372
   12720  525  230  467  386  389  428  558  426  415  458
   12740  477  117  500  336  390  412  468  405  447  448
   12760  431   85  454  369  465  401  471  318  448  323
   12780  453  179  503  446  389  433  541  326  417  333
   12800  513  278  488  448  399  390  514  355  338  324
   12820  456  369  492  483  414  259  453  487  278  475
   12840  434  417  415  470  436  417  465  670  220  482
   12860  419  372  318  457  398  447  402  622  222  545
   12880  463  325  359  488  491  383  480  545  249  434
   12900  487  433  274  503  507  337  561  413  346  397
   12920  547  327  318  456  514  484  571  385  242  423
   12940  480  432  352  487  400  370  476  500  352  366
   12960  459  451  302  482  319  433  458  524  397  266
   12980  361  372  275  348  450  455  370  602  358  362
   13000  356  383  435  366  526  281  340  547  364  362
   13020  307  454  320  423  345  300  370  569  440  315
   13040  531  481  470  482  360  361  352  516  456  348
   13060  490  474  350  576  476  308  387  526  473  429
   13080  372  403  282  477  432  256  444  505  460  368
   13100  466  478  309  511  364  523  425  464  409  371
   13120  270  352  341  406  320  447  451  456  375  394
   13140  401  374  398  417  387  222  426  472  388  470
   13160  435  432  333  267  391  284  471  477  394  477
   13180  457  545  303  376  402  338  414  483  385  360
   13200  499  564  339  319  430  346  345  500  365  464
   13220  549  494  327  479  468  374  397  455  315  304
   13240  428  321  278  463  480  309  419  419  405  424
   13260  511  415  256  345  526  353  344  314  561  309
   13280  517  466  196  264  408  275  483  330  506  363
   13300  540  443  182  256  444  283  478  367  563  258
   13320  508  405  112  280  463  246  423  466  546  344
   13340  510  519  144  180  446  341  494  477  573  448
   13360  527  463  178  210  401  293  359  422  463  579
   13380  462  356  164  271  443  512  348  425  441  391
   13400  512  326  124  436  479  437  383  615  424  393
   13420  485  500  111  384  300  376  406  389  417  346
   13440  553  544  121  359  316  352  323  287  561  394
   13460  471  563  170  389  502  270  217  297  533  407
   13480  479  439  235  389  456  195  274  277  520  444
   13500  615  500  222  352  414  225  241  210  494  372
   13520  579  560  267  346  467  230  272  348  580  352
   13540  441  307  357  423  504  262  287  431  533  310
   13560  356  343  386  317  457  364  349  232  632  420
   13580  418  367  477  257  428  436  384  296  689  351
   13600  370  394  435  310  375  514  387  275  485  498
   13620  296  367  367  313  488  478  371  349  615  361
   13640  440  325  249  392  501  409  434  311  530  276
   13660  396  376  260  347  474  385  346  224  400  301
   13680  444  364  359  399  514  346  333  262  454  381
   13700  560  496  409  453  487  294  334  200  452  396
   13720  513  441  523  505  510  404  328  147  467  384
   13740  417  323  440  463  512  387  455  104  374  434
   13760  479  268  441  428  498  438  398  138  379  346
   13780  472  443  351  455  404  421  372   97  489  369
   13800  404  512  307  501  536  510  405  209  525  417
   13820  490  502  373  553  558  539  444  270  384  482
   13840  430  421  224  428  519  510  451  282  315  384
   13860  467  388  276  361  533  472  441  368  341  377
   13880  323  449  302  609  462  509  405  365  391  369
   13900  393  459  381  544  459  479  450  518  330  442
   13920  348  416  334  462  321  350  482  424  269  447
   13940  376  411  359  516  463  507  436  288  228  375
   13960  338  399  356  532  452  474  426  407  177  515
   13980  336  383  375  600  454  459  360  425  292  472
   14000  344  301  261  521  541  431  420  428  446  451
   14020  292  332  272  389  576  327  449  456  378  469
   14040  318  279  405  279  637  392  353  393  305  461
   14060  347  274  297  397  471  330  309  441  266  506
   14080  420  297  213  501  562  362  361  496  283  444
   14100  347  277  268  410  632  368  464  442  249  441
   14120  324  283  278  522  450  402  350  424  232  457
   14140  491  358  359  508  305  361  411  521  261  429
   14160  335  327  494  341  494  301  489  494  195  421
   14180  540  290  311  396  525  307  542  347  208  363
   14200  418  386  385  545  418  339  403  376  231  418
   14220  353  309  395  422  428  348  321  448  300  460
   14240  448  308  507  346  413  457  289  442  369  355
   14260  477  337  465  347  487  414  168  352  330  304
   14280  349  344  429  430  415  472  185  429  268  417
   14300  375  348  333  460  424  434  262  512  430  395
   14320  403  324  392  406  383  289  303  567  408  385
   14340  458  392  272  410  434  398  297  491  439  242
   14360  426  358  320  342  360  519  338  387  441  284
   14380  335  313  322  352  340  428  268  422  378  275
   14400  292  272  454  351  433  451  363  401  425  275
   14420  389  316  457  392  344  531  299  468  480  336
   14440  414  459  396  352  415  427  368  406  511  329
   14460  413  353  395  398  395  354  335  459  607  374
   14480  489  380  392  529  459  388  340  383  620  422
   14500  578  479  487  412  476  231  229  447  581  262
   14520  382  551  612  361  380  381  328  505  543  314
   14540  314  466  543  413  403  309  254  525  554  356
   14560  389  446  521  439  413  347  308  428  647  320
   14580  341  470  478  307  480  316  359  553  557  239
   14600  480  537  334  395  439  512  381  563  512  197
   14620  435  661  304  410  386  416  355  405  487  371
   14640  370  549  325  313  343  333  260  433  497  372
   14660  334  316  394  442  437  234  338  432  470  387
   14680  276  361  430  347  391  264  287  321  442  437
   14700  333  364  431  388  364  296  383  406  477  351
   14720  388  457  379  478  315  239  306  436  513  381
   14740  381  315  364  365  413  330  254  435  418  435
   14760  502  440  410  280  382  158  281  523  522  415
   14780  565  462  393  416  515  139  251  560  549  540
   14800  620  344  540  307  464  137  192  559  400  476
   14820  656  493  502  281  403  232  255  442  417  362
   14840  439  564  474  255  300  133  321  537  465  380
   14860  528  482  397  402  264  197  273  501  429  342
   14880  493  379  477  476  266  170  227  535  440  451
   14900  591  431  414  452  290  186  253  520  475  369
   14920  468  384  395  417  214  122  306  565  372  516
   14940  490  383  296  410  257  114  331  633  434  422
   14960  432  388  486  380  332  261  357  584  393  457
   14980  546  392  452  394  406  221  367  636  381  479
   15000  551  453  382  396  424  294  386  530  416  524
   15020  438  488  486  430  346  328  405  551  379  498
   15040  349  466  445  543  393  433  471  423  465  304
   15060  483  277  441  467  349  355  368  421  427  346
   15080  388  302  510  344  357  372  325  436  431  274
   15100  485  337  388  353  474  388  326  358  325  221
   15120  319  369  551  481  385  487  308  426  325  208
   15140  294  432  387  620  365  455  273  433  421  218
   15160  299  403  479  541  297  497  314  495  334  229
   15180  319  313  486  469  361  552  353  407  298  387
   15200  367  360  401  480  458  408  365  394  361  435
   15220  477  239  400  397  385  464  353  514  275  295
   15240  270  301  433  376  378  463  291  409  282  272
   15260  323  398  489  494  469  519  375  522  278  308
   15280  390  406  584  389  380  343  235  573  283  262
   15300  342  469  502  285  430  392  300  529  324  310
   15320  418  507  506  399  375  404  331  501  456  450
   15340  336  484  453  421  455  477  241  528  401  423
   15360  321  516  431  523  570  557  242  347  403  313
   15380  366  425  492  428  481  482  262  474  368  482
   15400  165  443  495  401  417  490  238  374  447  450
   15420  194  340  374  369  490  439  300  441  371  475
   15440  194  426  366  411  437  569  358  435  379  487
   15460  268  505  412  375  382  440  382  441  381  440
   15480  295  467  292  471  490  547  403  382  304  434
   15500  393  310  381  462  385  456  430  405  289  401
   15520  345  271  466  491  267  400  307  460  371  354
   15540  260  297  347  347  325  392  254  485  384  412
   15560  248  300  275  438  252  518  420  359  283  418
   15580  111  269  282  398  312  500  379  371  312  435
   15600  153  326  371  445  430  557  473  321  427  435
   15620  258  325  438  458  307  590  600  405  404  404
   15640  225  342  432  383  316  580  545  307  279  438
   15660  320  319  463  435  348  363  460  249  421  370
   15680  526  319  351  439  285  482  449  301  462  371
   15700  312  220  311  362  447  440  498  249  484  349
   15720  266  271  422  398  460  418  390  281  435  409
   15740  242  386  369  396  463  378  345  388  491  428
   15760  283  385  533  374  445  373  280  352  409  428
   15780  322  394  399  414  446  350  367  342  347  397
   15800  317  479  389  394  498  439  375  423  377  318
   15820  400  474  424  378  434  373  365  459  381  410
   15840  365  591  405  421  451  328  461  585  286  341
   15860  462  461  420  313  368  338  411  496  341  309
   15880  493  477  409  287  352  435  368  373  247  386
   15900  429  409  408  256  445  360  392  294  241  389
   15920  405  443  420  285  374  297  253  354  230  323
   15940  300  478  488  280  361  391  353  335  117  345
   15960  319  462  455  394  365  429  327  368  170  348
   15980  433  377  407  348  332  354  348  409  174  330
   16000  377  326  456  362  302  282  308  359  256  327
   16020  428  316  385  309  223  434  284  322  264  392
   16040  257  368  434  332  251  395  330  382  395  318
   16060  291  401  428  390  239  359  468  488  291  360
   16080  368  541  428  422  353  400  404  355  293  359
   16100  433  451  404  319  407  246  425  435  236  494
   16120  375  431  491  277  367  249  362  389  234  509
   16140  396  364  551  361  477  226  377  494  390  537
   16160  248  304  400  341  395  231  374  402  352  400
   16180  265  341  377  292  343  370  326  312  489  453
   16200  281  379  379  407  372  482  431  472  396  498
   16220  274  456  433  417  439  396  383  528  512  347
   16240  163  467  504  359  423  294  433  461  404  307
   16260  148  487  574  405  386  287  403  352  392  493
   16280  102  499  526  467  418  195  323  364  329  479
   16300  204  582  469  456  313  188  400  437  254  468
   16320  259  453  342  422  423  319  420  497  415  497
   16340  259  512  472  513  297  246  596  413  376  340
   16360  265  483  474  529  313  281  642  388  457  367
   16380  177  438  463  495  246  351  511  333  414  254
   16400  312  488  513  484  351  238  486  318  401  235
   16420  330  452  597  491  338  324  380  465  428  275
   16440  388  468  475  448  320  313  328  472  454  410
   16460  386  457  408  508  240  310  488  504  483  349
   16480  276  461  493  590  328  310  569  512  341  276
   16500  407  371  349  594  174  363  490  517  269  258
   16520  376  327  300  487  186  509  493  515  331  329
   16540  378  376  367  528  153  405  492  378  295  435
   16560  263  365  322  553  221  397  390  358  387  459
   16580  318  283  369  464  208  399  427  348  278  294
   16600  441  408  409  433  197  340  442  453  299  219
   16620  346  525  416  493  144  430  442  271  295  279
   16640  386  594  410  468  238  422  428  246  327  283
   16660  514  638  390  419  403  481  481  292  429  422
   16680  421  567  347  346  347  406  635  291  372  447
   16700  400  549  388  428  277  378  383  287  468  376
   16720  387  360  380  410  327  433  403  268  409  270
   16740  486  371  331  406  402  424  604  257  304  317
   16760  363  470  371  408  343  455  526  337  369  352
   16780  431  464  389  343  346  546  578  336  452  285
   16800  284  442  422  410  341  414  663  309  303  500
   16820  306  585  494  427  283  436  553  339  428  440
   16840  277  468  494  398  390  335  552  382  357  220
   16860  285  525  410  418  432  299  617  448  485  232
   16880  391  460  415  315  388  329  456  428  443  290
   16900  373  548  312  459  340  371  453  355  459  329
   16920  346  443  315  454  315  299  465  233  440  361
   16940  424  538  451  361  309  348  395  298  424  406
   16960  308  624  429  402  401  314  423  341  297  441
   16980  263  581  283  305  414  426  365  368  434  383
   17000  424  399  318  319  417  425  343  320  344  498
   17020  319  412  291  377  351  336  391  411  383  380
   17040  338  421  349  393  357  402  301  315  436  397
   17060  246  337  386  415  433  416  306  380  468  389
   17080  246  419  395  361  353  467  382  360  478  502
   17100  314  374  583  459  369  483  437  326  454  537
   17120  288  433  411  326  310  515  415  305  489  428
   17140  287  291  533  389  327  408  460  415  529  402
   17160  396  331  478  275  518  481  526  496  549  435
   17180  272  378  344  383  399  420  547  406  407  449
   17200  304  375  348  456  326  383  580  411  420  462
   17220  329  397  457  426  489  414  404  373  427  573
   17240  213  311  510  423  369  342  372  283  400  509
   17260  387  468  485  361  357  374  316  413  334  488
   17280  399  380  475  349  376  296  419  474  441  413
   17300  263  268  473  336  270  249  512  496  459  385
   17320  368  239  389  272  314  414  510  450  506  403
   17340  357  278  475  319  365  420  425  269  527  439
   17360  281  300  431  360  364  417  413  264  500  418
   17380  385  354  500  377  290  478  390  339  476  444
   17400  317  291  494  380  285  445  369  386  507  539
   17420  263  288  500  328  326  443  405  345  365  462
   17440  355  278  482  387  338  380  473  344  336  410
   17460  197  298  486  399  354  410  450  346  450  486
   17480  210  303  554  501  408  436  439  347  397  381
   17500  181  271  370  455  437  532  445  444  466  364
   17520  178  203  442  362  438  285  472  386  375  338
   17540  126  408  484  338  403  319  407  284  363  356
   17560  184  383  463  468  447  364  579  336  396  358
   17580  345  427  444  435  546  341  560  493  380  427
   17600  317  405  549  451  517  304  407  346  431  498
   17620  255  316  573  419  404  517  416  304  390  487
   17640  199  320  567  563  599  538  332  343  393  497
   17660  290  309  470  497  593  409  401  318  421  407
   17680  391  311  311  430  478  344  385  379  274  573
   17700  331  591  329  393  481  198  342  445  340  570
   17720  437  486  347  396  482  269  269  569  338  406
   17740  497  466  456  557  355  321  234  433  256  392
   17760  512  378  421  487  393  335  170  424  347  525
   17780  534  387  473  386  432  329  177  480  435  368
   17800  388  341  372  364  451  344  146  398  542  453
   17820  260  346  410  461  347  328  225  460  536  389
   17840  415  315  384  491  328  321  180  458  328  370
   17860  364  370  272  376  541  263  103  476  389  336
   17880  273  450  302  376  353  421  135  475  297  487
   17900  390  443  378  383  413  335  309  538  294  464
   17920  423  472  474  352  493  341  293  583  325  476
   17940  332  414  390  382  438  453  294  647  232  455
   17960  337  370  384  344  514  410  190  650  201  442
   17980  362  451  500  495  571  323  233  498  260  381
   18000  366  431  428  525  546  457  219  429  364  294
   18020  375  451  364  487  339  538  134  579  374  258
   18040  395  459  447  475  480  487  161  357  349  229
   18060  322  455  471  425  435  301  191  415  482  329
   18080  359  540  464  514  485  342  160  459  398  280
   18100  334  453  363  464  433  461  278  356  468  411
   18120  408  407  368  502  421  348  233  440  388  422
   18140  269  477  476  528  350  440  247  497  389  335
   18160  338  440  306  489  388  446  213  358  469  431
   18180  483  400  355  486  308  456  322  434  454  277
   18200  341  533  344  562  367  334  357  387  476  330
   18220  331  536  331  483  447  355  348  357  361  372
   18240  245  449  334  551  469  450  427  339  408  413
   18260  393  504  363  390  484  443  398  240  487  378
   18280  326  458  338  291  415  389  278  312  502  516
   18300  269  421  470  435  472  400  422  341  515  396
   18320  308  453  529  367  443  545  375  230  312  373
   18340  238  419  544  359  461  556  358  281  295  433
   18360  320  466  390  532  468  417  378  295  337  482
   18380  292  517  455  444  463  486  423  250  346  476
   18400  278  496  571  460  499  539  344  281  362  281
   18420  364  609  444  396  566  491  326  295  357  294
   18440  384  536  484  364  526  490  418  332  329  361
   18460  368  495  465  305  425  423  291  393  214  260
   18480  440  480  407  357  435  306  414  357  190  352
   18500  449  453  442  306  354  297  479  500  228  253
   18520  445  480  519  280  381  325  386  516  267  239
   18540  432  379  404  195  450  367  470  489  292  365
   18560  392  431  474  174  415  347  501  585  372  291
   18580  459  426  466  215  433  424  389  563  348  235
   18600  422  425  356  354  473  426  400  504  360  287
   18620  413  365  435  487  519  439  314  492  357  363
   18640  355  283  366  408  506  404  393  551  421  328
   18660  364  335  440  350  587  489  611  482  544  409
   18680  425  230  544  421  559  489  549  480  463  367
   18700  343  391  445  426  414  373  521  436  539  391
   18720  345  430  403  317  409  430  493  561  616  344
   18740  330  365  541  266  447  470  458  621  619  294
   18760  391  332  407  352  352  425  456  657  575  280
   18780  413  306  350  341  551  300  455  536  506  230
   18800  354  432  446  311  473  361  410  536  491  298
   18820  512  496  494  374  478  262  474  531  481  359
   18840  454  452  386  442  503  382  494  541  589  237
   18860  350  441  338  453  403  393  571  498  530  318
   18880  392  425  316  381  507  346  551  517  524  342
   18900  480  332  405  340  396  364  479  470  467  381
   18920  469  443  337  259  356  423  512  409  622  324
   18940  419  496  431  364  483  388  508  453  591  308
   18960  385  343  424  382  512  484  336  555  601  324
   18980  452  350  326  555  427  448  358  501  401  277
   19000  438  321  400  513  354  458  329  485  416  311
   19020  486  320  379  590  358  376  399  403  432  178
   19040  415  311  347  447  449  415  495  423  437  180
   19060  555  468  428  412  533  429  491  488  397  276
   19080  610  314  350  466  453  293  464  476  488  370
   19100  599  336  388  409  704  344  519  406  412  322
   19120  597  246  251  499  473  437  467  332  388  422
   19140  619  342  239  588  387  446  495  329  401  400
   19160  448  294  355  528  446  462  582  275  364  461
   19180  423  368  371  395  379  347  510  425  305  458
   19200  453  410  323  436  388  231  467  330  272  420
   19220  469  543  377  293  493  233  354  337  376  411
   19240  424  518  344  349  522  412  361  447  369  275
   19260  429  471  527  421  549  418  371  441  414  213
   19280  430  513  315  533  498  296  317  449  391  316
   19300  342  445  265  450  371  304  357  450  315  383
   19320  338  476  291  365  407  416  391  371  330  310
   19340  366  620  282  398  387  501  443  419  371  276
   19360  407  581  488  455  295  367  436  517  412  300
   19380  403  532  445  516  420  334  423  437  433  401
   19400  355  544  524  458  518  201  507  339  374  391
   19420  428  508  465  526  446  234  507  347  340  373
   19440  428  535  263  461  416  279  509  313  377  365
   19460  451  497  415  613  541  293  397  357  342  436
   19480  559  438  473  518  342  337  312  407  281  471
   19500  454  495  517  572  482  271  346  485  237  461
   19520  371  525  538  462  390  282  363  575  244  461
   19540  305  496  524  392  354  304  356  470  299  408
   19560  237  508  489  426  354  387  256  341  227  450
   19580  364  452  477  564  286  334  344  464  324  451
   19600  397  413  493  432  341  297  471  493  332  413
   19620  350  409  508  543  349  287  460  507  417  330
   19640  391  402  509  480  456  380  246  505  378  331
   19660  336  450  491  408  395  270  297  520  345  430
   19680  367  482  466  497  462  219  448  581  297  308
   19700  347  493  568  511  553  187  435  449  392  405
   19720  472  466  574  504  488  248  302  452  309  411
   19740  355  507  572  492  576  297  383  365  461  373
   19760  356  415  458  448  512  347  289  488  394  345
   19780  438  508  587  326  481  464  303  485  310  332
   19800  452  470  467  287  350  415  318  465  381  393
   19820  422  461  380  334  450  343  292  398  322  395
   19840  396  444  640  344  342  325  412  459  294  384
   19860  414  634  541  352  414  389  306  410  294  218
   19880  320  475  525  395  446  415  314  394  393  377
   19900  400  540  408  447  383  366  323  302  285  414
   19920  398  536  441  378  415  408  266  328  337  425
   19940  360  487  636  404  447  498  267  407  273  582
   19960  385  466  591  456  383  612  276  348  388  474
   19980  343  451  501  369  330  587  285  330  395  510
   20000  276  356  536  355  442  557  292  328  501  405
   20020  241  383  464  279  383  589  356  359  423  369
   20040  274  334  501  378  262  455  376  324  336  409
   20060  323  457  501  211  309  431  355  398  276  436
   20080  226  456  523  232  302  525  262  470  310  454
   20100  305  492  510  259  401  519  283  516  370  475
   20120  268  503  428  219  324  494  292  616  343  557
   20140  238  579  548  284  434  458  193  461  291  474
   20160  306  499  341  262  408  451  138  456  196  446
   20180  440  451  389  270  404  426  135  487  203  465
   20200  335  392  343  281  438  442  263  395  183  523
   20220  330  435  338  296  350  385  259  441  158  638
   20240  439  434  254  360  449  233  222  495  236  692
   20260  283  381  342  289  300  270  131  417  229  506
   20280  284  382  285  281  407  439  187  522  269  410
   20300  394  443  318  212  367  410  256  516  235  316
   20320  396  441  345  340  279  337  349  521  280  349
   20340  413  480  389  385  282  321  349  469  209  395
   20360  368  485  308  302  348  314  244  493  276  489
   20380  222  443  419  362  525  307  229  534  298  555
   20400  230  539  274  315  451  203  291  462  309  468
   20420  286  466  367  413  508  291  282  524  249  453
   20440  297  454  419  406  427  241  196  510  312  334
   20460  447  353  380  446  430  186  190  575  256  438
   20480  415  350  466  540  425  240   90  499  299  402
   20500  403  241  416  430  326  252  216  552  272  537
   20520  478  316  376  461  314  286  331  549  334  478
   20540  438  295  330  486  272  442  489  543  389  394
   20560  490  400  336  380  260  491  584  569  397  324
   20580  397  369  403  478  230  463  500  513  297  374
   20600  374  348  463  353  353  436  397  539  371  327
   20620  383  424  457  381  307  469  476  655  342  450
   20640  491  467  468  456  326  400  469  532  362  554
   20660  313  308  387  473  469  367  491  463  292  458
   20680  423  318  423  548  405  391  489  375  302  409
   20700  508  369  362  447  419  348  467  377  310  517
   20720  436  356  320  365  456  383  494  372  334  384
   20740  569  251  387  451  307  459  506  438  270  416
   20760  499  380  326  372  407  528  442  467  213  432
   20780  569  492  452  406  474  438  483  419  238  568
   20800  480  524  364  280  428  397  407  514  304  606
   20820  476  388  396  250  365  394  481  572  349  423
   20840  544  401  270  258  387  412  525  535  461  446
   20860  488  484  279  264  368  499  423  509  379  557
   20880  399  445  190  250  332  498  380  353  308  515
   20900  466  425  249  300  395  515  522  347  205  467
   20920  466  509  277  334  344  577  487  379  248  483
   20940  355  469  225  425  331  577  540  456  411  441
   20960  358  503  334  351  332  463  550  409  474  504
   20980  257  399  330  267  332  401  526  434  455  357
   21000  450  409  376  264  402  564  492  403  536  350
   21020  477  381  366  360  636  571  444  327  579  365
   21040  498  333  396  354  531  502  458  345  532  307
   21060  529  390  348  381  478  580  401  432  400  409
   21080  518  433  259  432  490  416  361  348  386  409
   21100  485  499  433  542  512  356  451  393  338  373
   21120  423  467  349  530  652  476  364  518  450  354
   21140  368  494  272  393  436  428  476  425  560  465
   21160  450  581  262  513  502  372  458  414  485  327
   21180  398  413  320  544  481  435  451  343  383  358
   21200  414  368  366  481  503  421  433  337  392  477
   21220  390  481  284  509  472  389  513  431  509  501
   21240  327  494  470  536  438  443  412  439  383  571
   21260  375  435  457  394  372  558  403  296  405  587
   21280  433  436  430  433  470  507  512  429  339  620
   21300  487  385  466  427  457  406  392  364  328  525
   21320  472  407  629  437  483  522  464  527  257  590
   21340  441  454  462  371  451  573  416  437  391  579
   21360  475  337  476  480  487  541  507  355  348  587
   21380  339  329  620  434  550  585  416  312  402  565
   21400  431  301  656  322  526  485  402  444  278  624
   21420  489  335  577  360  498  510  407  407  378  510
   21440  481  393  635  354  370  489  339  465  446  558
   21460  501  397  607  359  554  524  479  444  357  490
   21480  360  535  591  517  496  473  381  359  350  604
   21500  418  431  535  445  469  406  352  327  319  568
   21520  345  403  510  504  500  513  368  380  413  489
   21540  300  384  487  422  518  397  509  300  355  545
   21560  364  398  579  541  420  403  533  308  382  520
   21580  369  367  577  603  368  444  499  354  366  466
   21600  398  379  493  516  323  493  397  267  509  360
   21620  359  311  387  488  394  431  326  231  437  355
   21640  313  335  599  581  515  538  427  362  395  423
   21660  334  358  420  573  325  459  479  361  356  559
   21680  284  415  379  398  359  464  498  334  346  507
   21700  341  463  501  477  344  261  438  309  352  441
   21720  441  329  426  609  394  328  596  286  550  419
   21740  444  305  461  554  487  364  447  306  472  506
   21760  444  285  411  570  474  379  477  207  390  511
   21780  346  294  429  529  440  297  412  451  334  601
   21800  426  416  544  448  474  197  463  391  347  599
   21820  327  434  560  336  519  174  411  350  340  446
   21840  383  479  503  406  572  218  420  413  302  446
   21860  296  424  348  463  477  215  408  439  363  455
   21880  315  451  250  418  360  205  393  382  546  471
   21900  372  408  247  429  424  251  365  357  361  425
   21920  399  541  246  487  350  366  325  289  428  465
   21940  365  430  355  447  313  300  280  338  486  409
   21960  395  388  355  420  371  382  270  322  424  506
   21980  366  573  347  453  399  314  324  373  504  493
   22000  376  510  437  510  325  364  368  420  612  500
   22020  390  416  516  502  366  313  402  449  559  536
   22040  373  403  365  316  335  388  365  352  468  422
   22060  378  473  345  414  290  446  245  418  350  361
   22080  475  420  393  475  277  308  330  404  423  415
   22100  493  357  295  324  297  355  426  296  584  538
   22120  580  400  219  431  376  432  379  219  613  465
   22140  404  474  333  469  410  428  343  204  583  433
   22160  471  393  471  419  407  396  485  147  526  363
   22180  539  467  393  507  573  484  481  227  518  327
   22200  562  388  327  457  504  305  427  297  478  421
   22220  464  359  386  516  388  400  361  384  446  362
   22240  457  456  311  371  499  441  355  423  549  326
   22260  334  382  342  445  474  415  378  358  406  385
   22280  394  420  406  377  383  539  430  263  463  409
   22300  367  350  424  341  409  444  392  255  562  367
   22320  325  360  407  389  374  431  423  172  516  336
   22340  219  502  398  450  352  511  490  196  252  284
   22360  348  480  371  474  497  582  402  135  302  435
   22380  464  419  396  549  299  540  378  149  328  409
   22400  423  522  337  587  212  537  395  202  331  535
   22420  381  457  265  544  170  441  405  223  313  597
   22440  431  373  333  562  206  362  407  181  200  363
   22460  414  369  496  425  262  281  337  141  259  443
   22480  393  425  446  519  348  354  353  169  337  387
   22500  324  430  308  435  406  557  209  272  329  296
   22520  366  368  368  443  335  472  208  198  272  334
   22540  300  365  290  430  341  381  291  282  159  415
   22560  270  357  325  329  313  276  209  229  240  439
   22580  216  350  302  449  367  178  264  338  215  362
   22600  170  457  376  510  459  421  273  342  228  401
   22620  339  276  273  511  417  365  216  365  205  439
   22640  268  333  461  530  418  452  201  292  186  519
   22660  402  374  482  487  399  501  171  350  303  589
   22680  429  354  529  493  487  502  103  338  290  640
   22700  430  323  423  368  389  335  152  334  436  573
   22720  539  358  366  366  312  369  257  318  328  528
   22740  491  325  320  381  386  410  245  320  268  537
   22760  582  362  469  464  441  470  406  400  300  520
   22780  425  433  429  612  402  443  320  350  381  421
   22800  595  404  286  549  331  361  312  377  345  497
   22820  632  564  278  580  463  362  300  356  380  538
   22840  563  371  409  504  502  370  206  420  303  558
   22860  518  421  470  591  384  454  218  395  356  611
   22880  671  444  521  614  330  397  123  281  327  494
   22900  490  454  471  615  317  374   80  253  419  363
   22920  437  453  437  575  404  435  129  299  369  386
   22940  343  524  405  699  348  350  257  392  513  389
   22960  481  451  426  492  222  267  203  420  298  357
   22980  532  311  336  507  277  224  196  411  393  394
   23000  424  372  376  480  331  261  165  503  443  498
   23020  507  499  385  510  373  368  219  438  572  466
   23040  555  513  401  482  369  307  300  334  473  359
   23060  580  504  321  461  364  315  313  360  550  380
   23080  446  385  318  406  325  325  367  306  466  266
   23100  473  395  418  448  264  303  302  362  588  215
   23120  450  484  324  479  297  267  307  300  688  149
   23140  343  533  363  412  382  163  313  439  419  190
   23160  470  513  379  444  407  229  215  443  469  224
   23180  535  454  308  439  347  236  297  304  365  278
   23200  459  534  369  469  503  373  282  244  507  327
   23220  434  552  497  321  391  318  267  276  624  351
   23240  360  519  454  466  334  427  369  326  449  278
   23260  304  428  373  354  268  401  388  523  468  234
   23280  378  466  281  320  302  369  324  430  556  347
   23300  388  358  317  236  352  295  383  431  542  451
   23320  507  392  284  276  488  278  434  381  487  362
   23340  499  439  329  295  408  445  353  389  453  322
   23360  438  450  324  314  470  365  338  340  452  338
   23380  457  308  413  363  392  324  340  329  605  245
   23400  429  382  348  329  412  385  256  248  583  256
   23420  389  295  325  378  307  381  305  218  493  223
   23440  431  374  422  541  386  264  329  257  423  223
   23460  406  376  307  501  472  348  246  361  472  246
   23480  423  348  518  349  460  281  315  309  593  341
   23500  440  285  389  318  352  201  243  306  557  373
   23520  511  373  521  290  314  229  298  270  546  358
   23540  522  378  460  288  283  135  386  389  576  364
   23560  435  375  503  313  268  177  345  380  489  390
   23580  499  422  499  374  317  278  381  409  448  355
   23600  516  376  505  404  335  319  388  290  422  484
   23620  554  442  538  468  373  275  434  339  389  468
   23640  382  455  398  400  351  397  407  436  316  476
   23660  379  512  376  297  330  395  328  452  405  456
   23680  447  451  402  280  483  422  417  529  379  408
   23700  521  389  455  317  411  369  425  541  389  346
   23720  574  368  383  298  429  408  479  350  323  414
   23740  498  384  388  324  406  420  350  404  351  380
   23760  542  378  373  304  460  416  132  444  374  460
   23780  478  366  264  290  457  321  167  448  339  565
   23800  525  386  312  250  430  272  253  572  251  489
   23820  605  258  221  258  310  407  300  344  441  414
   23840  608  297  263  296  476  288  341  314  379  430
   23860  482  434  408  374  380  310  446  372  386  438
   23880  422  402  346  329  380  355  435  473  340  469
   23900  373  459  386  179  481  366  330  469  516  398
   23920  360  481  385  274  409  412  317  529  423  367
   23940  440  528  404  179  378  340  328  475  423  400
   23960  524  357  333  177  321  270  307  455  378  288
   23980  491  308  419  220  327  338  205  364  404  176
   24000  449  471  444  299  191  262  222  406  545  266
   24020  400  420  402  272  301  162  262  453  409  222
   24040  330  439  462  324  328  239  261  408  321  282
   24060  441  543  360  334  377  217  315  320  415  317
   24080  364  610  350  430  337  263  365  321  391  301
   24100  433  552  282  375  412  213  281  357  472  302
   24120  464  474  260  454  307  264  276  476  462  422
   24140  387  373  251  421  427  417  536  460  388  486
   24160  345  486  315  368  390  408  509  580  416  446
   24180  362  418  448  519  330  337  496  474  466  450
   24200  249  337  305  686  284  413  506  458  435  384
   24220  360  314  327  512  329  422  447  626  483  367
   24240  329  358  390  488  285  361  474  599  499  273
   24260  322  388  331  471  170  317  391  531  472  392
   24280  407  365  331  427  199  247  297  481  334  474
   24300  393  323  330  493  259  183  356  497  391  600
   24320  356  480  403  359  232  268  209  511  362  486
   24340  365  406  427  298  186  313  319  503  425  413
   24360  347  344  440  341  374  258  328  504  411  430
   24380  335  375  511  349  337  390  362  536  339  493
   24400  404  420  483  384  393  397  480  582  342  506
   24420  448  458  334  374  386  353  451  418  287  485
   24440  261  478  457  419  480  460  495  482  289  386
   24460  338  522  496  386  496  410  509  432  213  433
   24480  410  556  563  451  440  416  553  580  290  667
   24500  313  465  459  402  422  454  499  553  388  565
   24520  266  414  425  395  456  485  415  425  402  432
   24540  384  463  616  321  405  463  512  437  494  635
   24560  351  478  658  363  343  371  536  484  275  579
   24580  385  444  564  465  239  425  452  502  247  492
   24600  373  387  496  467  248  539  526  463  304  585
   24620  521  376  675  433  438  486  448  387  417  550
   24640  508  392  590  380  400  398  462  314  428  540
   24660  390  448  634  462  398  415  624  448  384  571
   24680  518  489  456  457  407  437  583  528  310  564
   24700  480  502  365  344  397  376  478  360  330  466
   24720  449  388  534  331  449  350  440  413  350  426
   24740  364  470  514  337  371  438  416  473  381  445
   24760  383  481  491  415  429  429  550  375  381  420
   24780  445  406  389  326  393  375  614  417  418  400
   24800  406  529  363  390  403  471  550  441  368  376
   24820  468  468  337  295  366  520  529  364  321  453
   24840  532  402  389  343  328  609  473  340  242  430
   24860  557  368  538  427  337  516  434  390  231  313
   24880  625  472  446  466  410  432  449  440  257  445
   24900  545  412  492  360  490  468  401  433  199  506
   24920  574  389  387  426  481  418  470  478  214  514
   24940  483  320  412  369  437  494  500  512  328  510
   24960  663  387  365  363  441  503  435  442  240  453
   24980  453  339  359  324  323  432  374  413  122  444
   25000  442  394  327  265  278  538  397  414  169  552
   25020  526  311  255  341  413  402  288  442  193  470
   25040  488  274  282  368  320  343  287  539  276  471
   25060  510  369  411  377  314  412  176  562  384  471
   25080  564  296  364  407  362  396  183  587  368  378
   25100  449  333  378  410  446  391  188  520  374  339
   25120  632  351  338  371  476  360  186  419  365  425
   25140  455  364  312  397  414  402  254  376  349  494
   25160  489  204  359  351  338  353  289  409  238  425
   25180  398  129  388  378  446  327  268  488  263  475
   25200  368  125  439  443  466  467  333  503  343  460
   25220  457  180  400  420  453  417  285  529  320  520
   25240  494  111  289  508  432  484  285  436  335  535
   25260  497   63  446  450  543  640  400  326  257  610
   25280  576   58  391  299  493  495  374  458  289  429
   25300  447   26  392  275  568  598  415  563  274  533
   25320  460   87  258  359  467  590  432  467  346  484
   25340  422  169  296  350  495  454  411  435  338  502
   25360  534  216  393  457  460  456  289  548  342  432
   25380  381  214  371  459  447  540  284  530  283  447
   25400  386  298  312  375  478  496  325  527  307  363
   25420  401  434  335  359  477  465  377  420  240  560
   25440  495  452  448  403  404  367  354  334  380  517
   25460  592  589  510  356  378  517  458  339  341  344
   25480  431  371  416  433  411  556  446  430  329  336
   25500  427  336  396  303  381  444  599  357  263  334
   25520  325  436  317  385  459  448  469  428  255  432
   25540  302  386  322  312  412  553  517  364  338  400
   25560  474  475  412  331  415  637  472  340  441  327
   25580  416  375  423  373  360  538  419  258  440  484
   25600  428  392  379  431  469  644  404  501  287  541
   25620  597  387  362  397  528  473  321  361  342  566
   25640  576  521  318  327  446  406  361  458  385  545
   25660  429  489  388  389  628  421  428  478  341  554
   25680  412  518  434  404  518  313  525  474  476  433
   25700  397  349  380  464  518  241  326  419  445  670
   25720  315  383  435  578  662  305  420  518  461  579
   25740  471  479  526  518  502  306  401  379  283  596
   25760  385  465  507  559  579  346  442  477  317  538
   25780  350  440  375  530  654  404  368  500  240  530
   25800  336  247  408  612  520  405  402  457  350  427
   25820  309  329  371  516  578  397  393  489  380  450
   25840  381  397  318  497  558  473  372  535  361  504
   25860  432  394  269  469  596  392  393  341  485  416
   25880  503  368  274  460  586  473  429  361  269  328
   25900  372  296  275  458  607  478  387  390  225  453
   25920  453  368  334  480  529  528  529  417  235  411
   25940  356  484  280  504  531  486  406  381  267  399
   25960  346  417  273  417  398  598  484  415  168  401
   25980  375  260  268  394  366  469  521  369  296  378
   26000  384  344  246  322  390  499  510  400  259  363
   26020  329  371  393  304  323  488  451  264  303  382
   26040  412  410  406  347  381  421  480  327  191  391
   26060  495  477  329  452  394  364  397  394  189  328
   26080  321  342  402  528  497  439  553  404  179  379
   26100  332  336  440  465  453  382  583  404  266  281
   26120  305  343  417  431  484  464  632  466  191  360
   26140  336  229  539  446  559  484  572  515  227  369
   26160  441  305  397  532  434  458  494  460  391  334
   26180  325  301  574  437  430  443  365  564  305  319
   26200  238  174  450  386  418  399  470  493  389  201
   26220  376  275  429  327  438  434  464  562  354  268
   26240  502  422  430  425  459  372  486  518  344  393
   26260  480  232  505  229  489  392  694  537  439  503
   26280  426  181  403  194  388  481  619  568  392  453
   26300  385  246  412  230  310  419  482  541  454  536
   26320  370  300  416  297  328  555  475  462  405  426
   26340  316  310  398  241  360  462  551  583  287  338
   26360  260  274  403  188  367  496  442  592  278  399
   26380  319  278  281  334  537  664  472  599  430  427
   26400  287  358  454  300  543  454  539  480  314  397
   26420  350  310  437  319  437  521  518  374  395  373
   26440  279  322  412  336  506  635  438  431  462  497
   26460  301  334  401  339  496  641  611  494  455  578
   26480  388  350  403  388  462  575  633  568  474  451
   26500  447  404  450  427  441  493  630  562  528  602
   26520  493  317  452  458  555  538  613  472  432  475
   26540  515  507  487  571  581  389  556  429  639  459
   26560  481  574  557  333  535  368  457  396  440  511
   26580  404  392  589  405  421  505  533  413  471  489
   26600  484  278  408  487  531  458  584  461  334  483
   26620  573  357  290  435  633  476  585  367  378  482
   26640  590  438  206  463  519  411  630  326  333  356
   26660  432  479  295  285  423  492  470  285  312  265
   26680  501  405  372  317  515  672  381  346  297  388
   26700  390  432  261  266  480  553  414  320  264  526
   26720  329  532  255  314  445  389  343  384  283  510
   26740  300  501  313  290  526  486  581  425  336  475
   26760  420  566  282  240  480  466  495  531  397  311
   26780  326  568  192  284  458  480  464  451  418  386
   26800  248  679  160  312  547  430  509  426  320  447
   26820  308  531  194  307  529  446  570  461  378  309
   26840  308  463  331  242  390  418  387  452  342  311
   26860  303  410  439  468  582  412  449  501  326  403
   26880  315  522  457  439  506  305  519  475  349  389
   26900  320  563  437  552  403  474  565  446  262  323
   26920  216  481  397  470  437  562  465  319  318  371
   26940  234  398  501  435  422  509  390  302  232  301
   26960  287  337  469  376  402  549  566  434  442  347
   26980  322  574  494  382  452  511  551  596  416  357
   27000  377  550  408  334  411  399  530  552  393  402
   27020  417  460  431  308  550  434  572  513  507  459
   27040  440  468  469  363  451  507  511  415  386  438
   27060  313  430  453  443  504  440  555  461  355  372
   27080  462  447  485  332  547  387  613  442  428  462
   27100  379  369  480  327  468  332  582  549  344  416
   27120  274  410  407  323  512  295  498  501  390  356
   27140  246  492  438  299  564  315  441  289  378  284
   27160  224  390  484  347  439  362  582  455  352  402
   27180  249  446  600  299  509  336  533  394  379  432
   27200  193  427  624  391  432  272  489  323  319  502
   27220  102  398  605  317  362  234  473  318  341  401
   27240  144  363  540  315  350  213  497  253  375  348
   27260  267  326  584  307  483  194  564  343  393  308
   27280  380  336  529  371  520  248  568  361  403  407
   27300  463  421  399  482  447  260  519  365  451  521
   27320  359  485  410  448  497  289  461  467  607  521
   27340  462  411  504  354  381  225  415  366  342  493
   27360  592  336  467  292  334  268  344  434  307  491
   27380  531  341  551  344  419  298  408  407  290  406
   27400  315  376  480  306  462  247  354  536  319  478
   27420  334  398  527  377  381  324  364  527  490  432
   27440  468  355  470  277  461  397  352  413  308  263
   27460  478  311  436  314  520  245  334  499  270  351
   27480  486  371  454  157  503  215  326  417  298  313
   27500  423  249  484  238  343  309  272  373  273  272
   27520  296  197  274  368  292  300  293  370  366  228
   27540  373  267  245  413  210  337  471  394  384  213
   27560  390  373  362  330  189  437  311  387  405  334
   27580  348  252  312  419  142  422  398  471  393  318
   27600  360  314  331  409  176  344  253  345  378  309
   27620  436  249  421  416  329  320  228  339  367  258
   27640  264  374  361  339  452  437  246  309  261  219
   27660  280  351  439  296  365  404  308  361  386  227
   27680  494  365  378  253  336  277  281  351  363  195
   27700  535  425  403  324  263  352  197  264  349  192
   27720  494  483  337  366  326  368  236  289  372  193
   27740  352  397  276  349  421  326  280  269  496  289
   27760  421  433  354  332  383  332  305  335  432  193
   27780  373  445  323  301  398  411  274  235  358  215
   27800  384  499  293  325  334  279  248  318  478  249
   27820  385  569  234  513  304  335  272  348  488  271
   27840  306  502  268  401  289  441  197  538  553  355
   27860  449  590  365  414  360  411  321  541  414  431
   27880  345  523  421  423  281  384  313  669  451  268
   27900  463  422  438  455  276  344  399  647  487  257
   27920  448  489  541  589  298  357  476  521  488  259
   27940  395  424  476  445  490  422  444  628  468  293
   27960  419  434  399  410  512  415  505  660  357  358
   27980  431  431  481  393  370  457  400  438  370  451
   28000  323  521  451  404  393  530  478  411  313  414
   28020  426  502  441  435  371  433  436  356  429  375
   28040  381  540  492  389  531  429  416  470  487  359
   28060  376  431  378  440  548  382  516  491  359  505
   28080  377  532  514  490  494  353  494  530  431  354
   28100  406  406  344  457  523  346  443  522  431  264
   28120  498  345  357  511  512  319  404  384  352  385
   28140  525  442  488  461  531  350  487  459  362  393
   28160  555  412  304  469  309  232  424  346  254  374
   28180  579  412  314  426  342  384  435  310  257  306
   28200  492  274  356  322  354  360  435  299  218  398
   28220  565  240  296  348  347  312  402  469  193  354
   28240  546  365  277  398  370  390  468  516  296  449
   28260  387  330  437  488  371  440  477  420  266  357
   28280  403  364  291  383  452  369  469  381  229  368
   28300  373  466  304  477  499  460  375  462  258  340
   28320  421  518  330  550  468  504  415  434  362  491
   28340  529  435  438  486  354  360  370  421  319  422
   28360  439  449  275  494  439  283  461  375  304  425
   28380  509  412  396  448  509  202  394  429  419  479
   28400  490  454  308  473  466  256  399  474  346  428
   28420  473  482  374  509  378  295  443  518  415  322
   28440  493  404  385  518  413  276  436  480  353  402
   28460  466  315  457  581  328  295  514  420  406  398
   28480  436  378  466  567  256  395  562  387  357  468
   28500  433  326  414  586  211  397  349  383  346  479
   28520  385  257  335  530  230  343  387  418  475  479
   28540  491  212  386  515  292  398  437  339  369  479
   28560  473  214  370  409  328  473  564  387  456  472
   28580  492  333  418  502  290  410  588  439  412  400
   28600  384  408  526  441  298  466  476  316  312  350
   28620  432  287  449  389  264  548  456  382  434  344
   28640  354  401  276  508  375  438  409  398  380  293
   28660  308  391  327  483  425  465  511  460  435  247
   28680  355  305  170  493  462  319  500  506  412  345
   28700  526  292  167  373  275  302  573  422  452  456
   28720  442  369  154  377  329  314  596  488  433  559
   28740  571  319  201  330  452  413  643  409  381  320
   28760  560  317  194  360  356  372  506  421  480  390
   28780  460  310  151  354  406  276  460  651  381  256
   28800  438  305   91  377  319  355  468  611  394  150
   28820  381  357  148  437  376  262  573  354  468  265
   28840  406  312  201  362  402  318  596  476  388  268
   28860  570  300  237  469  445  442  470  434  475  257
   28880  521  408  345  444  402  367  482  537  405  344
   28900  545  366  320  503  407  375  554  481  479  374
   28920  352  252  382  475  372  556  571  385  508  465
   28940  446  324  326  448  476  518  480  395  543  470
   28960  431  348  441  497  398  453  482  352  560  524
   28980  520  379  394  464  468  416  635  460  702  377
   29000  513  427  428  559  493  373  557  406  567  334
   29020  520  416  415  505  514  192  520  500  528  320
   29040  572  422  349  592  571  227  417  539  483  341
   29060  474  467  417  607  562  297  574  400  501  375
   29080  484  506  361  495  554  327  488  453  485  323
   29100  418  626  367  513  370  334  410  391  426  294
   29120  434  506  371  446  436  308  424  354  454  303
   29140  406  389  490  460  326  321  374  364  411  317
   29160  468  342  442  286  409  445  355  405  351  251
   29180  522  410  329  279  352  409  514  457  383  272
   29200  334  449  299  392  398  307  436  432  435  363
   29220  369  448  362  516  320  329  437  463  442  478
   29240  349  468  428  616  364  233  344  417  457  379
   29260  333  499  567  421  305  338  359  384  430  366
   29280  296  456  492  549  314  290  338  469  490  386
   29300  199  400  445  528  210  366  309  434  538  357
   29320  272  418  524  337  297  452  447  468  580  491
   29340  293  372  483  378  301  426  401  336  528  401
   29360  300  481  483  318  470  466  524  253  394  332
   29380  316  428  580  341  525  459  527  309  460  506
   29400  247  410  562  281  407  533  451  385  439  641
   29420  293  324  608  333  290  419  566  421  441  585
   29440  373  421  623  534  301  387  456  428  430  629
   29460  324  370  658  451  523  363  421  355  429  511
   29480  332  349  640  546  337  379  450  435  388  365
   29500  259  276  530  595  416  380  392  527  366  440
   29520  216  399  584  428  389  516  391  524  339  320
   29540  182  423  472  443  459  536  447  498  316  486
   29560  174  414  615  442  641  479  399  477  337  507
   29580  251  345  563  423  551  423  384  490  357  564
   29600  360  315  528  459  517  471  433  540  425  559
   29620  402  448  588  397  463  435  441  569  531  510
   29640  340  361  586  358  422  468  480  421  527  478
   29660  318  353  627  303  556  533  458  367  494  434
   29680  312  385  564  359  479  418  489  336  426  522
   29700  364  434  578  382  440  391  428  404  472  379
   29720  462  462  486  399  565  447  312  319  570  262
   29740  437  520  305  375  457  512  293  352  453  366
   29760  361  432  408  452  403  542  274  321  370  416
   29780  459  519  545  387  421  531  365  243  532  301
   29800  337  419  450  495  522  387  413  313  435  431
   29820  389  533  454  430  579  437  451  456  519  484
   29840  317  526  422  494  503  481  498  410  428  458
   29860  404  502  469  499  510  498  585  380  470  489
   29880  360  573  446  381  588  484  442  329  418  378
   29900  369  472  440  386  523  353  431  283  430  449
   29920  329  430  364  454  448  380  424  299  310  516
   29940  231  377  484  521  467  475  593  259  303  463
   29960  310  441  508  497  566  370  430  246  402  426
   29980  303  345  556  510  342  330  553  237  306  375
   30000  481  361  487  428  459  452  422  245  248  348
