      20 1154  943 1080  994  939  953  966 1141  926  965
      40 1077  981  992 1066  776  985  878 1037  925  988
      60  963  931  929  896  981  864  864  965  888  981
      80  966  988  990  998 1015  912  944  959  971 1089
     100  906  926  862 1009 1090  854  944  936 1078  990
     120  972  989  879 1002 1022 1071  948 1004 1135 1058
     140  916  897 1000  909  968  973 1003  918 1009  954
     160  925  884  991  914  979  988 1101  880  926 1022
     180 1054  855 1023  969  987 1049 1098  886  933  912
     200  839  953  939  856  882  895  937  901  906  914
     220  775  901 1031  857  849 1002  994  926  872 1062
     240  889  787  826  964  945  983  986  909  894 1060
     260  926  876  960  930 1024 1001  954  834  996 1030
     280  908  912  934  843  997  902  926  870  939  958
     300  811  872  923  846 1014  969  809  900  898  883
     320  865  970  850  865  794  941  831  882  804  935
     340  776  956  878  890  979  983  832  979  832  929
     360  734  861  760  923  972  941 1027  964  914  934
     380  844  927  972  907  956  827 1098  944  831  862
     400  817  963  910  852  854  898 1002  914  872  808
     420  849  986  923  917  894  798  871  885  744  867
     440  870  880 1107  888  873  808 1016  822  935  995
     460  854  973  894  777  754  907  874  938  950  891
     480  799  762  901  801  807  862  870  959  827  853
     500  874  880  914  831  862  792  726  951  841  872
     520  887  755  744  821  782  882  854  932  971  728
     540  833  771  881  990  741  890  896  855  776  721
     560 1006  869  824  973  820  857  838  895  752  832
     580  674  930  811  762  872  860  931  807  944  926
     600  789  868  877  865  799  805  933  885  942  707
     620  872  898  951  860  852  901  880  804  811  775
     640  756  918  853  805  799  831  955  825 1062  797
     660  803  843  811  656  903 1015  914  974  790  800
     680  854  758  843  833  804  864  845  839  795  604
     700  735  840  933  770  797  839  703  813  868  699
     720  883  904  856  770  795  769  821  864  684  786
     740  799  848  702  802  758  789  645  710  696  825
     760  884  924  727  760  791  849  755  757  814  725
     780  716  743  773  923  821  701  845  674  788  737
     800  692  730  802  864  777  784  850  827  934  679
     820  758  799  792  774  716  811  911  782  881  816
     840  688  697  781  653  805  828  760  872  738  739
     860  650  791  689  771  768  928  690  766  899  776
     880  735  815  711  740  802  855  729  724  896  668
     900  789  697  632  761  821  832  766  893  839  660
     920  814  746  862  722  788  798  905  854  863  783
     940  834  785  778  726  697  780  741  682  913  759
     960  788  715  698  866  551  828  807  719  911  821
     980  864  707  776  757  681  767  820  783  861  666
    1000  877  811  715  667  770  871  813  858  707  705
    1020  615  697  724  646  681  688  735  905  754  696
    1040  699  750  779  792  786  786  639  743  798  670
    1060  692  605  780  758  788  768  770  768  792  834
    1080  733  660  732  848  825  769  731  671  864  843
    1100  629  689  765  789  732  722  790  773  787  715
    1120  663  873  706  791  650  812  708  765  818  769
    1140  597  666  646  720  684  726  738  663  708  778
    1160  585  794  614  855  748  652  697  601  743  785
    1180  712  698  842  752  703  600  679  795  890  660
    1200  743  758  784  835  703  596  713  731  766  800
    1220  702  669  547  832  697  654  697  657  852  789
    1240  840  738  688  826  851  577  542  668  773  657
    1260  671  647  660  596  734  478  657  711  835  650
    1280  506  742  690  521  733  669  597  806  635  675
    1300  633  689  628  585  664  703  575  740  654  666
    1320  877  782  722  618  730  611  792  696  616  752
    1340  779  641  548  665  668  668  605  732  671  691
    1360  716  516  557  627  694  702  870  664  642  647
    1380  785  604  576  736  734  575  737  761  634  604
    1400  732  805  650  644  602  553  722  787  590  694
    1420  730  605  594  581  528  753  758  607  518  655
    1440  757  735  607  579  464  786  821  686  611  817
    1460  607  667  749  580  670  777  630  616  523  758
    1480  613  649  755  463  661  634  687  651  633  679
    1500  633  640  720  485  594  703  511  669  689  665
    1520  658  686  750  552  616  798  587  660  661  591
    1540  603  707  698  655  739  672  635  618  496  541
    1560  629  584  593  703  555  605  673  747  620  710
    1580  596  573  737  637  618  743  683  571  691  603
    1600  649  568  672  518  682  818  673  595  571  775
    1620  743  602  740  598  670  721  537  605  563  592
    1640  784  655  698  563  718  658  663  586  659  771
    1660  696  644  740  542  667  615  634  772  711  671
    1680  569  546  720  593  476  727  664  728  647  621
    1700  642  584  537  514  569  591  695  776  645  647
    1720  561  584  578  518  525  724  639  598  629  667
    1740  653  623  523  638  656  703  749  714  834  604
    1760  598  695  535  647  600  805  769  635  683  781
    1780  658  659  557  607  713  556  724  655  721  611
    1800  565  744  490  660  606  645  691  499  621  561
    1820  692  711  583  653  658  604  557  576  667  509
    1840  660  717  618  606  582  654  546  636  592  529
    1860  726  574  597  521  624  679  553  660  541  539
    1880  502  663  613  612  730  606  467  697  573  592
    1900  514  568  605  645  666  708  569  568  702  658
    1920  746  684  620  566  532  636  517  563  584  657
    1940  580  649  482  578  499  617  542  590  553  695
    1960  575  606  525  710  532  497  554  513  554  582
    1980  588  750  596  648  523  812  640  597  464  664
    2000  597  643  575  490  642  659  543  648  467  691
    2020  571  618  568  622  705  644  486  598  549  513
    2040  711  691  631  545  674  614  434  583  397  545
    2060  575  463  560  589  562  588  599  636  537  456
    2080  577  628  613  619  656  466  511  511  539  628
    2100  578  663  410  614  606  404  412  413  589  678
    2120  490  554  529  522  578  549  352  525  575  570
    2140  486  549  731  488  660  581  554  413  627  594
    2160  507  641  693  566  553  657  633  329  471  515
    2180  555  615  460  466  499  678  639  404  515  597
    2200  668  534  460  501  606  469  565  514  475  439
    2220  539  609  567  559  612  501  513  458  622  467
    2240  556  515  606  490  544  549  677  506  548  400
    2260  493  462  658  623  490  552  621  409  580  384
    2280  610  704  700  442  573  456  651  395  460  494
    2300  639  649  598  443  495  546  627  461  455  593
    2320  578  638  524  541  553  485  549  442  452  479
    2340  674  537  469  570  555  517  512  574  348  543
    2360  578  635  488  604  431  495  466  536  322  436
    2380  562  550  621  628  499  511  429  600  455  435
    2400  570  539  613  607  608  417  426  614  507  444
    2420  616  563  586  640  674  506  419  553  578  566
    2440  465  530  511  707  630  539  431  554  478  522
    2460  613  641  542  588  512  593  365  499  463  384
    2480  569  546  534  569  555  603  437  498  532  538
    2500  573  555  623  488  490  504  435  441  445  577
    2520  591  555  628  495  496  550  462  484  505  618
    2540  446  664  669  554  426  530  515  590  447  539
    2560  542  637  580  609  517  484  604  456  493  565
    2580  697  531  686  609  431  465  479  424  526  656
    2600  562  599  516  618  432  392  513  369  579  451
    2620  420  606  473  580  541  479  582  488  531  513
    2640  370  565  553  459  514  469  449  424  462  522
    2660  477  599  606  543  584  406  514  347  443  474
    2680  539  627  409  649  469  452  497  518  418  361
    2700  468  563  488  557  586  433  586  603  396  521
    2720  502  422  371  535  428  473  468  565  458  663
    2740  581  567  437  634  392  442  488  398  394  516
    2760  532  407  475  495  472  428  483  568  449  534
    2780  579  493  503  543  500  496  483  593  399  533
    2800  511  416  372  632  571  365  359  631  446  464
    2820  599  505  381  572  562  540  556  632  429  476
    2840  585  507  480  468  587  399  407  467  559  528
    2860  668  480  383  506  533  366  433  447  545  524
    2880  574  522  355  528  479  398  350  406  534  527
    2900  565  397  392  550  533  517  379  569  516  523
    2920  497  514  501  416  428  443  439  596  483  545
    2940  611  544  444  484  360  393  418  575  425  501
    2960  630  412  533  452  368  477  465  387  525  476
    2980  406  497  510  388  383  515  452  440  548  490
    3000  405  567  420  544  512  548  434  351  410  477
    3020  396  590  507  462  618  510  536  405  571  383
    3040  552  459  545  477  544  396  416  414  537  477
    3060  613  560  493  454  474  552  516  495  403  540
    3080  588  516  366  425  357  470  440  674  475  551
    3100  514  485  358  294  526  382  465  450  450  646
    3120  438  598  339  315  529  478  571  519  291  624
    3140  575  482  370  409  429  458  576  526  382  478
    3160  448  599  470  471  510  450  509  452  352  602
    3180  484  630  372  399  493  418  438  496  378  452
    3200  490  607  437  312  436  382  383  373  358  343
    3220  522  557  480  370  470  418  471  399  442  498
    3240  602  390  355  320  452  412  494  320  441  462
    3260  511  381  421  302  452  383  465  457  359  604
    3280  562  456  454  352  496  427  441  397  481  508
    3300  433  430  462  262  480  487  383  390  613  582
    3320  531  560  515  433  532  408  493  456  585  533
    3340  530  529  405  422  469  520  482  482  509  475
    3360  603  619  414  416  465  521  487  497  411  585
    3380  380  561  546  375  297  500  418  481  544  491
    3400  482  579  417  329  408  472  509  385  501  554
    3420  546  594  468  366  484  370  557  367  467  503
    3440  559  554  334  332  392  520  419  313  498  478
    3460  513  594  269  374  417  498  523  268  441  470
    3480  537  527  397  336  381  520  498  345  459  494
    3500  536  395  374  351  398  418  462  394  382  473
    3520  606  467  336  405  433  406  453  381  502  467
    3540  707  494  260  355  482  374  450  379  614  533
    3560  674  471  178  417  391  386  424  427  557  505
    3580  487  571  305  430  357  390  382  381  500  381
    3600  576  556  267  365  387  348  481  252  585  391
    3620  558  517  288  433  529  337  487  399  505  501
    3640  468  432  306  368  419  305  445  352  458  475
    3660  445  472  362  283  438  256  336  432  453  452
    3680  376  411  376  336  438  366  287  294  483  491
    3700  399  402  277  270  522  442  470  349  460  438
    3720  462  549  357  402  410  387  426  444  350  362
    3740  356  473  361  397  434  453  368  333  379  304
    3760  401  434  311  392  336  535  359  460  440  440
    3780  407  514  352  331  341  500  530  431  476  354
    3800  412  455  297  365  379  516  437  347  507  388
    3820  331  360  235  388  467  460  510  424  434  464
    3840  330  427  202  352  489  620  447  427  333  404
    3860  390  550  309  341  543  470  338  495  366  317
    3880  365  543  364  427  431  359  498  377  370  359
    3900  318  437  387  522  406  395  465  395  284  373
    3920  370  411  314  328  419  533  541  444  377  384
    3940  463  455  340  481  384  349  397  451  312  314
    3960  471  470  468  532  258  327  397  369  321  352
    3980  425  403  382  352  420  369  423  422  355  296
    4000  416  319  314  435  429  261  398  317  446  421
    4020  407  452  238  362  347  244  418  266  450  456
    4040  334  561  202  434  384  266  331  281  421  436
    4060  419  421  259  337  393  360  416  251  545  469
    4080  394  491  290  394  347  370  404  291  452  448
    4100  472  453  242  438  274  384  376  418  452  438
    4120  485  407  229  297  300  366  391  397  461  406
    4140  463  413  142  253  354  414  456  301  430  306
    4160  387  421  248  290  415  459  444  203  297  262
    4180  358  277  206  365  230  399  526  281  356  287
    4200  423  352  155  367  343  454  513  236  363  232
    4220  357  371  219  437  380  391  552  362  342  281
    4240  291  497  255  420  219  317  438  358  299  266
    4260  331  555  230  353  319  308  358  201  476  192
    4280  383  444  201  320  324  444  389  351  421  271
    4300  349  536  308  255  420  517  292  267  410  352
    4320  260  456  295  279  319  534  333  202  450  390
    4340  304  469  376  214  291  536  467  126  412  408
    4360  329  458  218  205  361  506  476  242  421  336
    4380  355  432  180  255  409  459  423  307  389  318
    4400  436  400  117  201  310  384  494  234  416  331
    4420  510  386  171  167  286  469  452  127  516  259
    4440  507  375  239  282  260  501  419  218  410  186
    4460  403  268  183  304  257  436  298  302  455  166
    4480  393  261  213  150  254  441  379  279  472  248
    4500  346  334  284   99  206  506  275  314  479  174
    4520  386  296  261  105  297  512  371  399  356  192
    4540  289  286  273  250  210  335  455  445  427  184
    4560  296  327  325  159  214  397  417  407  416  177
    4580  329  422  267  151  224  457  367  325  472  213
    4600  341  411  363  195  206  415  337  358  511  219
    4620  392  335  364  153  261  504  396  348  381  327
    4640  409  305  240  184  268  526  427  287  393  210
    4660  417  321  276  124  305  535  331  331  406  276
    4680  281  248  298  166  310  425  328  264  486  391
    4700  412  344  251  194  381  460  399  350  407  406
    4720  342  455  164  197  406  428  336  217  527  331
    4740  309  401  152  293  358  338  389  260  501  128
    4760  287  255  177  366  283  305  405  192  406   96
    4780  413  370  190  429  349  332  430  350  332  171
    4800  409  365  185  405  265  501  321  359  454  215
    4820  471  434  202  479  301  446  335  312  380  195
    4840  415  275  222  298  374  365  457  311  252  203
    4860  322  250  235  267  297  405  277  358  256  120
    4880  281  232  146  297  334  448  256  391  217  227
    4900  504  434  110  284  418  339  313  414  330  238
    4920  491  373  194  435  307  378  291  241  388  256
    4940  399  290  152  300  312  473  257  325  352  258
    4960  351  328  138  374  345  442  216  481  329  343
    4980  459  263  186  313  275  361  267  406  523  226
    5000  296  246  161  239  281  389  236  329  377  309
    5020  240  241  233  186  287  455  251  245  306  257
    5040  269  209  203  272  301  437  292  277  309  281
    5060  285  298  342  212  387  473  261  296  433  226
    5080  282  221  279  116  306  519  207  372  425  108
    5100  288  218  342  148  282  460  391  291  331  116
    5120  238  138  317  140  306  397  302  357  427  124
    5140  246  196  247  191  421  430  372  303  436  140
    5160  199  159  202  146  390  396  321  216  550  182
    5180  267  221  187  121  420  246  285  311  378  219
    5200  342  210  140  150  343  317  238  254  417  114
    5220  381  281   92  111  289  372  345  346  425  175
    5240  295  231   32  186  255  413  258  274  354  135
    5260  260  139  160  131  309  337  311  356  294  156
    5280  280  142  180  248  327  293  264  352  279  148
    5300  197   96  339  286  206  301  209  406  305  167
    5320  156   90  334  256   72  350  226  323  339  157
    5340  293  233  345  230  108  298  237  202  323  160
    5360  300  235  369  303  235  386  259  275  303  138
    5380  228  208  201  271  251  312  280  408  305  227
    5400  222  131  223  211  252  301  179  362  154  305
    5420  214  158  313  156  315  337  137  273  247  267
    5440  153  151  211  161  326  390  146  279  195  338
    5460   99  221  175   65  281  329  196  284  207  314
    5480  157  221  236   42  273  389  219  259  338  189
    5500  124  161  184   62  168  390  271  235  174  157
    5520  140  177  198   74  235  423  311  192  252  158
    5540  227  255  232  150  230  564  329  313  167  327
    5560  142  280  168  263  294  428  314  238  162  276
    5580  134  230  241  121  423  362  247  275  196  351
    5600  173  236  227  179  202  281  259  369  269  224
    5620  134  147  179  151  240  198  281  380  212  258
    5640  255  136  153  170  229  202  235  373  174  361
    5660  295  134  115  246  184  403  226  360   95  364
    5680  237  121  230  183  242  288  248  356  133  349
    5700  313  287  239  247  359  317  238  392  213  390
    5720  266  289  200  328  342  459  267  264  185  311
    5740  276  256  173  200  264  364  322  424  263  297
    5760  212  276  166  103  315  357  318  483  251  171
    5780  175  277  266  105  390  323  291  470  298  293
    5800  255  299  257   69  416  403  287  422  238  253
    5820  275  226  254  137  356  290  204  215  160  332
    5840  183  193  202  169  341  364  194  116  142  288
    5860   68  167  179  174  334  347  209  145  257  156
    5880   38  101  189  195  344  481  240  143  303  153
    5900   82   77  153  252  189  379  234  227  256  165
    5920  154   33  303  246  302  261  195  216  130  232
    5940  153   74  150  145  291  335  161  300   94  313
    5960  180  103   92  148  366  350  190  175  165  252
    5980  236  134  123  162  352  347  259  219  281  299
    6000  217  268  160  229  402  275  196  336  247  237
    6020  222  134  204  290  294  329  179  192  214  164
    6040  221  134  208  305  357  235  299  348  141  226
    6060  210  172  191  344  312  224  207  254  138  276
    6080  213  143  222  252  234  277  200  256  115  222
    6100  171  150  105  263  243  221  255  340   91  167
    6120  103  120  121  302  191  360  221  389  167  153
    6140  187   92  227  271  218  360  133  338  133  205
    6160  207  181  170  251  263  331  160  331  160  185
    6180  168  256  182  157  322  244  187  269  195  159
    6200  171  244  201  157  235  199  186  197   57  116
    6220  247  181  154  166  243  160  263  126   57   56
    6240  334  160   36  198  193  153  248   89   62   30
    6260  243   84   89  177  205  245  157   80   47   65
    6280  262  113   65  203  285  157   75   95   22   71
    6300  239  142   38  231  348  216   56  209   31   71
    6320  296  177   58  285  334  145   61  175   35  150
    6340  344  185  103  267  308  275  138  113   43  127
    6360  299  191  166  220  358  217  159  187   79  131
    6380  221  181  112  246  287  205  244  161   45  215
    6400  225  235    4  287  260  236  175  225   36  177
    6420  268  264   28  227  289  298  174  227   49   97
    6440  167  238   43  167  334  343  135  202    8  165
    6460   76  168   15  185  313  294  157  107    5  178
    6480   35  160    0   99  243  378  210   96   27  183
    6500   10  143    1   92  223  388  208  115   22  156
    6520    4  107    5  138  273  317  106  153   75  129
    6540    0  178    0  252  298  292  153  172   49  133
    6560   17  107    9  193  288  213  144  206  180   72
    6580   36   93    0  271  231  115  132  184  167   61
    6600   60   97   29  318  318  108  153  150  190   78
    6620  108  103   92  416  297   57   90  206  254   75
    6640  106   78  186  278  244   48   47  165  155   36
    6660  185  105  135  188  259   78   95  150  106  111
    6680  186  142  106  163  286  206  138  216   92  135
    6700  183  145  217  140  379  206  109  194  108   75
    6720   97  159  240  127  377  269   70  179  166  164
    6740   59   86  207  180  259  314   99   99  170  142
    6760  141   81  140  212  266  275   85   80  159  114
    6780  176   20  183  200  201  302  157   58   97  131
    6800  256   57  190  161  229  396  171  116  107  142
    6820  172   76  175  143  257  355  146  116   89  214
    6840  166   61  193  124  282  246  141  182   81  215
    6860  140   67  233  136  338  252  119  134   29  231
    6880   90   20  192  156  314  262  137  131    2  208
    6900   60   38  282  147  188  345   85  164    1  130
    6920   18   50  282  154  193  283   76  204   14  155
    6940    7   74  298   44  184  264  165  254   39  174
    6960    0   66  283   90  173  235  165  212   22  186
    6980    9  101  166  123  229  261  142   89   55  122
    7000    0  126  157  158  198  218   77   78   56   95
    7020    0   73  137  135  288  223   72  164   70  147
    7040    0   78   87  210  266  227   17  261   81  245
    7060    2  109   89  181  319  339   29  220  100  241
    7080    0  221  107  107  328  255   29   74  155  130
    7100    0  217  110   78  208  224   49   58  196  131
    7120    6  186  116   58  197  266   61   31  195   92
    7140   19  154   66  121  159  211  188   80  181  105
    7160    8   50   63  142  233  113  210   85  191  137
    7180   52   42   23  143  211  142  204  118  108  152
    7200   76    9   47  112  182   96  257   68  107  135
    7220  114    8  129  139  328  176  209   37  113  100
    7240  115   24  146  129  250  268  185   37  131   69
    7260   98   37  271   89  286  312  182   84  134   53
    7280  191  112  334   79  283  306  208   74   87   47
    7300  112   99  326   45  306  275  222   80  157   67
    7320  164  100  302   25  293  297  280  130  112  119
    7340  196   94  316   19  363  274  184  117  152   87
    7360  212  138  364   31  282  349  185  174  175   68
    7380  167  168  311   16  223  422  196  211  259   91
    7400  172   82  255   16  100  359  110  238  204   57
    7420  268  146  282    0  119  310  107  257  134  145
    7440  242  155  339    2  168  270  169  336  125   68
    7460  289   33  330    0   92  193  194  215   61   21
    7480  170   84  273    0   24  106  238  234   27    0
    7500  154   81  161    0    7   99  172  228    4    4
    7520  119   50  168    0   26   84  201  256    0    0
    7540  254   66  230    0   38   94  201  291    0    0
    7560  273   30  131    0   35   90  200  430   12    2
    7580  189   53  158   11   78  131  218  217    3   18
    7600  109   90  154    0   58  141  196  208    0   23
    7620  125   53  125    0  155  101  154  172    0    6
    7640  229   65  205    0  138   47  140  115   17   62
    7660  128   49  211   11   34   49  196   68   73   56
    7680  144   66  170    0   10  124  109  159  156   39
    7700  156   87  219    0    1   76   85  142  122   78
    7720  168   99  297    0    0  156   94   83  121  121
    7740  158  100  238    0    0  159  126   85  153  173
    7760  129   94  165    0    0  174  129  137  186  161
    7780  153   85  169   28    6  124  147  186  173   78
    7800  151  158  206   58    0  217  123  177  207  205
    7820  197   20  213   49    3  165  150  248  214  265
    7840  122    0  189    4   16  317  174  273  130  293
    7860   98    0  356    5   26  322  131  257  199  278
    7880   70    0  170    0   39  271  110  252  233  275
    7900   50    0  161    0  136  260  109  215  242  265
    7920   68   14  156    9   75  331   84  203  221  341
    7940   61   39  259    0   44  180   40  251  259  424
    7960   34   50  168   18   89  211   38  259  261  408
    7980   82   66  119    0  105  250   27  264  285  263
    8000  187   77   99    1  141  137   34  182  221  243
    8020  208  102   70    7  137  134   22  282  271  294
    8040  119  122   61    6   86  155    9  161  180  184
    8060  180  118   86    4   96  185   16  182  189  229
    8080  167  129   87   11  102  162    0  287  160  173
    8100  136  161  188   18  192  174   16  252  226  138
    8120  207  169  204   12  117  149   27  237  243  118
    8140  115  180  274   13  107  147   41  252  135  150
    8160  148  145  220   13   79  242   59  260  123   97
    8180  147  174  138   15   83  287   73  170  205   36
    8200  111  187  111   52  132  242   88  112  184   23
    8220   76  209  171   56  111  239  100  126  160   30
    8240  113  201  147   64  162  194  165   97  196   90
    8260   54  270  150  167  170  177  193  223  191  109
    8280   91  196  165  167  116  207  216  182  196  134
    8300  154  192  196  154  127  196  131  114  259   92
    8320  113  193  169  184   77  174  257   81  256  163
    8340   97  163  168  186   70  177  325   43  203  170
    8360  162  141  158  247   54  151  193   68  181   73
    8380  191   54  145  312   22  142  285   75  188  103
    8400  190   29   71  253    1  118  282   21  285  179
    8420   93    6   90  365    8   70  162   17  242  164
    8440   67   18   51  215    9   34  121    0  223  163
    8460  122   14   61  226    0   36   92    0  191  122
    8480  140    0   57  237    0   38   69    0  130  129
    8500  132    0   85  313    0   44   21    0   56  135
    8520  121    0  208  233   11   26   26    2   19  228
    8540   61    0  251  280   12    5   42    0   67  138
    8560   50    2  139  265    3    2   52    0   41  114
    8580   24    1  117  228    0    0   17   11   56   46
    8600    3    0  163  287    5    0   13    4  115   58
    8620    0    0   98  270    3    0    6    0  120   60
    8640    0    2   75  250    0    5   10    0  117   84
    8660    0   12   62  352    0    0   35    2  124   59
    8680    0   99   72  205    0    0   47    1  138   35
    8700    0   85   28  197    0    0  128    1  138    0
    8720    0   88   27  152    0   18  110    0  120    0
    8740    0  143   13  143    0   27   75    0  117    0
    8760    9  158   18  206    1   12   51    0  154   23
    8780   47  208   10  206    3    1   61    1  195   24
    8800   32  175   11  185    5   10   24    0  212   74
    8820   24   91    6  153    0    0    0    0  126  135
    8840   48  127    0  138    0    0    0    0  136   81
    8860  116  105    1  142    0    0    0    0  180   96
    8880   56  118   38  147    9    0   17    0  130   63
    8900   41   93   27  197    0    4   13   26  132   43
    8920   80   89  115  187    0    0   30   18  148  102
    8940  146  150  122  120    0   15   37   53  113  131
    8960  144  267  154  121    3    9   39   96   94  159
    8980  187  353  157  161   62   22  119  101   91  128
    9000  166  290  118  161   42    3  104  217   96  182
    9020  135  228  117  107   32    4   79  170   68  149
    9040  248  207  156   54   52    0  135  189   70  123
    9060  168  196  207   24   13    0   37  248    0  131
    9080  136  184   90   53   16    1   35  264    2  163
    9100  142  290   54   55   44    8   52  186    4   70
    9120  119  273   64   21   64   61   59  226    4   71
    9140  126  257   38   53  104   28   98  145    5   41
    9160  142  155   27   71  191   19   67  180   15   28
    9180  273  137   14   45  175   80   49  160    9   48
    9200  181   62   29   53  285   86   17  168    0   50
    9220  126  139   13   83  206   59    0  142    0   46
    9240  106  120   31   41  211    0    6   86    0   57
    9260  108  113   14   23  204    0    5   99    2   45
    9280  232  145    9    7  189    0   62   82    0   38
    9300  245  112   30    8  183    0   71  109    1   39
    9320  161  130   33   29  143    0   99  111    0  144
    9340  185  208   69    4  150    0  102  115   18  119
    9360  163  229   35    0  124    0  149  130   21   92
    9380  171  174  110    0  184    0  121   65   21  155
    9400  143   95   72    0  163    0   49   31   20  139
    9420  139  147   44    0  160   22   39   25   14  127
    9440   48  210   56    0  126   12   58   74   44  146
    9460  112  238   15    3  127    0   34   69   10  155
    9480  105  270   48    5  113    0   30   68   27  120
    9500  106  202   40   45  149    0   27   35   51  102
    9520   58  105   57   38   52    0   24  114   31  147
    9540   23  161  120   22   89    0    1  102   11   71
    9560   24  177  136   47   96    0    0  130   36   42
    9580   12  151  127   23  117    0    0  138    0   37
    9600   44  187  219   11   72    0    0  109    1   53
    9620   39  205  153    6   21    0    0   76    0   32
    9640   21  118  108    0   23    0    0  119    0   50
    9660   35  107  163    0   23    0    0  124   10   28
    9680   47   78  264    0  100    0    0  178    2   50
    9700   59   44  317    7   95    0    0  241   30   68
    9720   41   54  299   38   68    1    0  163   57   38
    9740   22   17  250    0  120    0    0   79   49   34
    9760   64   17  241    0  184    5    0   15   75   12
    9780   63   17  287    0  101   50    1    2   83    0
    9800  102    6  256    0  108   49    0   20   71    0
    9820  205   10  173    0   62  106    0   10   66    0
    9840   99    0  172    0   68  120    0   13   57    0
    9860   49   26   70    0   70  118    0    3   48    0
    9880   49   17   28    0   30  156    0    0   29    0
    9900   30   42   39    2    0  192    1    0   31    0
    9920   14  182   64    0    3  274    3    0   27    0
    9940    2  151   56    0    0  242    7    1   10    4
    9960   33  201  105    0    0  258    0    2   25    7
    9980   35  287   99    0    0  201    0    0    0   24
   10000   50  290  106    0    0  212    0    0    0   53
   10020   25  284  169    3    3  225    0    2    2   68
   10040   34  331  150    4    0  239    0    2    0   76
   10060   31  395  200   15    0  146    2    0    6   74
   10080   18  299  323   17    0   98    0    0    2   69
   10100    7  252  254   26    0  133    0    2    0   44
   10120    0  138  309   43    0  150    0    0    3   82
   10140    0   72  258   32    2  164    0    0    0   88
   10160   20  119  214   49    1  226   13    0    6  124
   10180    0  147  233   26    0  199    0    0    4   62
   10200    0   77  250    6    0  177    0    0    1  124
   10220    0  104  253    6    0  172    0   11   11  171
   10240    5  147  256    7    0   94   23   27   21  165
   10260    0  118  307    2    0   66    0   21   71   95
   10280    0  142  322    6    0   37    0   35   75  133
   10300    0  101  371    5    0    6    0   79   27  173
   10320    0   97  235    2    0    0    2  113   33  165
   10340    0   65  251    0    0    8    0   78   19  166
   10360    0   25  202    0    0   18    0  105    2  234
   10380    0   29  162    0    0   14    0  146    9  128
   10400    0    7  186   12    0    0    2  166   19  164
   10420    0    0  164   11    1    0    0  246   10  106
   10440    0    0  224    0    0    0    0  178   11  127
   10460    0    6  219    0    0    0    0  166    9  113
   10480    0   14  273    0    2    0    0  179    6  161
   10500    0    0  219    0    1    8    0  221    4  162
   10520    0    0  155   12    0    5    0  155   24  212
   10540    1    2  176   12    0    6    0  186    1  221
   10560    0   15  182    1    0    9    0  196    0  290
   10580    0   26  172    5    0    0    0  200    1  252
   10600    2   32  182    3    5    0    0  196    0  205
   10620    8    7  201   32    5    0    0  172    0  185
   10640   21   35  239   75    4    0    0  215    0  170
   10660    2   98  162  151   31    0    2  197    0  123
   10680    0   34  243  271   28    0    0  155    0  212
   10700    0    0  227  235   56    0    8  169    0  226
   10720    0    0  288  260   58    0    5  192    0  282
   10740    0    0  259  169   23    0    4  225    0  227
   10760    0    0  305  137   23    3    0  227    0  177
   10780    0    0  168   39   43    1    0  115    0  128
   10800    5    5  294   49   63    0    0   72    0  176
   10820    5   14  180   63   79    0    0   55    0  260
   10840    0   17  279   73  120    2    0  111    0  284
   10860    0   53  195   99   70    0    4  224    0  113
   10880    3   71  195  101   42    0    3   96    0   50
   10900    0   31  107   60   58    0    0   36    0  182
   10920    5   25  134   85   17    0    0   16    0  227
   10940    1   32  157   30    0    0    0    1    1  167
   10960    0    4  177    4    0    0    0    4   33  129
   10980    0    0  149   46    0    2    0    6   29  147
   11000    0    0  148    5    0    0    5   31   49  179
   11020    0    0   56   13    1    0    7   92   82  220
   11040    0    1   64    7   15    0   49   76    5  305
   11060    0    4  130    2   12    0   42   42    4  307
   11080    0    4  133    4    9    0   12   27   28  407
   11100   12    2  117   11   30    9    8    4   72  270
   11120   25    0  123    0   95   15    0    0   94  247
   11140    0    0  126    0   57    8    5   12  144  327
   11160    0    0  144    0  115   17   13    3  246  172
   11180    4    0   54    0   77   11    4    0   83  168
   11200    0    0   94    0   65   21    4    0  166  241
   11220    0    0   73    0   82   12    6    0  170  210
   11240    0    0  104   13  109   11    0    0  223  258
   11260    0    4  106    7  207    0    1    0  293  355
   11280   39   17  161   10  107    0    0    0  291  190
   11300   13   21  162    0  155    2    3    2  284  206
   11320    0   36  190    0  101    0    0    0  269  127
   11340    4   38  163    0   79    0    0   12  279  121
   11360    4   50  123    0   61    0   12   26  185  144
   11380    0   64  154    3  119    2    0   27  252  208
   11400    0  100  127    0  151    0    0   23  248  213
   11420    1   67  165    0  151    0    0   39  176  192
   11440    0   60  160    0  162    0    3   60   91  139
   11460    4   64  116    0  171    0    0   58   93  106
   11480   16   67  168    0  145    4    0   62  139   99
   11500   28   55   90    0  178    0    0   65  182  174
   11520   20   98   73    0  156    0    0  123  222  212
   11540   66   77   96   14  219    0   28  192  252  238
   11560   91   29   95    1  231    0   69  122  215  242
   11580   91   36  133    0  244    0   33   59  180  238
   11600  198    2  242    0  179    0    6   55   97  304
   11620  172    0  241    0  135    0    3   38   53  171
   11640  217    0  152    0  177    0    0   20   73   81
   11660  200   10   78    1  233    4    0   54   44   74
   11680  183    7   60    0  161    3    0   36   62   71
   11700  212    0  131    0  125    0    0   24   26   43
   11720  295    0   35    1   73    0    0   17   15   49
   11740  216    0    8    0  145   15    0    0   59    7
   11760  331    0   39    0   89   30    0    0   41   12
   11780  295    0   37    1   33   29    0    1   73    6
   11800  230    0   34    0   56  102    6    0  185    0
   11820  167   11    0    0  131  221    0    0  170    3
   11840  163    0    0    0  108  174    0    3  170    8
   11860  187    1    0    0   67  240    0    0  141    4
   11880  177    0    0    0   44  232    1    4  167    2
   11900  247    0    0    0   94  413    0    0  111    0
   11920  167    0    0    0   75  246   37    3   34    0
   11940  170    0    0    0   87  225   43    0   22    0
   11960  177    0    0    0   46  187   83    0    0    0
   11980  152    0    0    0   40  146   29    0    5    0
   12000  112    0    0    0   34  142   60    0    0   13
   12020  190    0    0    0   30   66   92    0    0    3
   12040  145    0    6    0   25  124  114    0    0    8
   12060  150    0   30    0   24   80  132    2   10    0
   12080   86    0   98    0    0   74   62    0    0   16
   12100  110    0  118    0   20  126  110    1    0   72
   12120  106    0   91    0   43  127  136    0    0   46
   12140   53    0  111    0   55  131  113    0    0   67
   12160   96    3  204    0   69   50   84    0    0   41
   12180  105    6  175    0   42  151   91    0    2   41
   12200   90    5  149    0   30  192   86    0    0  118
   12220   95    0  131    1   11  124   70    0    0  138
   12240  110    2  199    0    3   66   68    0    0  202
   12260  110    1  118    0    0   95   92    0    0  262
   12280   99    0  162    0    0   94   73    0    0  236
   12300   47    0  196    1    0   90  123    0    0  238
   12320   30    0  165    0    0  118  311    2    0  236
   12340   52    0  141    0    0  168  226    0    0  210
   12360   89    0  210    0    0  202  116    3    0  150
   12380   89    0  112    3    0  198   52    0    0  232
   12400  123    0  119    0    0  114    3    9    0  345
   12420   61    0  240    0    4  214    0   71    0  236
   12440  119   19  268    5    0  168    0   82    2  187
   12460   86   30  199   20    0  137   15  109    0  162
   12480  131   58  106   15    0   79    6  138    0  247
   12500  193   81   97   16    0   38   30  270    0  245
   12520  198  129   77    0    0   31   22  176    1  309
   12540  121   66   79    0    0   19   11  218    0  182
   12560   99   50   61    5    0    5    1  163    0  245
   12580   58   50  101    0    0    0    0  208    0  176
   12600  156   52  137    0    0    0    0  265    0  126
   12620   86   34  151    0    0    3    0  173    0  127
   12640   79   80  148    0    0   13    0  170    0  136
   12660   52  130  167    0    0   21    0  254    0  179
   12680   51  189  138    0    0    0    0  236    2  174
   12700   30  198   89    0    0    0    0  273   16  205
   12720   34  150   75    0    0    0    0  177    0  140
   12740    3  163   83    0    0    0    0   74    0  201
   12760    0  249   84    0    4    0    1  118    0  136
   12780    0  313   36    0    0    0    0  200    0   91
   12800    1  188   34    0    0    0    0  179    0  103
   12820    0  246   12    0    0    4   30  152    2  114
   12840    0  181    6    0    0   38   20  154   16   82
   12860    0  158    2    0    0   25   36  153    2   44
   12880    1  122    0    0    0   32   31  173    0   20
   12900    0   98    0    0    0   70   10  101    0    0
   12920    0   64    0    2    0   15    0  115    0    0
   12940    0   70    0    0    0   15    2  130    0    0
   12960    0   70    0    0    0    8    0  140    0    9
   12980    0  148    0    0    2    0    0  108   12    0
   13000    7  174    0    0    0    0    1  139    0    0
   13020    0  116    7    3    0    0    0  183    0    0
   13040    0  168   41    0    0    0    0  175    0    0
   13060    6   46   34    0    6    0    0  129    1    0
   13080    0   44    1    0    0    0    0  113    0    0
   13100    0   43    0   24    0    0    0  169    0    0
   13120    0   69    0   22    0    0    0   82    0    0
   13140    0   54    0   28    0    0    0   65    0    0
   13160    0   18    0   30    0    0    0   23    0    0
   13180    6   20    0    8    0    4    0   35    0    0
   13200    0    0    3    6    0    0    0    5    0    1
   13220    0    0    3   18    0    0    9    0    0    0
   13240    0    0    0   42    0    0   12    1    0    0
   13260    0    0    0   12    0    0   10    0    0    0
   13280    0    0    0   30    6    0    2    0   10    0
   13300    0    4    0   46    1    0    0    0   48    0
   13320    0   14    0   73    0    5   18    0   53    0
   13340    0   46    0  124    0    0    2    0   24    0
   13360    0   18    0  125    0    0    0    0    1    4
   13380    0    3    0  198    6   20    0    2    0    5
   13400    0    0    0  183    0   27    2   12    0    0
   13420    0    0    0  198    4   15    3   10    0    0
   13440    0    0    0  129    0   29    0    0    0    0
   13460    0    0    0  143    0   29    0    0    8    0
   13480    0    0    0  121    0    0    0   15    0    0
   13500    0    3    0  108    0    0    0   15    0    0
   13520    0    0    0  132    0    0    0   20    0    0
   13540    0    0    0   34    0    0    0   57    0    0
   13560    0    0    1   42    0    0    0   65    0    0
   13580    0    0    0   48    0    0    0   55    0    0
   13600    0   23    0   43    0    0    7  116    0    0
   13620    0    7    0   83    0    0    0  134    0   13
   13640    0    0    0   33    0    0    0   62    0    1
   13660    0    0    0   29    2    0    0  111    0    0
   13680    0    0    0   28    0    0    0  123    0    0
   13700    0    0    0    0    0    0    0  211    0    0
   13720    0    0    0    0    0    0    0  193    0    0
   13740    0    0    0    0    0    0    0  161    0    0
   13760    0    0    0    0    0    0    0  173    0    0
   13780    0    0    0    0    0    0    0   78    0    0
   13800    0    0    0    0    0    0    4   90    0    0
   13820    0    0    0    0    0    0    2   91    0    0
   13840    0    0    0    0    0    0    7   93    1    0
   13860    0    3    0    0    0    0   12   75    0    0
   13880    0    0    0    0    0    0    7  138    0    0
   13900    0    0    0    0    0    0   18  129    0    0
   13920    0    0    0    2    0    0    1  131    0    0
   13940    0    0    0   16    0    0    0  125    0    0
   13960    0    0    0   52    0    0    0  111    0    0
   13980    0    0    0   33    0    0    0  158    0    0
   14000    1    0    0   29    0    0    0  127    0    0
   14020    0    0    0   35    0    0    0  104    0    0
   14040    0    0    0   30    0    0    0  109    0    0
   14060    0    0    0   37    0    0    0  132    0    4
   14080    0    0    0   72    0    0    0   32    3    0
   14100    0    0    0   55    0    0    0    7    0    0
   14120    0    0    0  106    0    0    0    0    0    0
   14140    0    0    0   78    0    0    0    0    0    0
   14160    0    0    0   67    0    0    0    0    0    0
   14180    0    0    0   49    0    0    0    0    0    0
   14200    0    0    0   57    0    0    0    0    0    0
   14220    0    0    0  149    0    0    0    0    0    0
   14240    0    0    0  148    0    0    0    0    0    0
   14260    0    0    0   72    0    0    0    0    0    0
   14280    0    0    0   85    0    0    0    0    0    0
   14300    0    0    0   80    0    0    0    0    0    0
   14320    0    0    0   38    0    0    0    0    0    0
   14340    0    0    0   61    0    0    0    0    0    0
   14360    0    0    0   61    0    0    0    0    0    0
   14380    0    0    0   12    0    0    0    0    0    0
   14400    0    0    0   52    0    0    0    0    0    0
   14420    0    0    0   21    0    0    0    0    0    0
   14440    0    0    0   45    0    0    0    0    0    0
   14460    0    0    0   68    0    0    0    0    0    0
   14480    0    0    0   40    0    0    0    0    0    0
   14500    0    0    0   77    0    0    0    0    0    0
   14520    0    0    0   43    0    0    0    0    0    0
   14540    0    0    0   35    0    0    0    0    0    0
   14560    0    0    0   46    0    0    0    0    0    0
   14580    0    0    0   93    0    0    0    0    0    0
   14600    0    0    0  101    0    0    0    0    0    0
   14620    0    0    0  120    0    0    0    0    0    0
   14640    0    0    0   68    0    4    0    0    0    0
   14660    0    0    0   90    0   46    0    0    0    0
   14680    0    0    0   42    0   52    0    0    0    0
   14700    0    0    0    2    0   79    0    0    0    0
   14720    0    0    0    0    0   86    0    0    0    0
   14740    0    0    0    0    0   52    0    0    0    0
   14760    0    0    0    0    0   35    0    0    0    0
   14780    0    0    0    0    0   35    0    0    0    0
   14800    0    0    0    0    0   29    0    0    0    0
   14820    0    0    0    0    0   43    0    0    0    0
   14840    0    0    0    0    0   71    0    0    0    0
   14860    0    0    0    0    0   43    0    0    0    0
   14880    0    0    0    0    0   34    0    0    0    0
   14900    0    0    0    0    0    2    0    0    0    5
   14920    0    0    0    0    0    0    0    0    0    0
   14940    0    0    0    0    0    0    0    0    0    0
   14960    0    0    0    0    0    0    0    0    0    0
   14980    0    0    0    0    0    0    0    0    0    0
   15000    0    0    0    0    0    0    0    0    0    0
   15020    0    0    0    0    0    0    0    0    0    0
   15040    0    0    0    0    0    0    0    0    0    0
   15060    0    0    0    0    0    0    0    0    0    0
   15080    0    0    0    0    0    0    0    0    0    0
   15100    0    0    0    0    0    0    0    0    0    0
   15120    0    0    0    0    0    0    0    0    0    0
   15140    0    0    0    0    0    0    0    0    0    0
   15160    0    0    0    0    0    0    0    0    0    0
   15180    0    0    0    0    0    0    0    0    0    0
   15200    0    0    0    0    0    0    0    0    0    0
   15220    0    0    0    0    0    0    0    0    0    0
   15240    0    0    0    0    0    0    0    0    0    0
   15260    0    0    0    0    0    0    0    0    0    0
   15280    0    0    0    0    0    0    0    0    0    0
   15300    0    0    0    0    0    0    0    0    0    0
   15320    0    0    0    0    0    0    0    0    0    0
   15340    0    0    0    0    0    0    0    0    0    0
   15360    0    0    0    0    0    0    0    0    0    0
   15380    0    0    0    0    0    0    0    0    0    0
   15400    0    0    0    0    0    0    0    0    0    0
   15420    0    0    0    0    0    0    0    0    0    0
   15440    0    0    0    0    0    0    0    0    0    0
   15460    0    0    0    0    0    0    0    0    0    0
   15480    0    0    0    0    0    0    0    0    0    0
   15500    0    0    0    0    0    0    0    0    0    0
   15520    0    0    0    0    0    0    0    0    0    0
   15540    0    0    0    0    0    0    0    0    0    0
   15560    0    0    0    0    0    0    0    0    0    0
   15580    0    0    0    0    0    0    0    0    0    0
   15600    0    0    0    0    0    0    0    0    0    0
   15620    0    0    0    0    0    0    0    0    0    0
   15640    0    0    0    0    0    0    0    0    0    0
   15660    0    0    0    0    0    0    0    0    0    0
   15680    0    0    0    0    0    0    0    0    0    0
   15700    0    0    0    0    0    0    0    0    0    0
   15720    0    0    0    0    0    0    0    0    0    0
   15740    0    0    0    0    0    0    0    0    0    0
   15760    0    0    0    0    0    0    0    0    0    0
   15780    0    0    0    0    0    0    0    0    0    0
   15800    0    0    0    0    0    0    0    0    0    0
   15820    0    0    0    0    0    0    0    0    0    0
   15840    0    0    0    0    0    0    0    0    0    0
   15860    0    0    0    0    0    0    0    0    0    0
   15880    0    0    0    0    0    0    0    0    0    0
   15900    0    0    0    0    0    0    0    0    0    0
   15920    0    0    0    0    0    0    0    0    0    0
   15940    0    0    0    0    0    0    0    0    0    0
   15960    0    0    0    0    0    0    0    0    0    0
   15980    0    0    0    0    0    0    0    0    0    0
   16000    0    0    0    0    0    0    0    0    0    0
   16020    0    0    0    0    0    0    0    0    0    0
   16040    0    0    0    0    0    0    0    0    0    0
   16060    0    0    0    0    0    0    0    0    0    0
   16080    0    0    0    0    0    0    0    0    0    0
   16100    0    0    0    0    0    0    0    0    0    0
   16120    0    0    0    0    0    0    0    0    0    0
   16140    0    0    0    0    0    0    0    0    0    0
   16160    0    0    0    0    0    0    0    0    0    0
   16180    0    0    0    0    0    0    0    0    0    0
   16200    0    0    0    0    0    0    0    0    0    0
   16220    0    0    0    0    0    0    0    0    0    0
   16240    0    0    0    0    0    0    0    0    0    0
   16260    0    0    0    0    0    0    0    0    0    0
   16280    0    0    0    0    0    0    0    0    0    0
   16300    0    0    0    0    0    0    0    0    0    0
   16320    0    0    0    0    0    0    0    0    0    0
   16340    0    0    0    0    0    0    0    0    0    0
   16360    0    0    0    0    0    0    0    0    0    0
   16380    0    0    0    0    0    0    0    0    0    0
   16400    0    0    0    0    0    0    0    0    0    0
   16420    0    0    0    0    0    0    0    0    0    0
   16440    0    0    0    0    0    0    0    0    0    0
   16460    0    0    0    0    0    0    0    0    0    0
   16480    0    0    0    0    0    0    0    0    0    0
   16500    0    0    0    0    0    0    0    0    0    0
   16520    0    0    0    0    0    0    0    0    0    0
   16540    0    0    0    0    0    0    0    0    0    0
   16560    0    0    0    0    0    0    0    0    0    0
   16580    0    0    0    0    0    0    0    0    0    0
   16600    0    0    0    0    0    0    0    0    0    0
   16620    0    0    0    0    0    0    0    0    0    0
   16640    0    0    0    0    0    0    0    0    0    0
   16660    0    0    0    0    0    0    0    0    0    0
   16680    0    0    0    0    0    0    0    0    0    0
   16700    0    0    0    0    0    0    0    0    0    0
   16720    0    0    0    0    0    0    0    0    0    0
   16740    0    0    0    0    0    0    0    0    0    0
   16760    0    0    0    0    0    0    0    0    0    0
   16780    0    0    0    0    0    0    0    0    0    0
   16800    0    0    0    0    0    0    0    0    0    0
   16820    0    0    0    0    0    0    0    0    0    0
   16840    0    0    0    0    0    0    0    0    0    0
   16860    0    0    0    0    0    0    0    0    0    0
   16880    0    0    0    0    0    0    0    0    0    0
   16900    0    0    0    0    0    0    0    0    0    0
   16920    0    0    0    0    0    0    0    0    0    0
   16940    0    0    0    0    0    0    0    0    0    0
   16960    0    0    0    0    0    0    0    0    0    0
   16980    0    0    0    0    0    0    0    0    0    0
   17000    0    0    0    0    0    0    0    0    0    0
   17020    0    0    0    0    0    0    0    0    0    0
   17040    0    0    0    0    0    0    0    0    0    0
   17060    0    0    0    0    0    0    0    0    0    0
   17080    0    0    0    0    0    0    0    0    0    0
   17100    0    0    0    0    0    0    0    0    0    0
   17120    0    0    0    0    0    0    0    0    0    0
   17140    0    0    0    0    0    0    0    0    0    0
   17160    0    0    0    0    0    0    0    0    0    0
   17180    0    0    0    0    0    0    0    0    0    0
   17200    0    0    0    0    0    0    0    0    0    0
   17220    0    0    0    0    0    0    0    0    0    0
   17240    0    0    0    0    0    0    0    0    0    0
   17260    0    0    0    0    0    0    0    0    0    0
   17280    0    0    0    0    0    0    0    0    0    0
   17300    0    0    0    0    0    0    0    0    0    0
   17320    0    0    0    0    0    0    0    0    0    0
   17340    0    0    0    0    0    0    0    0    0    0
   17360    0    0    0    0    0    0    0    0    0    0
   17380    0    0    0    0    0    0    0    0    0    0
   17400    0    0    0    0    0    0    0    0    0    0
   17420    0    0    0    0    0    0    0    0    0    0
   17440    0    0    0    0    0    0    0    0    0    0
   17460    0    0    0    0    0    0    0    0    0    0
   17480    0    0    0    0    0    0    0    0    0    0
   17500    0    0    0    0    0    0    0    0    0    0
   17520    0    0    0    0    0    0    0    0    0    0
   17540    0    0    0    0    0    0    0    0    0    0
   17560    0    0    0    0    0    0    0    0    0    0
   17580    0    0    0    0    0    0    0    0    0    0
   17600    0    0    0    0    0    0    0    0    0    0
   17620    0    0    0    0    0    0    0    0    0    0
   17640    0    0    0    0    0    0    0    0    0    0
   17660    0    0    0    0    0    0    0    0    0    0
   17680    0    0    0    0    0    0    0    0    0    0
   17700    0    0    0    0    0    0    0    0    0    0
   17720    0    0    0    0    0    0    0    0    0    0
   17740    0    0    0    0    0    0    0    0    0    0
   17760    0    0    0    0    0    0    0    0    0    0
   17780    0    0    0    0    0    0    0    0    0    0
   17800    0    0    0    0    0    0    0    0    0    0
   17820    0    0    0    0    0    0    0    0    0    0
   17840    0    0    0    0    0    0    0    0    0    0
   17860    0    0    0    0    0    0    0    0    0    0
   17880    0    0    0    0    0    0    0    0    0    0
   17900    0    0    0    0    0    0    0    0    0    0
   17920    0    0    0    0    0    0    0    0    0    0
   17940    0    0    0    0    0    0    0    0    0    0
   17960    0    0    0    0    0    0    0    0    0    0
   17980    0    0    0    0    0    0    0    0    0    0
   18000    0    0    0    0    0    0    0    0    0    0
   18020    0    0    0    0    0    0    0    0    0    0
   18040    0    0    0    0    0    0    0    0    0    0
   18060    0    0    0    0    0    0    0    0    0    0
   18080    0    0    0    0    0    0    0    0    0    0
   18100    0    0    0    0    0    0    0    0    0    0
   18120    0    0    0    0    0    0    0    0    0    0
   18140    0    0    0    0    0    0    0    0    0    0
   18160    0    0    0    0    0    0    0    0    0    0
   18180    0    0    0    0    0    0    0    0    0    0
   18200    0    0    0    0    0    0    0    0    0    0
   18220    0    0    0    0    0    0    0    0    0    0
   18240    0    0    0    0    0    0    0    0    0    0
   18260    0    0    0    0    0    0    0    0    0    0
   18280    0    0    0    0    0    0    0    0    0    0
   18300    0    0    0    0    0    0    0    0    0    0
   18320    0    0    0    0    0    0    0    0    0    0
   18340    0    0    0    0    0    0    0    0    0    0
   18360    0    0    0    0    0    0    0    0    0    0
   18380    0    0    0    0    0    0    0    0    0    0
   18400    0    0    0    0    0    0    0    0    0    0
   18420    0    0    0    0    0    0    0    0    0    0
   18440    0    0    0    0    0    0    0    0    0    0
   18460    0    0    0    0    0    0    0    0    0    0
   18480    0    0    0    0    0    0    0    0    0    0
   18500    0    0    0    0    0    0    0    0    0    0
   18520    0    0    0    0    0    0    0    0    0    0
   18540    0    0    0    0    0    0    0    0    0    0
   18560    0    0    0    0    0    0    0    0    0    0
   18580    0    0    0    0    0    0    0    0    0    0
   18600    0    0    0    0    0    0    0    0    0    0
   18620    0    0    0    0    0    0    0    0    0    0
   18640    0    0    0    0    0    0    0    0    0    0
   18660    0    0    0    0    0    0    0    0    0    0
   18680    0    0    0    0    0    0    0    0    0    0
   18700    0    0    0    0    0    0    0    0    0    0
   18720    0    0    0    0    0    0    0    0    0    0
   18740    0    0    0    0    0    0    0    0    0    0
   18760    0    0    0    0    0    0    0    0    0    0
   18780    0    0    0    0    0    0    0    0    0    0
   18800    0    0    0    0    0    0    0    0    0    0
   18820    0    0    0    0    0    0    0    0    0    0
   18840    0    0    0    0    0    0    0    0    0    0
   18860    0    0    0    0    0    0    0    0    0    0
   18880    0    0    0    0    0    0    0    0    0    0
   18900    0    0    0    0    0    0    0    0    0    0
   18920    0    0    0    0    0    0    0    0    0    0
   18940    0    0    0    0    0    0    0    0    0    0
   18960    0    0    0    0    0    0    0    0    0    0
   18980    0    0    0    0    0    0    0    0    0    0
   19000    0    0    0    0    0    0    0    0    0    0
   19020    0    0    0    0    0    0    0    0    0    0
   19040    0    0    0    0    0    0    0    0    0    0
   19060    0    0    0    0    0    0    0    0    0    0
   19080    0    0    0    0    0    0    0    0    0    0
   19100    0    0    0    0    0    0    0    0    0    0
   19120    0    0    0    0    0    0    0    0    0    0
   19140    0    0    0    0    0    0    0    0    0    0
   19160    0    0    0    0    0    0    0    0    0    0
   19180    0    0    0    0    0    0    0    0    0    0
   19200    0    0    0    0    0    0    0    0    0    0
   19220    0    0    0    0    0    0    0    0    0    0
   19240    0    0    0    0    0    0    0    0    0    0
   19260    0    0    0    0    0    0    0    0    0    0
   19280    0    0    0    0    0    0    0    0    0    0
   19300    0    0    0    0    0    0    0    0    0    0
   19320    0    0    0    0    0    0    0    0    0    0
   19340    0    0    0    0    0    0    0    0    0    0
   19360    0    0    0    0    0    0    0    0    0    0
   19380    0    0    0    0    0    0    0    0    0    0
   19400    0    0    0    0    0    0    0    0    0    0
   19420    0    0    0    0    0    0    0    0    0    0
   19440    0    0    0    0    0    0    0    0    0    0
   19460    0    0    0    0    0    0    0    0    0    0
   19480    0    0    0    0    0    0    0    0    0    0
   19500    0    0    0    0    0    0    0    0    0    0
   19520    0    0    0    0    0    0    0    0    0    0
   19540    0    0    0    0    0    0    0    0    0    0
   19560    0    0    0    0    0    0    0    0    0    0
   19580    0    0    0    0    0    0    0    0    0    0
   19600    0    0    0    0    0    0    0    0    0    0
   19620    0    0    0    0    0    0    0    0    0    0
   19640    0    0    0    0    0    0    0    0    0    0
   19660    0    0    0    0    0    0    0    0    0    0
   19680    0    0    0    0    0    0    0    0    0    0
   19700    0    0    0    0    0    0    0    0    0    0
   19720    0    0    0    0    0    0    0    0    0    0
   19740    0    0    0    0    0    0    0    0    0    0
   19760    0    0    0    0    0    0    0    0    0    0
   19780    0    0    0    0    0    0    0    0    0    0
   19800    0    0    0    0    0    0    0    0    0    0
   19820    0    0    0    0    0    0    0    0    0    0
   19840    0    0    0    0    0    0    0    0    0    0
   19860    0    0    0    0    0    0    0    0    0    0
   19880    0    0    0    0    0    0    0    0    0    0
   19900    0    0    0    0    0    0    0    0    0    0
   19920    0    0    0    0    0    0    0    0    0    0
   19940    0    0    0    0    0    0    0    0    0    0
   19960    0    0    0    0    0    0    0    0    0    0
   19980    0    0    0    0    0    0    0    0    0    0
   20000    0    0    0    0    0    0    0    0    0    0
   20020    0    0    0    0    0    0    0    0    0    0
   20040    0    0    0    0    0    0    0    0    0    0
   20060    0    0    0    0    0    0    0    0    0    0
   20080    0    0    0    0    0    0    0    0    0    0
   20100    0    0    0    0    0    0    0    0    0    0
   20120    0    0    0    0    0    0    0    0    0    0
   20140    0    0    0    0    0    0    0    0    0    0
   20160    0    0    0    0    0    0    0    0    0    0
   20180    0    0    0    0    0    0    0    0    0    0
   20200    0    0    0    0    0    0    0    0    0    0
   20220    0    0    0    0    0    0    0    0    0    0
   20240    0    0    0    0    0    0    0    0    0    0
   20260    0    0    0    0    0    0    0    0    0    0
   20280    0    0    0    0    0    0    0    0    0    0
   20300    0    0    0    0    0    0    0    0    0    0
   20320    0    0    0    0    0    0    0    0    0    0
   20340    0    0    0    0    0    0    0    0    0    0
   20360    0    0    0    0    0    0    0    0    0    0
   20380    0    0    0    0    0    0    0    0    0    0
   20400    0    0    0    0    0    0    0    0    0    0
   20420    0    0    0    0    0    0    0    0    0    0
   20440    0    0    0    0    0    0    0    0    0    0
   20460    0    0    0    0    0    0    0    0    0    0
   20480    0    0    0    0    0    0    0    0    0    0
   20500    0    0    0    0    0    0    0    0    0    0
   20520    0    0    0    0    0    0    0    0    0    0
   20540    0    0    0    0    0    0    0    0    0    0
   20560    0    0    0    0    0    0    0    0    0    0
   20580    0    0    0    0    0    0    0    0    0    0
   20600    0    0    0    0    0    0    0    0    0    0
   20620    0    0    0    0    0    0    0    0    0    0
   20640    0    0    0    0    0    0    0    0    0    0
   20660    0    0    0    0    0    0    0    0    0    0
   20680    0    0    0    0    0    0    0    0    0    0
   20700    0    0    0    0    0    0    0    0    0    0
   20720    0    0    0    0    0    0    0    0    0    0
   20740    0    0    0    0    0    0    0    0    0    0
   20760    0    0    0    0    0    0    0    0    0    0
   20780    0    0    0    0    0    0    0    0    0    0
   20800    0    0    0    0    0    0    0    0    0    0
   20820    0    0    0    0    0    0    0    0    0    0
   20840    0    0    0    0    0    0    0    0    0    0
   20860    0    0    0    0    0    0    0    0    0    0
   20880    0    0    0    0    0    0    0    0    0    0
   20900    0    0    0    0    0    0    0    0    0    0
   20920    0    0    0    0    0    0    0    0    0    0
   20940    0    0    0    0    0    0    0    0    0    0
   20960    0    0    0    0    0    0    0    0    0    0
   20980    0    0    0    0    0    0    0    0    0    0
   21000    0    0    0    0    0    0    0    0    0    0
   21020    0    0    0    0    0    0    0    0    0    0
   21040    0    0    0    0    0    0    0    0    0    0
   21060    0    0    0    0    0    0    0    0    0    0
   21080    0    0    0    0    0    0    0    0    0    0
   21100    0    0    0    0    0    0    0    0    0    0
   21120    0    0    0    0    0    0    0    0    0    0
   21140    0    0    0    0    0    0    0    0    0    0
   21160    0    0    0    0    0    0    0    0    0    0
   21180    0    0    0    0    0    0    0    0    0    0
   21200    0    0    0    0    0    0    0    0    0    0
   21220    0    0    0    0    0    0    0    0    0    0
   21240    0    0    0    0    0    0    0    0    0    0
   21260    0    0    0    0    0    0    0    0    0    0
   21280    0    0    0    0    0    0    0    0    0    0
   21300    0    0    0    0    0    0    0    0    0    0
   21320    0    0    0    0    0    0    0    0    0    0
   21340    0    0    0    0    0    0    0    0    0    0
   21360    0    0    0    0    0    0    0    0    0    0
   21380    0    0    0    0    0    0    0    0    0    0
   21400    0    0    0    0    0    0    0    0    0    0
   21420    0    0    0    0    0    0    0    0    0    0
   21440    0    0    0    0    0    0    0    0    0    0
   21460    0    0    0    0    0    0    0    0    0    0
   21480    0    0    0    0    0    0    0    0    0    0
   21500    0    0    0    0    0    0    0    0    0    0
   21520    0    0    0    0    0    0    0    0    0    0
   21540    0    0    0    0    0    0    0    0    0    0
   21560    0    0    0    0    0    0    0    0    0    0
   21580    0    0    0    0    0    0    0    0    0    0
   21600    0    0    0    0    0    0    0    0    0    0
   21620    0    0    0    0    0    0    0    0    0    0
   21640    0    0    0    0    0    0    0    0    0    0
   21660    0    0    0    0    0    0    0    0    0    0
   21680    0    0    0    0    0    0    0    0    0    0
   21700    0    0    0    0    0    0    0    0    0    0
   21720    0    0    0    0    0    0    0    0    0    0
   21740    0    0    0    0    0    0    0    0    0    0
   21760    0    0    0    0    0    0    0    0    0    0
   21780    0    0    0    0    0    0    0    0    0    0
   21800    0    0    0    0    0    0    0    0    0    0
   21820    0    0    0    0    0    0    0    0    0    0
   21840    0    0    0    0    0    0    0    0    0    0
   21860    0    0    0    0    0    0    0    0    0    0
   21880    0    0    0    0    0    0    0    0    0    0
   21900    0    0    0    0    0    0    0    0    0    0
   21920    0    0    0    0    0    0    0    0    0    0
   21940    0    0    0    0    0    0    0    0    0    0
   21960    0    0    0    0    0    0    0    0    0    0
   21980    0    0    0    0    0    0    0    0    0    0
   22000    0    0    0    0    0    0    0    0    0    0
   22020    0    0    0    0    0    0    0    0    0    0
   22040    0    0    0    0    0    0    0    0    0    0
   22060    0    0    0    0    0    0    0    0    0    0
   22080    0    0    0    0    0    0    0    0    0    0
   22100    0    0    0    0    0    0    0    0    0    0
   22120    0    0    0    0    0    0    0    0    0    0
   22140    0    0    0    0    0    0    0    0    0    0
   22160    0    0    0    0    0    0    0    0    0    0
   22180    0    0    0    0    0    0    0    0    0    0
   22200    0    0    0    0    0    0    0    0    0    0
   22220    0    0    0    0    0    0    0    0    0    0
   22240    0    0    0    0    0    0    0    0    0    0
   22260    0    0    0    0    0    0    0    0    0    0
   22280    0    0    0    0    0    0    0    0    0    0
   22300    0    0    0    0    0    0    0    0    0    0
   22320    0    0    0    0    0    0    0    0    0    0
   22340    0    0    0    0    0    0    0    0    0    0
   22360    0    0    0    0    0    0    0    0    0    0
   22380    0    0    0    0    0    0    0    0    0    0
   22400    0    0    0    0    0    0    0    0    0    0
   22420    0    0    0    0    0    0    0    0    0    0
   22440    0    0    0    0    0    0    0    0    0    0
   22460    0    0    0    0    0    0    0    0    0    0
   22480    0    0    0    0    0    0    0    0    0    0
   22500    0    0    0    0    0    0    0    0    0    0
   22520    0    0    0    0    0    0    0    0    0    0
   22540    0    0    0    0    0    0    0    0    0    0
   22560    0    0    0    0    0    0    0    0    0    0
   22580    0    0    0    0    0    0    0    0    0    0
   22600    0    0    0    0    0    0    0    0    0    0
   22620    0    0    0    0    0    0    0    0    0    0
   22640    0    0    0    0    0    0    0    0    0    0
   22660    0    0    0    0    0    0    0    0    0    0
   22680    0    0    0    0    0    0    0    0    0    0
   22700    0    0    0    0    0    0    0    0    0    0
   22720    0    0    0    0    0    0    0    0    0    0
   22740    0    0    0    0    0    0    0    0    0    0
   22760    0    0    0    0    0    0    0    0    0    0
   22780    0    0    0    0    0    0    0    0    0    0
   22800    0    0    0    0    0    0    0    0    0    0
   22820    0    0    0    0    0    0    0    0    0    0
   22840    0    0    0    0    0    0    0    0    0    0
   22860    0    0    0    0    0    0    0    0    0    0
   22880    0    0    0    0    0    0    0    0    0    0
   22900    0    0    0    0    0    0    0    0    0    0
   22920    0    0    0    0    0    0    0    0    0    0
   22940    0    0    0    0    0    0    0    0    0    0
   22960    0    0    0    0    0    0    0    0    0    0
   22980    0    0    0    0    0    0    0    0    0    0
   23000    0    0    0    0    0    0    0    0    0    0
   23020    0    0    0    0    0    0    0    0    0    0
   23040    0    0    0    0    0    0    0    0    0    0
   23060    0    0    0    0    0    0    0    0    0    0
   23080    0    0    0    0    0    0    0    0    0    0
   23100    0    0    0    0    0    0    0    0    0    0
   23120    0    0    0    0    0    0    0    0    0    0
   23140    0    0    0    0    0    0    0    0    0    0
   23160    0    0    0    0    0    0    0    0    0    0
   23180    0    0    0    0    0    0    0    0    0    0
   23200    0    0    0    0    0    0    0    0    0    0
   23220    0    0    0    0    0    0    0    0    0    0
   23240    0    0    0    0    0    0    0    0    0    0
   23260    0    0    0    0    0    0    0    0    0    0
   23280    0    0    0    0    0    0    0    0    0    0
   23300    0    0    0    0    0    0    0    0    0    0
   23320    0    0    0    0    0    0    0    0    0    0
   23340    0    0    0    0    0    0    0    0    0    0
   23360    0    0    0    0    0    0    0    0    0    0
   23380    0    0    0    0    0    0    0    0    0    0
   23400    0    0    0    0    0    0    0    0    0    0
   23420    0    0    0    0    0    0    0    0    0    0
   23440    0    0    0    0    0    0    0    0    0    0
   23460    0    0    0    0    0    0    0    0    0    0
   23480    0    0    0    0    0    0    0    0    0    0
   23500    0    0    0    0    0    0    0    0    0    0
   23520    0    0    0    0    0    0    0    0    0    0
   23540    0    0    0    0    0    0    0    0    0    0
   23560    0    0    0    0    0    0    0    0    0    0
   23580    0    0    0    0    0    0    0    0    0    0
   23600    0    0    0    0    0    0    0    0    0    0
   23620    0    0    0    0    0    0    0    0    0    0
   23640    0    0    0    0    0    0    0    0    0    0
   23660    0    0    0    0    0    0    0    0    0    0
   23680    0    0    0    0    0    0    0    0    0    0
   23700    0    0    0    0    0    0    0    0    0    0
   23720    0    0    0    0    0    0    0    0    0    0
   23740    0    0    0    0    0    0    0    0    0    0
   23760    0    0    0    0    0    0    0    0    0    0
   23780    0    0    0    0    0    0    0    0    0    0
   23800    0    0    0    0    0    0    0    0    0    0
   23820    0    0    0    0    0    0    0    0    0    0
   23840    0    0    0    0    0    0    0    0    0    0
   23860    0    0    0    0    0    0    0    0    0    0
   23880    0    0    0    0    0    0    0    0    0    0
   23900    0    0    0    0    0    0    0    0    0    0
   23920    0    0    0    0    0    0    0    0    0    0
   23940    0    0    0    0    0    0    0    0    0    0
   23960    0    0    0    0    0    0    0    0    0    0
   23980    0    0    0    0    0    0    0    0    0    0
   24000    0    0    0    0    0    0    0    0    0    0
   24020    0    0    0    0    0    0    0    0    0    0
   24040    0    0    0    0    0    0    0    0    0    0
   24060    0    0    0    0    0    0    0    0    0    0
   24080    0    0    0    0    0    0    0    0    0    0
   24100    0    0    0    0    0    0    0    0    0    0
   24120    0    0    0    0    0    0    0    0    0    0
   24140    0    0    0    0    0    0    0    0    0    0
   24160    0    0    0    0    0    0    0    0    0    0
   24180    0    0    0    0    0    0    0    0    0    0
   24200    0    0    0    0    0    0    0    0    0    0
   24220    0    0    0    0    0    0    0    0    0    0
   24240    0    0    0    0    0    0    0    0    0    0
   24260    0    0    0    0    0    0    0    0    0    0
   24280    0    0    0    0    0    0    0    0    0    0
   24300    0    0    0    0    0    0    0    0    0    0
   24320    0    0    0    0    0    0    0    0    0    0
   24340    0    0    0    0    0    0    0    0    0    0
   24360    0    0    0    0    0    0    0    0    0    0
   24380    0    0    0    0    0    0    0    0    0    0
   24400    0    0    0    0    0    0    0    0    0    0
   24420    0    0    0    0    0    0    0    0    0    0
   24440    0    0    0    0    0    0    0    0    0    0
   24460    0    0    0    0    0    0    0    0    0    0
   24480    0    0    0    0    0    0    0    0    0    0
   24500    0    0    0    0    0    0    0    0    0    0
   24520    0    0    0    0    0    0    0    0    0    0
   24540    0    0    0    0    0    0    0    0    0    0
   24560    0    0    0    0    0    0    0    0    0    0
   24580    0    0    0    0    0    0    0    0    0    0
   24600    0    0    0    0    0    0    0    0    0    0
   24620    0    0    0    0    0    0    0    0    0    0
   24640    0    0    0    0    0    0    0    0    0    0
   24660    0    0    0    0    0    0    0    0    0    0
   24680    0    0    0    0    0    0    0    0    0    0
   24700    0    0    0    0    0    0    0    0    0    0
   24720    0    0    0    0    0    0    0    0    0    0
   24740    0    0    0    0    0    0    0    0    0    0
   24760    0    0    0    0    0    0    0    0    0    0
   24780    0    0    0    0    0    0    0    0    0    0
   24800    0    0    0    0    0    0    0    0    0    0
   24820    0    0    0    0    0    0    0    0    0    0
   24840    0    0    0    0    0    0    0    0    0    0
   24860    0    0    0    0    0    0    0    0    0    0
   24880    0    0    0    0    0    0    0    0    0    0
   24900    0    0    0    0    0    0    0    0    0    0
   24920    0    0    0    0    0    0    0    0    0    0
   24940    0    0    0    0    0    0    0    0    0    0
   24960    0    0    0    0    0    0    0    0    0    0
   24980    0    0    0    0    0    0    0    0    0    0
   25000    0    0    0    0    0    0    0    0    0    0
   25020    0    0    0    0    0    0    0    0    0    0
   25040    0    0    0    0    0    0    0    0    0    0
   25060    0    0    0    0    0    0    0    0    0    0
   25080    0    0    0    0    0    0    0    0    0    0
   25100    0    0    0    0    0    0    0    0    0    0
   25120    0    0    0    0    0    0    0    0    0    0
   25140    0    0    0    0    0    0    0    0    0    0
   25160    0    0    0    0    0    0    0    0    0    0
   25180    0    0    0    0    0    0    0    0    0    0
   25200    0    0    0    0    0    0    0    0    0    0
   25220    0    0    0    0    0    0    0    0    0    0
   25240    0    0    0    0    0    0    0    0    0    0
   25260    0    0    0    0    0    0    0    0    0    0
   25280    0    0    0    0    0    0    0    0    0    0
   25300    0    0    0    0    0    0    0    0    0    0
   25320    0    0    0    0    0    0    0    0    0    0
   25340    0    0    0    0    0    0    0    0    0    0
   25360    0    0    0    0    0    0    0    0    0    0
   25380    0    0    0    0    0    0    0    0    0    0
   25400    0    0    0    0    0    0    0    0    0    0
   25420    0    0    0    0    0    0    0    0    0    0
   25440    0    0    0    0    0    0    0    0    0    0
   25460    0    0    0    0    0    0    0    0    0    0
   25480    0    0    0    0    0    0    0    0    0    0
   25500    0    0    0    0    0    0    0    0    0    0
   25520    0    0    0    0    0    0    0    0    0    0
   25540    0    0    0    0    0    0    0    0    0    0
   25560    0    0    0    0    0    0    0    0    0    0
   25580    0    0    0    0    0    0    0    0    0    0
   25600    0    0    0    0    0    0    0    0    0    0
   25620    0    0    0    0    0    0    0    0    0    0
   25640    0    0    0    0    0    0    0    0    0    0
   25660    0    0    0    0    0    0    0    0    0    0
   25680    0    0    0    0    0    0    0    0    0    0
   25700    0    0    0    0    0    0    0    0    0    0
   25720    0    0    0    0    0    0    0    0    0    0
   25740    0    0    0    0    0    0    0    0    0    0
   25760    0    0    0    0    0    0    0    0    0    0
   25780    0    0    0    0    0    0    0    0    0    0
   25800    0    0    0    0    0    0    0    0    0    0
   25820    0    0    0    0    0    0    0    0    0    0
   25840    0    0    0    0    0    0    0    0    0    0
   25860    0    0    0    0    0    0    0    0    0    0
   25880    0    0    0    0    0    0    0    0    0    0
   25900    0    0    0    0    0    0    0    0    0    0
   25920    0    0    0    0    0    0    0    0    0    0
   25940    0    0    0    0    0    0    0    0    0    0
   25960    0    0    0    0    0    0    0    0    0    0
   25980    0    0    0    0    0    0    0    0    0    0
   26000    0    0    0    0    0    0    0    0    0    0
   26020    0    0    0    0    0    0    0    0    0    0
   26040    0    0    0    0    0    0    0    0    0    0
   26060    0    0    0    0    0    0    0    0    0    0
   26080    0    0    0    0    0    0    0    0    0    0
   26100    0    0    0    0    0    0    0    0    0    0
   26120    0    0    0    0    0    0    0    0    0    0
   26140    0    0    0    0    0    0    0    0    0    0
   26160    0    0    0    0    0    0    0    0    0    0
   26180    0    0    0    0    0    0    0    0    0    0
   26200    0    0    0    0    0    0    0    0    0    0
   26220    0    0    0    0    0    0    0    0    0    0
   26240    0    0    0    0    0    0    0    0    0    0
   26260    0    0    0    0    0    0    0    0    0    0
   26280    0    0    0    0    0    0    0    0    0    0
   26300    0    0    0    0    0    0    0    0    0    0
   26320    0    0    0    0    0    0    0    0    0    0
   26340    0    0    0    0    0    0    0    0    0    0
   26360    0    0    0    0    0    0    0    0    0    0
   26380    0    0    0    0    0    0    0    0    0    0
   26400    0    0    0    0    0    0    0    0    0    0
   26420    0    0    0    0    0    0    0    0    0    0
   26440    0    0    0    0    0    0    0    0    0    0
   26460    0    0    0    0    0    0    0    0    0    0
   26480    0    0    0    0    0    0    0    0    0    0
   26500    0    0    0    0    0    0    0    0    0    0
   26520    0    0    0    0    0    0    0    0    0    0
   26540    0    0    0    0    0    0    0    0    0    0
   26560    0    0    0    0    0    0    0    0    0    0
   26580    0    0    0    0    0    0    0    0    0    0
   26600    0    0    0    0    0    0    0    0    0    0
   26620    0    0    0    0    0    0    0    0    0    0
   26640    0    0    0    0    0    0    0    0    0    0
   26660    0    0    0    0    0    0    0    0    0    0
   26680    0    0    0    0    0    0    0    0    0    0
   26700    0    0    0    0    0    0    0    0    0    0
   26720    0    0    0    0    0    0    0    0    0    0
   26740    0    0    0    0    0    0    0    0    0    0
   26760    0    0    0    0    0    0    0    0    0    0
   26780    0    0    0    0    0    0    0    0    0    0
   26800    0    0    0    0    0    0    0    0    0    0
   26820    0    0    0    0    0    0    0    0    0    0
   26840    0    0    0    0    0    0    0    0    0    0
   26860    0    0    0    0    0    0    0    0    0    0
   26880    0    0    0    0    0    0    0    0    0    0
   26900    0    0    0    0    0    0    0    0    0    0
   26920    0    0    0    0    0    0    0    0    0    0
   26940    0    0    0    0    0    0    0    0    0    0
   26960    0    0    0    0    0    0    0    0    0    0
   26980    0    0    0    0    0    0    0    0    0    0
   27000    0    0    0    0    0    0    0    0    0    0
   27020    0    0    0    0    0    0    0    0    0    0
   27040    0    0    0    0    0    0    0    0    0    0
   27060    0    0    0    0    0    0    0    0    0    0
   27080    0    0    0    0    0    0    0    0    0    0
   27100    0    0    0    0    0    0    0    0    0    0
   27120    0    0    0    0    0    0    0    0    0    0
   27140    0    0    0    0    0    0    0    0    0    0
   27160    0    0    0    0    0    0    0    0    0    0
   27180    0    0    0    0    0    0    0    0    0    0
   27200    0    0    0    0    0    0    0    0    0    0
   27220    0    0    0    0    0    0    0    0    0    0
   27240    0    0    0    0    0    0    0    0    0    0
   27260    0    0    0    0    0    0    0    0    0    0
   27280    0    0    0    0    0    0    0    0    0    0
   27300    0    0    0    0    0    0    0    0    0    0
   27320    0    0    0    0    0    0    0    0    0    0
   27340    0    0    0    0    0    0    0    0    0    0
   27360    0    0    0    0    0    0    0    0    0    0
   27380    0    0    0    0    0    0    0    0    0    0
   27400    0    0    0    0    0    0    0    0    0    0
   27420    0    0    0    0    0    0    0    0    0    0
   27440    0    0    0    0    0    0    0    0    0    0
   27460    0    0    0    0    0    0    0    0    0    0
   27480    0    0    0    0    0    0    0    0    0    0
   27500    0    0    0    0    0    0    0    0    0    0
   27520    0    0    0    0    0    0    0    0    0    0
   27540    0    0    0    0    0    0    0    0    0    0
   27560    0    0    0    0    0    0    0    0    0    0
   27580    0    0    0    0    0    0    0    0    0    0
   27600    0    0    0    0    0    0    0    0    0    0
   27620    0    0    0    0    0    0    0    0    0    0
   27640    0    0    0    0    0    0    0    0    0    0
   27660    0    0    0    0    0    0    0    0    0    0
   27680    0    0    0    0    0    0    0    0    0    0
   27700    0    0    0    0    0    0    0    0    0    0
   27720    0    0    0    0    0    0    0    0    0    0
   27740    0    0    0    0    0    0    0    0    0    0
   27760    0    0    0    0    0    0    0    0    0    0
   27780    0    0    0    0    0    0    0    0    0    0
   27800    0    0    0    0    0    0    0    0    0    0
   27820    0    0    0    0    0    0    0    0    0    0
   27840    0    0    0    0    0    0    0    0    0    0
   27860    0    0    0    0    0    0    0    0    0    0
   27880    0    0    0    0    0    0    0    0    0    0
   27900    0    0    0    0    0    0    0    0    0    0
   27920    0    0    0    0    0    0    0    0    0    0
   27940    0    0    0    0    0    0    0    0    0    0
   27960    0    0    0    0    0    0    0    0    0    0
   27980    0    0    0    0    0    0    0    0    0    0
   28000    0    0    0    0    0    0    0    0    0    0
   28020    0    0    0    0    0    0    0    0    0    0
   28040    0    0    0    0    0    0    0    0    0    0
   28060    0    0    0    0    0    0    0    0    0    0
   28080    0    0    0    0    0    0    0    0    0    0
   28100    0    0    0    0    0    0    0    0    0    0
   28120    0    0    0    0    0    0    0    0    0    0
   28140    0    0    0    0    0    0    0    0    0    0
   28160    0    0    0    0    0    0    0    0    0    0
   28180    0    0    0    0    0    0    0    0    0    0
   28200    0    0    0    0    0    0    0    0    0    0
   28220    0    0    0    0    0    0    0    0    0    0
   28240    0    0    0    0    0    0    0    0    0    0
   28260    0    0    0    0    0    0    0    0    0    0
   28280    0    0    0    0    0    0    0    0    0    0
   28300    0    0    0    0    0    0    0    0    0    0
   28320    0    0    0    0    0    0    0    0    0    0
   28340    0    0    0    0    0    0    0    0    0    0
   28360    0    0    0    0    0    0    0    0    0    0
   28380    0    0    0    0    0    0    0    0    0    0
   28400    0    0    0    0    0    0    0    0    0    0
   28420    0    0    0    0    0    0    0    0    0    0
   28440    0    0    0    0    0    0    0    0    0    0
   28460    0    0    0    0    0    0    0    0    0    0
   28480    0    0    0    0    0    0    0    0    0    0
   28500    0    0    0    0    0    0    0    0    0    0
   28520    0    0    0    0    0    0    0    0    0    0
   28540    0    0    0    0    0    0    0    0    0    0
   28560    0    0    0    0    0    0    0    0    0    0
   28580    0    0    0    0    0    0    0    0    0    0
   28600    0    0    0    0    0    0    0    0    0    0
   28620    0    0    0    0    0    0    0    0    0    0
   28640    0    0    0    0    0    0    0    0    0    0
   28660    0    0    0    0    0    0    0    0    0    0
   28680    0    0    0    0    0    0    0    0    0    0
   28700    0    0    0    0    0    0    0    0    0    0
   28720    0    0    0    0    0    0    0    0    0    0
   28740    0    0    0    0    0    0    0    0    0    0
   28760    0    0    0    0    0    0    0    0    0    0
   28780    0    0    0    0    0    0    0    0    0    0
   28800    0    0    0    0    0    0    0    0    0    0
   28820    0    0    0    0    0    0    0    0    0    0
   28840    0    0    0    0    0    0    0    0    0    0
   28860    0    0    0    0    0    0    0    0    0    0
   28880    0    0    0    0    0    0    0    0    0    0
   28900    0    0    0    0    0    0    0    0    0    0
   28920    0    0    0    0    0    0    0    0    0    0
   28940    0    0    0    0    0    0    0    0    0    0
   28960    0    0    0    0    0    0    0    0    0    0
   28980    0    0    0    0    0    0    0    0    0    0
   29000    0    0    0    0    0    0    0    0    0    0
   29020    0    0    0    0    0    0    0    0    0    0
   29040    0    0    0    0    0    0    0    0    0    0
   29060    0    0    0    0    0    0    0    0    0    0
   29080    0    0    0    0    0    0    0    0    0    0
   29100    0    0    0    0    0    0    0    0    0    0
   29120    0    0    0    0    0    0    0    0    0    0
   29140    0    0    0    0    0    0    0    0    0    0
   29160    0    0    0    0    0    0    0    0    0    0
   29180    0    0    0    0    0    0    0    0    0    0
   29200    0    0    0    0    0    0    0    0    0    0
   29220    0    0    0    0    0    0    0    0    0    0
   29240    0    0    0    0    0    0    0    0    0    0
   29260    0    0    0    0    0    0    0    0    0    0
   29280    0    0    0    0    0    0    0    0    0    0
   29300    0    0    0    0    0    0    0    0    0    0
   29320    0    0    0    0    0    0    0    0    0    0
   29340    0    0    0    0    0    0    0    0    0    0
   29360    0    0    0    0    0    0    0    0    0    0
   29380    0    0    0    0    0    0    0    0    0    0
   29400    0    0    0    0    0    0    0    0    0    0
   29420    0    0    0    0    0    0    0    0    0    0
   29440    0    0    0    0    0    0    0    0    0    0
   29460    0    0    0    0    0    0    0    0    0    0
   29480    0    0    0    0    0    0    0    0    0    0
   29500    0    0    0    0    0    0    0    0    0    0
   29520    0    0    0    0    0    0    0    0    0    0
   29540    0    0    0    0    0    0    0    0    0    0
   29560    0    0    0    0    0    0    0    0    0    0
   29580    0    0    0    0    0    0    0    0    0    0
   29600    0    0    0    0    0    0    0    0    0    0
   29620    0    0    0    0    0    0    0    0    0    0
   29640    0    0    0    0    0    0    0    0    0    0
   29660    0    0    0    0    0    0    0    0    0    0
   29680    0    0    0    0    0    0    0    0    0    0
   29700    0    0    0    0    0    0    0    0    0    0
   29720    0    0    0    0    0    0    0    0    0    0
   29740    0    0    0    0    0    0    0    0    0    0
   29760    0    0    0    0    0    0    0    0    0    0
   29780    0    0    0    0    0    0    0    0    0    0
   29800    0    0    0    0    0    0    0    0    0    0
   29820    0    0    0    0    0    0    0    0    0    0
   29840    0    0    0    0    0    0    0    0    0    0
   29860    0    0    0    0    0    0    0    0    0    0
   29880    0    0    0    0    0    0    0    0    0    0
   29900    0    0    0    0    0    0    0    0    0    0
   29920    0    0    0    0    0    0    0    0    0    0
   29940    0    0    0    0    0    0    0    0    0    0
   29960    0    0    0    0    0    0    0    0    0    0
   29980    0    0    0    0    0    0    0    0    0    0
   30000    0    0    0    0    0    0    0    0    0    0
