      20  957 1073  959 1047 1022  988  927  988  951  903
      40  983  925  980  959  999  847  949  926  954  912
      60  933  834  968 1035  902  830  833  996 1027  907
      80  853  823  855  871  914 1007  880  876  868  993
     100  906  832  815  923  915  912  917  839  864  861
     120  942  755  899  925  859  970  812  959  845 1016
     140  952  789  864  854  924  825 1021  868  774  724
     160  872  784  821  775  905  849  936  834  793  847
     180  820  897  821  887  776  895  905  666  776  821
     200  767  792  752  812  829  690  876  615  769  851
     220  833  876  634  696  728  762  807  700  757  795
     240  863  857  800  635  820  818  804  710  795  825
     260  833  744  728  671  663  854  748  781  847  784
     280  704  737  802  837  724  660  762  707  698  814
     300  770  695  718  720  839  780  771  713  779  700
     320  772  820  681  693  778  687  658  643  659  839
     340  763  749  591  819  800  697  577  698  755  777
     360  524  751  619  662  804  737  590  629  712  750
     380  661  596  794  572  843  609  646  530  693  704
     400  639  739  584  702  783  694  644  616  633  706
     420  496  673  788  615  614  769  687  585  675  620
     440  470  641  577  653  640  689  628  532  744  729
     460  543  667  726  609  667  602  685  615  536  751
     480  703  714  700  583  480  709  610  626  528  733
     500  630  649  734  607  530  650  512  606  451  664
     520  551  556  626  611  582  613  607  581  501  611
     540  678  658  581  576  598  678  620  635  533  798
     560  759  629  639  689  541  589  669  710  510  660
     580  657  604  624  632  576  580  617  603  471  538
     600  649  603  545  559  625  738  591  519  557  635
     620  591  589  604  561  512  479  492  538  542  640
     640  627  499  622  546  561  482  659  412  481  644
     660  485  574  532  581  555  583  616  465  640  510
     680  490  532  557  564  529  579  712  517  569  505
     700  540  485  603  617  435  550  538  501  443  573
     720  497  437  502  571  470  494  433  427  403  510
     740  549  421  498  689  514  480  371  562  420  569
     760  604  386  571  609  498  509  500  513  516  500
     780  495  498  432  545  610  509  505  447  402  488
     800  524  476  414  621  495  511  556  432  352  472
     820  514  579  509  535  625  502  507  478  452  528
     840  614  632  404  606  507  550  439  500  433  619
     860  545  573  486  630  574  443  540  454  493  431
     880  523  516  532  547  506  502  593  586  476  504
     900  457  457  496  534  420  278  521  391  535  526
     920  432  344  570  623  450  375  572  447  634  482
     940  513  331  508  558  558  446  475  494  704  302
     960  434  483  531  508  361  601  570  529  590  481
     980  580  519  520  576  378  507  479  581  616  540
    1000  451  410  496  523  370  458  518  469  462  531
    1020  470  474  484  418  352  382  492  532  429  323
    1040  471  545  473  380  444  400  544  559  408  516
    1060  596  467  508  394  477  561  478  530  436  260
    1080  328  363  403  518  534  601  510  490  485  368
    1100  438  593  391  423  529  521  490  361  526  459
    1120  457  594  436  441  481  645  491  199  480  617
    1140  367  391  460  572  386  545  511  336  448  357
    1160  465  559  473  489  483  505  484  383  416  555
    1180  534  661  375  524  404  467  447  304  446  446
    1200  566  583  302  566  454  455  501  458  400  426
    1220  545  501  279  407  329  411  446  474  441  432
    1240  402  530  324  538  481  488  491  439  395  356
    1260  405  564  340  458  571  404  563  534  313  335
    1280  459  480  396  429  523  402  417  474  327  436
    1300  380  468  546  454  487  354  495  479  327  479
    1320  400  450  418  462  506  413  469  451  400  415
    1340  354  463  412  444  544  402  436  467  454  488
    1360  430  387  403  380  375  438  395  536  430  585
    1380  382  539  401  429  377  468  357  591  460  528
    1400  354  510  448  346  349  441  437  576  418  443
    1420  389  543  383  368  538  418  446  545  318  496
    1440  510  477  392  319  506  430  305  457  452  543
    1460  544  441  433  439  517  407  312  439  365  505
    1480  529  412  525  389  491  400  358  493  507  482
    1500  398  405  454  464  612  441  317  462  448  433
    1520  405  265  373  367  534  417  346  405  413  483
    1540  587  395  446  393  420  508  289  428  406  457
    1560  522  449  395  427  443  429  229  413  472  433
    1580  324  414  537  278  477  441  316  470  495  356
    1600  456  278  392  369  458  480  281  456  370  368
    1620  415  206  390  379  461  421  369  421  259  372
    1640  535  244  440  515  431  456  416  382  344  279
    1660  446  287  340  409  375  459  523  441  377  303
    1680  454  351  329  379  482  361  508  324  362  325
    1700  353  399  292  392  597  388  424  370  374  340
    1720  423  443  397  428  461  329  529  383  325  381
    1740  353  438  338  304  480  333  541  435  362  633
    1760  374  447  417  324  423  372  552  389  401  438
    1780  345  536  506  269  290  414  386  530  402  390
    1800  422  527  407  337  355  495  434  399  512  396
    1820  405  391  361  321  350  539  436  422  403  460
    1840  441  371  272  478  397  531  358  428  355  400
    1860  423  448  379  599  512  344  422  535  423  492
    1880  421  379  514  455  344  455  423  432  444  358
    1900  406  455  534  381  388  518  507  527  372  455
    1920  458  503  566  436  421  554  345  445  392  599
    1940  494  440  462  285  418  392  387  509  357  494
    1960  466  375  514  230  437  421  300  578  379  432
    1980  410  471  437  341  391  459  346  622  456  450
    2000  416  488  419  397  412  391  362  603  570  471
    2020  470  480  482  380  443  355  381  432  588  363
    2040  445  530  464  362  431  460  368  385  395  351
    2060  355  451  365  402  420  421  445  332  289  383
    2080  316  421  440  380  311  313  398  416  346  395
    2100  362  488  500  333  453  334  357  398  413  442
    2120  408  420  454  317  474  362  382  448  331  472
    2140  442  388  493  356  440  509  440  494  397  483
    2160  447  450  429  525  387  544  494  424  489  439
    2180  396  437  460  400  496  476  440  492  372  423
    2200  558  389  460  400  465  520  462  500  331  400
    2220  395  329  445  455  465  407  426  462  385  363
    2240  423  320  503  434  516  381  392  439  491  362
    2260  508  348  368  499  391  359  429  454  564  395
    2280  433  448  330  498  594  441  525  458  476  310
    2300  331  501  554  473  506  359  451  326  540  433
    2320  285  376  447  340  478  417  437  399  452  535
    2340  312  370  404  457  311  495  515  334  361  415
    2360  395  351  290  343  396  480  444  414  316  375
    2380  464  342  373  356  333  461  399  363  267  400
    2400  427  420  522  435  433  453  302  453  394  371
    2420  394  315  521  374  389  520  329  373  452  376
    2440  437  330  479  379  484  579  476  409  426  440
    2460  466  504  403  482  481  422  526  432  358  457
    2480  414  338  392  430  423  435  488  363  461  445
    2500  405  364  273  425  353  500  460  355  406  503
    2520  341  468  230  292  430  482  503  407  385  387
    2540  369  345  390  510  421  402  459  467  442  313
    2560  374  313  455  450  574  493  554  452  530  393
    2580  416  405  444  447  450  438  553  453  513  359
    2600  378  288  498  438  389  549  588  405  380  443
    2620  440  339  446  432  441  549  477  394  357  399
    2640  401  398  473  415  328  395  416  481  394  363
    2660  482  446  416  429  261  495  399  442  426  508
    2680  482  460  477  360  293  410  459  486  450  330
    2700  391  479  495  365  379  332  605  459  353  332
    2720  384  463  541  375  427  429  448  421  365  346
    2740  353  543  450  361  362  400  557  417  490  316
    2760  391  472  430  546  493  559  441  479  415  380
    2780  328  487  442  473  464  524  542  422  384  519
    2800  381  448  401  407  450  464  363  429  448  542
    2820  428  441  429  463  456  392  515  389  346  502
    2840  342  374  400  550  327  468  526  446  408  376
    2860  440  484  236  437  412  464  467  430  325  389
    2880  470  409  362  385  414  406  466  449  398  338
    2900  453  548  507  447  414  456  309  485  531  395
    2920  352  482  541  464  446  549  458  506  491  475
    2940  398  463  414  343  505  389  387  417  379  436
    2960  435  509  366  310  375  395  545  309  345  347
    2980  537  603  449  419  298  429  526  329  407  476
    3000  475  353  383  359  278  586  424  271  388  425
    3020  355  332  319  349  425  509  296  296  369  461
    3040  343  343  326  337  378  532  264  410  391  400
    3060  529  406  380  367  431  350  395  410  411  464
    3080  346  464  354  281  327  378  479  419  361  543
    3100  427  353  314  279  259  324  492  496  296  478
    3120  362  353  408  289  296  382  379  530  368  548
    3140  468  485  394  407  355  325  480  539  388  312
    3160  445  405  394  530  403  379  471  634  332  367
    3180  309  395  450  477  404  368  527  458  436  380
    3200  377  376  461  567  361  448  598  378  515  428
    3220  363  446  410  391  318  279  507  462  504  405
    3240  398  337  483  543  363  399  461  348  470  362
    3260  480  387  419  516  425  340  363  458  493  453
    3280  419  452  551  324  412  353  421  458  472  374
    3300  398  427  468  333  434  407  435  460  398  446
    3320  499  431  480  452  512  396  468  368  350  399
    3340  423  421  693  347  438  386  418  358  488  475
    3360  366  435  532  405  433  355  432  418  429  515
    3380  505  403  498  400  429  328  451  334  468  535
    3400  531  364  427  428  486  311  376  414  455  409
    3420  373  365  510  450  402  315  353  425  404  497
    3440  348  418  371  313  384  400  348  374  348  549
    3460  360  304  441  403  456  408  358  386  273  508
    3480  364  400  459  404  425  334  369  518  326  380
    3500  430  596  258  468  469  383  355  435  343  584
    3520  518  541  318  418  418  320  519  457  353  442
    3540  455  404  357  423  402  404  462  397  419  428
    3560  393  381  343  412  385  445  451  490  323  482
    3580  377  463  319  491  374  468  404  367  399  452
    3600  427  425  459  398  322  415  473  311  355  426
    3620  425  427  355  415  427  457  346  318  409  404
    3640  331  389  303  600  376  451  364  338  313  441
    3660  367  410  315  467  416  355  462  382  431  420
    3680  500  353  340  383  480  431  414  260  439  472
    3700  472  616  384  614  457  392  435  329  468  344
    3720  567  606  449  537  330  424  402  438  380  301
    3740  439  600  491  471  351  522  363  380  362  326
    3760  379  494  437  381  393  426  335  431  315  358
    3780  400  478  519  439  353  526  408  390  321  310
    3800  519  519  363  419  393  374  470  511  384  438
    3820  386  461  443  428  412  389  521  425  456  436
    3840  481  426  418  458  313  455  460  544  409  413
    3860  390  506  392  440  426  505  498  474  415  405
    3880  361  308  393  460  400  588  480  368  364  371
    3900  444  276  429  455  426  535  428  464  452  428
    3920  453  258  313  437  424  517  417  325  525  406
    3940  291  299  442  441  414  467  447  336  483  384
    3960  277  287  358  297  317  508  407  338  529  359
    3980  351  350  350  415  348  549  339  364  451  481
    4000  427  322  399  325  287  450  467  432  555  409
    4020  465  278  492  373  330  502  453  383  454  520
    4040  372  246  523  491  357  535  435  293  463  448
    4060  406  291  515  457  334  504  406  403  464  359
    4080  505  350  461  464  381  396  375  371  487  375
    4100  453  399  393  540  490  447  435  365  417  267
    4120  484  481  384  413  428  439  484  408  392  262
    4140  540  470  379  430  336  539  346  333  377  334
    4160  439  406  362  422  349  419  401  355  402  438
    4180  517  470  362  454  472  456  340  324  405  369
    4200  455  452  439  327  430  351  372  422  375  396
    4220  542  426  436  289  501  292  443  360  346  247
    4240  572  434  351  495  365  303  404  408  473  295
    4260  442  393  385  492  425  382  353  356  477  351
    4280  466  374  474  530  516  442  297  325  423  601
    4300  465  411  473  369  409  514  336  383  345  558
    4320  479  374  452  380  325  538  312  401  431  498
    4340  374  376  423  358  382  488  373  416  427  468
    4360  378  388  431  379  309  336  336  334  363  425
    4380  538  342  417  475  409  387  388  272  359  421
    4400  521  352  416  486  426  490  380  342  371  490
    4420  478  274  468  323  465  446  357  384  346  427
    4440  395  441  454  209  455  420  498  457  382  468
    4460  451  409  602  295  473  442  519  380  559  474
    4480  445  471  568  493  517  480  505  356  503  385
    4500  568  462  597  472  389  554  570  462  486  354
    4520  478  507  577  365  306  498  521  419  462  339
    4540  428  488  602  297  338  480  518  299  370  376
    4560  373  427  427  536  375  607  352  418  420  448
    4580  476  408  556  410  447  574  477  428  447  445
    4600  330  431  452  437  430  423  354  394  451  406
    4620  279  462  418  363  466  399  455  348  412  398
    4640  426  483  420  461  461  323  490  402  408  459
    4660  344  418  267  514  422  248  412  360  382  376
    4680  262  502  258  449  396  279  316  379  405  329
    4700  416  467  457  388  426  317  354  373  490  357
    4720  389  344  435  558  458  354  524  391  443  375
    4740  509  461  437  388  492  411  432  496  390  457
    4760  530  455  510  538  604  339  355  433  463  490
    4780  560  433  432  519  411  403  428  400  401  417
    4800  458  419  405  459  444  369  314  436  419  494
    4820  395  419  466  503  360  324  409  399  351  517
    4840  322  332  491  416  487  332  356  440  471  468
    4860  415  449  474  545  313  538  514  386  396  465
    4880  516  390  411  523  286  438  395  462  502  374
    4900  376  452  338  440  331  511  320  368  435  405
    4920  487  421  253  433  324  458  337  377  402  516
    4940  431  351  230  545  370  489  267  451  393  385
    4960  525  290  282  384  364  455  309  465  484  467
    4980  458  408  351  357  404  423  385  373  465  545
    5000  406  419  436  439  424  468  379  387  455  462
    5020  433  471  409  517  421  409  387  343  520  397
    5040  473  365  458  356  480  384  381  389  478  382
    5060  522  349  558  381  520  423  401  420  515  379
    5080  429  417  391  412  454  306  331  457  433  490
    5100  439  389  373  472  417  335  365  463  464  432
    5120  396  502  382  404  446  405  344  392  378  379
    5140  358  345  324  454  334  484  429  279  417  442
    5160  472  410  329  417  253  521  430  459  328  382
    5180  487  424  434  295  370  534  451  411  361  516
    5200  324  467  478  386  386  468  345  388  326  514
    5220  297  430  369  492  442  515  432  318  324  515
    5240  434  456  390  404  422  480  410  380  331  429
    5260  362  440  380  459  393  468  392  440  343  532
    5280  431  366  364  432  390  518  343  379  349  413
    5300  383  336  412  396  368  455  357  355  353  416
    5320  475  292  424  386  329  446  331  422  511  366
    5340  494  371  421  416  332  488  392  339  451  423
    5360  381  277  417  475  322  454  488  343  461  483
    5380  331  409  418  448  340  432  492  326  454  406
    5400  350  434  367  565  278  465  499  357  328  417
    5420  469  318  421  575  381  360  362  397  362  376
    5440  488  323  442  539  392  398  334  365  430  370
    5460  466  388  390  490  388  313  500  310  442  339
    5480  588  325  360  446  408  391  431  467  456  432
    5500  536  391  357  483  328  379  425  266  371  408
    5520  414  442  454  342  404  413  422  394  438  488
    5540  373  333  352  384  372  458  502  463  488  475
    5560  250  579  401  496  397  434  541  495  534  429
    5580  389  417  493  425  442  437  393  367  477  481
    5600  454  426  403  501  503  503  396  397  472  491
    5620  406  312  418  466  419  431  439  331  417  444
    5640  357  336  426  317  344  254  454  422  387  298
    5660  320  452  351  414  293  311  393  430  472  351
    5680  338  428  338  379  232  391  393  425  494  338
    5700  402  516  313  294  272  426  367  352  458  276
    5720  359  493  289  300  242  463  364  363  422  433
    5740  404  543  316  321  225  346  320  221  419  398
    5760  337  445  416  391  371  461  476  333  411  286
    5780  471  555  356  395  386  414  343  375  396  401
    5800  408  572  322  323  488  396  422  375  327  410
    5820  537  572  283  368  289  457  467  299  453  443
    5840  513  473  290  401  284  446  428  402  392  420
    5860  439  436  369  435  398  461  398  377  398  389
    5880  344  321  385  368  448  365  532  390  503  464
    5900  395  487  398  361  417  369  507  330  419  455
    5920  509  394  507  391  486  321  452  440  413  516
    5940  510  588  367  385  471  282  427  395  477  442
    5960  424  530  327  355  410  322  412  274  352  405
    5980  407  388  442  350  391  443  451  401  331  374
    6000  380  470  405  442  391  322  407  443  469  371
    6020  375  490  297  450  406  393  351  447  380  247
    6040  522  517  325  368  504  311  418  388  419  207
    6060  401  473  312  373  384  373  392  349  426  189
    6080  450  450  387  443  462  300  344  287  366  276
    6100  364  389  447  456  499  376  438  338  451  389
    6120  438  570  346  431  461  486  409  419  556  368
    6140  489  432  377  361  473  500  393  411  490  385
    6160  512  399  401  354  537  408  466  317  385  435
    6180  381  395  521  329  450  271  472  320  437  442
    6200  337  489  483  490  345  332  503  453  397  401
    6220  350  570  377  457  441  404  362  412  459  426
    6240  517  526  508  426  371  405  477  461  527  356
    6260  426  378  483  408  388  440  301  418  436  462
    6280  442  309  361  384  377  444  313  464  387  504
    6300  513  357  382  455  322  376  491  297  364  472
    6320  476  339  473  465  346  375  393  328  373  343
    6340  402  442  582  414  352  457  396  406  435  278
    6360  471  270  550  316  354  438  481  378  444  389
    6380  422  389  482  360  390  455  349  465  475  441
    6400  361  374  490  342  401  456  313  302  549  495
    6420  430  419  448  361  431  466  282  311  473  413
    6440  464  472  368  402  428  495  311  367  424  411
    6460  355  538  459  505  367  533  436  411  481  486
    6480  329  570  521  524  383  460  355  302  550  532
    6500  296  562  587  432  393  342  437  371  534  622
    6520  229  429  410  412  598  359  375  523  484  464
    6540  337  522  548  365  487  307  437  390  438  384
    6560  371  494  400  350  486  325  383  498  433  506
    6580  401  574  429  474  504  473  369  375  502  392
    6600  410  480  406  419  480  548  600  456  444  415
    6620  405  497  389  476  411  545  441  483  358  364
    6640  546  415  417  395  419  441  391  385  433  394
    6660  454  484  451  356  434  380  455  345  369  343
    6680  470  448  426  398  472  316  444  350  444  444
    6700  474  355  525  407  441  425  388  298  300  479
    6720  458  539  376  361  412  378  394  407  428  498
    6740  464  386  392  400  490  633  378  426  324  419
    6760  427  361  373  357  402  492  514  546  498  455
    6780  474  366  351  444  388  455  451  341  461  471
    6800  443  383  400  454  490  381  446  446  492  471
    6820  417  381  368  534  506  416  443  422  479  475
    6840  449  453  436  430  465  414  441  415  328  414
    6860  482  352  378  534  489  448  465  367  459  554
    6880  457  386  532  352  392  405  402  377  395  577
    6900  430  413  433  431  453  483  497  536  506  584
    6920  433  419  458  425  412  466  421  378  421  377
    6940  438  475  330  308  509  544  452  407  396  399
    6960  443  441  428  368  482  552  454  422  379  368
    6980  520  459  494  354  553  499  354  391  373  396
    7000  379  486  366  267  464  449  294  556  379  331
    7020  446  424  390  360  433  322  292  434  331  445
    7040  540  421  342  516  428  351  378  380  315  391
    7060  494  385  436  488  470  316  469  457  414  447
    7080  499  393  484  559  499  357  416  339  434  402
    7100  448  397  354  467  445  335  340  457  364  373
    7120  417  226  555  453  478  274  339  423  463  339
    7140  397  357  540  494  564  357  335  476  376  296
    7160  426  333  533  442  466  371  288  430  524  372
    7180  411  431  432  554  497  340  224  468  551  464
    7200  337  427  545  357  514  344  277  393  438  369
    7220  312  495  473  463  418  453  280  437  382  369
    7240  476  466  414  532  453  452  357  356  338  368
    7260  367  419  347  498  404  376  327  359  394  557
    7280  403  400  283  427  346  352  311  423  358  490
    7300  326  295  399  385  365  400  278  519  411  492
    7320  327  365  465  410  407  361  332  405  459  561
    7340  462  399  334  364  366  395  320  346  356  439
    7360  543  388  433  346  341  469  262  314  522  430
    7380  472  444  467  496  457  383  475  419  496  455
    7400  427  366  467  446  419  455  424  361  398  364
    7420  455  575  469  384  452  493  322  369  388  415
    7440  426  456  350  393  343  306  369  465  342  331
    7460  301  413  415  382  310  404  477  363  366  220
    7480  336  423  400  384  337  376  321  517  382  370
    7500  323  449  420  442  442  388  370  414  464  369
    7520  323  323  393  403  514  402  413  569  462  434
    7540  267  352  300  415  437  401  449  529  439  466
    7560  304  387  350  540  510  426  559  398  485  451
    7580  330  315  373  421  369  394  619  361  367  435
    7600  396  383  593  525  480  390  424  369  397  516
    7620  450  482  423  437  468  315  372  391  428  382
    7640  364  424  485  353  466  430  460  393  394  202
    7660  469  566  376  391  428  467  449  417  346  275
    7680  464  373  471  487  454  438  412  515  365  302
    7700  505  284  365  464  577  346  340  317  276  235
    7720  432  308  356  432  481  410  369  396  403  371
    7740  513  261  391  433  460  338  311  397  419  444
    7760  430  408  339  358  416  388  428  451  406  316
    7780  426  284  283  340  430  321  427  382  453  380
    7800  390  341  372  446  420  347  434  452  546  324
    7820  328  370  428  470  468  347  503  417  404  355
    7840  346  539  491  416  528  380  333  497  392  323
    7860  388  435  551  341  490  453  404  360  318  404
    7880  416  511  598  341  414  469  402  428  282  471
    7900  465  565  472  366  351  403  466  340  321  434
    7920  480  472  479  436  458  324  437  416  495  423
    7940  410  433  509  347  479  417  418  470  415  377
    7960  503  451  473  427  430  399  518  432  332  302
    7980  397  525  424  551  449  321  504  391  291  284
    8000  428  375  399  503  503  357  467  383  275  331
    8020  289  482  470  487  607  386  346  294  308  330
    8040  370  404  474  525  561  390  295  268  429  417
    8060  339  366  414  439  569  403  297  294  415  448
    8080  449  382  447  363  452  429  261  312  468  404
    8100  475  331  359  395  472  377  354  365  582  426
    8120  475  415  287  382  478  432  377  409  520  485
    8140  320  486  310  307  493  510  491  467  507  448
    8160  441  462  321  287  498  482  408  401  304  398
    8180  428  466  220  396  345  369  352  468  398  349
    8200  434  433  287  412  437  410  445  376  347  349
    8220  420  444  397  398  476  283  308  448  326  394
    8240  465  431  432  389  405  299  283  567  360  333
    8260  401  627  414  365  388  182  391  468  422  405
    8280  443  578  450  356  555  171  344  362  379  435
    8300  497  521  496  427  586  276  373  435  313  456
    8320  433  562  405  450  495  340  508  553  266  490
    8340  315  410  353  460  407  328  477  543  385  447
    8360  419  378  429  539  394  413  456  512  355  447
    8380  259  421  487  464  433  421  440  553  379  525
    8400  359  550  434  331  450  443  427  486  284  343
    8420  391  573  392  388  458  461  311  509  355  382
    8440  383  440  316  353  523  464  378  489  332  401
    8460  303  385  336  379  494  377  313  431  318  313
    8480  408  294  371  395  560  355  381  546  405  349
    8500  305  361  433  549  574  372  470  456  437  403
    8520  478  465  606  442  354  302  518  388  414  405
    8540  415  455  367  411  382  375  413  359  476  412
    8560  389  445  419  513  422  383  433  390  364  324
    8580  462  371  379  367  458  442  379  353  606  432
    8600  454  458  352  370  291  494  398  419  469  268
    8620  408  450  301  451  448  382  440  425  502  301
    8640  342  454  375  357  402  291  357  434  608  425
    8660  306  529  388  454  386  242  425  419  509  467
    8680  387  571  359  449  394  310  363  312  453  419
    8700  394  556  317  353  341  328  347  310  390  422
    8720  377  503  379  457  436  355  287  267  445  410
    8740  456  488  439  445  426  292  423  282  423  344
    8760  337  486  528  414  370  305  328  484  446  354
    8780  339  377  521  501  512  345  335  429  324  337
    8800  298  437  455  342  501  425  431  434  301  384
    8820  379  460  415  455  510  408  334  422  336  407
    8840  463  548  467  340  413  334  484  441  335  469
    8860  404  500  435  339  481  316  500  584  448  408
    8880  452  352  395  389  451  290  462  478  333  410
    8900  354  483  378  210  537  260  382  401  394  295
    8920  386  466  321  300  525  356  477  414  394  340
    8940  469  436  403  392  438  456  347  419  350  382
    8960  330  425  285  448  383  418  316  457  394  458
    8980  402  385  427  448  346  376  367  428  405  339
    9000  352  304  458  492  367  404  427  488  389  408
    9020  324  324  473  485  442  429  425  447  335  559
    9040  382  456  381  456  438  421  329  384  354  428
    9060  437  339  408  411  415  421  330  357  324  483
    9080  596  403  352  347  328  491  394  333  435  551
    9100  566  390  370  408  305  456  443  423  400  395
    9120  610  351  439  354  316  395  380  356  406  524
    9140  606  259  333  510  366  441  550  351  407  496
    9160  381  260  449  425  398  357  507  244  305  458
    9180  517  224  371  560  570  342  467  282  349  596
    9200  501  231  392  356  463  318  429  432  414  383
    9220  423  321  374  368  434  262  348  286  388  397
    9240  508  390  402  412  303  395  494  437  465  334
    9260  455  373  429  485  327  509  512  354  570  312
    9280  468  339  336  448  523  329  359  371  412  281
    9300  459  313  306  505  457  413  532  350  522  250
    9320  493  464  360  404  316  383  441  318  479  371
    9340  437  421  499  418  383  370  357  271  482  346
    9360  423  320  427  488  460  386  307  404  359  317
    9380  484  476  502  368  414  453  330  466  400  348
    9400  395  412  409  446  316  499  280  444  346  419
    9420  415  401  437  416  411  373  450  341  393  445
    9440  433  311  414  449  446  381  453  345  514  423
    9460  411  282  396  430  444  334  456  402  470  306
    9480  428  366  373  382  375  372  382  332  497  438
    9500  458  363  356  344  528  319  449  335  345  541
    9520  385  497  320  415  466  378  484  361  384  504
    9540  451  472  360  371  520  441  492  342  297  362
    9560  499  527  457  401  396  407  490  360  353  344
    9580  441  442  402  468  546  440  461  377  332  240
    9600  371  343  410  522  508  419  327  334  374  333
    9620  384  363  455  474  474  385  318  393  399  336
    9640  299  304  533  480  480  309  286  369  378  451
    9660  314  269  546  471  520  353  356  270  311  368
    9680  365  259  597  424  576  536  307  267  334  390
    9700  535  347  440  418  433  527  416  330  366  488
    9720  375  369  468  428  523  482  390  405  462  522
    9740  492  434  469  545  505  432  327  498  468  370
    9760  566  467  519  511  408  463  408  533  424  359
    9780  404  484  361  480  305  426  415  417  232  336
    9800  415  409  427  375  305  361  417  416  321  287
    9820  413  418  416  385  392  381  445  324  390  446
    9840  292  432  454  446  283  400  319  488  363  384
    9860  289  304  524  425  317  315  447  514  244  551
    9880  376  377  508  449  400  328  416  539  305  504
    9900  423  445  527  351  370  357  409  495  391  474
    9920  345  517  490  433  466  378  404  482  312  489
    9940  416  491  517  428  355  418  411  485  338  609
    9960  468  392  451  410  380  365  393  515  340  566
    9980  456  396  533  446  424  408  456  555  344  340
   10000  307  420  499  397  467  434  484  411  271  379
   10020  381  426  460  373  513  346  440  476  383  467
   10040  470  402  386  497  508  324  367  390  459  388
   10060  526  397  394  354  470  298  338  521  433  345
   10080  454  439  498  300  518  389  404  468  418  306
   10100  453  481  530  310  501  458  477  494  388  439
   10120  461  434  471  373  501  380  465  533  446  500
   10140  399  484  453  334  363  322  535  475  369  516
   10160  365  373  370  317  358  411  528  446  515  485
   10180  333  355  360  294  445  365  453  445  421  405
   10200  360  374  437  365  406  352  312  500  422  427
   10220  262  421  445  456  403  525  445  571  366  408
   10240  286  441  454  383  420  398  454  525  329  427
   10260  337  454  466  369  478  349  379  417  337  415
   10280  364  450  336  409  495  394  506  460  356  431
   10300  518  345  296  378  506  419  476  435  342  389
   10320  404  454  391  474  494  339  367  471  389  319
   10340  473  469  514  519  359  263  387  445  438  346
   10360  447  436  480  475  376  326  423  338  407  305
   10380  363  385  336  478  425  411  408  389  371  367
   10400  461  333  480  414  461  462  369  489  376  433
   10420  401  476  484  361  401  440  323  419  346  482
   10440  480  374  390  515  442  438  334  574  349  489
   10460  557  405  444  489  355  501  402  512  362  484
   10480  450  409  268  454  470  337  395  533  422  441
   10500  505  424  390  382  448  411  326  450  402  495
   10520  496  432  400  473  407  481  342  469  335  450
   10540  384  329  436  319  474  448  319  459  302  511
   10560  444  453  432  373  442  590  367  516  380  428
   10580  372  361  350  397  390  430  400  356  500  483
   10600  334  493  313  480  329  476  448  357  360  471
   10620  314  616  262  319  309  395  405  346  301  384
   10640  379  538  434  453  316  362  407  472  340  391
   10660  412  578  466  382  418  454  312  467  289  340
   10680  433  487  427  292  410  300  441  539  302  378
   10700  475  415  429  371  464  377  571  357  427  375
   10720  349  360  591  313  508  413  524  323  348  363
   10740  355  470  492  339  317  478  564  341  404  436
   10760  387  582  431  406  481  417  453  410  409  475
   10780  371  533  356  388  380  443  421  430  435  460
   10800  468  313  452  418  435  345  426  433  313  463
   10820  449  454  509  474  387  400  402  488  319  398
   10840  412  540  445  384  474  410  418  536  366  429
   10860  482  451  373  480  447  451  429  447  390  386
   10880  355  268  351  501  406  450  488  313  411  418
   10900  457  397  477  378  402  476  437  464  383  434
   10920  413  377  497  406  388  279  484  443  400  419
   10940  462  409  337  437  375  382  379  324  509  366
   10960  430  376  311  442  373  360  455  415  525  401
   10980  376  358  457  553  446  299  425  389  455  441
   11000  388  413  321  559  341  386  419  364  439  350
   11020  383  334  448  465  323  372  542  360  416  375
   11040  351  431  392  462  348  405  649  286  508  329
   11060  384  346  439  482  264  292  454  380  380  434
   11080  332  397  350  557  368  242  430  333  421  556
   11100  347  560  357  511  384  304  477  452  437  510
   11120  435  429  418  409  377  256  497  407  434  472
   11140  413  381  383  309  463  406  483  376  292  379
   11160  497  347  388  505  409  324  507  382  302  394
   11180  402  258  448  399  338  306  515  443  358  415
   11200  379  411  428  321  512  458  521  456  380  347
   11220  408  484  458  452  384  439  458  306  273  365
   11240  434  435  409  429  323  440  483  314  293  415
   11260  554  404  399  492  338  493  514  348  356  460
   11280  506  362  435  468  330  427  470  346  595  482
   11300  429  468  468  341  325  373  299  362  456  438
   11320  324  400  453  307  414  362  436  504  468  434
   11340  373  416  338  472  383  412  437  381  427  495
   11360  467  343  422  474  310  393  520  634  410  400
   11380  407  316  488  406  385  356  474  625  376  473
   11400  337  402  436  386  360  445  453  522  479  403
   11420  425  340  476  477  404  473  477  473  398  357
   11440  409  256  477  341  432  378  311  463  327  417
   11460  517  393  479  372  479  353  439  519  368  255
   11480  450  449  578  471  480  412  383  396  374  242
   11500  387  335  548  407  457  519  398  487  339  390
   11520  462  361  489  454  425  455  400  558  376  443
   11540  444  419  425  445  532  385  388  482  393  346
   11560  386  325  358  460  359  443  358  448  337  287
   11580  321  510  390  497  403  359  414  410  366  314
   11600  376  461  438  538  395  388  464  527  416  379
   11620  385  453  429  483  337  404  381  483  440  354
   11640  354  398  417  368  333  302  476  553  399  392
   11660  484  416  361  369  459  352  356  425  311  385
   11680  382  469  310  427  361  351  403  527  315  364
   11700  447  467  515  488  502  373  363  389  229  417
   11720  409  402  425  412  460  288  299  351  336  308
   11740  397  385  375  415  458  322  360  345  411  341
   11760  507  420  393  488  517  318  373  387  431  544
   11780  462  394  331  476  501  464  392  369  445  387
   11800  443  390  412  430  424  479  294  334  384  352
   11820  483  422  379  348  441  434  383  309  363  342
   11840  492  453  449  349  420  395  361  470  464  433
   11860  432  445  482  406  514  461  387  522  380  406
   11880  483  449  354  392  453  512  443  461  355  402
   11900  448  509  465  426  473  508  457  363  316  384
   11920  509  486  548  398  461  358  419  433  314  373
   11940  523  506  455  299  451  435  335  433  403  400
   11960  435  473  494  299  344  454  282  482  367  452
   11980  471  321  370  300  330  518  369  530  375  292
   12000  385  444  372  437  261  407  495  505  390  305
   12020  404  482  351  353  292  418  401  469  362  442
   12040  459  483  294  451  297  357  421  430  478  341
   12060  344  387  322  375  334  374  381  506  361  396
   12080  489  431  424  457  410  401  342  369  450  373
   12100  476  370  309  367  318  334  366  386  380  380
   12120  460  361  232  375  417  423  402  456  340  359
   12140  491  462  291  334  346  449  520  603  436  401
   12160  398  411  300  395  380  451  366  368  450  342
   12180  285  422  354  486  447  395  290  470  461  394
   12200  408  405  492  382  437  321  513  535  481  370
   12220  415  382  391  358  337  457  462  371  499  340
   12240  462  417  455  357  376  438  472  353  467  382
   12260  494  359  381  449  373  386  493  443  427  346
   12280  357  456  435  407  380  393  368  541  430  351
   12300  370  430  378  472  470  247  372  618  427  399
   12320  405  485  347  404  462  257  406  651  459  514
   12340  496  480  489  352  439  278  398  576  408  513
   12360  323  471  392  362  507  248  394  524  444  526
   12380  432  352  323  334  449  240  463  491  448  486
   12400  346  453  363  407  429  391  440  508  408  387
   12420  346  377  403  365  322  463  418  429  373  461
   12440  368  373  375  400  382  378  336  467  351  521
   12460  288  416  391  391  443  456  328  421  358  440
   12480  463  325  511  380  302  349  385  311  321  512
   12500  440  357  446  313  334  387  372  343  389  417
   12520  267  544  441  383  410  307  516  475  444  437
   12540  359  437  414  459  390  427  473  453  340  382
   12560  407  407  464  389  387  435  447  512  325  330
   12580  442  444  470  330  432  440  369  518  211  314
   12600  419  463  338  278  452  372  418  602  290  382
   12620  295  570  442  270  489  341  415  484  334  430
   12640  268  627  515  363  513  415  538  529  381  452
   12660  283  498  460  392  566  440  485  492  404  435
   12680  414  561  488  429  499  469  451  433  274  414
   12700  404  424  481  429  415  416  505  417  365  377
   12720  339  521  471  471  457  553  434  389  558  310
   12740  364  515  467  587  437  464  384  390  551  470
   12760  472  359  488  523  422  505  397  369  531  549
   12780  429  340  390  445  401  432  384  425  506  544
   12800  456  334  370  314  419  382  426  435  418  383
   12820  432  497  356  377  349  314  468  431  469  282
   12840  309  441  339  337  381  408  271  243  442  235
   12860  386  420  350  423  309  324  190  265  503  295
   12880  314  430  345  405  394  478  326  240  598  327
   12900  360  479  405  399  443  428  444  357  376  445
   12920  465  423  460  465  306  359  446  324  431  475
   12940  454  336  395  472  330  458  363  297  492  321
   12960  424  425  455  468  466  329  370  426  586  402
   12980  443  380  442  488  471  394  338  378  421  399
   13000  578  479  495  439  505  446  339  399  370  372
   13020  511  418  403  434  378  322  464  441  341  358
   13040  522  454  331  401  465  324  360  471  436  290
   13060  379  404  410  436  549  281  513  374  390  275
   13080  288  413  344  321  555  294  449  514  400  309
   13100  462  524  461  310  532  359  382  478  284  383
   13120  446  418  489  311  422  609  423  402  399  445
   13140  568  485  450  447  345  494  389  529  420  523
   13160  380  495  416  457  460  524  471  420  437  474
   13180  466  390  396  367  422  410  534  412  533  404
   13200  520  423  346  319  393  353  313  399  520  377
   13220  369  502  443  361  423  406  374  399  471  509
   13240  370  443  475  405  391  401  334  370  440  575
   13260  406  384  458  491  340  493  373  459  325  563
   13280  262  453  354  511  506  385  416  464  502  529
   13300  273  377  428  361  488  381  370  448  416  334
   13320  336  376  431  442  326  420  418  437  331  368
   13340  435  299  297  437  353  478  409  414  363  438
   13360  367  270  484  441  362  513  415  345  405  428
   13380  315  384  326  509  343  548  443  327  398  451
   13400  388  322  458  418  379  350  373  408  437  560
   13420  397  387  522  428  406  304  330  399  370  565
   13440  493  322  445  433  456  357  437  485  390  475
   13460  531  315  437  391  508  329  413  374  246  423
   13480  409  344  512  429  414  379  294  322  256  339
   13500  372  382  476  506  487  279  375  297  281  417
   13520  499  418  471  531  374  404  360  331  431  429
   13540  484  474  502  496  445  459  463  431  387  468
   13560  421  320  457  485  432  361  444  583  344  521
   13580  331  270  399  366  387  383  389  512  443  528
   13600  385  316  463  398  391  414  447  479  319  473
   13620  411  367  389  392  327  324  402  481  316  486
   13640  444  402  391  456  285  368  429  479  399  426
   13660  475  431  405  543  446  393  459  465  455  417
   13680  435  401  345  433  469  410  553  624  603  409
   13700  327  349  342  492  375  491  615  559  498  426
   13720  235  409  373  468  316  427  529  402  572  393
   13740  332  433  423  413  413  523  424  476  530  460
   13760  397  359  417  423  373  479  376  404  517  316
   13780  443  334  431  468  469  410  449  363  572  333
   13800  507  337  341  459  523  342  386  367  451  457
   13820  530  362  440  475  386  362  382  392  440  430
   13840  464  481  425  534  414  393  363  386  365  423
   13860  415  375  487  481  408  449  343  329  327  476
   13880  463  360  574  397  526  349  493  442  367  388
   13900  354  323  548  362  530  417  413  422  447  380
   13920  443  291  527  378  515  437  264  403  482  536
   13940  429  300  480  408  406  386  326  366  392  517
   13960  419  372  400  401  374  492  369  339  444  367
   13980  482  430  437  423  375  523  469  353  444  344
   14000  424  331  502  363  410  442  418  542  492  262
   14020  515  372  473  351  379  464  432  414  406  301
   14040  446  426  490  424  274  433  347  419  391  422
   14060  466  285  419  264  319  445  375  343  407  469
   14080  406  441  312  421  402  475  319  391  367  451
   14100  387  576  394  417  469  292  408  362  417  420
   14120  431  503  498  264  556  189  396  324  345  444
   14140  508  445  520  381  395  324  442  385  378  532
   14160  327  419  460  468  356  288  434  351  295  601
   14180  329  429  405  285  304  306  463  448  366  529
   14200  397  357  506  348  275  299  392  350  422  456
   14220  283  339  437  351  421  394  319  540  426  336
   14240  284  432  513  454  400  399  342  506  433  321
   14260  324  653  410  437  423  447  472  506  593  388
   14280  454  495  493  408  476  442  517  531  446  424
   14300  550  580  417  513  447  346  466  350  337  579
   14320  579  620  459  469  431  374  434  374  445  577
   14340  549  491  456  453  536  528  444  373  439  559
   14360  524  381  408  439  568  470  519  370  420  449
   14380  517  476  512  423  618  409  485  404  421  382
   14400  484  413  403  508  415  436  420  458  295  487
   14420  340  462  452  521  304  393  447  465  465  533
   14440  315  447  463  522  373  481  395  544  353  489
   14460  395  442  577  421  331  416  533  519  425  375
   14480  402  303  441  462  458  440  420  430  444  575
   14500  384  312  348  288  492  413  503  344  442  397
   14520  402  355  323  378  426  366  391  344  467  485
   14540  405  431  247  346  382  389  401  381  521  428
   14560  456  452  311  255  342  387  582  447  337  418
   14580  483  428  315  413  371  350  577  505  368  474
   14600  448  431  373  321  406  306  547  287  466  369
   14620  403  555  463  318  405  457  552  392  412  329
   14640  452  396  440  427  455  349  412  475  431  309
   14660  397  309  468  401  493  366  484  476  449  375
   14680  395  377  416  407  524  335  510  427  443  414
   14700  437  462  422  377  391  406  535  455  385  363
   14720  455  379  463  394  444  610  474  465  445  308
   14740  459  451  345  561  522  410  453  458  435  348
   14760  394  347  420  487  400  401  501  396  401  322
   14780  370  469  372  463  285  362  439  417  428  404
   14800  397  269  497  454  309  463  419  551  409  438
   14820  413  349  363  449  275  499  401  399  409  441
   14840  395  340  340  555  249  429  295  451  463  393
   14860  379  371  415  447  378  409  420  300  437  474
   14880  400  396  390  534  276  508  497  283  420  452
   14900  299  468  438  561  424  517  450  404  390  374
   14920  316  445  462  516  418  413  496  438  424  378
   14940  336  346  393  516  259  427  431  448  381  388
   14960  414  451  436  477  378  338  341  562  348  381
   14980  389  580  487  400  399  316  339  487  377  389
   15000  487  488  482  358  558  341  325  366  455  299
   15020  483  508  362  480  434  413  484  432  365  421
   15040  371  546  300  472  395  386  338  452  413  311
   15060  450  416  385  490  334  417  404  548  516  347
   15080  403  426  420  538  286  449  368  453  471  369
   15100  418  402  387  474  408  356  399  372  529  460
   15120  472  518  475  355  454  459  389  452  494  399
   15140  432  483  516  388  444  384  530  479  548  482
   15160  397  402  570  434  436  459  562  374  585  514
   15180  428  456  398  347  423  503  492  354  536  472
   15200  484  357  316  365  438  432  438  435  516  602
   15220  474  206  348  347  556  372  414  383  542  497
   15240  442  305  394  316  449  392  482  475  570  564
   15260  442  373  374  378  528  388  542  467  472  532
   15280  376  432  421  411  532  456  482  480  584  512
   15300  574  511  420  376  481  406  502  430  442  485
   15320  461  555  466  484  577  495  431  528  526  516
   15340  449  476  394  406  385  478  406  380  406  426
   15360  315  608  521  470  392  398  375  485  460  438
   15380  264  486  465  462  487  380  400  469  484  526
   15400  265  455  389  486  498  457  346  430  425  457
   15420  253  553  388  448  586  336  385  425  420  418
   15440  330  493  477  424  432  326  487  497  481  449
   15460  386  538  388  518  463  388  403  366  390  384
   15480  374  388  332  322  495  385  441  491  429  443
   15500  301  447  390  307  378  420  433  461  471  565
   15520  411  511  357  282  400  387  490  349  402  325
   15540  469  410  388  489  495  493  477  347  298  369
   15560  498  396  455  469  424  501  376  261  404  382
   15580  468  382  297  418  375  456  427  343  422  455
   15600  374  360  406  524  429  419  390  373  510  459
   15620  379  336  508  580  410  353  389  403  546  457
   15640  316  377  421  530  478  355  496  384  474  614
   15660  413  429  364  401  371  538  344  500  516  545
   15680  481  496  441  433  368  540  295  451  526  525
   15700  402  484  448  385  403  512  405  484  418  492
   15720  393  518  402  470  285  430  452  443  399  386
   15740  287  419  437  546  291  453  327  386  435  494
   15760  364  433  411  523  342  428  432  327  427  414
   15780  428  424  511  440  419  368  372  520  464  492
   15800  316  467  460  390  461  456  467  521  398  352
   15820  351  404  424  504  456  483  393  398  436  497
   15840  409  444  453  477  488  488  323  312  420  580
   15860  385  431  451  422  465  380  459  353  385  544
   15880  277  393  461  461  410  396  403  363  439  511
   15900  390  510  401  586  587  458  383  440  377  452
   15920  457  420  361  459  327  505  380  466  457  360
   15940  333  448  400  484  439  562  438  432  413  426
   15960  400  444  320  449  358  505  372  349  524  385
   15980  464  464  383  408  463  471  372  372  455  390
   16000  506  377  402  504  509  375  443  436  340  372
   16020  387  345  460  549  429  474  483  373  362  370
   16040  392  379  373  575  447  563  390  454  444  502
   16060  395  426  423  515  379  526  438  426  395  458
   16080  402  476  450  476  399  357  473  418  571  461
   16100  336  435  373  469  411  365  445  394  468  409
   16120  343  381  351  515  505  385  465  407  465  459
   16140  442  508  439  508  383  338  310  366  447  401
   16160  546  452  369  352  295  299  474  532  443  349
   16180  454  479  430  463  360  378  241  445  495  326
   16200  479  403  392  376  368  380  451  381  552  425
   16220  444  458  402  348  385  361  421  441  492  451
   16240  333  435  420  470  422  315  426  363  421  426
   16260  306  473  453  514  432  315  423  270  327  330
   16280  381  502  530  509  462  389  513  240  329  473
   16300  409  464  510  540  408  418  407  333  411  332
   16320  410  481  400  495  529  290  361  275  363  513
   16340  455  444  391  426  426  477  378  265  292  423
   16360  449  279  390  500  470  467  410  303  454  343
   16380  383  313  325  522  345  478  369  282  448  397
   16400  390  445  342  535  492  361  261  389  405  355
   16420  380  478  460  500  353  401  409  368  403  424
   16440  443  368  378  514  458  405  329  364  412  485
   16460  324  349  360  383  535  404  242  471  339  486
   16480  412  342  354  453  487  427  316  396  313  314
   16500  417  418  337  426  479  408  383  426  322  262
   16520  480  444  357  440  463  401  385  389  267  439
   16540  435  376  346  359  373  436  321  428  372  439
   16560  350  414  310  437  299  360  395  347  255  424
   16580  383  414  313  369  300  427  377  390  326  377
   16600  346  464  313  354  387  341  247  451  311  338
   16620  429  535  468  461  405  390  284  406  290  374
   16640  491  409  404  397  370  438  301  419  392  473
   16660  425  389  420  417  363  361  327  485  359  381
   16680  385  364  441  385  357  510  369  314  470  329
   16700  259  286  397  454  310  488  433  278  548  392
   16720  311  288  408  445  325  375  363  400  398  393
   16740  254  338  488  477  254  311  285  310  360  447
   16760  391  460  355  478  372  364  249  311  334  302
   16780  428  369  375  456  379  359  238  350  306  383
   16800  418  420  370  490  403  428  380  342  286  359
   16820  347  304  409  541  485  322  432  514  321  239
   16840  285  355  312  400  437  407  413  417  401  316
   16860  445  377  397  495  426  396  333  396  439  329
   16880  582  319  446  493  405  445  370  416  349  388
   16900  347  283  400  571  456  451  398  380  413  384
   16920  410  277  430  401  505  410  328  440  500  475
   16940  465  434  568  476  369  413  353  382  486  362
   16960  530  395  373  301  381  435  337  503  427  298
   16980  502  318  394  286  464  464  314  538  457  345
   17000  446  233  334  310  528  414  320  477  506  351
   17020  474  369  425  207  412  328  393  469  397  333
   17040  368  277  334  236  449  248  445  473  500  404
   17060  426  315  418  368  371  312  388  397  436  422
   17080  442  422  420  404  389  371  447  377  472  422
   17100  505  403  420  399  361  344  410  502  315  365
   17120  486  332  430  371  362  460  385  339  477  288
   17140  452  255  442  388  419  490  312  327  391  245
   17160  370  445  362  309  536  547  300  380  346  391
   17180  478  393  426  359  451  515  378  416  362  411
   17200  369  435  477  299  443  426  396  329  425  378
   17220  383  373  457  368  454  517  396  321  395  472
   17240  371  322  505  511  492  428  399  344  554  534
   17260  291  404  526  482  588  458  398  401  414  540
   17280  348  440  528  432  429  351  501  279  457  441
   17300  372  479  490  432  363  352  334  367  453  487
   17320  350  412  448  548  487  328  342  421  520  497
   17340  356  402  462  448  456  303  409  535  554  472
   17360  463  317  362  427  499  343  496  451  579  521
   17380  470  490  355  420  416  391  412  304  417  418
   17400  309  555  347  520  433  376  385  331  409  426
   17420  225  477  481  434  450  414  393  474  454  520
   17440  268  439  318  376  448  443  336  342  360  433
   17460  268  357  357  482  458  460  356  487  431  422
   17480  334  292  409  460  312  333  525  439  475  518
   17500  332  346  403  379  341  381  482  449  531  385
   17520  506  429  324  220  393  477  476  403  500  421
   17540  371  366  346  352  491  396  488  398  432  375
   17560  420  365  369  252  486  397  435  462  398  364
   17580  310  304  370  314  301  374  404  471  369  401
   17600  358  277  456  413  341  361  458  345  413  461
   17620  440  261  438  453  404  461  457  444  294  432
   17640  396  392  345  370  412  421  445  471  395  400
   17660  598  401  399  509  443  613  391  494  359  471
   17680  498  451  417  378  383  436  343  399  396  395
   17700  290  367  440  294  416  292  442  527  435  449
   17720  382  520  470  376  445  292  442  493  390  390
   17740  307  363  367  355  366  384  440  527  361  424
   17760  394  432  234  356  395  334  542  502  385  324
   17780  402  484  311  454  344  354  373  469  316  421
   17800  443  511  420  447  502  360  370  448  458  351
   17820  446  383  434  465  550  491  435  390  416  379
   17840  402  361  437  362  391  456  396  321  481  391
   17860  565  432  352  479  426  375  502  340  575  479
   17880  513  437  401  414  387  466  456  458  546  408
   17900  493  322  400  476  265  549  530  401  527  499
   17920  539  396  400  352  383  423  363  331  620  453
   17940  486  336  415  449  359  312  520  306  542  426
   17960  444  391  464  395  362  322  405  433  379  376
   17980  496  412  468  475  502  340  353  407  404  245
   18000  379  429  368  401  265  388  521  343  467  331
   18020  392  289  350  302  318  315  549  348  519  304
   18040  313  396  340  355  347  383  521  318  511  384
   18060  265  288  374  534  383  344  512  418  404  412
   18080  302  448  409  428  432  447  497  385  413  394
   18100  400  472  465  490  297  562  441  461  381  375
   18120  401  329  470  525  358  517  350  404  548  538
   18140  421  398  437  441  423  358  423  426  488  497
   18160  481  401  408  352  340  270  360  369  509  473
   18180  417  379  296  395  452  330  475  480  512  428
   18200  385  407  395  526  440  410  399  454  401  477
   18220  333  557  403  476  425  349  608  433  532  433
   18240  317  500  401  402  438  352  524  400  474  456
   18260  345  477  411  290  312  375  543  645  369  410
   18280  341  470  345  265  357  355  451  499  520  422
   18300  405  400  418  350  280  444  433  613  444  466
   18320  368  333  433  501  518  460  364  626  403  517
   18340  307  360  426  449  496  276  453  488  436  530
   18360  256  330  475  420  385  339  523  467  309  345
   18380  285  247  413  432  423  283  323  393  366  410
   18400  265  361  515  452  413  368  369  313  556  365
   18420  425  316  423  432  461  445  335  427  490  267
   18440  457  372  391  499  434  417  487  294  349  420
   18460  364  447  470  511  397  498  461  382  472  435
   18480  425  424  522  486  546  393  393  493  406  330
   18500  451  339  359  501  349  398  531  421  390  431
   18520  416  312  399  557  475  462  351  448  493  552
   18540  435  394  330  490  438  419  420  362  493  387
   18560  466  531  401  485  370  448  437  261  581  359
   18580  445  479  259  425  342  480  403  315  434  394
   18600  391  419  270  374  385  569  432  483  559  423
   18620  410  281  271  407  468  410  438  365  620  456
   18640  365  247  445  369  575  469  372  461  509  387
   18660  272  310  446  421  517  437  398  517  462  308
   18680  384  336  388  433  571  433  479  404  441  376
   18700  440  361  372  397  557  440  470  395  477  392
   18720  417  457  367  422  408  408  415  328  471  375
   18740  467  532  392  458  335  502  390  437  490  304
   18760  484  365  443  432  389  544  626  445  460  404
   18780  464  414  426  487  347  350  487  446  394  407
   18800  390  390  396  416  327  430  468  408  465  354
   18820  423  387  444  514  421  464  588  460  579  431
   18840  442  442  473  335  395  412  495  434  503  357
   18860  392  342  496  409  386  488  397  464  489  395
   18880  408  330  539  489  342  459  334  421  400  373
   18900  380  407  529  454  386  393  443  467  343  454
   18920  498  528  406  399  439  402  452  466  367  362
   18940  531  510  472  395  431  430  369  533  357  398
   18960  417  488  480  387  367  351  575  400  284  446
   18980  336  445  366  403  346  393  562  526  338  463
   19000  364  387  303  384  412  432  448  574  386  334
   19020  365  424  332  290  409  442  432  492  334  358
   19040  449  430  380  335  481  482  444  445  369  483
   19060  265  510  399  376  433  457  577  425  409  438
   19080  344  383  523  295  477  392  443  332  427  438
   19100  480  345  518  295  407  453  375  436  418  441
   19120  509  335  436  357  483  351  363  441  504  574
   19140  501  444  435  393  405  443  348  454  458  634
   19160  475  327  345  409  401  450  340  421  518  452
   19180  431  406  321  462  431  507  348  479  539  444
   19200  546  385  377  447  366  492  444  536  403  526
   19220  423  497  292  427  568  469  337  500  546  448
   19240  406  458  425  423  483  469  403  493  518  447
   19260  324  349  373  446  465  557  425  483  377  370
   19280  418  418  351  419  361  411  373  396  419  448
   19300  527  433  331  418  344  304  301  368  435  385
   19320  453  392  412  408  389  450  393  465  486  352
   19340  417  502  395  524  404  437  517  440  422  472
   19360  401  405  398  483  338  522  482  483  427  348
   19380  497  461  520  375  335  488  327  440  460  434
   19400  459  516  475  358  407  312  401  378  456  484
   19420  456  443  413  479  298  433  389  471  537  437
   19440  412  479  345  495  328  403  446  413  446  405
   19460  418  467  383  488  432  398  477  330  433  303
   19480  384  430  288  373  324  378  521  491  440  405
   19500  408  495  469  438  459  502  363  384  388  399
   19520  432  575  378  479  510  426  518  232  296  433
   19540  471  464  298  499  307  365  628  271  395  394
   19560  465  393  386  395  344  299  483  503  426  515
   19580  351  454  367  524  392  369  475  481  648  360
   19600  417  365  360  335  300  411  407  381  601  348
   19620  433  469  460  400  438  306  382  444  455  478
   19640  395  466  475  369  502  262  476  414  424  485
   19660  407  377  394  308  566  325  505  429  530  370
   19680  422  421  413  382  386  351  455  380  395  316
   19700  400  319  387  485  474  387  528  466  314  397
   19720  429  456  382  363  543  475  468  410  368  465
   19740  401  320  440  327  425  428  423  453  388  405
   19760  314  361  527  423  433  351  326  413  472  258
   19780  340  360  474  443  455  419  408  436  462  372
   19800  299  387  533  382  468  408  407  416  366  357
   19820  401  430  446  347  621  327  429  438  476  366
   19840  454  388  405  316  316  329  424  287  466  524
   19860  378  392  503  269  405  474  413  342  425  565
   19880  381  313  439  380  422  384  385  414  483  526
   19900  449  417  452  345  482  504  402  350  423  417
   19920  351  412  473  346  408  461  373  303  460  384
   19940  366  296  452  362  409  543  408  429  502  407
   19960  323  413  385  402  397  309  304  435  461  430
   19980  408  391  423  330  418  335  382  471  419  293
   20000  285  393  332  388  519  315  399  373  395  281
