      20     0.000098191     0.000097726     0.974470000
      40     0.000193564     0.000191978     0.964750000
      60     0.000282445     0.000279409     0.933450000
      80     0.000369092     0.000364239     0.902350000
     100     0.000455696     0.000448787     0.888480000
     120     0.000535594     0.000526740     0.877310000
     140     0.000616041     0.000605014     0.845630000
     160     0.000690143     0.000676931     0.844730000
     180     0.000763030     0.000747589     0.826290000
     200     0.000831900     0.000814179     0.808260000
     220     0.000897820     0.000877647     0.780490000
     240     0.000965931     0.000943313     0.777170000
     260     0.001029704     0.001004437     0.758810000
     280     0.001080496     0.001052885     0.742810000
     300     0.001129576     0.001100145     0.718610000
     320     0.001177866     0.001146350     0.708870000
     340     0.001223349     0.001189865     0.693030000
     360     0.001270661     0.001235120     0.684510000
     380     0.001320479     0.001282615     0.673930000
     400     0.001369575     0.001329116     0.659940000
     420     0.001402820     0.001360575     0.644030000
     440     0.001437367     0.001393234     0.644110000
     460     0.001473465     0.001427353     0.631260000
     480     0.001510709     0.001462275     0.611460000
     500     0.001545128     0.001494739     0.609900000
     520     0.001593834     0.001540212     0.597360000
     540     0.001620174     0.001565567     0.598040000
     560     0.001645844     0.001589472     0.591250000
     580     0.001674469     0.001615593     0.582390000
     600     0.001704805     0.001643190     0.565890000
     620     0.001721851     0.001658141     0.559430000
     640     0.001748321     0.001683259     0.560930000
     660     0.001767710     0.001701578     0.546960000
     680     0.001796195     0.001727339     0.541410000
     700     0.001810982     0.001741595     0.527740000
     720     0.001838855     0.001767432     0.530300000
     740     0.001853441     0.001780088     0.534040000
     760     0.001873080     0.001798230     0.522740000
     780     0.001885807     0.001809712     0.519770000
     800     0.001905534     0.001827758     0.505550000
     820     0.001920658     0.001841622     0.500830000
     840     0.001936469     0.001855972     0.502330000
     860     0.001944858     0.001863838     0.512240000
     880     0.001960426     0.001878918     0.505130000
     900     0.001966665     0.001884657     0.495590000
     920     0.001981853     0.001899235     0.489710000
     940     0.001992853     0.001907691     0.486960000
     960     0.001995578     0.001910136     0.482000000
     980     0.001999373     0.001913017     0.480880000
    1000     0.002004914     0.001917194     0.465730000
    1020     0.002011246     0.001921151     0.463960000
    1040     0.002028461     0.001938045     0.482510000
    1060     0.002040754     0.001950606     0.481740000
    1080     0.002060317     0.001968970     0.463850000
    1100     0.002051818     0.001959937     0.466990000
    1120     0.002059505     0.001965685     0.462460000
    1140     0.002076067     0.001979398     0.463570000
    1160     0.002097120     0.001998310     0.465560000
    1180     0.002111919     0.002012907     0.456100000
    1200     0.002104923     0.002006417     0.449030000
    1220     0.002112391     0.002012637     0.446370000
    1240     0.002126836     0.002026045     0.442730000
    1260     0.002147088     0.002043339     0.435510000
    1280     0.002164004     0.002057850     0.428890000
    1300     0.002172883     0.002065586     0.413510000
    1320     0.002172440     0.002063900     0.424910000
    1340     0.002175993     0.002067629     0.435310000
    1360     0.002170037     0.002062427     0.419770000
    1380     0.002171436     0.002064723     0.430470000
    1400     0.002192236     0.002083307     0.428880000
    1420     0.002199103     0.002091100     0.427400000
    1440     0.002221948     0.002110737     0.430060000
    1460     0.002210175     0.002100323     0.435230000
    1480     0.002222821     0.002112280     0.417500000
    1500     0.002229334     0.002115197     0.405260000
    1520     0.002237229     0.002122298     0.403870000
    1540     0.002247070     0.002131139     0.414790000
    1560     0.002233528     0.002119307     0.411310000
    1580     0.002242565     0.002127222     0.406870000
    1600     0.002243991     0.002128502     0.409370000
    1620     0.002240153     0.002124948     0.412690000
    1640     0.002237960     0.002122754     0.421930000
    1660     0.002229559     0.002115438     0.418410000
    1680     0.002225062     0.002112203     0.417950000
    1700     0.002228584     0.002115183     0.415100000
    1720     0.002222997     0.002109592     0.423480000
    1740     0.002220712     0.002107712     0.421260000
    1760     0.002217449     0.002103675     0.415080000
    1780     0.002201801     0.002089533     0.414880000
    1800     0.002206377     0.002092080     0.413760000
    1820     0.002216604     0.002102114     0.416160000
    1840     0.002214536     0.002100659     0.411980000
    1860     0.002205981     0.002093170     0.436020000
    1880     0.002203515     0.002093655     0.427530000
    1900     0.002212571     0.002102196     0.431300000
    1920     0.002214845     0.002102862     0.429070000
    1940     0.002209681     0.002099377     0.420090000
    1960     0.002216234     0.002104946     0.426920000
    1980     0.002221931     0.002109513     0.414800000
    2000     0.002211189     0.002098741     0.421270000
    2020     0.002212480     0.002099157     0.415340000
    2040     0.002204660     0.002091114     0.420830000
    2060     0.002197209     0.002085459     0.428650000
    2080     0.002192435     0.002080866     0.418290000
    2100     0.002189422     0.002078673     0.416310000
    2120     0.002179660     0.002067628     0.420380000
    2140     0.002193907     0.002081566     0.432400000
    2160     0.002180286     0.002069683     0.424020000
    2180     0.002189219     0.002076609     0.418290000
    2200     0.002194784     0.002083150     0.420740000
    2220     0.002204076     0.002092811     0.425060000
    2240     0.002208046     0.002098759     0.431870000
    2260     0.002214279     0.002104353     0.433020000
    2280     0.002212045     0.002101744     0.429070000
    2300     0.002199116     0.002088491     0.421690000
    2320     0.002201127     0.002089569     0.413730000
    2340     0.002207126     0.002094072     0.413870000
    2360     0.002206942     0.002093525     0.417230000
    2380     0.002210087     0.002094513     0.415140000
    2400     0.002213921     0.002099706     0.422710000
    2420     0.002208370     0.002096059     0.418210000
    2440     0.002228195     0.002114482     0.430940000
    2460     0.002231043     0.002117659     0.423550000
    2480     0.002229580     0.002115569     0.417790000
    2500     0.002234862     0.002118716     0.412100000
    2520     0.002212361     0.002099630     0.419290000
    2540     0.002218408     0.002106778     0.427310000
    2560     0.002212590     0.002100684     0.427260000
    2580     0.002206402     0.002094515     0.425080000
    2600     0.002213663     0.002100312     0.413650000
    2620     0.002189874     0.002078782     0.425290000
    2640     0.002196333     0.002083810     0.417920000
    2660     0.002189038     0.002075779     0.418910000
    2680     0.002207166     0.002093802     0.422350000
    2700     0.002203287     0.002091335     0.427550000
    2720     0.002185760     0.002075509     0.426210000
    2740     0.002179656     0.002072111     0.428330000
    2760     0.002175867     0.002068065     0.435680000
    2780     0.002181725     0.002074152     0.434970000
    2800     0.002161205     0.002055413     0.431480000
    2820     0.002168429     0.002062223     0.429730000
    2840     0.002181418     0.002072582     0.432910000
    2860     0.002180783     0.002071999     0.424140000
    2880     0.002175973     0.002067574     0.426490000
    2900     0.002175005     0.002066730     0.426940000
    2920     0.002182867     0.002075029     0.443070000
    2940     0.002203851     0.002095458     0.426690000
    2960     0.002219233     0.002108170     0.415620000
    2980     0.002224704     0.002113086     0.428240000
    3000     0.002236314     0.002122715     0.424340000
    3020     0.002238295     0.002123030     0.406690000
    3040     0.002245489     0.002129914     0.405050000
    3060     0.002245225     0.002129249     0.409760000
    3080     0.002253949     0.002137722     0.419070000
    3100     0.002242592     0.002126861     0.396380000
    3120     0.002246408     0.002127356     0.404280000
    3140     0.002253382     0.002134740     0.403240000
    3160     0.002251100     0.002131777     0.411490000
    3180     0.002247628     0.002129209     0.408130000
    3200     0.002237655     0.002121220     0.411210000
    3220     0.002238714     0.002122718     0.418470000
    3240     0.002239782     0.002124585     0.421870000
    3260     0.002233128     0.002119873     0.428550000
    3280     0.002216772     0.002105091     0.423300000
    3300     0.002224874     0.002112175     0.410380000
    3320     0.002211899     0.002099119     0.420410000
    3340     0.002196224     0.002085938     0.426440000
    3360     0.002193167     0.002082897     0.424910000
    3380     0.002191520     0.002082490     0.417660000
    3400     0.002190160     0.002080042     0.412900000
    3420     0.002203590     0.002092316     0.424610000
    3440     0.002198190     0.002088068     0.421860000
    3460     0.002204839     0.002093208     0.413280000
    3480     0.002222528     0.002108197     0.419340000
    3500     0.002218555     0.002104567     0.420990000
    3520     0.002211482     0.002098136     0.424360000
    3540     0.002231566     0.002116994     0.422580000
    3560     0.002232519     0.002117577     0.414950000
    3580     0.002235688     0.002121140     0.425680000
    3600     0.002247247     0.002131718     0.408920000
    3620     0.002229008     0.002114224     0.413830000
    3640     0.002243324     0.002127307     0.410000000
    3660     0.002247742     0.002132006     0.417460000
    3680     0.002237725     0.002122488     0.421280000
    3700     0.002237174     0.002121150     0.415280000
    3720     0.002243761     0.002128045     0.421260000
    3740     0.002254128     0.002139220     0.425370000
    3760     0.002254585     0.002139629     0.414200000
    3780     0.002267687     0.002150663     0.413730000
    3800     0.002255888     0.002141096     0.411940000
    3820     0.002266716     0.002149812     0.413090000
    3840     0.002268842     0.002150885     0.418280000
    3860     0.002276610     0.002158540     0.411870000
    3880     0.002276994     0.002158789     0.404600000
    3900     0.002279607     0.002161169     0.412260000
    3920     0.002300088     0.002178730     0.405050000
    3940     0.002287264     0.002164737     0.401020000
    3960     0.002290014     0.002166641     0.403690000
    3980     0.002276878     0.002154003     0.397030000
    4000     0.002259836     0.002138768     0.403850000
    4020     0.002256870     0.002137869     0.390050000
    4040     0.002240801     0.002122567     0.408020000
    4060     0.002252870     0.002134029     0.415930000
    4080     0.002257390     0.002139014     0.413930000
    4100     0.002259023     0.002139252     0.408710000
    4120     0.002250810     0.002131920     0.403830000
    4140     0.002262866     0.002143579     0.403420000
    4160     0.002246176     0.002129614     0.416140000
    4180     0.002235712     0.002120233     0.413460000
    4200     0.002226315     0.002111918     0.412390000
    4220     0.002226881     0.002111805     0.419710000
    4240     0.002228512     0.002112829     0.417630000
    4260     0.002222020     0.002107869     0.411460000
    4280     0.002217167     0.002104364     0.413720000
    4300     0.002200173     0.002088506     0.419340000
    4320     0.002211312     0.002099366     0.419170000
    4340     0.002205488     0.002094441     0.423520000
    4360     0.002213309     0.002101405     0.419900000
    4380     0.002215151     0.002102806     0.413060000
    4400     0.002215448     0.002102238     0.416060000
    4420     0.002214406     0.002100079     0.411970000
    4440     0.002203921     0.002092735     0.420810000
    4460     0.002197889     0.002088724     0.437400000
    4480     0.002198482     0.002088444     0.445220000
    4500     0.002200906     0.002092773     0.446900000
    4520     0.002183005     0.002075626     0.443500000
    4540     0.002194182     0.002085484     0.434300000
    4560     0.002197281     0.002089639     0.430110000
    4580     0.002190849     0.002083886     0.433370000
    4600     0.002189302     0.002082629     0.429420000
    4620     0.002205170     0.002095920     0.428110000
    4640     0.002200307     0.002092407     0.434730000
    4660     0.002194186     0.002086956     0.421880000
    4680     0.002207188     0.002096980     0.414990000
    4700     0.002191084     0.002081952     0.416920000
    4720     0.002201891     0.002091077     0.421660000
    4740     0.002216717     0.002102594     0.410040000
    4760     0.002218219     0.002102782     0.410660000
    4780     0.002203537     0.002090742     0.421880000
    4800     0.002212505     0.002100379     0.417020000
    4820     0.002228224     0.002112681     0.406550000
    4840     0.002223721     0.002108004     0.408840000
    4860     0.002238086     0.002120625     0.414310000
    4880     0.002243382     0.002126596     0.411530000
    4900     0.002245126     0.002129764     0.407910000
    4920     0.002250598     0.002133311     0.414160000
    4940     0.002258414     0.002137903     0.404330000
    4960     0.002247621     0.002127270     0.402800000
    4980     0.002239915     0.002120697     0.413950000
    5000     0.002228343     0.002111171     0.425390000
    5020     0.002226626     0.002111860     0.425600000
    5040     0.002221975     0.002109785     0.430000000
    5060     0.002219338     0.002108237     0.434670000
    5080     0.002214443     0.002102991     0.419630000
    5100     0.002214649     0.002101816     0.416210000
    5120     0.002235683     0.002121840     0.410450000
    5140     0.002248190     0.002132131     0.411760000
    5160     0.002241080     0.002125520     0.412130000
    5180     0.002251796     0.002134890     0.414480000
    5200     0.002244754     0.002129181     0.411420000
    5220     0.002268403     0.002151365     0.418370000
    5240     0.002267424     0.002150849     0.406030000
    5260     0.002277170     0.002159383     0.413130000
    5280     0.002263168     0.002147718     0.404350000
    5300     0.002262250     0.002143443     0.391930000
    5320     0.002252415     0.002132935     0.403150000
    5340     0.002250151     0.002132185     0.411840000
    5360     0.002255411     0.002137144     0.412160000
    5380     0.002246838     0.002129096     0.422420000
    5400     0.002254791     0.002137068     0.413090000
    5420     0.002275074     0.002154582     0.408440000
    5440     0.002278596     0.002156566     0.395160000
    5460     0.002286851     0.002165607     0.411770000
    5480     0.002277584     0.002158470     0.408680000
    5500     0.002265842     0.002148556     0.406870000
    5520     0.002253699     0.002135668     0.409940000
    5540     0.002255296     0.002136295     0.410390000
    5560     0.002240857     0.002125151     0.422740000
    5580     0.002240851     0.002124053     0.408740000
    5600     0.002226669     0.002113343     0.420340000
    5620     0.002250429     0.002133467     0.415360000
    5640     0.002263454     0.002144344     0.393650000
    5660     0.002255447     0.002135905     0.405620000
    5680     0.002275822     0.002152430     0.393630000
    5700     0.002280613     0.002157452     0.393000000
    5720     0.002259669     0.002138939     0.393280000
    5740     0.002240024     0.002120620     0.407310000
    5760     0.002241593     0.002122106     0.410660000
    5780     0.002244559     0.002125754     0.404950000
    5800     0.002248272     0.002128606     0.397620000
    5820     0.002260752     0.002138138     0.404690000
    5840     0.002250688     0.002129819     0.402300000
    5860     0.002242978     0.002123756     0.409900000
    5880     0.002238230     0.002120431     0.415930000
    5900     0.002243143     0.002127451     0.422640000
    5920     0.002245608     0.002130469     0.421000000
    5940     0.002249711     0.002134550     0.421210000
    5960     0.002251715     0.002137278     0.412100000
    5980     0.002236617     0.002122132     0.408910000
    6000     0.002232237     0.002118588     0.414470000
    6020     0.002237539     0.002123006     0.414430000
    6040     0.002251065     0.002134592     0.410130000
    6060     0.002254139     0.002137768     0.408080000
    6080     0.002275596     0.002156465     0.400600000
    6100     0.002273416     0.002154421     0.407700000
    6120     0.002263322     0.002145736     0.411950000
    6140     0.002276591     0.002156569     0.406680000
    6160     0.002263397     0.002145599     0.405380000
    6180     0.002273423     0.002152410     0.393420000
    6200     0.002279112     0.002157449     0.393690000
    6220     0.002264494     0.002143387     0.405290000
    6240     0.002252232     0.002133701     0.419800000
    6260     0.002233164     0.002117349     0.415730000
    6280     0.002233963     0.002119118     0.407460000
    6300     0.002217731     0.002105263     0.408060000
    6320     0.002212554     0.002099302     0.412750000
    6340     0.002214298     0.002101382     0.409350000
    6360     0.002217248     0.002103153     0.406680000
    6380     0.002210924     0.002097984     0.420330000
    6400     0.002216088     0.002101929     0.415270000
    6420     0.002224095     0.002108221     0.413470000
    6440     0.002219951     0.002104724     0.423570000
    6460     0.002215314     0.002101603     0.421260000
    6480     0.002206018     0.002094086     0.415810000
    6500     0.002213549     0.002102802     0.428470000
    6520     0.002206542     0.002097049     0.418080000
    6540     0.002199683     0.002089901     0.425590000
    6560     0.002203383     0.002093983     0.427770000
    6580     0.002220425     0.002109338     0.423540000
    6600     0.002224387     0.002113380     0.432200000
    6620     0.002223580     0.002111812     0.422010000
    6640     0.002239890     0.002126309     0.410490000
    6660     0.002237329     0.002124503     0.411110000
    6680     0.002245232     0.002129436     0.407670000
    6700     0.002251840     0.002133187     0.392190000
    6720     0.002245420     0.002126132     0.399680000
    6740     0.002226422     0.002108957     0.400610000
    6760     0.002223765     0.002105716     0.414430000
    6780     0.002223805     0.002108482     0.418740000
    6800     0.002226752     0.002112216     0.417240000
    6820     0.002216516     0.002102956     0.415760000
    6840     0.002226682     0.002112305     0.406560000
    6860     0.002235080     0.002117634     0.402580000
    6880     0.002250366     0.002131715     0.411270000
    6900     0.002241462     0.002125439     0.422760000
    6920     0.002245945     0.002129780     0.414280000
    6940     0.002254135     0.002137980     0.417260000
    6960     0.002250875     0.002134892     0.408640000
    6980     0.002256553     0.002140699     0.416910000
    7000     0.002253367     0.002138081     0.402980000
    7020     0.002248779     0.002132959     0.408230000
    7040     0.002243367     0.002127966     0.410360000
    7060     0.002226050     0.002112128     0.411370000
    7080     0.002231021     0.002116122     0.400660000
    7100     0.002232042     0.002116787     0.398980000
    7120     0.002235780     0.002118177     0.407140000
    7140     0.002231167     0.002113396     0.411020000
    7160     0.002222376     0.002107480     0.408920000
    7180     0.002230938     0.002114897     0.409320000
    7200     0.002230072     0.002114513     0.411280000
    7220     0.002224813     0.002109499     0.418190000
    7240     0.002219696     0.002104687     0.410030000
    7260     0.002211824     0.002096395     0.404000000
    7280     0.002230525     0.002114365     0.408940000
    7300     0.002229316     0.002112325     0.421850000
    7320     0.002250808     0.002133161     0.412970000
    7340     0.002257980     0.002138899     0.398330000
    7360     0.002268938     0.002148471     0.395500000
    7380     0.002278691     0.002157065     0.400210000
    7400     0.002284828     0.002162382     0.393200000
    7420     0.002256403     0.002136855     0.413170000
    7440     0.002259494     0.002140530     0.409450000
    7460     0.002270041     0.002152056     0.420150000
    7480     0.002256528     0.002139600     0.413210000
    7500     0.002238857     0.002124327     0.399110000
    7520     0.002235089     0.002120283     0.418740000
    7540     0.002229818     0.002116482     0.427110000
    7560     0.002230139     0.002117833     0.432360000
    7580     0.002234567     0.002122672     0.418050000
    7600     0.002234413     0.002122629     0.428800000
    7620     0.002234547     0.002121101     0.416710000
    7640     0.002247514     0.002133234     0.414740000
    7660     0.002233423     0.002119779     0.406750000
    7680     0.002219511     0.002105760     0.411980000
    7700     0.002222453     0.002107730     0.415600000
    7720     0.002218459     0.002105158     0.418410000
    7740     0.002220562     0.002106420     0.413850000
    7760     0.002216337     0.002101915     0.412160000
    7780     0.002189218     0.002076485     0.404670000
    7800     0.002179331     0.002067884     0.421310000
    7820     0.002191178     0.002079336     0.415200000
    7840     0.002193678     0.002081789     0.423120000
    7860     0.002201586     0.002089662     0.431130000
    7880     0.002209537     0.002096482     0.421920000
    7900     0.002206508     0.002093606     0.430720000
    7920     0.002194963     0.002083469     0.421430000
    7940     0.002189244     0.002078881     0.425580000
    7960     0.002179135     0.002070523     0.425810000
    7980     0.002175337     0.002068021     0.423300000
    8000     0.002180664     0.002071661     0.419140000
    8020     0.002189945     0.002081251     0.430970000
    8040     0.002213941     0.002102669     0.432490000
    8060     0.002207490     0.002098124     0.428970000
    8080     0.002210843     0.002100616     0.421850000
    8100     0.002222618     0.002110152     0.413600000
    8120     0.002225910     0.002111543     0.422440000
    8140     0.002223650     0.002110542     0.430150000
    8160     0.002221910     0.002108847     0.422740000
    8180     0.002231197     0.002116272     0.411840000
    8200     0.002217927     0.002105322     0.413660000
    8220     0.002208834     0.002095156     0.407060000
    8240     0.002204797     0.002091417     0.409920000
    8260     0.002206253     0.002092035     0.408830000
    8280     0.002196740     0.002082835     0.422260000
    8300     0.002201515     0.002088474     0.419910000
    8320     0.002205993     0.002093010     0.418090000
    8340     0.002208155     0.002093617     0.406510000
    8360     0.002199999     0.002086847     0.419540000
    8380     0.002197579     0.002086024     0.437780000
    8400     0.002196964     0.002088359     0.442950000
    8420     0.002207550     0.002097547     0.428360000
    8440     0.002202979     0.002091797     0.420290000
    8460     0.002203746     0.002092587     0.416870000
    8480     0.002210048     0.002097903     0.428880000
    8500     0.002210801     0.002099292     0.427780000
    8520     0.002210034     0.002097882     0.417460000
    8540     0.002223670     0.002109008     0.408060000
    8560     0.002221269     0.002107431     0.413000000
    8580     0.002227418     0.002111899     0.406540000
    8600     0.002227052     0.002111684     0.415170000
    8620     0.002239773     0.002122803     0.412850000
    8640     0.002223080     0.002106855     0.402960000
    8660     0.002216605     0.002101546     0.408340000
    8680     0.002217998     0.002104143     0.418460000
    8700     0.002214645     0.002101165     0.412750000
    8720     0.002220921     0.002107157     0.419180000
    8740     0.002207260     0.002094205     0.419930000
    8760     0.002223994     0.002111329     0.421140000
    8780     0.002230098     0.002116835     0.413310000
    8800     0.002225931     0.002111281     0.403690000
    8820     0.002224120     0.002109871     0.418830000
    8840     0.002229178     0.002114053     0.417250000
    8860     0.002228571     0.002115195     0.417720000
    8880     0.002217134     0.002103373     0.412510000
    8900     0.002215034     0.002101971     0.415400000
    8920     0.002222081     0.002108883     0.418110000
    8940     0.002201526     0.002090575     0.418360000
    8960     0.002209339     0.002096405     0.415600000
    8980     0.002214161     0.002101726     0.421970000
    9000     0.002205838     0.002094769     0.418290000
    9020     0.002204849     0.002094607     0.426300000
    9040     0.002217130     0.002106825     0.416100000
    9060     0.002232087     0.002118756     0.409030000
    9080     0.002222912     0.002108909     0.408800000
    9100     0.002216034     0.002102979     0.412580000
    9120     0.002218778     0.002104779     0.413940000
    9140     0.002226963     0.002113362     0.420880000
    9160     0.002244347     0.002128410     0.417470000
    9180     0.002243467     0.002127322     0.420930000
    9200     0.002248005     0.002131100     0.403070000
    9220     0.002242415     0.002123929     0.402420000
    9240     0.002254142     0.002134289     0.405700000
    9260     0.002248289     0.002127285     0.412530000
    9280     0.002234634     0.002116734     0.414060000
    9300     0.002243410     0.002126583     0.418780000
    9320     0.002246780     0.002131485     0.413630000
    9340     0.002254147     0.002137554     0.409120000
    9360     0.002243377     0.002125789     0.405320000
    9380     0.002234592     0.002119043     0.409990000
    9400     0.002237553     0.002122947     0.420880000
    9420     0.002232040     0.002118737     0.417690000
    9440     0.002233733     0.002120469     0.415100000
    9460     0.002240166     0.002125254     0.408500000
    9480     0.002247060     0.002130459     0.414840000
    9500     0.002232497     0.002118097     0.413760000
    9520     0.002228627     0.002113347     0.414690000
    9540     0.002228788     0.002114285     0.423510000
    9560     0.002224685     0.002110710     0.410480000
    9580     0.002228592     0.002114912     0.416160000
    9600     0.002232727     0.002117250     0.415440000
    9620     0.002232395     0.002118369     0.428230000
    9640     0.002221443     0.002109005     0.419230000
    9660     0.002224847     0.002111171     0.417630000
    9680     0.002234419     0.002117626     0.409360000
    9700     0.002243869     0.002127094     0.417790000
    9720     0.002243877     0.002128333     0.424060000
    9740     0.002223767     0.002111262     0.421810000
    9760     0.002227759     0.002113678     0.413280000
    9780     0.002224558     0.002108170     0.401300000
    9800     0.002225775     0.002108292     0.399120000
    9820     0.002220322     0.002103786     0.405610000
    9840     0.002219557     0.002103543     0.404260000
    9860     0.002206526     0.002092229     0.419020000
    9880     0.002198987     0.002087475     0.420700000
    9900     0.002192956     0.002083318     0.419420000
    9920     0.002214199     0.002101083     0.407660000
    9940     0.002206146     0.002093231     0.422710000
    9960     0.002208563     0.002094809     0.410800000
    9980     0.002222076     0.002106677     0.410840000
   10000     0.002210333     0.002096876     0.414090000
   10020     0.002218105     0.002105378     0.419510000
   10040     0.002208035     0.002094629     0.419510000
   10060     0.002193416     0.002081495     0.419010000
   10080     0.002209337     0.002096286     0.421820000
   10100     0.002218745     0.002105726     0.426620000
   10120     0.002219265     0.002105884     0.436590000
   10140     0.002221428     0.002108634     0.416650000
   10160     0.002216023     0.002104366     0.416800000
   10180     0.002234352     0.002121436     0.413100000
   10200     0.002242207     0.002127359     0.404890000
   10220     0.002236581     0.002120950     0.422780000
   10240     0.002258870     0.002141827     0.413750000
   10260     0.002256350     0.002141342     0.414320000
   10280     0.002239250     0.002125193     0.413080000
   10300     0.002235692     0.002122437     0.415660000
   10320     0.002232699     0.002118320     0.404950000
   10340     0.002243018     0.002125950     0.406780000
   10360     0.002254486     0.002137587     0.409040000
   10380     0.002245259     0.002128380     0.409400000
   10400     0.002247963     0.002129527     0.404730000
   10420     0.002242794     0.002125101     0.395810000
   10440     0.002229091     0.002112693     0.397880000
   10460     0.002213506     0.002098489     0.407040000
   10480     0.002213581     0.002099181     0.412260000
   10500     0.002207226     0.002093267     0.402490000
   10520     0.002228180     0.002112606     0.418440000
   10540     0.002229696     0.002115061     0.415310000
   10560     0.002235420     0.002119938     0.410260000
   10580     0.002243662     0.002125613     0.402710000
   10600     0.002245872     0.002126079     0.401650000
   10620     0.002233877     0.002115069     0.397050000
   10640     0.002220147     0.002102837     0.409300000
   10660     0.002211264     0.002095885     0.406310000
   10680     0.002210016     0.002092960     0.407450000
   10700     0.002205081     0.002089891     0.424330000
   10720     0.002198896     0.002086546     0.415940000
   10740     0.002193549     0.002081706     0.416190000
   10760     0.002184610     0.002074768     0.431230000
   10780     0.002194503     0.002083902     0.427910000
   10800     0.002193220     0.002083656     0.423020000
   10820     0.002195294     0.002084364     0.425140000
   10840     0.002209665     0.002097693     0.418090000
   10860     0.002212620     0.002102680     0.427480000
   10880     0.002230122     0.002118494     0.415340000
   10900     0.002238602     0.002124690     0.412260000
   10920     0.002231839     0.002118069     0.419730000
   10940     0.002252134     0.002136796     0.410370000
   10960     0.002266521     0.002148849     0.408190000
   10980     0.002273721     0.002154372     0.408360000
   11000     0.002258940     0.002140020     0.411570000
   11020     0.002268475     0.002149484     0.409410000
   11040     0.002267944     0.002147320     0.400320000
   11060     0.002267845     0.002149286     0.404970000
   11080     0.002267121     0.002148207     0.396090000
   11100     0.002275931     0.002156365     0.405590000
   11120     0.002265875     0.002146204     0.402340000
   11140     0.002260182     0.002140077     0.396380000
   11160     0.002278251     0.002156660     0.399800000
   11180     0.002262006     0.002141896     0.390620000
   11200     0.002250141     0.002131641     0.400660000
   11220     0.002242379     0.002124675     0.401890000
   11240     0.002241314     0.002124606     0.400140000
   11260     0.002243263     0.002127867     0.420070000
   11280     0.002246179     0.002129972     0.410580000
   11300     0.002239585     0.002123367     0.414980000
   11320     0.002243388     0.002126259     0.413550000
   11340     0.002244830     0.002129764     0.415140000
   11360     0.002227908     0.002114867     0.419380000
   11380     0.002213511     0.002100725     0.410830000
   11400     0.002225778     0.002113279     0.419910000
   11420     0.002219888     0.002106912     0.405290000
   11440     0.002221622     0.002106494     0.408690000
   11460     0.002223652     0.002108627     0.414820000
   11480     0.002213177     0.002099102     0.403560000
   11500     0.002215067     0.002100727     0.411640000
   11520     0.002208744     0.002094314     0.422560000
   11540     0.002216771     0.002104499     0.420890000
   11560     0.002199813     0.002087590     0.413980000
   11580     0.002223703     0.002110130     0.424590000
   11600     0.002224011     0.002112020     0.427700000
   11620     0.002226700     0.002114571     0.426760000
   11640     0.002225470     0.002112999     0.409560000
   11660     0.002221506     0.002110612     0.417620000
   11680     0.002234623     0.002122169     0.421610000
   11700     0.002235274     0.002122983     0.420530000
   11720     0.002246667     0.002132421     0.418750000
   11740     0.002242932     0.002126334     0.408570000
   11760     0.002247620     0.002131832     0.414760000
   11780     0.002249203     0.002133071     0.409120000
   11800     0.002233014     0.002117185     0.412900000
   11820     0.002216080     0.002101288     0.414610000
   11840     0.002214082     0.002101725     0.421760000
   11860     0.002206261     0.002095353     0.425500000
   11880     0.002211056     0.002100484     0.432890000
   11900     0.002218726     0.002105078     0.410190000
   11920     0.002219600     0.002105650     0.418050000
   11940     0.002228380     0.002113506     0.423560000
   11960     0.002210679     0.002097487     0.414740000
   11980     0.002212320     0.002099355     0.430740000
   12000     0.002214408     0.002101794     0.426790000
   12020     0.002218315     0.002106932     0.425480000
   12040     0.002227893     0.002116318     0.418760000
   12060     0.002223540     0.002110835     0.420920000
   12080     0.002228518     0.002116004     0.422050000
   12100     0.002220626     0.002108998     0.422330000
   12120     0.002215810     0.002103433     0.411400000
   12140     0.002216108     0.002101110     0.411130000
   12160     0.002222578     0.002107806     0.419790000
   12180     0.002211092     0.002098701     0.421040000
   12200     0.002208995     0.002097425     0.426100000
   12220     0.002227239     0.002113027     0.411960000
   12240     0.002235420     0.002118990     0.407380000
   12260     0.002241101     0.002124445     0.410450000
   12280     0.002239461     0.002123543     0.404950000
   12300     0.002232048     0.002115406     0.407940000
   12320     0.002238476     0.002120730     0.408260000
   12340     0.002230898     0.002113462     0.405830000
   12360     0.002229080     0.002111963     0.408100000
   12380     0.002235911     0.002116701     0.398740000
   12400     0.002240406     0.002120539     0.399960000
   12420     0.002238047     0.002119144     0.408320000
   12440     0.002243190     0.002124502     0.422750000
   12460     0.002231960     0.002116291     0.406200000
   12480     0.002237993     0.002122387     0.401810000
   12500     0.002237982     0.002121455     0.400420000
   12520     0.002229929     0.002112947     0.413350000
   12540     0.002220140     0.002104924     0.407930000
   12560     0.002216209     0.002101434     0.417700000
   12580     0.002205040     0.002091775     0.416440000
   12600     0.002217107     0.002102747     0.413850000
   12620     0.002205863     0.002093381     0.416200000
   12640     0.002197890     0.002086285     0.424230000
   12660     0.002193058     0.002081666     0.427790000
   12680     0.002207184     0.002095420     0.437260000
   12700     0.002211478     0.002100841     0.427200000
   12720     0.002205009     0.002095686     0.421720000
   12740     0.002193805     0.002083918     0.418500000
   12760     0.002198032     0.002087789     0.420010000
   12780     0.002191646     0.002080605     0.413640000
   12800     0.002201177     0.002089816     0.426490000
   12820     0.002199814     0.002089499     0.421080000
   12840     0.002206087     0.002094642     0.421120000
   12860     0.002208275     0.002095958     0.420600000
   12880     0.002194228     0.002082616     0.411630000
   12900     0.002194297     0.002081851     0.433810000
   12920     0.002206998     0.002095336     0.433060000
   12940     0.002206208     0.002094937     0.424660000
   12960     0.002206964     0.002095309     0.424520000
   12980     0.002205276     0.002095304     0.418160000
   13000     0.002203540     0.002094480     0.432800000
   13020     0.002197667     0.002087554     0.421850000
   13040     0.002206950     0.002095102     0.424230000
   13060     0.002209867     0.002097974     0.422690000
   13080     0.002215018     0.002103512     0.425920000
   13100     0.002223081     0.002109950     0.432370000
   13120     0.002219430     0.002107313     0.432240000
   13140     0.002215613     0.002104092     0.438680000
   13160     0.002220669     0.002110015     0.422340000
   13180     0.002228209     0.002117546     0.424580000
   13200     0.002212837     0.002102632     0.414800000
   13220     0.002210968     0.002101293     0.422060000
   13240     0.002223952     0.002112891     0.418790000
   13260     0.002229391     0.002117535     0.416350000
   13280     0.002232357     0.002119486     0.421960000
   13300     0.002232629     0.002118034     0.404250000
   13320     0.002236953     0.002120186     0.413210000
   13340     0.002234187     0.002117636     0.407940000
   13360     0.002214714     0.002099226     0.407130000
   13380     0.002208684     0.002094249     0.414300000
   13400     0.002216557     0.002102108     0.404410000
   13420     0.002236117     0.002119726     0.421190000
   13440     0.002217344     0.002102962     0.424700000
   13460     0.002226017     0.002111108     0.410910000
   13480     0.002227892     0.002112907     0.410080000
   13500     0.002225618     0.002109175     0.401500000
   13520     0.002228798     0.002111189     0.409540000
   13540     0.002233727     0.002117743     0.419020000
   13560     0.002236037     0.002120826     0.423700000
   13580     0.002243454     0.002126655     0.419070000
   13600     0.002257834     0.002139006     0.408780000
   13620     0.002256356     0.002136456     0.391500000
   13640     0.002253581     0.002134820     0.398160000
   13660     0.002262042     0.002140318     0.397900000
   13680     0.002258185     0.002136126     0.393190000
   13700     0.002267501     0.002142982     0.395230000
   13720     0.002266480     0.002143707     0.408630000
   13740     0.002263575     0.002143073     0.420750000
   13760     0.002273938     0.002153005     0.403380000
   13780     0.002261009     0.002142725     0.416020000
   13800     0.002243869     0.002126103     0.408620000
   13820     0.002230648     0.002116554     0.419820000
   13840     0.002250221     0.002133438     0.416130000
   13860     0.002251900     0.002135081     0.401640000
   13880     0.002252140     0.002135315     0.405640000
   13900     0.002253038     0.002134815     0.397410000
   13920     0.002265394     0.002146501     0.399700000
   13940     0.002255368     0.002137075     0.409290000
   13960     0.002254882     0.002137006     0.407590000
   13980     0.002237663     0.002122411     0.418280000
   14000     0.002239809     0.002125319     0.421020000
   14020     0.002255726     0.002139556     0.420320000
   14040     0.002250072     0.002134359     0.413610000
   14060     0.002250617     0.002134792     0.402250000
   14080     0.002243197     0.002127388     0.410290000
   14100     0.002253906     0.002134313     0.404660000
   14120     0.002258354     0.002139865     0.402340000
   14140     0.002241378     0.002122989     0.409810000
   14160     0.002250726     0.002132497     0.408830000
   14180     0.002239731     0.002123361     0.409630000
   14200     0.002222051     0.002106768     0.412010000
   14220     0.002215044     0.002099893     0.412770000
   14240     0.002195707     0.002082392     0.413350000
   14260     0.002176144     0.002066048     0.420180000
   14280     0.002187789     0.002077697     0.427130000
   14300     0.002197445     0.002086629     0.430020000
   14320     0.002211091     0.002098290     0.428100000
   14340     0.002207172     0.002095281     0.426610000
   14360     0.002220605     0.002107298     0.414660000
   14380     0.002228760     0.002115613     0.409470000
   14400     0.002222295     0.002107235     0.417000000
   14420     0.002225433     0.002111234     0.415090000
   14440     0.002224957     0.002110403     0.410340000
   14460     0.002234641     0.002119796     0.414200000
   14480     0.002234068     0.002118972     0.417510000
   14500     0.002228394     0.002113983     0.408780000
   14520     0.002227001     0.002111677     0.401910000
   14540     0.002232853     0.002114992     0.399690000
   14560     0.002222561     0.002106840     0.410200000
   14580     0.002221664     0.002107848     0.421490000
   14600     0.002228131     0.002113205     0.407360000
   14620     0.002228541     0.002114378     0.403310000
   14640     0.002212115     0.002099003     0.410100000
   14660     0.002195620     0.002084150     0.427960000
   14680     0.002200901     0.002088259     0.417120000
   14700     0.002204648     0.002091409     0.427600000
   14720     0.002207415     0.002094654     0.431600000
   14740     0.002215117     0.002103053     0.426550000
   14760     0.002213864     0.002102881     0.428110000
   14780     0.002211859     0.002100326     0.424940000
   14800     0.002207231     0.002097258     0.433190000
   14820     0.002217052     0.002106155     0.425060000
   14840     0.002212305     0.002099886     0.421820000
   14860     0.002196084     0.002086120     0.422670000
   14880     0.002191338     0.002082137     0.423200000
   14900     0.002179846     0.002072161     0.439260000
   14920     0.002184726     0.002076708     0.426790000
   14940     0.002194586     0.002086462     0.434650000
   14960     0.002196844     0.002087991     0.426840000
   14980     0.002205211     0.002095778     0.428670000
   15000     0.002212402     0.002100575     0.417800000
   15020     0.002204678     0.002093954     0.415790000
   15040     0.002211363     0.002099095     0.414220000
   15060     0.002219735     0.002107354     0.426470000
   15080     0.002209463     0.002099444     0.434560000
   15100     0.002200243     0.002091126     0.421810000
   15120     0.002196377     0.002087811     0.425610000
   15140     0.002180373     0.002072303     0.427080000
   15160     0.002176527     0.002069443     0.418860000
   15180     0.002182636     0.002075413     0.426440000
   15200     0.002192339     0.002084116     0.431340000
   15220     0.002190496     0.002081870     0.427700000
   15240     0.002185235     0.002076173     0.423360000
   15260     0.002183210     0.002075132     0.432480000
   15280     0.002181833     0.002074934     0.430610000
   15300     0.002190580     0.002084295     0.442000000
   15320     0.002189829     0.002083637     0.434070000
   15340     0.002195624     0.002088451     0.435010000
   15360     0.002204483     0.002096957     0.430010000
   15380     0.002197428     0.002090021     0.425690000
   15400     0.002199893     0.002091558     0.415800000
   15420     0.002193641     0.002084849     0.414440000
   15440     0.002187594     0.002079663     0.426570000
   15460     0.002187838     0.002079397     0.425530000
   15480     0.002192252     0.002083358     0.423740000
   15500     0.002206568     0.002096597     0.431790000
   15520     0.002203034     0.002093484     0.429390000
   15540     0.002213280     0.002103070     0.438440000
   15560     0.002216497     0.002105712     0.429300000
   15580     0.002218230     0.002107373     0.419440000
   15600     0.002211093     0.002100359     0.426390000
   15620     0.002214731     0.002103917     0.427970000
   15640     0.002214348     0.002102757     0.424940000
   15660     0.002218922     0.002107106     0.417470000
   15680     0.002214707     0.002101888     0.411500000
   15700     0.002229842     0.002115358     0.406770000
   15720     0.002228491     0.002111600     0.403820000
   15740     0.002216919     0.002099969     0.406990000
   15760     0.002219953     0.002105644     0.424770000
   15780     0.002229644     0.002116591     0.430900000
   15800     0.002225414     0.002113840     0.425170000
   15820     0.002209651     0.002097532     0.422300000
   15840     0.002208231     0.002096186     0.424440000
   15860     0.002215779     0.002102852     0.415460000
   15880     0.002219350     0.002106314     0.422140000
   15900     0.002221133     0.002109783     0.429750000
   15920     0.002218896     0.002106465     0.415390000
   15940     0.002238113     0.002122357     0.418930000
   15960     0.002217372     0.002103198     0.407830000
   15980     0.002208038     0.002094603     0.412290000
   16000     0.002214104     0.002101475     0.420330000
   16020     0.002195833     0.002086149     0.426000000
   16040     0.002209358     0.002097968     0.433920000
   16060     0.002223030     0.002111578     0.424930000
   16080     0.002222177     0.002110128     0.421910000
   16100     0.002221660     0.002108980     0.416440000
   16120     0.002217413     0.002105591     0.422870000
   16140     0.002214996     0.002104093     0.421240000
   16160     0.002216009     0.002103092     0.414240000
   16180     0.002201611     0.002089284     0.417040000
   16200     0.002189048     0.002079167     0.424820000
   16220     0.002183744     0.002075168     0.432790000
   16240     0.002191898     0.002083011     0.442220000
   16260     0.002203996     0.002093100     0.434990000
   16280     0.002212536     0.002101849     0.439160000
   16300     0.002231995     0.002120682     0.421710000
   16320     0.002221968     0.002110271     0.408730000
   16340     0.002239325     0.002125327     0.411720000
   16360     0.002252907     0.002137138     0.400860000
   16380     0.002269576     0.002150722     0.398300000
   16400     0.002260366     0.002140518     0.399560000
   16420     0.002260029     0.002140088     0.402230000
   16440     0.002253086     0.002135337     0.407150000
   16460     0.002260207     0.002141160     0.403610000
   16480     0.002260071     0.002139991     0.405170000
   16500     0.002246027     0.002127154     0.404720000
   16520     0.002256102     0.002136708     0.402750000
   16540     0.002252419     0.002130367     0.394500000
   16560     0.002248042     0.002128202     0.398370000
   16580     0.002243677     0.002122444     0.395650000
   16600     0.002253374     0.002132717     0.411980000
   16620     0.002270750     0.002150340     0.416450000
   16640     0.002267134     0.002147927     0.406510000
   16660     0.002264358     0.002144627     0.404120000
   16680     0.002275476     0.002155476     0.403220000
   16700     0.002276982     0.002156541     0.400290000
   16720     0.002273496     0.002152668     0.398650000
   16740     0.002275786     0.002155018     0.401860000
   16760     0.002262867     0.002144328     0.404300000
   16780     0.002252337     0.002134687     0.390330000
   16800     0.002251017     0.002131593     0.390210000
   16820     0.002258441     0.002138878     0.399000000
   16840     0.002255801     0.002136567     0.399850000
   16860     0.002248136     0.002129627     0.406670000
   16880     0.002245560     0.002127753     0.404480000
   16900     0.002250559     0.002132531     0.403500000
   16920     0.002251994     0.002131229     0.411610000
   16940     0.002246496     0.002127185     0.410780000
   16960     0.002238830     0.002121274     0.421290000
   16980     0.002248068     0.002130908     0.413950000
   17000     0.002238801     0.002123022     0.414500000
   17020     0.002246499     0.002131323     0.412350000
   17040     0.002239836     0.002124852     0.399340000
   17060     0.002234715     0.002119338     0.404870000
   17080     0.002224946     0.002111616     0.420940000
   17100     0.002245656     0.002130928     0.408360000
   17120     0.002266954     0.002149979     0.408750000
   17140     0.002276108     0.002157212     0.405120000
   17160     0.002273306     0.002153382     0.403630000
   17180     0.002260328     0.002142159     0.406310000
   17200     0.002268225     0.002149481     0.401590000
   17220     0.002256049     0.002138694     0.407490000
   17240     0.002251829     0.002134493     0.417380000
   17260     0.002254262     0.002138720     0.416910000
   17280     0.002235587     0.002120299     0.405400000
   17300     0.002235856     0.002120835     0.409450000
   17320     0.002225029     0.002112472     0.403050000
   17340     0.002218386     0.002105595     0.401370000
   17360     0.002211766     0.002098039     0.417210000
   17380     0.002219903     0.002105941     0.417760000
   17400     0.002225636     0.002111225     0.415210000
   17420     0.002225326     0.002111506     0.420280000
   17440     0.002229568     0.002114517     0.414450000
   17460     0.002241580     0.002125643     0.427270000
   17480     0.002241369     0.002126806     0.412620000
   17500     0.002242758     0.002128742     0.407630000
   17520     0.002234699     0.002121785     0.405100000
   17540     0.002234258     0.002119849     0.404340000
   17560     0.002220821     0.002106438     0.417060000
   17580     0.002206114     0.002092456     0.411960000
   17600     0.002215081     0.002102232     0.428250000
   17620     0.002211612     0.002098097     0.403340000
   17640     0.002200633     0.002087452     0.407750000
   17660     0.002191746     0.002079255     0.411790000
   17680     0.002205882     0.002091999     0.422090000
   17700     0.002184945     0.002072781     0.415260000
   17720     0.002179595     0.002067823     0.422240000
   17740     0.002188741     0.002077064     0.419540000
   17760     0.002202448     0.002089708     0.423620000
   17780     0.002205556     0.002092775     0.426100000
   17800     0.002210307     0.002096555     0.408200000
   17820     0.002208399     0.002094344     0.411710000
   17840     0.002205439     0.002092160     0.412570000
   17860     0.002199007     0.002087078     0.423370000
   17880     0.002196921     0.002085811     0.425200000
   17900     0.002191975     0.002080190     0.408970000
   17920     0.002203980     0.002091658     0.409960000
   17940     0.002199020     0.002087767     0.420870000
   17960     0.002189132     0.002078549     0.417730000
   17980     0.002197032     0.002084945     0.422770000
   18000     0.002204829     0.002091821     0.418270000
   18020     0.002206239     0.002093633     0.423110000
   18040     0.002208001     0.002095942     0.420270000
   18060     0.002209317     0.002097999     0.418350000
   18080     0.002201139     0.002090509     0.421130000
   18100     0.002188770     0.002079392     0.429870000
   18120     0.002182206     0.002075769     0.435750000
   18140     0.002175725     0.002068215     0.425130000
   18160     0.002172835     0.002065066     0.422430000
   18180     0.002180788     0.002071671     0.409690000
   18200     0.002190127     0.002080029     0.423980000
   18220     0.002198380     0.002087196     0.435550000
   18240     0.002199773     0.002089486     0.419340000
   18260     0.002197856     0.002085524     0.420100000
   18280     0.002208687     0.002095159     0.420550000
   18300     0.002189055     0.002077894     0.418140000
   18320     0.002185032     0.002073287     0.426440000
   18340     0.002202966     0.002089712     0.419440000
   18360     0.002200240     0.002086451     0.415880000
   18380     0.002195842     0.002083868     0.408760000
   18400     0.002185282     0.002074114     0.418780000
   18420     0.002178506     0.002067167     0.427410000
   18440     0.002175865     0.002065477     0.429920000
   18460     0.002164487     0.002055028     0.422950000
   18480     0.002174997     0.002065240     0.439260000
   18500     0.002180338     0.002072562     0.430960000
   18520     0.002179002     0.002071655     0.431940000
   18540     0.002185937     0.002078714     0.431560000
   18560     0.002186156     0.002078106     0.427220000
   18580     0.002195830     0.002085611     0.414290000
   18600     0.002190189     0.002080201     0.426100000
   18620     0.002188213     0.002078451     0.416860000
   18640     0.002190050     0.002079781     0.428720000
   18660     0.002181297     0.002073108     0.426250000
   18680     0.002177530     0.002069567     0.427630000
   18700     0.002184876     0.002075577     0.422990000
   18720     0.002194606     0.002083181     0.422320000
   18740     0.002185271     0.002075676     0.429790000
   18760     0.002185980     0.002076136     0.427740000
   18780     0.002185687     0.002075961     0.426470000
   18800     0.002182614     0.002074962     0.425540000
   18820     0.002192824     0.002083812     0.427200000
   18840     0.002188822     0.002079287     0.423240000
   18860     0.002200090     0.002087471     0.420190000
   18880     0.002184885     0.002074620     0.420880000
   18900     0.002186545     0.002076057     0.432360000
   18920     0.002203173     0.002092129     0.435550000
   18940     0.002212210     0.002100568     0.423820000
   18960     0.002226419     0.002113443     0.416280000
   18980     0.002235665     0.002122223     0.416970000
   19000     0.002229880     0.002116335     0.418160000
   19020     0.002223935     0.002111225     0.416700000
   19040     0.002222891     0.002109719     0.408640000
   19060     0.002201223     0.002089077     0.418870000
   19080     0.002202048     0.002088663     0.416130000
   19100     0.002197340     0.002085247     0.411290000
   19120     0.002215595     0.002102333     0.424630000
   19140     0.002212107     0.002099356     0.421280000
   19160     0.002209237     0.002096394     0.423450000
   19180     0.002193945     0.002081429     0.422040000
   19200     0.002183678     0.002073923     0.427120000
   19220     0.002186828     0.002077367     0.419560000
   19240     0.002169454     0.002059157     0.419910000
   19260     0.002156558     0.002048198     0.423970000
   19280     0.002182006     0.002071307     0.422900000
   19300     0.002168819     0.002060344     0.427950000
   19320     0.002170242     0.002063608     0.432270000
   19340     0.002175113     0.002067291     0.442660000
   19360     0.002174887     0.002066807     0.436810000
   19380     0.002188606     0.002078491     0.424030000
   19400     0.002172014     0.002064666     0.427780000
   19420     0.002176194     0.002070550     0.443570000
   19440     0.002184089     0.002077738     0.430260000
   19460     0.002179783     0.002072737     0.428540000
   19480     0.002178726     0.002072490     0.435510000
   19500     0.002166957     0.002062502     0.452490000
   19520     0.002184644     0.002078597     0.437850000
   19540     0.002195223     0.002087982     0.434190000
   19560     0.002193232     0.002084921     0.428450000
   19580     0.002195281     0.002086248     0.428370000
   19600     0.002191102     0.002082336     0.429360000
   19620     0.002184482     0.002076953     0.425310000
   19640     0.002194785     0.002086341     0.424270000
   19660     0.002198719     0.002089921     0.433430000
   19680     0.002212771     0.002103664     0.431650000
   19700     0.002211644     0.002103411     0.435200000
   19720     0.002202135     0.002094030     0.437340000
   19740     0.002194961     0.002085943     0.421900000
   19760     0.002206997     0.002095167     0.406280000
   19780     0.002201284     0.002089024     0.426300000
   19800     0.002200517     0.002090177     0.430750000
   19820     0.002205317     0.002095185     0.421240000
   19840     0.002209996     0.002098839     0.417580000
   19860     0.002222503     0.002109800     0.420770000
   19880     0.002220142     0.002107690     0.416210000
   19900     0.002212630     0.002100751     0.416620000
   19920     0.002221327     0.002108186     0.410890000
   19940     0.002221330     0.002106535     0.402940000
   19960     0.002228462     0.002113653     0.408140000
   19980     0.002231717     0.002117240     0.414330000
   20000     0.002226357     0.002111212     0.408440000
