      20     0.000099736     0.000099214     0.989730000
      40     0.000196941     0.000194933     0.982550000
      60     0.000294401     0.000290111     0.966110000
      80     0.000392157     0.000384626     0.970780000
     100     0.000488852     0.000477192     0.962440000
     120     0.000580245     0.000564156     0.963930000
     140     0.000672502     0.000651055     0.957730000
     160     0.000766364     0.000738558     0.955050000
     180     0.000852950     0.000818806     0.949410000
     200     0.000942363     0.000901683     0.936620000
     220     0.001037201     0.000987678     0.942130000
     240     0.001128972     0.001071755     0.927990000
     260     0.001226535     0.001159496     0.928820000
     280     0.001311630     0.001235164     0.913470000
     300     0.001400710     0.001314047     0.916400000
     320     0.001482896     0.001386134     0.895660000
     340     0.001567474     0.001460755     0.911870000
     360     0.001661982     0.001542732     0.900720000
     380     0.001742447     0.001613040     0.896750000
     400     0.001830561     0.001688312     0.896430000
     420     0.001924380     0.001768259     0.875590000
     440     0.001995597     0.001827972     0.887630000
     460     0.002076398     0.001897050     0.866060000
     480     0.002153146     0.001961977     0.866200000
     500     0.002232986     0.002029899     0.868100000
     520     0.002315355     0.002098755     0.849700000
     540     0.002385794     0.002156977     0.834500000
     560     0.002467537     0.002221658     0.849040000
     580     0.002552395     0.002291031     0.843930000
     600     0.002617988     0.002345851     0.838200000
     620     0.002691819     0.002405392     0.828820000
     640     0.002759706     0.002461734     0.837990000
     660     0.002839315     0.002526590     0.820630000
     680     0.002915938     0.002586967     0.829650000
     700     0.002990556     0.002647156     0.812070000
     720     0.003050842     0.002695316     0.823590000
     740     0.003133111     0.002762190     0.811480000
     760     0.003213944     0.002826151     0.792670000
     780     0.003285540     0.002881443     0.795120000
     800     0.003354599     0.002934996     0.802190000
     820     0.003420962     0.002991876     0.806820000
     840     0.003498123     0.003052764     0.792120000
     860     0.003565352     0.003105531     0.792410000
     880     0.003621674     0.003148438     0.778940000
     900     0.003686205     0.003199268     0.773650000
     920     0.003754763     0.003252362     0.766890000
     940     0.003821065     0.003302823     0.763930000
     960     0.003878150     0.003345155     0.774560000
     980     0.003927919     0.003380319     0.767560000
    1000     0.003995201     0.003431169     0.755550000
    1020     0.004046232     0.003469456     0.755420000
    1040     0.004122298     0.003528539     0.756600000
    1060     0.004201154     0.003588971     0.741950000
    1080     0.004260421     0.003631804     0.747730000
    1100     0.004314622     0.003667871     0.731650000
    1120     0.004370402     0.003708183     0.727900000
    1140     0.004437938     0.003756192     0.720380000
    1160     0.004496190     0.003794332     0.714230000
    1180     0.004555188     0.003834321     0.719210000
    1200     0.004604994     0.003868888     0.724390000
    1220     0.004651861     0.003909013     0.723900000
    1240     0.004709868     0.003951317     0.712310000
    1260     0.004767381     0.003991158     0.711950000
    1280     0.004827534     0.004033026     0.712840000
    1300     0.004881786     0.004070755     0.682670000
    1320     0.004931811     0.004104644     0.713090000
    1340     0.004982793     0.004142365     0.706630000
    1360     0.005039803     0.004186913     0.702150000
    1380     0.005094614     0.004226379     0.696990000
    1400     0.005137499     0.004252590     0.683460000
    1420     0.005194164     0.004286832     0.674650000
    1440     0.005243638     0.004320824     0.669730000
    1460     0.005286313     0.004353543     0.684920000
    1480     0.005342031     0.004388826     0.678660000
    1500     0.005392822     0.004427556     0.665370000
    1520     0.005429637     0.004453351     0.676290000
    1540     0.005458685     0.004478059     0.661210000
    1560     0.005520010     0.004520831     0.654090000
    1580     0.005593541     0.004569130     0.658510000
    1600     0.005655359     0.004615227     0.655510000
    1620     0.005718871     0.004660909     0.649730000
    1640     0.005783814     0.004702624     0.651140000
    1660     0.005840764     0.004741335     0.635150000
    1680     0.005888152     0.004772991     0.638460000
    1700     0.005958751     0.004817282     0.643080000
    1720     0.005998207     0.004840781     0.631720000
    1740     0.006059851     0.004882109     0.632400000
    1760     0.006127392     0.004927997     0.637300000
    1780     0.006178293     0.004962709     0.619250000
    1800     0.006227016     0.004986817     0.611970000
    1820     0.006261768     0.005013596     0.625240000
    1840     0.006310698     0.005043431     0.615710000
    1860     0.006350250     0.005064771     0.612540000
    1880     0.006391707     0.005098367     0.599320000
    1900     0.006449684     0.005129975     0.597660000
    1920     0.006493220     0.005159350     0.600700000
    1940     0.006550283     0.005193581     0.598040000
    1960     0.006604354     0.005225549     0.595300000
    1980     0.006671787     0.005271018     0.606070000
    2000     0.006740480     0.005314218     0.588170000
    2020     0.006768546     0.005331025     0.585540000
    2040     0.006785916     0.005339270     0.588600000
    2060     0.006825575     0.005359073     0.583850000
    2080     0.006884161     0.005393708     0.589330000
    2100     0.006921283     0.005417078     0.578820000
    2120     0.006968816     0.005444334     0.576590000
    2140     0.006991865     0.005461944     0.570810000
    2160     0.007046119     0.005494231     0.566320000
    2180     0.007099587     0.005526717     0.565980000
    2200     0.007136762     0.005548840     0.560620000
    2220     0.007186020     0.005573355     0.554150000
    2240     0.007204523     0.005583537     0.555690000
    2260     0.007254656     0.005616997     0.558320000
    2280     0.007282222     0.005638471     0.561360000
    2300     0.007301834     0.005648663     0.561150000
    2320     0.007340748     0.005670948     0.549370000
    2340     0.007374257     0.005684368     0.540760000
    2360     0.007411947     0.005702430     0.531480000
    2380     0.007444281     0.005714157     0.536420000
    2400     0.007489030     0.005731862     0.533910000
    2420     0.007552582     0.005763170     0.540800000
    2440     0.007604464     0.005792408     0.543530000
    2460     0.007664517     0.005819676     0.539260000
    2480     0.007704989     0.005845638     0.536230000
    2500     0.007747507     0.005870998     0.535770000
    2520     0.007809609     0.005897558     0.522670000
    2540     0.007848392     0.005912727     0.513100000
    2560     0.007925126     0.005959223     0.510250000
    2580     0.007953867     0.005977335     0.512420000
    2600     0.007990430     0.005986703     0.501750000
    2620     0.008029123     0.006011090     0.518240000
    2640     0.008075676     0.006040318     0.502420000
    2660     0.008110949     0.006055539     0.503430000
    2680     0.008115310     0.006051955     0.504040000
    2700     0.008151897     0.006070912     0.498910000
    2720     0.008186740     0.006084149     0.491750000
    2740     0.008240251     0.006107719     0.483870000
    2760     0.008250804     0.006108048     0.493440000
    2780     0.008322545     0.006145457     0.489200000
    2800     0.008359626     0.006166448     0.480750000
    2820     0.008384729     0.006171065     0.497870000
    2840     0.008396834     0.006174052     0.485080000
    2860     0.008424652     0.006186977     0.496090000
    2880     0.008460828     0.006198257     0.477890000
    2900     0.008492708     0.006193921     0.481690000
    2920     0.008521023     0.006213801     0.481920000
    2940     0.008554050     0.006236481     0.475240000
    2960     0.008568648     0.006248880     0.482050000
    2980     0.008609094     0.006272218     0.481300000
    3000     0.008639879     0.006290336     0.478640000
    3020     0.008656592     0.006293510     0.486260000
    3040     0.008656456     0.006284419     0.473900000
    3060     0.008712817     0.006311995     0.479680000
    3080     0.008764610     0.006345763     0.479230000
    3100     0.008783251     0.006348619     0.467790000
    3120     0.008824093     0.006358959     0.459670000
    3140     0.008849038     0.006363747     0.457130000
    3160     0.008889161     0.006377845     0.451890000
    3180     0.008899485     0.006382900     0.452060000
    3200     0.008956833     0.006409024     0.443960000
    3220     0.009009913     0.006422068     0.439180000
    3240     0.009039896     0.006441047     0.436870000
    3260     0.009084946     0.006460900     0.438370000
    3280     0.009087113     0.006454727     0.448220000
    3300     0.009091824     0.006450326     0.450040000
    3320     0.009089023     0.006440795     0.439550000
    3340     0.009124290     0.006454484     0.447820000
    3360     0.009141908     0.006466660     0.450910000
    3380     0.009147288     0.006458191     0.434480000
    3400     0.009157258     0.006454318     0.439770000
    3420     0.009182000     0.006461691     0.446600000
    3440     0.009223129     0.006482910     0.444750000
    3460     0.009227520     0.006492890     0.430580000
    3480     0.009275869     0.006504287     0.437020000
    3500     0.009269644     0.006502664     0.435350000
    3520     0.009319008     0.006525318     0.436160000
    3540     0.009367800     0.006555668     0.434990000
    3560     0.009420749     0.006581635     0.426320000
    3580     0.009477643     0.006595338     0.417950000
    3600     0.009533514     0.006621787     0.423130000
    3620     0.009562723     0.006629675     0.426550000
    3640     0.009603654     0.006640208     0.416000000
    3660     0.009604246     0.006631097     0.411750000
    3680     0.009641009     0.006645089     0.410030000
    3700     0.009663876     0.006659181     0.420610000
    3720     0.009692583     0.006674111     0.408320000
    3740     0.009734749     0.006685653     0.408190000
    3760     0.009777013     0.006704039     0.406100000
    3780     0.009824880     0.006728364     0.392800000
    3800     0.009834076     0.006730216     0.398380000
    3820     0.009861852     0.006745012     0.407780000
    3840     0.009909852     0.006764826     0.396300000
    3860     0.009965035     0.006778826     0.391420000
    3880     0.009996187     0.006777872     0.380910000
    3900     0.009997790     0.006749135     0.372910000
    3920     0.010020165     0.006763268     0.370650000
    3940     0.010053626     0.006760169     0.377190000
    3960     0.010070899     0.006764854     0.388170000
    3980     0.010095762     0.006778973     0.373240000
    4000     0.010142807     0.006801722     0.368880000
    4020     0.010167709     0.006786726     0.369030000
    4040     0.010209521     0.006788117     0.372550000
    4060     0.010220330     0.006781090     0.372770000
    4080     0.010202970     0.006757489     0.380060000
    4100     0.010204537     0.006758867     0.382150000
    4120     0.010206702     0.006747237     0.374770000
    4140     0.010240131     0.006763776     0.364930000
    4160     0.010290997     0.006763526     0.373250000
    4180     0.010328397     0.006787626     0.374430000
    4200     0.010353431     0.006784103     0.365670000
    4220     0.010352728     0.006782877     0.370370000
    4240     0.010368557     0.006778822     0.365750000
    4260     0.010388847     0.006782426     0.365120000
    4280     0.010416288     0.006784473     0.363190000
    4300     0.010435355     0.006796178     0.368740000
    4320     0.010470984     0.006808907     0.354810000
    4340     0.010480017     0.006806364     0.360730000
    4360     0.010505769     0.006813488     0.360850000
    4380     0.010534250     0.006816837     0.359110000
    4400     0.010592189     0.006844073     0.347340000
    4420     0.010631925     0.006833305     0.347210000
    4440     0.010656059     0.006843761     0.340750000
    4460     0.010685697     0.006844594     0.335160000
    4480     0.010705675     0.006836428     0.331210000
    4500     0.010733583     0.006828522     0.339380000
    4520     0.010761825     0.006839793     0.347230000
    4540     0.010798720     0.006851404     0.332420000
    4560     0.010819992     0.006861119     0.339060000
    4580     0.010859386     0.006866680     0.338070000
    4600     0.010886947     0.006873111     0.332240000
    4620     0.010911202     0.006870695     0.334620000
    4640     0.010922337     0.006852081     0.322840000
    4660     0.010922042     0.006841853     0.326400000
    4680     0.010940424     0.006833128     0.324520000
    4700     0.010992038     0.006848951     0.327960000
    4720     0.011038361     0.006876454     0.331450000
    4740     0.011034630     0.006858952     0.319550000
    4760     0.011088593     0.006894531     0.306240000
    4780     0.011108854     0.006875892     0.310380000
    4800     0.011120740     0.006867067     0.319050000
    4820     0.011143884     0.006881029     0.321600000
    4840     0.011189318     0.006892403     0.313410000
    4860     0.011198996     0.006881700     0.306400000
    4880     0.011242240     0.006878512     0.308990000
    4900     0.011268968     0.006880625     0.318140000
    4920     0.011269652     0.006877430     0.322450000
    4940     0.011318030     0.006902027     0.315170000
    4960     0.011341976     0.006883119     0.311400000
    4980     0.011355568     0.006877360     0.310270000
    5000     0.011372662     0.006869347     0.300970000
    5020     0.011410066     0.006863936     0.294990000
    5040     0.011425163     0.006850408     0.302630000
    5060     0.011435831     0.006867521     0.314490000
    5080     0.011443960     0.006858422     0.300210000
    5100     0.011486392     0.006859511     0.303360000
    5120     0.011528738     0.006875215     0.297000000
    5140     0.011558371     0.006900278     0.300460000
    5160     0.011601532     0.006919861     0.287050000
    5180     0.011623289     0.006907173     0.288300000
    5200     0.011664548     0.006889315     0.277060000
    5220     0.011678361     0.006859048     0.278840000
    5240     0.011676871     0.006832430     0.279290000
    5260     0.011705368     0.006834918     0.274560000
    5280     0.011710859     0.006832225     0.273570000
    5300     0.011736826     0.006854600     0.283760000
    5320     0.011774040     0.006859061     0.273910000
    5340     0.011776712     0.006837348     0.272690000
    5360     0.011784537     0.006820274     0.274050000
    5380     0.011779144     0.006809090     0.276570000
    5400     0.011775959     0.006796842     0.276620000
    5420     0.011753761     0.006779130     0.272320000
    5440     0.011764627     0.006771725     0.276620000
    5460     0.011767562     0.006750815     0.267790000
    5480     0.011807243     0.006764187     0.270130000
    5500     0.011813826     0.006763858     0.274060000
    5520     0.011853945     0.006767132     0.271240000
    5540     0.011880709     0.006760181     0.274110000
    5560     0.011873667     0.006753655     0.264170000
    5580     0.011943551     0.006756398     0.265580000
    5600     0.011951950     0.006754713     0.258340000
    5620     0.011965261     0.006744521     0.261230000
    5640     0.011999949     0.006749576     0.259310000
    5660     0.012048133     0.006741640     0.254050000
    5680     0.012115264     0.006764312     0.258150000
    5700     0.012140296     0.006785752     0.259450000
    5720     0.012145833     0.006782971     0.260840000
    5740     0.012202750     0.006782118     0.254670000
    5760     0.012220823     0.006794062     0.254580000
    5780     0.012206468     0.006777763     0.252440000
    5800     0.012256611     0.006770382     0.251740000
    5820     0.012267643     0.006740321     0.238100000
    5840     0.012279517     0.006714959     0.239540000
    5860     0.012326661     0.006731397     0.241770000
    5880     0.012375825     0.006723357     0.240350000
    5900     0.012366833     0.006674539     0.243410000
    5920     0.012437227     0.006686278     0.245170000
    5940     0.012451134     0.006707684     0.237760000
    5960     0.012461596     0.006701994     0.227590000
    5980     0.012503453     0.006692617     0.225860000
    6000     0.012555853     0.006670704     0.221050000
    6020     0.012584182     0.006635173     0.225820000
    6040     0.012610676     0.006611658     0.231090000
    6060     0.012623946     0.006610625     0.227050000
    6080     0.012674199     0.006628450     0.227090000
    6100     0.012701805     0.006622223     0.232540000
    6120     0.012735739     0.006635119     0.231820000
    6140     0.012762091     0.006606184     0.228460000
    6160     0.012799826     0.006642020     0.227250000
    6180     0.012835003     0.006645812     0.224620000
    6200     0.012860020     0.006616834     0.212910000
    6220     0.012865975     0.006564183     0.208700000
    6240     0.012917240     0.006551732     0.206800000
    6260     0.012933655     0.006543356     0.204270000
    6280     0.012964070     0.006524226     0.209780000
    6300     0.012960482     0.006516989     0.204140000
    6320     0.012918197     0.006384296     0.210150000
    6340     0.012917226     0.006411671     0.199010000
    6360     0.012925212     0.006307543     0.206840000
    6380     0.012958998     0.006328838     0.205350000
    6400     0.012995198     0.006440364     0.205930000
    6420     0.012920763     0.006395790     0.203860000
    6440     0.012956254     0.006443424     0.203780000
    6460     0.012970022     0.006404602     0.197050000
    6480     0.012966435     0.006328153     0.182300000
    6500     0.012983554     0.006308664     0.181810000
    6520     0.012973770     0.006155311     0.176240000
    6540     0.013027299     0.006267213     0.179010000
    6560     0.013011867     0.006179132     0.173370000
    6580     0.013073374     0.006016598     0.168850000
    6600     0.013132057     0.006126985     0.179400000
    6620     0.013139859     0.006119653     0.179190000
    6640     0.013197487     0.005904377     0.173010000
    6660     0.013155934     0.005928586     0.170370000
    6680     0.013209501     0.005932642     0.167450000
    6700     0.013257560     0.006021034     0.167420000
    6720     0.013264197     0.005986153     0.169750000
    6740     0.013321356     0.005895116     0.163820000
    6760     0.013338567     0.005897301     0.162680000
    6780     0.013355692     0.005825650     0.167400000
    6800     0.013327104     0.005851327     0.165810000
    6820     0.013346411     0.005796846     0.167050000
    6840     0.013405668     0.005869353     0.182070000
    6860     0.013357760     0.005902647     0.178720000
    6880     0.013405562     0.005866055     0.168190000
    6900     0.013381269     0.005736380     0.166180000
    6920     0.013413631     0.005881340     0.162420000
    6940     0.013451007     0.005845101     0.162530000
    6960     0.013603062     0.005743339     0.147960000
    6980     0.013572517     0.005700517     0.144830000
    7000     0.013600289     0.005634006     0.134960000
    7020     0.013640771     0.005514148     0.139810000
    7040     0.013562446     0.005602184     0.141250000
    7060     0.013599112     0.005386435     0.133400000
    7080     0.013621573     0.005334338     0.137050000
    7100     0.013625919     0.005373801     0.134310000
    7120     0.013620588     0.005346622     0.139890000
    7140     0.013632933     0.005281010     0.144200000
    7160     0.013643332     0.005422824     0.134600000
    7180     0.013688038     0.005346467     0.135130000
    7200     0.013627627     0.005317272     0.125740000
    7220     0.013650523     0.005148107     0.130100000
    7240     0.013605806     0.005254447     0.123360000
    7260     0.013508899     0.005123638     0.129520000
    7280     0.013591108     0.005075738     0.132180000
    7300     0.013543849     0.005131151     0.130670000
    7320     0.013605635     0.005056790     0.132500000
    7340     0.013602546     0.005069102     0.135230000
    7360     0.013577904     0.005015028     0.141550000
    7380     0.013580266     0.004990946     0.133820000
    7400     0.013583098     0.004917661     0.126000000
    7420     0.013547301     0.005227827     0.133590000
    7440     0.013596923     0.004788485     0.131220000
    7460     0.013630880     0.004936431     0.131900000
    7480     0.013635817     0.005065228     0.126780000
    7500     0.013734401     0.005158651     0.127510000
    7520     0.013639528     0.005210110     0.134140000
    7540     0.013679218     0.005095229     0.137490000
    7560     0.013813575     0.004968044     0.138230000
    7580     0.013877481     0.005081088     0.129070000
    7600     0.013815226     0.005045877     0.126050000
    7620     0.013873253     0.005001242     0.123110000
    7640     0.013841221     0.005043168     0.126570000
    7660     0.013877489     0.005019624     0.122930000
    7680     0.013797781     0.005052227     0.121450000
    7700     0.013819444     0.004862359     0.120420000
    7720     0.013852857     0.004857034     0.123050000
    7740     0.013855491     0.005026380     0.125320000
    7760     0.013836759     0.005049965     0.123270000
    7780     0.013819459     0.004995496     0.126020000
    7800     0.013851943     0.004985286     0.127960000
    7820     0.013833465     0.005165077     0.122970000
    7840     0.013770306     0.005167900     0.121520000
    7860     0.013800888     0.004906475     0.127980000
    7880     0.013720775     0.004971327     0.126100000
    7900     0.013705395     0.004946256     0.128100000
    7920     0.013714632     0.004896370     0.129590000
    7940     0.013788919     0.005012371     0.128200000
    7960     0.013804098     0.004969910     0.133020000
    7980     0.013698199     0.004844384     0.123010000
    8000     0.013687180     0.004883271     0.118150000
    8020     0.013728096     0.004820037     0.128370000
    8040     0.013791002     0.004918634     0.120980000
    8060     0.013732536     0.004948942     0.130720000
    8080     0.013681737     0.004928733     0.131530000
    8100     0.013681257     0.004821547     0.130420000
    8120     0.013725110     0.004916715     0.132030000
    8140     0.013706267     0.004932405     0.130410000
    8160     0.013780508     0.004982356     0.132870000
    8180     0.013758776     0.004944940     0.134490000
    8200     0.013789580     0.005022098     0.131180000
    8220     0.013871065     0.005089873     0.132780000
    8240     0.013951040     0.005073056     0.128780000
    8260     0.013943690     0.005063939     0.128050000
    8280     0.013977453     0.005021069     0.124470000
    8300     0.014003815     0.005140042     0.123620000
    8320     0.014006487     0.004947932     0.121240000
    8340     0.014056768     0.005120523     0.122870000
    8360     0.013992345     0.005140913     0.121100000
    8380     0.013928289     0.004995628     0.118980000
    8400     0.013892979     0.004887995     0.120660000
    8420     0.013913420     0.005020889     0.119890000
    8440     0.013797992     0.004723452     0.109110000
    8460     0.013873331     0.004953561     0.107210000
    8480     0.013948983     0.004967483     0.103070000
    8500     0.014000482     0.004645661     0.105230000
    8520     0.013939249     0.004556739     0.103820000
    8540     0.013922404     0.004387814     0.101300000
    8560     0.013788634     0.004369786     0.102030000
    8580     0.013807350     0.004474662     0.090670000
    8600     0.013839788     0.004391501     0.089540000
    8620     0.013682734     0.004509829     0.096740000
    8640     0.013665955     0.004584637     0.107650000
    8660     0.013705518     0.004663593     0.106590000
    8680     0.013676597     0.004466995     0.104790000
    8700     0.013632525     0.004508391     0.102800000
    8720     0.013721287     0.004253116     0.104230000
    8740     0.013718834     0.004371238     0.106950000
    8760     0.013780000     0.004648057     0.104390000
    8780     0.013819494     0.004522207     0.106390000
    8800     0.013885037     0.004451645     0.102880000
    8820     0.013805865     0.004748635     0.099650000
    8840     0.013903373     0.004444495     0.102970000
    8860     0.013902329     0.004474686     0.095650000
    8880     0.013869844     0.004676424     0.098500000
    8900     0.013811323     0.004403349     0.099210000
    8920     0.013859171     0.004247408     0.095380000
    8940     0.013853504     0.004339632     0.097010000
    8960     0.013980099     0.004164262     0.096060000
    8980     0.014075869     0.004242926     0.105010000
    9000     0.014017088     0.004405227     0.103530000
    9020     0.014004913     0.004325343     0.101580000
    9040     0.014050797     0.004464263     0.108050000
    9060     0.014026842     0.004554627     0.098890000
    9080     0.014113743     0.004403122     0.099410000
    9100     0.014208962     0.004316824     0.096670000
    9120     0.014121108     0.004265648     0.101950000
    9140     0.014113953     0.004121439     0.099240000
    9160     0.014149465     0.004233474     0.100750000
    9180     0.014227423     0.004293483     0.097270000
    9200     0.014289617     0.004335219     0.097290000
    9220     0.014233487     0.004154239     0.086480000
    9240     0.014156399     0.004223676     0.085630000
    9260     0.014166940     0.004090771     0.085310000
    9280     0.014188588     0.003875394     0.081720000
    9300     0.014189985     0.003986773     0.083170000
    9320     0.014098497     0.003834545     0.079850000
    9340     0.014045223     0.004074277     0.084230000
    9360     0.013985536     0.003977056     0.085170000
    9380     0.014097097     0.003983056     0.088300000
    9400     0.014152965     0.004120222     0.083310000
    9420     0.014177143     0.003622714     0.076460000
    9440     0.014181850     0.003990743     0.077130000
    9460     0.014253574     0.003892101     0.081510000
    9480     0.014287927     0.004253493     0.078870000
    9500     0.014303226     0.004091332     0.080440000
    9520     0.014269180     0.003937343     0.076050000
    9540     0.014367606     0.003854424     0.074090000
    9560     0.014276589     0.003917508     0.068940000
    9580     0.014296473     0.003481240     0.068450000
    9600     0.014214850     0.003607439     0.072440000
    9620     0.014198694     0.003745939     0.071060000
    9640     0.014367540     0.003595191     0.067730000
    9660     0.014448722     0.003601832     0.068090000
    9680     0.014340104     0.004258558     0.075240000
    9700     0.014287848     0.003574617     0.076920000
    9720     0.014412765     0.003797474     0.074790000
    9740     0.014395212     0.003643841     0.069090000
    9760     0.014426167     0.003488443     0.067560000
    9780     0.014468431     0.003437625     0.062580000
    9800     0.014408291     0.003453725     0.060620000
    9820     0.014421122     0.003266935     0.058240000
    9840     0.014434281     0.003300886     0.056490000
    9860     0.014502676     0.003136091     0.060140000
    9880     0.014383017     0.003450739     0.059210000
    9900     0.014387640     0.003251228     0.055350000
    9920     0.014373955     0.003179714     0.059530000
    9940     0.014432913     0.003340261     0.064300000
    9960     0.014455323     0.003266110     0.065710000
    9980     0.014447254     0.003377108     0.065720000
   10000     0.014461596     0.003331107     0.067730000
   10020     0.014337238     0.003334374     0.066300000
   10040     0.014297059     0.003509984     0.063180000
   10060     0.014405176     0.003567750     0.064710000
   10080     0.014366829     0.003387525     0.064090000
   10100     0.014315410     0.003592292     0.062900000
   10120     0.014346643     0.003400799     0.064750000
   10140     0.014223232     0.003525791     0.071850000
   10160     0.014180968     0.003439878     0.068800000
   10180     0.014187377     0.003438971     0.070850000
   10200     0.014004879     0.003276110     0.067720000
   10220     0.013971132     0.003493868     0.069460000
   10240     0.014067839     0.003303532     0.066460000
   10260     0.014071680     0.003364921     0.068540000
   10280     0.014050620     0.003699646     0.072900000
   10300     0.014168435     0.003504759     0.065680000
   10320     0.014132427     0.003611374     0.067120000
   10340     0.014032905     0.003592646     0.066180000
   10360     0.014011310     0.003242355     0.065780000
   10380     0.014089428     0.003267043     0.068290000
   10400     0.014080354     0.003821194     0.071430000
   10420     0.014103703     0.003733856     0.074460000
   10440     0.014185875     0.003143449     0.072520000
   10460     0.014263904     0.003349928     0.077330000
   10480     0.014308533     0.003748285     0.077580000
   10500     0.014301903     0.003650065     0.074810000
   10520     0.014322293     0.003543410     0.071500000
   10540     0.014410039     0.003370644     0.065950000
   10560     0.014350074     0.003300298     0.059360000
   10580     0.014110777     0.003299510     0.054760000
   10600     0.014334057     0.002998986     0.059200000
   10620     0.014185782     0.003138219     0.058690000
   10640     0.014267246     0.003178440     0.062990000
   10660     0.014145278     0.003267999     0.063580000
   10680     0.014037876     0.003391956     0.062140000
   10700     0.014128525     0.003365200     0.059780000
   10720     0.014113579     0.003489399     0.062100000
   10740     0.014152641     0.003195484     0.060320000
   10760     0.014276764     0.003111312     0.062380000
   10780     0.014382146     0.003221778     0.058880000
   10800     0.014333165     0.003255492     0.063040000
   10820     0.014260718     0.003260373     0.060170000
   10840     0.014430729     0.003148189     0.063270000
   10860     0.014404953     0.003219801     0.058400000
   10880     0.014639543     0.002931975     0.055620000
   10900     0.014610354     0.003035411     0.057910000
   10920     0.014452083     0.003090511     0.058800000
   10940     0.014398132     0.003017299     0.057350000
   10960     0.014459370     0.002533342     0.057840000
   10980     0.014231427     0.002892025     0.054960000
   11000     0.014193170     0.002943987     0.062160000
   11020     0.014271015     0.003118786     0.066970000
   11040     0.014009044     0.003088207     0.066720000
   11060     0.014002318     0.003249395     0.062630000
   11080     0.014256970     0.003103427     0.064560000
   11100     0.014258584     0.003042965     0.059380000
   11120     0.014323574     0.003007486     0.062670000
   11140     0.014251897     0.003179467     0.064570000
   11160     0.014318661     0.003202989     0.064300000
   11180     0.014361364     0.003140763     0.060250000
   11200     0.014302434     0.003089187     0.063450000
   11220     0.014232985     0.003208199     0.062950000
   11240     0.014336478     0.003224719     0.062910000
   11260     0.014204314     0.003205357     0.062080000
   11280     0.014305789     0.003148669     0.059740000
   11300     0.014343419     0.002949285     0.055160000
   11320     0.014180865     0.002917878     0.059520000
   11340     0.014185194     0.003024102     0.062020000
   11360     0.014255752     0.003153422     0.062010000
   11380     0.014313961     0.002888498     0.063360000
   11400     0.014301568     0.003506266     0.062380000
   11420     0.014282838     0.003119345     0.064720000
   11440     0.014177382     0.003214935     0.058850000
   11460     0.014156165     0.003122363     0.063600000
   11480     0.014173593     0.003194005     0.065510000
   11500     0.014164398     0.003222907     0.062730000
   11520     0.014145468     0.003362882     0.065820000
   11540     0.014217371     0.003061930     0.068100000
   11560     0.014271926     0.003236645     0.063650000
   11580     0.014222671     0.003548043     0.068860000
   11600     0.014186663     0.003236032     0.069770000
   11620     0.014441829     0.003180359     0.065130000
   11640     0.014422807     0.003076043     0.063280000
   11660     0.014389416     0.002981939     0.055600000
   11680     0.014389927     0.003349440     0.054630000
   11700     0.014580577     0.003061165     0.059850000
   11720     0.014458131     0.003034646     0.055690000
   11740     0.014501108     0.003207453     0.059610000
   11760     0.014504376     0.003009681     0.060620000
   11780     0.014588199     0.003242051     0.051840000
   11800     0.014570367     0.003083627     0.050330000
   11820     0.014715610     0.002964407     0.049930000
   11840     0.014779698     0.003316777     0.052440000
   11860     0.014573075     0.002990969     0.054310000
   11880     0.014454961     0.003036672     0.055220000
   11900     0.014531754     0.003114141     0.059700000
   11920     0.014521576     0.003143126     0.055470000
   11940     0.014391064     0.003262871     0.051950000
   11960     0.014472214     0.002903953     0.055050000
   11980     0.014435462     0.003243433     0.053290000
   12000     0.014483266     0.002985627     0.052760000
   12020     0.014526488     0.003014154     0.054210000
   12040     0.014331348     0.003070435     0.055710000
   12060     0.014341326     0.002982949     0.054930000
   12080     0.014408757     0.002899198     0.050640000
   12100     0.014337958     0.002994902     0.050960000
   12120     0.014421285     0.002791117     0.050130000
   12140     0.014484258     0.003049815     0.051270000
   12160     0.014576259     0.003265661     0.053950000
   12180     0.014574350     0.002981834     0.052100000
   12200     0.014425325     0.002843661     0.046500000
   12220     0.014665623     0.002898470     0.049820000
   12240     0.014677760     0.003053636     0.051760000
   12260     0.014688642     0.002888514     0.053250000
   12280     0.014644819     0.002856008     0.052710000
   12300     0.014641028     0.002852856     0.050950000
   12320     0.014666365     0.002702439     0.053270000
   12340     0.014684424     0.002953564     0.051680000
   12360     0.014558440     0.002970853     0.047580000
   12380     0.014495685     0.003093621     0.050200000
   12400     0.014353933     0.002880046     0.048290000
   12420     0.014337350     0.002754733     0.047960000
   12440     0.014435178     0.002981726     0.048650000
   12460     0.014354016     0.003301278     0.049310000
   12480     0.014396045     0.002960575     0.045990000
   12500     0.014309839     0.003053864     0.049080000
   12520     0.014319024     0.002759858     0.045750000
   12540     0.014279207     0.003142165     0.046540000
   12560     0.014299305     0.002606109     0.047640000
   12580     0.014353965     0.002650132     0.043040000
   12600     0.014276810     0.002619379     0.042590000
   12620     0.014272680     0.002800673     0.038040000
   12640     0.014375936     0.002464464     0.040560000
   12660     0.014427546     0.002569304     0.041080000
   12680     0.014303732     0.002891626     0.039390000
   12700     0.014445942     0.002364261     0.042870000
   12720     0.014492347     0.002506155     0.041620000
   12740     0.014394957     0.002610970     0.039530000
   12760     0.014436900     0.002907069     0.035680000
   12780     0.014310267     0.002356174     0.039300000
   12800     0.014637509     0.002569665     0.038720000
   12820     0.014688374     0.003222150     0.040810000
   12840     0.014437306     0.002841138     0.039440000
   12860     0.014459716     0.002557052     0.037340000
   12880     0.014553514     0.002552846     0.037100000
   12900     0.014544184     0.002262114     0.038000000
   12920     0.014461765     0.002425064     0.039560000
   12940     0.014561681     0.002256125     0.036680000
   12960     0.014467181     0.002493483     0.033650000
   12980     0.014343191     0.002287978     0.035110000
   13000     0.014365764     0.002622783     0.035110000
   13020     0.014468916     0.002744857     0.036320000
   13040     0.014450202     0.002979731     0.035140000
   13060     0.014490701     0.002533640     0.034780000
   13080     0.014409590     0.002375957     0.031710000
   13100     0.014171469     0.002871377     0.031860000
   13120     0.014393497     0.002136515     0.033250000
   13140     0.014515296     0.002657899     0.031410000
   13160     0.014640261     0.002544730     0.034000000
   13180     0.014522647     0.002985065     0.030160000
   13200     0.014516894     0.002542854     0.025930000
   13220     0.014654191     0.002337138     0.026810000
   13240     0.014615945     0.002538289     0.030720000
   13260     0.014816496     0.002536082     0.028750000
   13280     0.014813288     0.002348990     0.030500000
   13300     0.014784926     0.002267109     0.029400000
   13320     0.014712812     0.002399601     0.028310000
   13340     0.014942042     0.001986942     0.029040000
   13360     0.014970316     0.002221216     0.029930000
   13380     0.014928731     0.002619079     0.036650000
   13400     0.015204571     0.002342565     0.029770000
   13420     0.015111718     0.002731759     0.031080000
   13440     0.015175708     0.002417231     0.028850000
   13460     0.015202022     0.002320749     0.025460000
   13480     0.015171734     0.001907929     0.022460000
   13500     0.015152776     0.002242609     0.024150000
   13520     0.015338903     0.002048735     0.025870000
   13540     0.015238219     0.001946776     0.026370000
   13560     0.015341301     0.002215225     0.020800000
   13580     0.015124820     0.001775585     0.021440000
   13600     0.015067566     0.002124588     0.019380000
   13620     0.015244748     0.002099573     0.019470000
   13640     0.015451081     0.002091847     0.016970000
   13660     0.015259460     0.002013747     0.015800000
   13680     0.015244233     0.001603918     0.014680000
   13700     0.015428293     0.001224990     0.014420000
   13720     0.015701647     0.001308952     0.015460000
   13740     0.015517686     0.001613365     0.013850000
   13760     0.015444091     0.001139345     0.011740000
   13780     0.015695694     0.001451884     0.009170000
   13800     0.015766202     0.001249978     0.010340000
   13820     0.015759105     0.001054028     0.009210000
   13840     0.015470550     0.001077854     0.007380000
   13860     0.015766802     0.001158936     0.006260000
   13880     0.015943303     0.001081167     0.006900000
   13900     0.015823309     0.001223927     0.005940000
   13920     0.015529687     0.001503289     0.005490000
   13940     0.015242592     0.001536369     0.005830000
   13960     0.015039117     0.001630394     0.004730000
   13980     0.015024913     0.001113445     0.005520000
   14000     0.014927825     0.001229446     0.004600000
   14020     0.014978543     0.001836115     0.003240000
   14040     0.015025817     0.000992745     0.003690000
   14060     0.014780955     0.000938450     0.004760000
   14080     0.014737526     0.000593167     0.003120000
   14100     0.014696789     0.000527434     0.002200000
   14120     0.014266183     0.000569156     0.002930000
   14140     0.014541178     0.001573990     0.004310000
   14160     0.014375803     0.001086384     0.005230000
   14180     0.014306263     0.000724759     0.006240000
   14200     0.014520712     0.001339600     0.006210000
   14220     0.014665186     0.000745650     0.006220000
   14240     0.014787959     0.001323119     0.005650000
   14260     0.014526132     0.001812747     0.004640000
   14280     0.014366056     0.000672176     0.004810000
   14300     0.014438887     0.001050652     0.004330000
   14320     0.014045267     0.000652775     0.003660000
   14340     0.013967351     0.000659411     0.002440000
   14360     0.014634792     0.000750121     0.002160000
   14380     0.014814726     0.000759713     0.001730000
   14400     0.015080615     0.000966039     0.002690000
   14420     0.014938288     0.000902131     0.002160000
   14440     0.014803685     0.000880249     0.002690000
   14460     0.014981834     0.000657182     0.002910000
   14480     0.015055563     0.000633087     0.002070000
   14500     0.015309893     0.000714669     0.002320000
   14520     0.015243976     0.000563003     0.001420000
   14540     0.015058363     0.000838533     0.002360000
   14560     0.015026228     0.000556643     0.002200000
   14580     0.015112996     0.001095971     0.002560000
   14600     0.015026506     0.000434863     0.003260000
   14620     0.015330874     0.001180573     0.002760000
   14640     0.015149069     0.000406681     0.002410000
   14660     0.015071754     0.000540073     0.002430000
   14680     0.015167299     0.000566802     0.001580000
   14700     0.015090707     0.000295924     0.002010000
   14720     0.015266499     0.000454220     0.002310000
   14740     0.015211906     0.000355246     0.002320000
   14760     0.015603802     0.000393004     0.002820000
   14780     0.015721986     0.000429768     0.002630000
   14800     0.016023082     0.000735665     0.003000000
   14820     0.015963800     0.000479468     0.004000000
   14840     0.015950095     0.000676147     0.003710000
   14860     0.016053908     0.000798628     0.002980000
   14880     0.015816527     0.000588072     0.002010000
   14900     0.015863856     0.000730459     0.001670000
   14920     0.016326393     0.000488790     0.001670000
   14940     0.015965159     0.000707002     0.001850000
   14960     0.016248439     0.001170309     0.001880000
   14980     0.016627050     0.000416808     0.002200000
   15000     0.016747990     0.000490419     0.002490000
   15020     0.017040769     0.000539269     0.002440000
   15040     0.017207521     0.000523402     0.002120000
   15060     0.017351752     0.000612358     0.001680000
   15080     0.017292161     0.000632096     0.001620000
   15100     0.017328125     0.001211585     0.001420000
   15120     0.017411905     0.000355308     0.001100000
   15140     0.017739389     0.000252464     0.000550000
   15160     0.017816400     0.000119182     0.000520000
   15180     0.017825216     0.000118744     0.000420000
   15200     0.018571648     0.000202789     0.000850000
   15220     0.018742560     0.000103888     0.000580000
   15240     0.018664474     0.000249971     0.000760000
   15260     0.018676587     0.000236513     0.000420000
   15280     0.018732639     0.000262080     0.000240000
   15300     0.019166667     0.000359053     0.000090000
   15320             NaN             NaN     0.000000000
   15340             NaN             NaN     0.000000000
   15360             NaN             NaN     0.000000000
   15380             NaN             NaN     0.000000000
   15400             NaN             NaN     0.000000000
   15420             NaN             NaN     0.000000000
   15440             NaN             NaN     0.000000000
   15460             NaN             NaN     0.000000000
   15480             NaN             NaN     0.000000000
   15500             NaN             NaN     0.000000000
   15520             NaN             NaN     0.000000000
   15540             NaN             NaN     0.000000000
   15560             NaN             NaN     0.000000000
   15580             NaN             NaN     0.000000000
   15600             NaN             NaN     0.000000000
   15620             NaN             NaN     0.000000000
   15640             NaN             NaN     0.000000000
   15660             NaN             NaN     0.000000000
   15680             NaN             NaN     0.000000000
   15700             NaN             NaN     0.000000000
   15720             NaN             NaN     0.000000000
   15740             NaN             NaN     0.000000000
   15760             NaN             NaN     0.000000000
   15780             NaN             NaN     0.000000000
   15800             NaN             NaN     0.000000000
   15820             NaN             NaN     0.000000000
   15840             NaN             NaN     0.000000000
   15860             NaN             NaN     0.000000000
   15880             NaN             NaN     0.000000000
   15900             NaN             NaN     0.000000000
   15920             NaN             NaN     0.000000000
   15940             NaN             NaN     0.000000000
   15960             NaN             NaN     0.000000000
   15980             NaN             NaN     0.000000000
   16000             NaN             NaN     0.000000000
   16020             NaN             NaN     0.000000000
   16040             NaN             NaN     0.000000000
   16060             NaN             NaN     0.000000000
   16080             NaN             NaN     0.000000000
   16100             NaN             NaN     0.000000000
   16120             NaN             NaN     0.000000000
   16140             NaN             NaN     0.000000000
   16160             NaN             NaN     0.000000000
   16180             NaN             NaN     0.000000000
   16200             NaN             NaN     0.000000000
   16220             NaN             NaN     0.000000000
   16240             NaN             NaN     0.000000000
   16260             NaN             NaN     0.000000000
   16280             NaN             NaN     0.000000000
   16300             NaN             NaN     0.000000000
   16320             NaN             NaN     0.000000000
   16340             NaN             NaN     0.000000000
   16360             NaN             NaN     0.000000000
   16380             NaN             NaN     0.000000000
   16400             NaN             NaN     0.000000000
   16420             NaN             NaN     0.000000000
   16440             NaN             NaN     0.000000000
   16460             NaN             NaN     0.000000000
   16480             NaN             NaN     0.000000000
   16500             NaN             NaN     0.000000000
   16520             NaN             NaN     0.000000000
   16540             NaN             NaN     0.000000000
   16560             NaN             NaN     0.000000000
   16580             NaN             NaN     0.000000000
   16600             NaN             NaN     0.000000000
   16620             NaN             NaN     0.000000000
   16640             NaN             NaN     0.000000000
   16660             NaN             NaN     0.000000000
   16680             NaN             NaN     0.000000000
   16700             NaN             NaN     0.000000000
   16720             NaN             NaN     0.000000000
   16740             NaN             NaN     0.000000000
   16760             NaN             NaN     0.000000000
   16780             NaN             NaN     0.000000000
   16800             NaN             NaN     0.000000000
   16820             NaN             NaN     0.000000000
   16840             NaN             NaN     0.000000000
   16860             NaN             NaN     0.000000000
   16880             NaN             NaN     0.000000000
   16900             NaN             NaN     0.000000000
   16920             NaN             NaN     0.000000000
   16940             NaN             NaN     0.000000000
   16960             NaN             NaN     0.000000000
   16980             NaN             NaN     0.000000000
   17000             NaN             NaN     0.000000000
   17020             NaN             NaN     0.000000000
   17040             NaN             NaN     0.000000000
   17060             NaN             NaN     0.000000000
   17080             NaN             NaN     0.000000000
   17100             NaN             NaN     0.000000000
   17120             NaN             NaN     0.000000000
   17140             NaN             NaN     0.000000000
   17160             NaN             NaN     0.000000000
   17180             NaN             NaN     0.000000000
   17200             NaN             NaN     0.000000000
   17220             NaN             NaN     0.000000000
   17240             NaN             NaN     0.000000000
   17260             NaN             NaN     0.000000000
   17280             NaN             NaN     0.000000000
   17300             NaN             NaN     0.000000000
   17320             NaN             NaN     0.000000000
   17340             NaN             NaN     0.000000000
   17360             NaN             NaN     0.000000000
   17380             NaN             NaN     0.000000000
   17400             NaN             NaN     0.000000000
   17420             NaN             NaN     0.000000000
   17440             NaN             NaN     0.000000000
   17460             NaN             NaN     0.000000000
   17480             NaN             NaN     0.000000000
   17500             NaN             NaN     0.000000000
   17520             NaN             NaN     0.000000000
   17540             NaN             NaN     0.000000000
   17560             NaN             NaN     0.000000000
   17580             NaN             NaN     0.000000000
   17600             NaN             NaN     0.000000000
   17620             NaN             NaN     0.000000000
   17640             NaN             NaN     0.000000000
   17660             NaN             NaN     0.000000000
   17680             NaN             NaN     0.000000000
   17700             NaN             NaN     0.000000000
   17720             NaN             NaN     0.000000000
   17740             NaN             NaN     0.000000000
   17760             NaN             NaN     0.000000000
   17780             NaN             NaN     0.000000000
   17800             NaN             NaN     0.000000000
   17820             NaN             NaN     0.000000000
   17840             NaN             NaN     0.000000000
   17860             NaN             NaN     0.000000000
   17880             NaN             NaN     0.000000000
   17900             NaN             NaN     0.000000000
   17920             NaN             NaN     0.000000000
   17940             NaN             NaN     0.000000000
   17960             NaN             NaN     0.000000000
   17980             NaN             NaN     0.000000000
   18000             NaN             NaN     0.000000000
   18020             NaN             NaN     0.000000000
   18040             NaN             NaN     0.000000000
   18060             NaN             NaN     0.000000000
   18080             NaN             NaN     0.000000000
   18100             NaN             NaN     0.000000000
   18120             NaN             NaN     0.000000000
   18140             NaN             NaN     0.000000000
   18160             NaN             NaN     0.000000000
   18180             NaN             NaN     0.000000000
   18200             NaN             NaN     0.000000000
   18220             NaN             NaN     0.000000000
   18240             NaN             NaN     0.000000000
   18260             NaN             NaN     0.000000000
   18280             NaN             NaN     0.000000000
   18300             NaN             NaN     0.000000000
   18320             NaN             NaN     0.000000000
   18340             NaN             NaN     0.000000000
   18360             NaN             NaN     0.000000000
   18380             NaN             NaN     0.000000000
   18400             NaN             NaN     0.000000000
   18420             NaN             NaN     0.000000000
   18440             NaN             NaN     0.000000000
   18460             NaN             NaN     0.000000000
   18480             NaN             NaN     0.000000000
   18500             NaN             NaN     0.000000000
   18520             NaN             NaN     0.000000000
   18540             NaN             NaN     0.000000000
   18560             NaN             NaN     0.000000000
   18580             NaN             NaN     0.000000000
   18600             NaN             NaN     0.000000000
   18620             NaN             NaN     0.000000000
   18640             NaN             NaN     0.000000000
   18660             NaN             NaN     0.000000000
   18680             NaN             NaN     0.000000000
   18700             NaN             NaN     0.000000000
   18720             NaN             NaN     0.000000000
   18740             NaN             NaN     0.000000000
   18760             NaN             NaN     0.000000000
   18780             NaN             NaN     0.000000000
   18800             NaN             NaN     0.000000000
   18820             NaN             NaN     0.000000000
   18840             NaN             NaN     0.000000000
   18860             NaN             NaN     0.000000000
   18880             NaN             NaN     0.000000000
   18900             NaN             NaN     0.000000000
   18920             NaN             NaN     0.000000000
   18940             NaN             NaN     0.000000000
   18960             NaN             NaN     0.000000000
   18980             NaN             NaN     0.000000000
   19000             NaN             NaN     0.000000000
   19020             NaN             NaN     0.000000000
   19040             NaN             NaN     0.000000000
   19060             NaN             NaN     0.000000000
   19080             NaN             NaN     0.000000000
   19100             NaN             NaN     0.000000000
   19120             NaN             NaN     0.000000000
   19140             NaN             NaN     0.000000000
   19160             NaN             NaN     0.000000000
   19180             NaN             NaN     0.000000000
   19200             NaN             NaN     0.000000000
   19220             NaN             NaN     0.000000000
   19240             NaN             NaN     0.000000000
   19260             NaN             NaN     0.000000000
   19280             NaN             NaN     0.000000000
   19300             NaN             NaN     0.000000000
   19320             NaN             NaN     0.000000000
   19340             NaN             NaN     0.000000000
   19360             NaN             NaN     0.000000000
   19380             NaN             NaN     0.000000000
   19400             NaN             NaN     0.000000000
   19420             NaN             NaN     0.000000000
   19440             NaN             NaN     0.000000000
   19460             NaN             NaN     0.000000000
   19480             NaN             NaN     0.000000000
   19500             NaN             NaN     0.000000000
   19520             NaN             NaN     0.000000000
   19540             NaN             NaN     0.000000000
   19560             NaN             NaN     0.000000000
   19580             NaN             NaN     0.000000000
   19600             NaN             NaN     0.000000000
   19620             NaN             NaN     0.000000000
   19640             NaN             NaN     0.000000000
   19660             NaN             NaN     0.000000000
   19680             NaN             NaN     0.000000000
   19700             NaN             NaN     0.000000000
   19720             NaN             NaN     0.000000000
   19740             NaN             NaN     0.000000000
   19760             NaN             NaN     0.000000000
   19780             NaN             NaN     0.000000000
   19800             NaN             NaN     0.000000000
   19820             NaN             NaN     0.000000000
   19840             NaN             NaN     0.000000000
   19860             NaN             NaN     0.000000000
   19880             NaN             NaN     0.000000000
   19900             NaN             NaN     0.000000000
   19920             NaN             NaN     0.000000000
   19940             NaN             NaN     0.000000000
   19960             NaN             NaN     0.000000000
   19980             NaN             NaN     0.000000000
   20000             NaN             NaN     0.000000000
   20020             NaN             NaN     0.000000000
   20040             NaN             NaN     0.000000000
   20060             NaN             NaN     0.000000000
   20080             NaN             NaN     0.000000000
   20100             NaN             NaN     0.000000000
   20120             NaN             NaN     0.000000000
   20140             NaN             NaN     0.000000000
   20160             NaN             NaN     0.000000000
   20180             NaN             NaN     0.000000000
   20200             NaN             NaN     0.000000000
   20220             NaN             NaN     0.000000000
   20240             NaN             NaN     0.000000000
   20260             NaN             NaN     0.000000000
   20280             NaN             NaN     0.000000000
   20300             NaN             NaN     0.000000000
   20320             NaN             NaN     0.000000000
   20340             NaN             NaN     0.000000000
   20360             NaN             NaN     0.000000000
   20380             NaN             NaN     0.000000000
   20400             NaN             NaN     0.000000000
   20420             NaN             NaN     0.000000000
   20440             NaN             NaN     0.000000000
   20460             NaN             NaN     0.000000000
   20480             NaN             NaN     0.000000000
   20500             NaN             NaN     0.000000000
   20520             NaN             NaN     0.000000000
   20540             NaN             NaN     0.000000000
   20560             NaN             NaN     0.000000000
   20580             NaN             NaN     0.000000000
   20600             NaN             NaN     0.000000000
   20620             NaN             NaN     0.000000000
   20640             NaN             NaN     0.000000000
   20660             NaN             NaN     0.000000000
   20680             NaN             NaN     0.000000000
   20700             NaN             NaN     0.000000000
   20720             NaN             NaN     0.000000000
   20740             NaN             NaN     0.000000000
   20760             NaN             NaN     0.000000000
   20780             NaN             NaN     0.000000000
   20800             NaN             NaN     0.000000000
   20820             NaN             NaN     0.000000000
   20840             NaN             NaN     0.000000000
   20860             NaN             NaN     0.000000000
   20880             NaN             NaN     0.000000000
   20900             NaN             NaN     0.000000000
   20920             NaN             NaN     0.000000000
   20940             NaN             NaN     0.000000000
   20960             NaN             NaN     0.000000000
   20980             NaN             NaN     0.000000000
   21000             NaN             NaN     0.000000000
   21020             NaN             NaN     0.000000000
   21040             NaN             NaN     0.000000000
   21060             NaN             NaN     0.000000000
   21080             NaN             NaN     0.000000000
   21100             NaN             NaN     0.000000000
   21120             NaN             NaN     0.000000000
   21140             NaN             NaN     0.000000000
   21160             NaN             NaN     0.000000000
   21180             NaN             NaN     0.000000000
   21200             NaN             NaN     0.000000000
   21220             NaN             NaN     0.000000000
   21240             NaN             NaN     0.000000000
   21260             NaN             NaN     0.000000000
   21280             NaN             NaN     0.000000000
   21300             NaN             NaN     0.000000000
   21320             NaN             NaN     0.000000000
   21340             NaN             NaN     0.000000000
   21360             NaN             NaN     0.000000000
   21380             NaN             NaN     0.000000000
   21400             NaN             NaN     0.000000000
   21420             NaN             NaN     0.000000000
   21440             NaN             NaN     0.000000000
   21460             NaN             NaN     0.000000000
   21480             NaN             NaN     0.000000000
   21500             NaN             NaN     0.000000000
   21520             NaN             NaN     0.000000000
   21540             NaN             NaN     0.000000000
   21560             NaN             NaN     0.000000000
   21580             NaN             NaN     0.000000000
   21600             NaN             NaN     0.000000000
   21620             NaN             NaN     0.000000000
   21640             NaN             NaN     0.000000000
   21660             NaN             NaN     0.000000000
   21680             NaN             NaN     0.000000000
   21700             NaN             NaN     0.000000000
   21720             NaN             NaN     0.000000000
   21740             NaN             NaN     0.000000000
   21760             NaN             NaN     0.000000000
   21780             NaN             NaN     0.000000000
   21800             NaN             NaN     0.000000000
   21820             NaN             NaN     0.000000000
   21840             NaN             NaN     0.000000000
   21860             NaN             NaN     0.000000000
   21880             NaN             NaN     0.000000000
   21900             NaN             NaN     0.000000000
   21920             NaN             NaN     0.000000000
   21940             NaN             NaN     0.000000000
   21960             NaN             NaN     0.000000000
   21980             NaN             NaN     0.000000000
   22000             NaN             NaN     0.000000000
   22020             NaN             NaN     0.000000000
   22040             NaN             NaN     0.000000000
   22060             NaN             NaN     0.000000000
   22080             NaN             NaN     0.000000000
   22100             NaN             NaN     0.000000000
   22120             NaN             NaN     0.000000000
   22140             NaN             NaN     0.000000000
   22160             NaN             NaN     0.000000000
   22180             NaN             NaN     0.000000000
   22200             NaN             NaN     0.000000000
   22220             NaN             NaN     0.000000000
   22240             NaN             NaN     0.000000000
   22260             NaN             NaN     0.000000000
   22280             NaN             NaN     0.000000000
   22300             NaN             NaN     0.000000000
   22320             NaN             NaN     0.000000000
   22340             NaN             NaN     0.000000000
   22360             NaN             NaN     0.000000000
   22380             NaN             NaN     0.000000000
   22400             NaN             NaN     0.000000000
   22420             NaN             NaN     0.000000000
   22440             NaN             NaN     0.000000000
   22460             NaN             NaN     0.000000000
   22480             NaN             NaN     0.000000000
   22500             NaN             NaN     0.000000000
   22520             NaN             NaN     0.000000000
   22540             NaN             NaN     0.000000000
   22560             NaN             NaN     0.000000000
   22580             NaN             NaN     0.000000000
   22600             NaN             NaN     0.000000000
   22620             NaN             NaN     0.000000000
   22640             NaN             NaN     0.000000000
   22660             NaN             NaN     0.000000000
   22680             NaN             NaN     0.000000000
   22700             NaN             NaN     0.000000000
   22720             NaN             NaN     0.000000000
   22740             NaN             NaN     0.000000000
   22760             NaN             NaN     0.000000000
   22780             NaN             NaN     0.000000000
   22800             NaN             NaN     0.000000000
   22820             NaN             NaN     0.000000000
   22840             NaN             NaN     0.000000000
   22860             NaN             NaN     0.000000000
   22880             NaN             NaN     0.000000000
   22900             NaN             NaN     0.000000000
   22920             NaN             NaN     0.000000000
   22940             NaN             NaN     0.000000000
   22960             NaN             NaN     0.000000000
   22980             NaN             NaN     0.000000000
   23000             NaN             NaN     0.000000000
   23020             NaN             NaN     0.000000000
   23040             NaN             NaN     0.000000000
   23060             NaN             NaN     0.000000000
   23080             NaN             NaN     0.000000000
   23100             NaN             NaN     0.000000000
   23120             NaN             NaN     0.000000000
   23140             NaN             NaN     0.000000000
   23160             NaN             NaN     0.000000000
   23180             NaN             NaN     0.000000000
   23200             NaN             NaN     0.000000000
   23220             NaN             NaN     0.000000000
   23240             NaN             NaN     0.000000000
   23260             NaN             NaN     0.000000000
   23280             NaN             NaN     0.000000000
   23300             NaN             NaN     0.000000000
   23320             NaN             NaN     0.000000000
   23340             NaN             NaN     0.000000000
   23360             NaN             NaN     0.000000000
   23380             NaN             NaN     0.000000000
   23400             NaN             NaN     0.000000000
   23420             NaN             NaN     0.000000000
   23440             NaN             NaN     0.000000000
   23460             NaN             NaN     0.000000000
   23480             NaN             NaN     0.000000000
   23500             NaN             NaN     0.000000000
   23520             NaN             NaN     0.000000000
   23540             NaN             NaN     0.000000000
   23560             NaN             NaN     0.000000000
   23580             NaN             NaN     0.000000000
   23600             NaN             NaN     0.000000000
   23620             NaN             NaN     0.000000000
   23640             NaN             NaN     0.000000000
   23660             NaN             NaN     0.000000000
   23680             NaN             NaN     0.000000000
   23700             NaN             NaN     0.000000000
   23720             NaN             NaN     0.000000000
   23740             NaN             NaN     0.000000000
   23760             NaN             NaN     0.000000000
   23780             NaN             NaN     0.000000000
   23800             NaN             NaN     0.000000000
   23820             NaN             NaN     0.000000000
   23840             NaN             NaN     0.000000000
   23860             NaN             NaN     0.000000000
   23880             NaN             NaN     0.000000000
   23900             NaN             NaN     0.000000000
   23920             NaN             NaN     0.000000000
   23940             NaN             NaN     0.000000000
   23960             NaN             NaN     0.000000000
   23980             NaN             NaN     0.000000000
   24000             NaN             NaN     0.000000000
   24020             NaN             NaN     0.000000000
   24040             NaN             NaN     0.000000000
   24060             NaN             NaN     0.000000000
   24080             NaN             NaN     0.000000000
   24100             NaN             NaN     0.000000000
   24120             NaN             NaN     0.000000000
   24140             NaN             NaN     0.000000000
   24160             NaN             NaN     0.000000000
   24180             NaN             NaN     0.000000000
   24200             NaN             NaN     0.000000000
   24220             NaN             NaN     0.000000000
   24240             NaN             NaN     0.000000000
   24260             NaN             NaN     0.000000000
   24280             NaN             NaN     0.000000000
   24300             NaN             NaN     0.000000000
   24320             NaN             NaN     0.000000000
   24340             NaN             NaN     0.000000000
   24360             NaN             NaN     0.000000000
   24380             NaN             NaN     0.000000000
   24400             NaN             NaN     0.000000000
   24420             NaN             NaN     0.000000000
   24440             NaN             NaN     0.000000000
   24460             NaN             NaN     0.000000000
   24480             NaN             NaN     0.000000000
   24500             NaN             NaN     0.000000000
   24520             NaN             NaN     0.000000000
   24540             NaN             NaN     0.000000000
   24560             NaN             NaN     0.000000000
   24580             NaN             NaN     0.000000000
   24600             NaN             NaN     0.000000000
   24620             NaN             NaN     0.000000000
   24640             NaN             NaN     0.000000000
   24660             NaN             NaN     0.000000000
   24680             NaN             NaN     0.000000000
   24700             NaN             NaN     0.000000000
   24720             NaN             NaN     0.000000000
   24740             NaN             NaN     0.000000000
   24760             NaN             NaN     0.000000000
   24780             NaN             NaN     0.000000000
   24800             NaN             NaN     0.000000000
   24820             NaN             NaN     0.000000000
   24840             NaN             NaN     0.000000000
   24860             NaN             NaN     0.000000000
   24880             NaN             NaN     0.000000000
   24900             NaN             NaN     0.000000000
   24920             NaN             NaN     0.000000000
   24940             NaN             NaN     0.000000000
   24960             NaN             NaN     0.000000000
   24980             NaN             NaN     0.000000000
   25000             NaN             NaN     0.000000000
   25020             NaN             NaN     0.000000000
   25040             NaN             NaN     0.000000000
   25060             NaN             NaN     0.000000000
   25080             NaN             NaN     0.000000000
   25100             NaN             NaN     0.000000000
   25120             NaN             NaN     0.000000000
   25140             NaN             NaN     0.000000000
   25160             NaN             NaN     0.000000000
   25180             NaN             NaN     0.000000000
   25200             NaN             NaN     0.000000000
   25220             NaN             NaN     0.000000000
   25240             NaN             NaN     0.000000000
   25260             NaN             NaN     0.000000000
   25280             NaN             NaN     0.000000000
   25300             NaN             NaN     0.000000000
   25320             NaN             NaN     0.000000000
   25340             NaN             NaN     0.000000000
   25360             NaN             NaN     0.000000000
   25380             NaN             NaN     0.000000000
   25400             NaN             NaN     0.000000000
   25420             NaN             NaN     0.000000000
   25440             NaN             NaN     0.000000000
   25460             NaN             NaN     0.000000000
   25480             NaN             NaN     0.000000000
   25500             NaN             NaN     0.000000000
   25520             NaN             NaN     0.000000000
   25540             NaN             NaN     0.000000000
   25560             NaN             NaN     0.000000000
   25580             NaN             NaN     0.000000000
   25600             NaN             NaN     0.000000000
   25620             NaN             NaN     0.000000000
   25640             NaN             NaN     0.000000000
   25660             NaN             NaN     0.000000000
   25680             NaN             NaN     0.000000000
   25700             NaN             NaN     0.000000000
   25720             NaN             NaN     0.000000000
   25740             NaN             NaN     0.000000000
   25760             NaN             NaN     0.000000000
   25780             NaN             NaN     0.000000000
   25800             NaN             NaN     0.000000000
   25820             NaN             NaN     0.000000000
   25840             NaN             NaN     0.000000000
   25860             NaN             NaN     0.000000000
   25880             NaN             NaN     0.000000000
   25900             NaN             NaN     0.000000000
   25920             NaN             NaN     0.000000000
   25940             NaN             NaN     0.000000000
   25960             NaN             NaN     0.000000000
   25980             NaN             NaN     0.000000000
   26000             NaN             NaN     0.000000000
   26020             NaN             NaN     0.000000000
   26040             NaN             NaN     0.000000000
   26060             NaN             NaN     0.000000000
   26080             NaN             NaN     0.000000000
   26100             NaN             NaN     0.000000000
   26120             NaN             NaN     0.000000000
   26140             NaN             NaN     0.000000000
   26160             NaN             NaN     0.000000000
   26180             NaN             NaN     0.000000000
   26200             NaN             NaN     0.000000000
   26220             NaN             NaN     0.000000000
   26240             NaN             NaN     0.000000000
   26260             NaN             NaN     0.000000000
   26280             NaN             NaN     0.000000000
   26300             NaN             NaN     0.000000000
   26320             NaN             NaN     0.000000000
   26340             NaN             NaN     0.000000000
   26360             NaN             NaN     0.000000000
   26380             NaN             NaN     0.000000000
   26400             NaN             NaN     0.000000000
   26420             NaN             NaN     0.000000000
   26440             NaN             NaN     0.000000000
   26460             NaN             NaN     0.000000000
   26480             NaN             NaN     0.000000000
   26500             NaN             NaN     0.000000000
   26520             NaN             NaN     0.000000000
   26540             NaN             NaN     0.000000000
   26560             NaN             NaN     0.000000000
   26580             NaN             NaN     0.000000000
   26600             NaN             NaN     0.000000000
   26620             NaN             NaN     0.000000000
   26640             NaN             NaN     0.000000000
   26660             NaN             NaN     0.000000000
   26680             NaN             NaN     0.000000000
   26700             NaN             NaN     0.000000000
   26720             NaN             NaN     0.000000000
   26740             NaN             NaN     0.000000000
   26760             NaN             NaN     0.000000000
   26780             NaN             NaN     0.000000000
   26800             NaN             NaN     0.000000000
   26820             NaN             NaN     0.000000000
   26840             NaN             NaN     0.000000000
   26860             NaN             NaN     0.000000000
   26880             NaN             NaN     0.000000000
   26900             NaN             NaN     0.000000000
   26920             NaN             NaN     0.000000000
   26940             NaN             NaN     0.000000000
   26960             NaN             NaN     0.000000000
   26980             NaN             NaN     0.000000000
   27000             NaN             NaN     0.000000000
   27020             NaN             NaN     0.000000000
   27040             NaN             NaN     0.000000000
   27060             NaN             NaN     0.000000000
   27080             NaN             NaN     0.000000000
   27100             NaN             NaN     0.000000000
   27120             NaN             NaN     0.000000000
   27140             NaN             NaN     0.000000000
   27160             NaN             NaN     0.000000000
   27180             NaN             NaN     0.000000000
   27200             NaN             NaN     0.000000000
   27220             NaN             NaN     0.000000000
   27240             NaN             NaN     0.000000000
   27260             NaN             NaN     0.000000000
   27280             NaN             NaN     0.000000000
   27300             NaN             NaN     0.000000000
   27320             NaN             NaN     0.000000000
   27340             NaN             NaN     0.000000000
   27360             NaN             NaN     0.000000000
   27380             NaN             NaN     0.000000000
   27400             NaN             NaN     0.000000000
   27420             NaN             NaN     0.000000000
   27440             NaN             NaN     0.000000000
   27460             NaN             NaN     0.000000000
   27480             NaN             NaN     0.000000000
   27500             NaN             NaN     0.000000000
   27520             NaN             NaN     0.000000000
   27540             NaN             NaN     0.000000000
   27560             NaN             NaN     0.000000000
   27580             NaN             NaN     0.000000000
   27600             NaN             NaN     0.000000000
   27620             NaN             NaN     0.000000000
   27640             NaN             NaN     0.000000000
   27660             NaN             NaN     0.000000000
   27680             NaN             NaN     0.000000000
   27700             NaN             NaN     0.000000000
   27720             NaN             NaN     0.000000000
   27740             NaN             NaN     0.000000000
   27760             NaN             NaN     0.000000000
   27780             NaN             NaN     0.000000000
   27800             NaN             NaN     0.000000000
   27820             NaN             NaN     0.000000000
   27840             NaN             NaN     0.000000000
   27860             NaN             NaN     0.000000000
   27880             NaN             NaN     0.000000000
   27900             NaN             NaN     0.000000000
   27920             NaN             NaN     0.000000000
   27940             NaN             NaN     0.000000000
   27960             NaN             NaN     0.000000000
   27980             NaN             NaN     0.000000000
   28000             NaN             NaN     0.000000000
   28020             NaN             NaN     0.000000000
   28040             NaN             NaN     0.000000000
   28060             NaN             NaN     0.000000000
   28080             NaN             NaN     0.000000000
   28100             NaN             NaN     0.000000000
   28120             NaN             NaN     0.000000000
   28140             NaN             NaN     0.000000000
   28160             NaN             NaN     0.000000000
   28180             NaN             NaN     0.000000000
   28200             NaN             NaN     0.000000000
   28220             NaN             NaN     0.000000000
   28240             NaN             NaN     0.000000000
   28260             NaN             NaN     0.000000000
   28280             NaN             NaN     0.000000000
   28300             NaN             NaN     0.000000000
   28320             NaN             NaN     0.000000000
   28340             NaN             NaN     0.000000000
   28360             NaN             NaN     0.000000000
   28380             NaN             NaN     0.000000000
   28400             NaN             NaN     0.000000000
   28420             NaN             NaN     0.000000000
   28440             NaN             NaN     0.000000000
   28460             NaN             NaN     0.000000000
   28480             NaN             NaN     0.000000000
   28500             NaN             NaN     0.000000000
   28520             NaN             NaN     0.000000000
   28540             NaN             NaN     0.000000000
   28560             NaN             NaN     0.000000000
   28580             NaN             NaN     0.000000000
   28600             NaN             NaN     0.000000000
   28620             NaN             NaN     0.000000000
   28640             NaN             NaN     0.000000000
   28660             NaN             NaN     0.000000000
   28680             NaN             NaN     0.000000000
   28700             NaN             NaN     0.000000000
   28720             NaN             NaN     0.000000000
   28740             NaN             NaN     0.000000000
   28760             NaN             NaN     0.000000000
   28780             NaN             NaN     0.000000000
   28800             NaN             NaN     0.000000000
   28820             NaN             NaN     0.000000000
   28840             NaN             NaN     0.000000000
   28860             NaN             NaN     0.000000000
   28880             NaN             NaN     0.000000000
   28900             NaN             NaN     0.000000000
   28920             NaN             NaN     0.000000000
   28940             NaN             NaN     0.000000000
   28960             NaN             NaN     0.000000000
   28980             NaN             NaN     0.000000000
   29000             NaN             NaN     0.000000000
   29020             NaN             NaN     0.000000000
   29040             NaN             NaN     0.000000000
   29060             NaN             NaN     0.000000000
   29080             NaN             NaN     0.000000000
   29100             NaN             NaN     0.000000000
   29120             NaN             NaN     0.000000000
   29140             NaN             NaN     0.000000000
   29160             NaN             NaN     0.000000000
   29180             NaN             NaN     0.000000000
   29200             NaN             NaN     0.000000000
   29220             NaN             NaN     0.000000000
   29240             NaN             NaN     0.000000000
   29260             NaN             NaN     0.000000000
   29280             NaN             NaN     0.000000000
   29300             NaN             NaN     0.000000000
   29320             NaN             NaN     0.000000000
   29340             NaN             NaN     0.000000000
   29360             NaN             NaN     0.000000000
   29380             NaN             NaN     0.000000000
   29400             NaN             NaN     0.000000000
   29420             NaN             NaN     0.000000000
   29440             NaN             NaN     0.000000000
   29460             NaN             NaN     0.000000000
   29480             NaN             NaN     0.000000000
   29500             NaN             NaN     0.000000000
   29520             NaN             NaN     0.000000000
   29540             NaN             NaN     0.000000000
   29560             NaN             NaN     0.000000000
   29580             NaN             NaN     0.000000000
   29600             NaN             NaN     0.000000000
   29620             NaN             NaN     0.000000000
   29640             NaN             NaN     0.000000000
   29660             NaN             NaN     0.000000000
   29680             NaN             NaN     0.000000000
   29700             NaN             NaN     0.000000000
   29720             NaN             NaN     0.000000000
   29740             NaN             NaN     0.000000000
   29760             NaN             NaN     0.000000000
   29780             NaN             NaN     0.000000000
   29800             NaN             NaN     0.000000000
   29820             NaN             NaN     0.000000000
   29840             NaN             NaN     0.000000000
   29860             NaN             NaN     0.000000000
   29880             NaN             NaN     0.000000000
   29900             NaN             NaN     0.000000000
   29920             NaN             NaN     0.000000000
   29940             NaN             NaN     0.000000000
   29960             NaN             NaN     0.000000000
   29980             NaN             NaN     0.000000000
   30000             NaN             NaN     0.000000000
