      20  935  926  961  883  935  933 1027 1005  857 1006
      40  977  878  863  832  898  970  979  959 1006  863
      60  891  799  858  832  690  898  842  982  804  819
      80  889  871  761  811  793  915  720  798  709  708
     100  730  692  770  877  722  718  702  661  895  871
     120  717  852  683  746  744  727  835  716  738  823
     140  597  707  745  703  733  849  773  667  635  769
     160  620  689  768  647  727  658  797  648  718  632
     180  659  682  710  580  710  630  750  769  600  622
     200  405  641  615  674  636  719  607  599  594  663
     220  501  581  601  580  604  567  586  522  520  695
     240  477  588  532  607  581  632  643  706  599  644
     260  479  664  538  552  436  649  600  497  579  559
     280  402  587  687  480  553  578  558  416  563  696
     300  444  568  681  464  435  544  437  544  487  590
     320  367  522  578  508  539  550  449  615  461  601
     340  504  533  386  575  511  325  630  546  408  691
     360  415  455  277  560  584  248  627  696  562  406
     380  533  587  345  627  441  395  508  479  430  547
     400  475  535  436  493  380  456  528  408  455  472
     420  365  550  498  351  489  501  446  254  542  523
     440  326  453  533  338  454  401  371  307  489  516
     460  369  565  508  378  459  367  449  307  527  386
     480  388  652  465  477  473  396  388  353  369  448
     500  316  459  627  477  488  475  573  361  448  478
     520  473  445  474  442  431  606  500  330  439  449
     540  501  438  609  346  427  466  585  288  317  365
     560  511  496  574  262  441  402  477  262  477  339
     580  492  449  439  236  410  346  384  361  445  403
     600  338  514  435  415  330  340  399  313  513  551
     620  419  568  527  389  268  395  447  256  466  487
     640  406  385  467  312  334  364  382  281  390  483
     660  439  363  387  270  405  379  516  366  384  369
     680  337  346  406  319  370  252  455  299  488  324
     700  419  288  577  289  410  428  532  191  350  381
     720  393  346  531  361  345  477  481  297  363  452
     740  411  461  562  255  312  422  424  342  481  490
     760  472  529  645  266  336  419  460  262  425  539
     780  443  568  618  231  343  411  436  238  539  378
     800  362  482  482  352  300  347  414  305  448  404
     820  376  420  533  393  312  430  344  351  327  403
     840  355  439  392  356  342  443  321  289  294  366
     860  362  441  311  333  269  513  368  400  255  431
     880  422  384  367  350  474  485  427  442  311  433
     900  407  423  232  546  449  380  353  331  344  410
     920  422  406  263  504  417  351  385  442  338  533
     940  393  427  313  465  425  324  424  386  357  478
     960  469  363  338  377  385  291  431  374  455  405
     980  446  355  402  496  360  425  386  318  494  393
    1000  390  303  474  481  317  336  301  390  484  400
    1020  435  217  347  478  325  427  399  350  472  408
    1040  331  230  376  405  284  365  431  400  349  335
    1060  392  305  316  341  282  533  375  407  304  312
    1080  304  472  306  376  327  454  443  284  358  445
    1100  484  406  302  438  343  589  411  420  448  374
    1120  568  456  285  422  267  534  384  305  455  390
    1140  471  385  274  425  249  499  393  333  303  445
    1160  429  467  266  400  327  531  453  348  348  475
    1180  487  372  279  350  260  484  384  392  307  433
    1200  593  344  344  354  305  476  302  242  241  414
    1220  466  379  420  378  237  446  445  289  277  413
    1240  411  343  402  494  411  393  427  413  319  510
    1260  463  299  371  327  345  443  519  397  407  405
    1280  416  362  551  462  361  527  560  415  337  497
    1300  469  483  503  466  320  437  411  348  346  556
    1320  458  489  342  422  360  392  405  467  410  527
    1340  560  405  403  436  289  416  363  357  337  488
    1360  503  392  426  354  306  291  347  398  307  455
    1380  366  380  290  489  461  246  282  550  395  507
    1400  362  465  282  176  369  193  248  523  458  496
    1420  426  360  375  223  489  241  314  392  384  435
    1440  410  364  309  306  437  288  364  524  372  358
    1460  470  467  368  254  511  386  366  380  303  305
    1480  433  480  277  223  601  412  308  412  284  398
    1500  391  552  250  262  282  577  303  387  277  309
    1520  354  490  172  323  227  388  190  410  407  292
    1540  284  532  229  232  273  307  279  317  409  278
    1560  370  400  210  381  388  389  316  386  344  353
    1580  300  399  244  490  382  350  289  283  410  450
    1600  410  365  237  417  326  203  346  321  304  433
    1620  317  325  310  389  350  275  384  303  296  342
    1640  317  346  228  456  347  337  517  389  361  411
    1660  346  243  340  419  230  304  593  342  300  390
    1680  385  247  223  367  260  284  421  483  386  414
    1700  344  176  307  357  137  145  273  391  333  508
    1720  370  325  235  388  152  170  235  492  188  510
    1740  386  336  333  358  101  253  208  522  223  591
    1760  356  381  223  305  115  239  244  472  253  483
    1780  512  283  252  392  201  198  261  447  306  496
    1800  632  296  250  326  150  211  334  420  357  347
    1820  584  318  211  338  170  244  212  348  469  372
    1840  494  328  297  351  290  359  287  324  504  370
    1860  372  247  372  428  265  305  367  276  387  400
    1880  363  261  379  332  196  331  454  293  451  420
    1900  429  306  371  326  219  340  358  322  579  455
    1920  390  358  371  382  274  312  327  404  565  373
    1940  357  376  343  394  363  265  350  361  572  351
    1960  369  329  358  379  268  209  301  367  586  266
    1980  411  435  423  463  332  237  268  345  519  198
    2000  271  272  338  420  379  240  321  409  423  209
    2020  414  320  392  371  397  276  367  497  435  318
    2040  377  272  435  367  404  334  283  314  502  295
    2060  379  227  371  397  382  276  410  515  339  467
    2080  265  260  300  298  499  222  344  380  367  388
    2100  429  401  317  255  479  306  310  317  346  332
    2120  571  309  315  351  449  247  309  445  327  392
    2140  369  220  245  413  371  295  321  409  329  373
    2160  280  186  293  444  469  225  261  410  293  345
    2180  246  216  367  428  409  219  177  469  362  330
    2200  403  239  399  351  366  261  245  392  376  401
    2220  451  271  412  295  373  278  316  286  331  368
    2240  441  308  368  284  366  344  321  351  328  458
    2260  497  310  434  329  321  237  297  417  251  487
    2280  456  381  297  279  330  349  301  397  266  416
    2300  417  310  338  344  343  374  281  376  371  407
    2320  393  360  374  344  484  331  294  410  368  396
    2340  389  219  347  328  433  274  288  282  316  371
    2360  422  277  280  305  445  289  230  360  337  385
    2380  407  463  192  405  426  344  316  366  302  487
    2400  291  336  258  385  402  320  248  397  389  486
    2420  326  466  266  457  387  371  341  353  507  613
    2440  364  394  303  365  389  339  178  387  372  489
    2460  365  472  377  293  468  405  300  349  217  510
    2480  258  406  474  346  366  381  198  252  246  461
    2500  129  380  416  386  519  269  211  300  323  454
    2520  135  390  468  417  566  382  279  475  297  427
    2540  200  337  394  338  490  415  288  489  456  280
    2560  331  366  392  213  435  464  357  366  360  508
    2580  384  451  429  335  424  398  448  360  393  489
    2600  363  350  267  258  420  396  325  383  467  485
    2620  241  404  302  273  457  345  295  308  415  359
    2640  339  444  357  254  357  333  373  311  290  426
    2660  363  582  268  541  361  417  340  257  409  339
    2680  273  563  266  424  293  505  260  238  392  470
    2700  304  483  302  330  383  430  221  280  562  283
    2720  356  461  329  364  515  432  323  428  552  324
    2740  335  373  339  328  367  393  378  416  476  285
    2760  278  435  282  319  314  270  427  518  497  308
    2780  302  475  280  391  392  416  419  568  365  335
    2800  413  426  251  423  349  299  298  478  375  486
    2820  411  499  329  474  342  441  377  427  412  336
    2840  372  427  344  289  255  328  376  427  417  398
    2860  301  399  364  315  267  351  312  308  472  427
    2880  367  346  319  313  373  397  338  313  465  457
    2900  456  298  331  390  450  319  388  304  434  356
    2920  474  377  495  225  349  353  437  280  432  450
    2940  398  396  415  323  357  287  323  315  425  362
    2960  336  324  326  287  341  363  366  343  337  372
    2980  273  367  226  405  389  302  349  282  357  383
    3000  199  487  168  478  385  346  341  197  325  289
    3020  244  394  405  501  413  432  421  343  325  449
    3040  350  308  419  420  255  453  312  439  418  357
    3060  273  355  513  412  252  448  335  396  366  529
    3080  309  237  329  328  307  385  349  331  394  478
    3100  339  273  356  331  319  375  320  331  342  514
    3120  301  410  352  340  325  411  370  353  305  573
    3140  281  410  357  332  257  316  370  425  345  323
    3160  328  379  440  193  214  364  373  419  338  426
    3180  261  437  371  454  177  416  387  418  367  343
    3200  262  444  388  349  227  417  327  475  432  348
    3220  222  373  376  334  269  361  261  415  367  372
    3240  291  358  430  369  221  409  285  427  308  286
    3260  389  374  374  422  244  550  377  480  249  276
    3280  324  334  432  523  299  478  291  452  224  282
    3300  294  352  428  338  328  510  427  294  268  475
    3320  340  357  391  389  238  422  408  349  304  461
    3340  358  389  410  353  245  547  429  356  284  483
    3360  277  431  556  432  205  403  434  442  333  554
    3380  359  543  529  492  185  446  369  292  349  429
    3400  346  418  516  480  320  400  329  270  270  440
    3420  432  400  391  494  287  282  251  237  223  493
    3440  408  461  476  442  317  330  291  183  262  438
    3460  454  416  438  492  365  248  192  280  351  318
    3480  456  371  377  438  352  436  300  301  454  381
    3500  351  427  356  452  389  362  216  286  382  261
    3520  364  427  374  397  369  409  221  340  392  412
    3540  410  343  294  419  329  328  232  346  298  369
    3560  466  434  288  521  380  457  240  347  333  384
    3580  516  474  350  490  404  318  316  367  355  275
    3600  430  344  260  384  345  345  338  351  481  339
    3620  531  371  524  535  263  411  381  397  508  388
    3640  523  322  546  493  342  426  428  408  543  378
    3660  524  391  377  464  422  339  361  382  438  322
    3680  429  281  329  458  408  462  382  390  452  431
    3700  500  372  287  605  452  434  384  408  478  403
    3720  546  444  292  515  369  412  457  310  465  327
    3740  422  383  303  545  417  455  490  308  421  360
    3760  398  441  373  489  491  439  522  227  455  415
    3780  447  334  401  383  461  426  457  238  619  358
    3800  421  357  339  331  505  366  535  361  324  418
    3820  359  296  358  366  604  400  462  373  397  368
    3840  476  294  324  336  510  575  492  496  417  403
    3860  365  475  318  200  445  507  497  542  445  454
    3880  425  552  338  164  397  414  489  441  447  530
    3900  458  562  440  108  389  449  325  469  331  359
    3920  386  572  491  119  317  440  279  535  356  301
    3940  297  440  324  116  388  333  242  474  511  374
    3960  273  550  504  181  386  437  267  531  421  382
    3980  311  548  386  207  305  428  249  434  454  353
    4000  336  526  267  225  372  514  169  381  374  352
    4020  280  407  330  353  432  400  251  305  300  461
    4040  334  496  387  407  292  362  210  516  366  367
    4060  233  428  428  359  414  295  290  364  336  402
    4080  318  415  490  356  457  245  373  409  306  435
    4100  212  354  394  341  336  264  300  406  364  361
    4120  277  304  409  346  407  349  306  393  294  373
    4140  304  228  445  308  360  424  313  465  299  387
    4160  248  276  509  357  398  478  322  564  334  397
    4180  207  276  458  405  342  415  299  439  260  300
    4200  332  322  430  329  490  367  351  356  273  232
    4220  195  315  430  389  415  319  354  437  266  203
    4240  297  397  410  309  324  365  345  464  372  230
    4260  471  432  457  294  372  340  425  537  332  227
    4280  340  471  414  346  446  354  457  489  323  245
    4300  364  379  504  354  225  283  391  390  315  221
    4320  435  384  568  382  206  280  415  341  278  249
    4340  381  306  478  345  290  396  301  431  308  203
    4360  342  207  518  234  296  494  381  277  277  158
    4380  485  281  545  278  302  467  421  302  315  259
    4400  476  324  400  289  286  390  306  246  242  271
    4420  334  194  393  282  418  396  381  398  176  403
    4440  449  171  428  329  425  326  308  390  175  348
    4460  441  135  414  348  413  336  369  436  291  334
    4480  362  163  319  305  454  337  490  366  348  363
    4500  455  347  378  253  477  367  437  312  312  262
    4520  470  461  504  324  447  438  364  259  282  432
    4540  369  378  373  330  365  401  393  427  310  328
    4560  417  401  355  370  334  479  506  401  234  329
    4580  343  379  362  324  421  437  346  520  272  470
    4600  514  449  303  366  376  573  384  345  218  451
    4620  430  498  363  375  444  497  408  376  378  373
    4640  345  454  395  370  335  446  511  353  433  513
    4660  317  449  380  471  355  363  353  458  390  375
    4680  410  484  271  438  279  348  353  435  371  409
    4700  416  439  304  416  235  327  408  303  422  342
    4720  534  465  286  361  319  326  291  400  370  337
    4740  419  544  389  339  367  233  394  332  408  286
    4760  297  438  250  373  339  292  438  433  283  320
    4780  363  385  191  302  296  249  333  520  269  311
    4800  407  453  214  343  242  291  391  387  257  280
    4820  356  400  207  353  300  403  406  371  228  282
    4840  514  423  162  372  338  443  410  360  256  189
    4860  512  501  262  346  482  368  408  313  315  248
    4880  445  415  213  482  533  441  480  417  362  425
    4900  397  358  235  580  527  428  387  408  372  462
    4920  333  410  366  478  458  421  309  311  272  330
    4940  302  333  351  531  554  373  335  351  246  343
    4960  268  346  477  367  486  469  325  397  259  428
    4980  279  524  527  286  494  456  301  342  207  378
    5000  436  449  348  336  548  295  335  318  213  282
    5020  364  437  282  344  452  335  230  307  318  285
    5040  382  391  216  304  433  364  286  279  465  183
    5060  408  292  116  306  359  290  208  368  452  254
    5080  404  463  201  363  346  243  269  306  385  236
    5100  327  449  201  284  352  305  211  334  346  277
    5120  405  406  228  263  301  366  275  309  406  180
    5140  376  438  229  360  348  438  284  325  437  179
    5160  261  403  252  412  517  367  307  270  331  169
    5180  374  266  322  374  487  443  366  398  297  244
    5200  301  341  292  320  557  244  319  547  298  277
    5220  375  334  248  367  458  331  341  527  249  284
    5240  376  459  268  369  586  374  391  523  251  325
    5260  320  454  309  254  578  321  347  398  309  246
    5280  284  489  190  239  435  392  298  343  275  243
    5300  316  407  177  269  489  432  386  382  292  362
    5320  318  272  300  266  424  348  403  428  201  337
    5340  500  195  258  227  368  319  562  436  273  290
    5360  330  277  214  293  324  275  564  420  335  393
    5380  260  343  220  398  348  387  343  413  325  429
    5400  280  439  399  368  376  367  237  429  298  309
    5420  212  422  402  358  300  436  217  530  394  363
    5440  263  324  292  377  345  545  299  461  450  291
    5460  367  375  332  349  381  447  356  421  499  401
    5480  293  387  270  459  383  404  381  388  492  500
    5500  433  585  196  477  451  306  450  337  383  412
    5520  170  451  189  483  392  420  389  304  442  409
    5540  224  310  292  465  384  431  362  254  491  379
    5560  335  376  392  355  441  398  364  408  450  398
    5580  467  429  317  402  407  344  402  309  497  318
    5600  388  455  432  325  397  456  509  407  586  281
    5620  359  527  343  336  320  486  404  375  459  217
    5640  485  401  311  384  320  388  305  393  435  293
    5660  405  379  279  457  317  389  166  296  437  331
    5680  433  444  212  338  253  291  148  240  367  368
    5700  410  500  219  306  338  257  241  261  244  456
    5720  485  461  314  380  462  322  249  310  246  406
    5740  480  359  310  408  355  348  318  268  373  417
    5760  456  509  218  446  283  224  355  401  374  350
    5780  388  404  262  431  378  261  385  457  363  354
    5800  441  246  213  483  431  147  386  371  290  370
    5820  398  310  263  421  432  186  346  531  287  271
    5840  327  271  317  238  334  262  356  449  243  389
    5860  364  404  344  176  399  306  468  493  309  464
    5880  374  444  380  243  434  329  365  343  265  349
    5900  493  491  365  242  390  189  327  436  250  338
    5920  334  496  380  233  495  194  347  300  138  376
    5940  394  433  329  205  525  292  312  382  170  390
    5960  406  367  371  218  435  236  245  435  195  359
    5980  419  405  336  253  326  325  247  360  217  436
    6000  554  341  433  293  455  409  347  402  308  427
    6020  343  431  346  293  325  366  387  378  387  344
    6040  362  386  260  254  336  450  490  459  456  263
    6060  435  372  226  197  439  454  360  386  393  241
    6080  418  301  170  320  465  393  301  371  284  362
    6100  370  291  144  375  439  400  297  342  268  415
    6120  345  289  173  391  387  332  186  264  299  364
    6140  388  308  147  433  334  378  160  271  514  544
    6160  321  301  277  358  372  373  163  380  468  524
    6180  312  332  388  351  365  323  134  443  472  409
    6200  384  299  337  431  407  394  319  513  575  384
    6220  351  297  326  546  407  419  431  435  526  411
    6240  350  362  273  450  408  387  408  467  587  365
    6260  404  351  387  424  445  492  331  334  376  401
    6280  382  373  327  435  306  391  320  514  239  331
    6300  450  395  320  374  456  366  449  439  260  423
    6320  419  335  379  395  301  415  269  441  333  378
    6340  316  360  352  515  361  432  378  492  409  409
    6360  310  437  221  356  410  515  417  541  411  397
    6380  326  396  327  423  411  553  416  460  397  470
    6400  426  341  361  398  515  473  329  452  283  539
    6420  454  268  338  431  394  385  349  376  418  402
    6440  488  300  330  284  364  371  381  553  415  385
    6460  545  418  325  375  379  526  339  501  544  472
    6480  456  488  458  423  373  544  296  461  433  467
    6500  427  457  433  360  352  397  218  572  347  388
    6520  428  324  341  359  459  357  276  609  340  424
    6540  497  264  305  482  262  422  344  529  213  443
    6560  432  482  312  475  281  490  248  576  249  391
    6580  369  437  261  517  231  405  220  444  325  332
    6600  328  369  348  480  260  372  398  460  276  456
    6620  527  464  390  436  399  383  540  410  251  420
    6640  444  475  339  490  333  303  469  489  239  334
    6660  403  295  379  313  337  287  430  420  148  384
    6680  407  204  494  432  362  261  403  460  203  266
    6700  450  322  405  430  429  263  352  401  265  375
    6720  340  429  440  409  396  251  201  335  289  279
    6740  390  367  311  359  355  244  408  418  292  215
    6760  386  503  329  361  372  391  463  283  338  305
    6780  380  383  373  307  416  339  437  288  408  289
    6800  322  322  370  348  344  446  378  398  523  275
    6820  355  298  276  358  315  481  367  461  459  319
    6840  316  297  244  336  379  392  334  380  456  179
    6860  307  359  246  325  317  354  379  437  422  171
    6880  369  454  222  298  310  435  402  534  392  202
    6900  358  333  214  287  306  437  346  597  369  197
    6920  336  468  292  394  364  436  431  498  421  334
    6940  317  399  435  449  311  377  399  495  327  252
    6960  395  482  491  456  383  430  301  536  363  299
    6980  428  384  452  355  314  371  392  542  374  297
    7000  282  345  408  429  342  363  354  477  473  217
    7020  271  321  371  403  368  236  424  414  367  316
    7040  242  382  315  446  458  356  391  357  320  457
    7060  268  331  339  365  442  389  326  399  277  382
    7080  214  392  354  426  434  369  303  424  313  462
    7100  177  342  324  322  331  283  442  368  293  418
    7120  215  446  372  430  354  313  336  308  235  424
    7140  269  365  559  362  393  312  418  285  261  443
    7160  290  468  437  273  441  383  519  362  275  450
    7180  345  378  461  319  424  453  565  328  265  359
    7200  314  373  572  364  411  446  325  286  299  331
    7220  353  414  604  592  391  576  360  197  334  293
    7240  348  495  467  365  283  710  275  219  355  275
    7260  417  446  478  433  349  643  263  329  362  251
    7280  507  363  397  388  424  583  322  386  422  215
    7300  419  226  337  520  422  574  298  402  466  222
    7320  599  275  357  450  373  494  375  417  455  286
    7340  489  264  339  437  345  535  347  521  422  292
    7360  366  232  307  478  377  591  251  373  413  210
    7380  327  211  291  633  387  410  298  319  467  279
    7400  349  231  333  477  388  412  341  344  396  323
    7420  364  283  423  439  320  451  388  328  374  429
    7440  399  430  322  500  333  537  345  271  398  285
    7460  437  292  312  615  394  561  438  301  409  276
    7480  399  327  306  536  422  421  374  347  321  374
    7500  462  413  290  506  340  332  466  275  325  300
    7520  458  508  307  443  459  295  392  260  397  359
    7540  505  489  272  472  398  273  338  407  451  399
    7560  551  578  320  440  462  259  539  437  355  378
    7580  550  497  333  404  522  176  403  441  445  456
    7600  362  394  318  323  457  292  380  382  354  411
    7620  365  520  298  409  478  373  299  256  406  291
    7640  362  582  257  404  403  401  358  195  229  400
    7660  384  534  308  302  277  547  522  234  333  403
    7680  425  508  347  383  314  459  531  236  358  311
    7700  350  512  239  402  281  564  466  192  208  444
    7720  385  474  251  217  211  579  436  260  335  437
    7740  316  346  239  323  337  532  325  370  382  463
    7760  207  316  288  203  525  534  390  331  469  442
    7780  292  315  324  165  451  485  485  346  423  522
    7800  311  393  352  209  430  420  230  390  372  584
    7820  399  438  406  216  436  437  317  424  405  475
    7840  310  426  361  323  505  415  266  407  379  445
    7860  293  285  264  228  335  406  351  304  369  408
    7880  251  287  225  215  508  340  413  273  343  414
    7900  357  326  247  285  354  273  279  464  378  407
    7920  340  246  211  315  344  290  282  426  419  392
    7940  456  252  224  350  308  334  367  328  377  390
    7960  496  390  189  345  300  392  317  273  326  429
    7980  489  256  297  338  335  392  373  256  455  454
    8000  549  238  268  239  322  462  420  277  377  321
    8020  450  281  267  274  318  441  387  154  388  348
    8040  353  292  369  262  345  406  512  229  427  376
    8060  334  384  609  297  390  444  371  251  451  377
    8080  336  329  484  285  428  456  335  377  415  398
    8100  307  280  403  396  399  400  420  381  319  357
    8120  284  353  244  329  324  467  364  343  368  395
    8140  430  263  280  307  301  347  360  424  373  360
    8160  422  250  325  261  376  335  505  439  304  368
    8180  307  390  265  360  380  389  365  415  366  367
    8200  538  345  205  266  364  419  363  340  352  466
    8220  548  479  277  339  471  287  372  343  296  368
    8240  387  408  367  333  409  412  448  468  435  335
    8260  411  418  531  406  353  455  546  474  441  382
    8280  426  343  536  321  378  363  457  418  327  414
    8300  414  375  549  401  391  228  427  345  500  523
    8320  352  381  464  359  495  341  320  486  399  481
    8340  325  311  467  288  439  475  254  320  358  512
    8360  238  395  413  319  368  466  357  341  232  459
    8380  322  455  462  322  366  487  372  361  337  336
    8400  387  425  492  266  307  417  418  402  330  385
    8420  366  469  399  250  362  539  556  372  411  208
    8440  396  491  488  355  304  394  578  411  388  273
    8460  317  393  474  426  276  336  428  424  327  269
    8480  304  477  377  328  325  315  566  353  310  406
    8500  233  538  372  286  303  346  574  378  276  430
    8520  433  415  304  368  320  289  561  425  220  486
    8540  326  353  391  305  309  378  549  504  269  377
    8560  274  337  401  345  209  391  460  375  227  347
    8580  292  296  540  465  201  334  466  490  230  326
    8600  396  413  369  447  296  479  424  584  383  247
    8620  514  332  383  550  381  552  405  540  334  199
    8640  373  207  448  423  354  517  416  441  387  275
    8660  528  408  345  397  424  348  471  446  335  284
    8680  474  484  344  399  399  265  490  505  325  330
    8700  360  423  439  199  346  280  428  455  370  429
    8720  370  255  385  193  298  201  409  457  378  273
    8740  397  303  478  255  412  229  426  386  445  413
    8760  312  301  424  282  361  275  438  419  377  395
    8780  267  273  413  276  421  355  503  517  400  324
    8800  185  387  365  353  514  266  366  549  462  245
    8820  313  377  318  315  469  348  324  482  445  296
    8840  353  462  281  387  452  384  405  398  412  328
    8860  367  298  355  465  424  347  338  321  470  465
    8880  259  290  392  388  396  433  347  356  443  430
    8900  330  357  369  381  480  401  438  363  343  407
    8920  346  441  309  450  438  367  458  517  332  491
    8940  376  380  310  437  441  323  592  436  338  435
    8960  324  308  333  483  355  420  702  630  578  520
    8980  392  309  426  448  367  339  509  547  437  471
    9000  495  293  368  296  255  422  478  386  383  382
    9020  438  328  357  328  191  429  451  369  447  308
    9040  425  407  399  331  249  350  505  302  402  297
    9060  326  478  361  360  265  372  367  150  490  363
    9080  255  385  459  371  212  331  334  246  410  513
    9100  258  247  411  414  200  352  400  328  408  389
    9120  348  348  506  548  289  372  498  369  444  409
    9140  317  311  487  570  321  376  500  334  457  357
    9160  380  304  486  492  228  406  414  259  343  289
    9180  358  305  517  346  167  463  309  326  280  307
    9200  362  214  513  304  180  514  316  301  338  375
    9220  312  223  434  268  112  518  364  262  544  322
    9240  262  174  481  292  174  384  427  281  405  342
    9260  335  323  467  245  149  285  438  426  328  450
    9280  370  361  402  300  243  294  347  377  325  417
    9300  410  459  424  297  339  253  340  482  384  374
    9320  316  479  426  285  391  421  295  555  290  412
    9340  430  499  508  266  474  402  235  580  271  465
    9360  320  372  343  464  464  392  328  416  345  373
    9380  272  465  418  399  442  315  268  430  328  344
    9400  374  383  525  551  419  300  231  372  357  204
    9420  349  417  464  414  340  394  353  464  433  202
    9440  346  481  411  371  382  372  390  464  436  280
    9460  331  289  473  399  421  421  289  574  482  269
    9480  261  177  337  453  339  539  355  477  436  337
    9500  262  373  327  392  390  353  390  400  409  328
    9520  411  424  278  421  384  327  402  407  512  411
    9540  299  319  309  442  386  361  462  466  522  375
    9560  317  336  299  495  564  264  497  454  506  287
    9580  299  232  375  493  316  132  319  297  417  408
    9600  342  275  435  338  360  178  331  304  330  379
    9620  504  357  342  288  387  184  435  452  281  253
    9640  398  279  373  371  341  209  389  372  256  311
    9660  535  401  362  334  369  262  280  321  319  327
    9680  467  271  391  380  393  198  326  322  308  421
    9700  428  297  388  272  388  167  284  318  328  400
    9720  512  330  355  278  361  329  268  231  327  423
    9740  486  280  259  406  403  393  283  298  288  393
    9760  434  429  386  429  480  385  319  371  317  379
    9780  437  398  465  425  376  325  428  281  371  387
    9800  421  563  440  398  401  280  408  400  348  336
    9820  357  363  520  397  496  345  427  433  275  278
    9840  272  315  378  306  547  493  547  332  174  145
    9860  268  470  451  345  424  435  396  278  276  156
    9880  162  516  493  401  449  411  426  387  331  191
    9900  193  343  490  487  376  487  303  346  384  233
    9920  179  400  499  393  314  525  328  302  493  250
    9940  227  446  508  405  440  480  327  259  327  354
    9960  325  462  505  431  544  361  382  258  363  305
    9980  236  412  386  383  428  340  318  173  294  365
   10000  241  408  273  335  391  238  454  179  321  324
   10020  348  326  298  256  365  242  375  235  325  253
   10040  365  385  274  335  312  197  503  317  373  184
   10060  276  437  349  331  373  279  424  363  384  326
   10080  266  424  395  419  356  527  401  324  383  355
   10100  329  380  275  365  472  316  385  337  279  449
   10120  371  404  325  393  453  315  379  368  284  408
   10140  328  460  373  326  386  303  334  292  264  465
   10160  395  471  350  243  488  377  336  284  364  350
   10180  306  366  410  290  370  463  504  287  313  192
   10200  229  332  336  304  261  362  301  426  256  298
   10220  278  508  298  381  286  408  486  309  246  302
   10240  194  454  418  430  299  379  483  317  237  393
   10260  267  399  328  489  229  297  510  316  234  464
   10280  279  335  403  439  324  329  367  342  222  437
   10300  243  332  244  538  254  315  324  300  228  260
   10320  323  282  391  408  277  464  369  325  170  405
   10340  224  231  430  501  240  371  367  379  175  310
   10360  270  285  407  501  154  387  341  298  283  225
   10380  331  291  379  377  301  476  240  304  327  299
   10400  258  242  292  397  368  350  326  295  330  292
   10420  352  338  433  454  319  295  337  265  323  399
   10440  258  347  414  463  328  347  253  319  325  335
   10460  210  391  460  384  391  411  127  401  373  331
   10480  248  519  436  369  442  411  223  293  325  353
   10500  370  462  352  262  487  381  244  387  280  292
   10520  410  321  479  320  358  275  271  252  275  402
   10540  298  319  326  403  369  281  366  225  405  289
   10560  207  416  374  346  336  252  289  258  271  342
   10580  251  368  342  337  443  281  197  358  340  254
   10600  191  278  409  308  346  235  248  389  347  309
   10620  179  333  446  379  331  271  335  360  399  279
   10640  136  375  439  398  385  280  361  370  318  252
   10660  245  532  422  239  402  337  360  334  329  334
   10680  405  462  454  303  331  329  390  337  324  408
   10700  525  473  565  207  342  256  356  357  423  454
   10720  377  505  391  243  281  242  350  234  403  365
   10740  272  409  366  271  235  333  304  363  395  436
   10760  353  445  302  202  233  394  354  401  430  419
   10780  367  519  320  252  259  459  257  470  419  562
   10800  449  516  416  288  330  413  137  422  405  427
   10820  280  487  370  389  270  422  216  274  435  391
   10840  264  541  424  403  218  378  294  371  439  445
   10860  188  362  414  375  320  416  406  188  399  418
   10880  234  420  475  364  238  394  440  303  393  415
   10900  230  456  444  303  315  385  405  290  349  443
   10920  303  456  450  208  402  397  497  357  449  442
   10940  398  433  392  202  435  428  363  389  450  457
   10960  311  432  537  304  379  352  413  344  452  350
   10980  248  447  567  397  400  311  270  359  330  463
   11000  244  425  396  376  387  302  375  416  337  532
   11020  263  407  466  324  464  409  448  441  408  495
   11040  298  401  424  409  544  397  362  426  292  436
   11060  264  270  388  390  478  363  440  405  252  484
   11080  192  286  351  342  332  366  449  351  259  470
   11100  241  338  359  549  300  445  387  363  292  462
   11120  247  312  322  483  567  404  436  375  231  510
   11140  279  329  307  393  369  502  317  482  266  527
   11160  355  280  290  492  363  474  313  347  234  318
   11180  375  262  258  377  477  453  358  235  177  281
   11200  341  266  265  246  395  422  493  268  145  315
   11220  459  258  290  458  396  525  510  384  177  298
   11240  484  289  278  298  449  490  517  292  254  269
   11260  443  251  234  371  379  402  411  289  292  298
   11280  402  215  316  352  404  288  411  263  196  433
   11300  370  263  376  442  507  184  404  285  151  435
   11320  458  289  325  437  480  240  390  266  343  434
   11340  318  360  365  323  492  276  461  277  338  386
   11360  274  322  286  414  433  299  564  281  351  327
   11380  333  422  329  419  331  363  355  236  289  306
   11400  346  383  339  387  421  445  512  247  402  361
   11420  286  365  449  434  462  479  421  229  480  254
   11440  336  412  459  484  410  448  548  229  440  266
   11460  414  400  487  380  433  290  582  230  317  390
   11480  423  304  345  313  534  261  570  284  374  359
   11500  415  280  356  266  405  225  554  312  295  417
   11520  373  306  323  253  405  310  506  318  332  419
   11540  344  269  150  309  522  379  415  245  284  450
   11560  422  193  164  439  469  300  458  327  290  399
   11580  327  270  257  463  406  350  504  286  299  428
   11600  363  175  343  440  391  305  430  345  296  348
   11620  367  381  381  449  407  347  514  352  493  328
   11640  423  264  475  355  395  274  346  334  433  395
   11660  357  256  421  368  422  222  410  316  540  319
   11680  232  283  377  325  412  387  442  360  584  298
   11700  245  389  330  278  303  354  447  390  432  300
   11720  277  375  369  265  348  380  386  340  479  298
   11740  273  401  420  348  371  438  292  313  421  201
   11760  343  333  368  328  467  470  422  284  454  221
   11780  293  324  377  308  531  445  377  321  542  213
   11800  417  317  377  258  436  351  436  338  502  292
   11820  438  433  424  214  515  426  402  307  620  301
   11840  541  446  391  231  482  423  312  342  386  294
   11860  524  430  379  263  437  388  267  259  492  421
   11880  612  434  338  270  413  318  228  296  379  318
   11900  493  345  392  302  349  461  280  387  386  198
   11920  546  383  384  395  368  387  270  289  410  198
   11940  575  398  401  395  334  337  268  308  494  259
   11960  494  368  346  322  218  278  334  324  454  504
   11980  528  256  272  330  296  348  244  386  416  455
   12000  360  143  342  213  342  449  236  345  357  403
   12020  469  210  385  215  222  489  208  332  355  536
   12040  455  212  343  287  180  439  242  297  451  445
   12060  429  255  255  294  256  375  265  413  490  339
   12080  493  359  176  253  342  357  224  405  456  506
   12100  489  261  257  225  443  250  227  337  406  373
   12120  409  250  401  345  595  165  402  358  442  404
   12140  390  289  412  389  523  194  357  369  502  493
   12160  342  302  417  439  396  260  300  320  412  496
   12180  249  236  384  386  345  184  431  380  378  401
   12200  327  276  304  301  407  175  347  347  380  306
   12220  320  320  510  245  388  171  443  285  233  278
   12240  239  303  544  335  369  223  335  178  201  286
   12260  328  409  481  346  409  151  324  388  216  416
   12280  390  316  441  405  351  203  259  430  393  372
   12300  392  409  400  431  386  203  252  328  289  444
   12320  328  344  389  484  405  300  288  317  222  371
   12340  384  294  317  460  326  308  300  290  416  360
   12360  278  237  396  225  222  344  377  401  479  319
   12380  279  288  297  278  367  376  290  386  444  366
   12400  431  221  423  222  339  304  298  241  498  321
   12420  483  226  275  232  340  311  315  255  436  285
   12440  434  362  354  269  412  333  319  254  352  236
   12460  400  278  310  338  373  296  345  211  490  347
   12480  311  320  333  381  270  394  397  262  500  334
   12500  346  257  385  455  232  401  336  221  440  317
   12520  375  298  370  438  247  374  305  278  393  235
   12540  386  376  425  457  379  428  268  344  389  175
   12560  382  344  442  439  376  371  323  287  341  193
   12580  414  368  366  478  433  370  286  290  297  160
   12600  462  409  351  492  439  247  371  370  303  178
   12620  397  478  393  454  445  338  413  455  370  353
   12640  318  635  388  418  446  374  409  299  272  304
   12660  310  419  394  343  507  470  342  332  201  359
   12680  286  413  318  296  473  382  315  222  307  356
   12700  270  382  288  333  257  481  399  320  283  362
   12720  235  391  320  302  291  481  411  291  373  398
   12740  293  433  337  291  318  460  456  319  315  364
   12760  248  415  319  314  416  312  418  316  232  394
   12780  300  260  528  377  283  278  345  217  273  364
   12800  336  267  448  514  229  310  324  197  223  215
   12820  348  231  405  438  191  359  400  206  287  270
   12840  379  335  302  489  160  403  275  205  367  328
   12860  393  268  515  390  201  368  264  283  425  408
   12880  333  267  421  372  293  400  342  371  551  359
   12900  346  226  469  464  287  429  417  450  329  424
   12920  392  165  444  466  247  312  414  251  297  400
   12940  536  216  321  439  315  387  527  240  325  376
   12960  455  298  337  467  316  369  430  265  325  361
   12980  490  327  357  522  328  368  464  326  296  398
   13000  451  375  338  440  296  411  662  368  301  368
   13020  354  475  247  353  355  326  429  360  351  302
   13040  373  504  331  339  380  299  255  402  355  327
   13060  362  417  332  319  382  258  371  358  337  421
   13080  441  331  440  394  460  259  412  384  339  396
   13100  316  341  380  445  444  330  316  534  376  433
   13120  351  317  438  306  469  395  318  620  294  469
   13140  374  367  525  379  361  336  411  424  382  373
   13160  395  338  414  430  376  284  306  403  329  424
   13180  478  359  384  510  425  286  364  429  352  399
   13200  387  342  373  455  462  254  419  369  373  327
   13220  487  356  393  461  471  413  417  471  403  310
   13240  462  440  434  385  418  393  351  407  362  199
   13260  463  423  442  317  369  283  453  355  269  205
   13280  356  390  375  433  447  314  451  394  218  198
   13300  329  492  474  422  555  316  428  325  331  206
   13320  369  422  453  517  478  292  397  295  379  220
   13340  481  380  368  277  541  343  377  420  310  248
   13360  334  301  346  297  474  386  319  390  464  339
   13380  372  287  323  247  333  437  342  491  455  370
   13400  474  258  506  166  354  404  276  419  490  433
   13420  371  314  393  276  392  504  327  291  451  351
   13440  384  324  436  275  410  505  406  376  332  271
   13460  376  415  377  290  413  416  336  271  411  277
   13480  502  471  343  285  521  412  364  287  366  272
   13500  404  424  388  252  526  340  376  253  362  272
   13520  339  427  385  410  419  419  244  361  501  359
   13540  358  388  331  413  436  330  319  294  382  324
   13560  330  212  337  419  386  382  296  358  401  293
   13580  399  342  319  397  377  295  406  352  380  335
   13600  382  334  417  385  326  347  427  360  473  279
   13620  359  466  356  321  413  394  402  354  443  263
   13640  410  402  266  218  400  335  361  320  309  374
   13660  377  449  256  301  385  388  368  404  297  369
   13680  436  449  205  328  461  517  431  351  319  301
   13700  339  414  330  316  486  488  376  348  304  291
   13720  337  382  263  390  387  352  381  358  254  313
   13740  380  376  310  412  415  452  409  320  260  314
   13760  339  443  310  428  352  377  382  293  311  284
   13780  348  417  284  469  424  390  465  207  285  487
   13800  408  389  306  453  375  407  526  234  245  397
   13820  396  421  320  452  435  498  485  266  382  433
   13840  478  349  335  391  523  331  428  357  374  474
   13860  488  414  279  347  420  428  449  294  273  408
   13880  420  486  256  457  425  445  388  410  282  522
   13900  448  281  255  331  428  441  378  483  374  498
   13920  541  222  282  367  415  406  473  429  415  492
   13940  562  248  451  403  515  418  486  513  419  418
   13960  483  351  343  413  546  351  456  452  485  366
   13980  562  302  321  478  409  230  398  445  356  397
   14000  543  264  291  359  286  287  470  330  402  469
   14020  430  239  302  357  354  306  383  397  392  323
   14040  464  209  281  336  470  395  347  423  402  360
   14060  411  235  245  339  534  323  390  461  265  333
   14080  458  237  347  355  504  408  314  384  313  307
   14100  535  256  349  387  421  422  422  343  245  286
   14120  452  247  340  471  527  301  408  406  248  376
   14140  317  250  219  429  400  274  394  383  313  246
   14160  432  346  268  316  360  394  294  395  341  317
   14180  496  404  491  447  275  428  315  352  350  386
   14200  404  429  467  395  308  376  427  315  308  428
   14220  340  382  509  335  358  461  372  358  419  407
   14240  338  408  485  306  429  411  481  287  369  433
   14260  311  384  527  350  511  350  279  326  426  379
   14280  318  437  536  236  321  412  353  386  422  380
   14300  343  433  494  304  325  451  264  414  399  298
   14320  307  431  490  299  391  522  408  339  442  396
   14340  410  480  537  372  331  454  286  482  377  431
   14360  373  431  334  355  274  527  265  546  326  441
   14380  333  402  352  318  357  474  404  394  225  369
   14400  226  310  345  356  446  450  418  434  270  466
   14420  399  346  335  287  528  393  487  428  206  383
   14440  372  294  284  336  517  411  357  302  213  466
   14460  405  442  338  357  441  418  538  327  222  477
   14480  522  362  373  407  491  450  509  358  252  373
   14500  457  420  306  295  494  512  380  329  335  350
   14520  413  349  310  288  512  446  483  295  417  369
   14540  403  347  347  410  555  472  433  191  370  445
   14560  473  447  381  389  540  389  447  177  484  415
   14580  433  378  400  289  580  356  466  206  376  360
   14600  503  431  434  230  495  478  469  196  346  328
   14620  384  404  393  366  477  386  419  204  339  354
   14640  498  309  300  363  448  390  369  284  264  348
   14660  429  390  276  400  510  391  478  259  249  389
   14680  475  365  313  385  404  259  471  392  419  473
   14700  341  354  191  539  426  317  438  344  384  572
   14720  376  267  218  413  340  393  340  392  292  481
   14740  352  292  275  375  276  286  313  420  323  466
   14760  362  245  264  204  337  293  309  447  361  421
   14780  407  204  275  312  377  274  435  561  333  410
   14800  539  200  239  345  469  202  452  565  308  258
   14820  500  233  270  306  457  297  493  490  287  403
   14840  351  312  327  335  505  237  314  561  226  349
   14860  375  361  275  339  356  352  432  388  253  436
   14880  389  387  304  326  403  474  319  440  342  395
   14900  442  289  373  353  419  480  285  384  368  298
   14920  414  332  397  466  469  434  331  416  259  338
   14940  398  231  376  430  509  405  344  480  248  425
   14960  418  205  405  374  359  529  467  352  239  417
   14980  361  159  480  288  403  431  479  354  385  426
   15000  303  163  344  400  311  377  421  406  206  359
   15020  353  123  386  303  265  360  370  401  280  332
   15040  357  215  442  266  271  391  389  356  331  361
   15060  411  332  426  249  419  363  360  347  410  297
   15080  406  357  411  307  484  453  296  386  423  391
   15100  355  424  349  399  362  524  235  296  341  285
   15120  249  441  373  376  331  442  333  305  341  214
   15140  294  390  360  431  406  511  301  454  269  363
   15160  244  388  393  413  434  481  251  436  275  433
   15180  368  306  373  481  559  402  263  484  374  330
   15200  280  354  266  472  437  439  327  377  333  343
   15220  295  455  299  442  357  458  515  364  353  487
   15240  275  439  244  414  385  481  577  324  354  564
   15260  410  507  298  492  453  312  539  308  360  421
   15280  392  342  142  423  368  340  432  351  464  437
   15300  312  426  231  567  358  210  452  367  319  435
   15320  505  404  332  422  378  339  481  465  287  294
   15340  443  591  418  400  347  323  488  427  251  354
   15360  437  474  314  410  453  243  449  490  236  458
   15380  430  324  348  400  286  376  409  521  264  448
   15400  445  399  296  353  502  439  387  486  337  602
   15420  369  520  321  457  402  445  484  295  306  566
   15440  416  378  372  492  364  412  460  317  316  478
   15460  440  390  411  382  312  411  507  272  335  436
   15480  369  435  311  294  255  569  422  313  271  378
   15500  314  332  288  292  304  485  375  402  303  369
   15520  314  377  251  316  341  399  388  437  197  465
   15540  357  366  290  337  322  457  511  410  335  340
   15560  311  303  283  241  424  439  328  440  367  362
   15580  318  304  355  303  412  293  305  497  432  413
   15600  259  419  349  275  237  215  302  427  403  373
   15620  309  388  283  434  195  217  495  434  384  302
   15640  501  391  416  315  225  223  477  500  448  316
   15660  441  402  399  398  286  220  413  491  416  357
   15680  444  376  385  423  358  350  407  526  505  336
   15700  435  418  507  477  349  302  405  537  523  194
   15720  374  410  515  445  361  303  314  284  470  170
   15740  401  355  493  403  351  210  353  394  494  189
   15760  360  357  406  410  266  330  392  486  448  185
   15780  395  451  429  509  396  323  405  500  470  115
   15800  353  491  383  418  413  522  323  390  446  157
   15820  409  450  346  374  449  409  339  344  455  258
   15840  289  322  260  379  535  295  366  356  341  285
   15860  317  342  282  241  461  263  438  364  322  230
   15880  496  295  263  299  471  293  380  316  422  286
   15900  435  285  326  278  319  295  326  445  387  297
   15920  322  267  374  299  357  284  471  286  409  258
   15940  343  323  378  276  290  327  409  370  398  288
   15960  299  374  264  206  327  339  485  436  276  288
   15980  252  396  224  274  390  478  465  272  370  302
   16000  344  303  347  335  306  454  470  317  305  335
   16020  296  317  373  355  306  255  317  244  349  242
   16040  247  363  390  294  310  350  293  221  400  185
   16060  366  387  253  495  294  277  474  354  372  169
   16080  375  299  289  447  307  306  459  219  351  297
   16100  395  329  244  494  304  338  366  200  345  260
   16120  439  169  325  449  470  288  373  204  431  329
   16140  513  289  436  354  449  361  308  235  365  429
   16160  566  368  423  275  464  409  379  239  308  479
   16180  549  306  438  414  418  341  410  271  263  488
   16200  434  263  432  522  362  380  369  271  201  441
   16220  401  173  317  442  446  383  376  280  248  316
   16240  343  177  264  435  428  256  305  357  262  254
   16260  403  231  261  314  403  305  353  244  407  270
   16280  338  269  325  402  449  368  400  271  294  468
   16300  312  204  342  394  487  362  442  244  337  416
   16320  283  201  274  362  388  358  358  216  227  385
   16340  306  259  307  379  484  319  362  221  283  278
   16360  321  341  253  374  400  341  348  296  265  351
   16380  375  310  255  462  308  279  282  314  223  362
   16400  301  308  129  404  409  371  234  364  324  403
   16420  247  247  135  346  503  414  157  234  251  330
   16440  362  275  149  367  342  286  210  177  355  405
   16460  291  271  177  432  433  238  182  161  268  440
   16480  238  319  243  361  317  283  125  206  215  466
   16500  359  355  143  404  398  435  208  239  254  429
   16520  419  341  152  496  423  398  268  326  360  309
   16540  451  364  202  435  440  391  221  373  264  367
   16560  454  375  259  486  483  346  245  344  246  393
   16580  395  410  277  454  406  287  284  222  227  460
   16600  377  492  208  446  425  369  267  359  240  453
   16620  356  355  163  474  433  326  261  378  233  373
   16640  328  372  156  441  663  372  349  349  196  325
   16660  397  379  156  499  568  411  357  304   95  312
   16680  306  360  246  543  422  458  586  326  105  359
   16700  320  353  241  374  511  456  475  254  128  370
   16720  364  320  276  255  508  419  367  329  162  384
   16740  266  246  343  420  390  287  467  369  218  381
   16760  255  236  440  392  373  330  387  425  361  376
   16780  459  287  449  449  381  450  357  428  384  294
   16800  436  338  508  399  431  381  387  472  386  297
   16820  377  456  520  306  497  354  370  441  273  265
   16840  393  469  512  300  450  389  284  405  324  316
   16860  306  494  489  346  543  294  270  288  290  357
   16880  278  384  459  479  639  398  366  278  423  453
   16900  330  419  473  417  497  381  276  290  356  480
   16920  262  526  385  374  463  319  369  403  336  434
   16940  300  503  402  482  556  312  317  469  284  383
   16960  260  474  482  376  465  248  401  410  288  449
   16980  286  403  442  399  476  311  311  414  460  443
   17000  357  383  555  344  401  247  347  440  405  396
   17020  374  385  373  401  375  223  344  367  424  295
   17040  394  261  403  427  430  405  366  342  542  301
   17060  258  372  518  437  421  413  433  257  348  311
   17080  223  298  498  352  400  344  444  228  407  205
   17100  181  382  416  268  342  380  335  250  427  203
   17120  246  286  316  306  330  251  416  326  489  223
   17140  322  273  362  352  413  333  382  423  501  192
   17160  222  239  424  391  430  368  320  426  349  248
   17180  216  306  365  302  401  297  299  498  307  232
   17200  271  211  399  363  429  356  385  352  233  351
   17220  232  172  315  169  293  407  213  311  301  460
   17240  267  192  276  406  289  427  258  476  301  308
   17260  325  350  260  400  421  386  171  346  313  294
   17280  402  307  269  331  446  325  255  417  416  455
   17300  443  266  286  328  463  272  137  331  403  501
   17320  441  146  309  327  470  303  136  342  390  374
   17340  442  193  287  328  487  431  265  300  475  477
   17360  403  261  251  370  420  449  260  334  469  381
   17380  326  407  264  497  374  437  330  305  365  450
   17400  293  352  270  331  459  493  304  491  334  403
   17420  229  458  236  305  477  358  272  506  385  337
   17440  253  400  267  294  574  209  294  511  509  340
   17460  230  363  341  255  529  296  330  335  478  323
   17480  287  261  266  192  390  440  239  345  389  420
   17500  318  297  255  288  462  398  281  314  370  347
   17520  198  317  289  393  520  374  263  262  383  339
   17540  325  352  412  409  480  475  381  249  466  324
   17560  338  381  278  426  426  316  394  282  425  318
   17580  400  331  312  571  432  262  354  268  388  386
   17600  451  369  227  426  513  246  379  301  456  472
   17620  424  555  208  290  457  378  385  341  416  398
   17640  335  417  284  265  468  346  266  363  372  267
   17660  332  369  306  244  368  419  245  434  261  372
   17680  470  316  320  289  346  369  260  422  436  351
   17700  470  468  247  371  639  422  272  293  323  299
   17720  452  540  309  290  530  283  341  340  407  403
   17740  429  467  371  253  482  210  468  400  463  386
   17760  405  516  431  439  419  228  375  298  447  384
   17780  302  350  396  329  464  358  378  386  411  325
   17800  290  429  452  397  398  374  411  373  434  493
   17820  333  455  457  421  382  471  333  311  450  365
   17840  298  458  286  455  371  522  290  382  407  346
   17860  361  607  307  482  455  453  335  310  465  307
   17880  333  409  377  355  358  362  322  393  333  365
   17900  306  448  481  406  293  298  487  344  343  402
   17920  290  494  491  316  346  243  378  318  313  403
   17940  306  472  397  291  260  180  336  330  317  351
   17960  391  516  370  399  316  245  272  339  240  324
   17980  362  423  267  357  316  322  206  389  383  236
   18000  291  340  278  415  356  301  275  445  312  222
   18020  352  345  457  393  314  402  264  297  442  287
   18040  309  294  397  486  325  378  341  258  438  381
   18060  319  467  434  340  265  442  283  352  460  399
   18080  283  500  399  360  272  373  381  377  418  423
   18100  269  466  421  403  232  332  437  431  494  492
   18120  278  371  382  382  267  322  515  305  404  475
   18140  313  438  449  322  391  360  426  316  282  428
   18160  304  374  441  295  383  357  393  438  140  564
   18180  317  351  380  275  386  345  382  383  132  460
   18200  343  345  393  287  290  341  438  443  127  444
   18220  439  404  436  263  191  424  448  407  183  425
   18240  509  409  375  366  272  421  462  403  316  418
   18260  492  396  408  407  382  333  403  378  379  507
   18280  426  493  287  387  392  434  490  345  406  496
   18300  489  447  368  314  404  348  510  247  302  343
   18320  518  413  354  432  415  355  383  291  350  416
   18340  514  450  426  434  379  396  406  401  358  421
   18360  407  238  414  409  394  440  305  367  337  263
   18380  503  195  461  484  313  403  323  375  226  275
   18400  434  309  420  409  337  330  381  288  207  404
   18420  567  278  387  362  335  406  294  182  283  308
   18440  433  417  307  356  400  336  352  259  255  343
   18460  400  379  412  388  423  376  306  367  286  312
   18480  378  282  406  386  425  381  354  340  346  431
   18500  443  234  416  416  459  349  236  281  483  517
   18520  519  324  401  391  434  389  293  373  334  430
   18540  417  182  458  403  405  384  358  391  337  448
   18560  400  133  467  367  382  340  440  414  345  449
   18580  371  157  368  399  419  300  363  490  333  506
   18600  498  168  359  496  365  489  437  401  408  434
   18620  538  206  304  328  462  416  474  356  316  499
   18640  469  230  220  401  396  395  385  364  218  542
   18660  382  178  341  234  393  409  341  344  292  399
   18680  388  161  303  244  433  435  508  393  250  456
   18700  564  185  330  298  436  267  344  410  238  493
   18720  462  259  253  257  346  383  435  487  270  400
   18740  448  188  298  361  383  283  473  550  324  494
   18760  359  345  377  290  412  217  413  386  342  400
   18780  303  246  406  314  311  279  472  344  311  390
   18800  250  227  387  437  339  345  424  363  418  381
   18820  181  295  394  419  251  418  443  413  360  340
   18840  325  229  409  461  293  263  363  440  308  385
   18860  302  263  406  407  320  344  358  421  263  433
   18880  301  222  495  415  375  433  414  343  335  408
   18900  342  192  365  333  271  325  447  327  312  277
   18920  160  145  311  490  304  263  380  314  269  219
   18940  150  194  303  374  203  406  368  338  478  176
   18960  182  218  379  445  249  377  483  384  384  278
   18980  214  327  395  460  395  411  397  329  402  284
   19000  244  365  382  299  366  313  281  365  367  232
   19020  207  458  447  301  400  380  282  259  252  280
   19040  228  294  339  350  332  361  268  264  301  325
   19060  195  366  440  386  352  405  215  295  379  289
   19080  229  395  396  430  406  262  312  243  480  288
   19100  339  423  543  376  415  331  299  217  362  261
   19120  264  335  474  375  468  207  407  299  405  252
   19140  215  394  366  475  298  222  395  165  408  232
   19160  322  361  453  362  381  258  358  183  356  313
   19180  380  319  410  426  397  463  374  246  406  333
   19200  276  297  424  404  463  309  420  306  322  346
   19220  344  429  375  333  500  203  483  287  246  213
   19240  259  509  394  350  395  305  244  361  382  273
   19260  145  307  365  329  299  301  258  215  296  461
   19280  391  365  284  334  370  258  399  229  329  347
   19300  475  367  300  272  354  287  315  278  344  327
   19320  477  457  199  325  357  321  344  289  401  421
   19340  385  515  280  304  330  408  198  197  356  412
   19360  266  479  353  256  361  317  128  318  326  345
   19380  286  411  329  213  295  398  145  364  317  384
   19400  232  375  333  199  317  441  196  284  271  432
   19420  176  338  259  148  335  482  237  256  294  356
   19440  369  198  302  234  284  427  430  240  319  467
   19460  273  351  316  270  295  417  469  238  439  494
   19480  299  414  338  227  276  337  295  191  434  462
   19500  256  410  392  180  241  391  303  302  546  437
   19520  237  467  476  215  282  576  327  410  482  463
   19540  315  306  410  277  250  418  286  417  385  435
   19560  232  319  381  263  340  379  336  358  278  633
   19580  210  279  351  276  309  408  320  437  393  547
   19600  283  244  306  360  341  324  246  352  289  499
   19620  169  255  445  355  372  399  293  294  278  491
   19640  197  341  471  312  350  418  363  337  406  398
   19660  295  364  391  321  371  322  389  443  368  369
   19680  261  339  384  253  439  273  279  515  369  549
   19700  259  476  358  328  316  278  294  556  394  453
   19720  320  439  495  347  508  349  290  568  346  451
   19740  275  432  495  364  481  463  348  524  309  493
   19760  334  454  373  281  550  409  379  518  281  494
   19780  463  382  481  238  331  376  311  488  212  448
   19800  339  419  466  355  264  314  348  384  153  470
   19820  318  406  537  329  366  305  229  499  263  389
   19840  480  511  484  471  337  351  307  407  289  329
   19860  438  386  427  540  369  325  318  428  313  257
   19880  355  452  504  454  329  456  444  363  288  290
   19900  387  549  435  490  416  263  439  253  317  404
   19920  431  526  410  374  342  311  411  293  366  442
   19940  454  530  437  235  430  381  459  450  359  421
   19960  416  549  443  330  250  346  462  261  303  329
   19980  376  432  314  335  268  362  524  260  334  450
   20000  285  481  406  320  215  315  379  258  340  323
