      20  835 1136  947 1095  879 1035  972 1085  941  888
      40  995  952  974  811  816  979  944  996  833  951
      60  792  730 1005  896  933  831  877 1031 1000  892
      80  799  697  853  826  848  807  786  777  923  768
     100  858  684  794  802  683  772  779  744  829  948
     120  702  800  894  684  700  839  781  835  801  716
     140  701  829  713  763  697  748  815  723  709  761
     160  626  728  730  653  756  523  711  690  624  609
     180  628  627  693  677  664  620  623  644  679  760
     200  570  612  522  696  645  654  605  602  505  651
     220  588  551  654  619  635  649  725  589  480  810
     240  660  523  642  580  566  576  506  516  550  740
     260  607  523  597  608  608  595  637  606  592  544
     280  678  473  699  569  584  514  575  626  619  452
     300  478  534  603  513  501  554  620  635  626  567
     320  577  482  567  520  422  525  509  513  571  490
     340  610  407  580  485  521  525  555  409  676  485
     360  471  429  531  418  518  558  502  487  437  494
     380  398  526  455  389  546  459  502  536  450  347
     400  464  529  394  364  411  443  416  563  406  370
     420  468  722  703  354  567  546  553  507  431  333
     440  520  593  527  390  525  437  435  372  411  396
     460  436  611  545  424  386  558  370  404  550  388
     480  390  491  531  409  405  548  427  433  444  473
     500  459  539  523  473  356  627  432  473  465  359
     520  466  521  542  511  419  607  375  454  511  426
     540  523  529  436  406  359  444  491  376  519  300
     560  422  503  394  316  472  487  359  502  410  404
     580  461  449  376  385  381  456  309  477  345  420
     600  432  491  390  296  362  458  377  433  397  454
     620  301  477  364  286  382  488  313  353  419  339
     640  284  423  372  502  397  507  327  430  447  317
     660  333  428  322  469  338  467  253  372  338  340
     680  328  383  514  371  343  538  222  346  317  307
     700  433  378  634  504  337  345  342  429  449  373
     720  371  387  541  577  223  454  311  322  454  379
     740  465  305  462  412  356  456  378  364  490  394
     760  454  190  330  508  386  405  446  498  442  382
     780  404  244  371  375  318  290  484  296  467  475
     800  447  215  379  435  238  434  470  359  480  389
     820  397  371  332  459  361  275  461  379  520  369
     840  536  377  389  536  332  355  379  430  411  390
     860  446  472  465  422  290  407  393  437  330  453
     880  338  368  543  572  410  442  336  334  415  330
     900  428  435  524  428  381  449  242  408  508  446
     920  410  370  394  340  378  430  317  334  305  317
     940  510  377  396  315  449  445  390  441  344  455
     960  527  503  464  350  448  457  363  404  463  478
     980  345  435  542  353  433  479  367  473  466  436
    1000  411  454  386  362  399  397  352  461  370  322
    1020  405  382  450  391  408  421  264  427  219  320
    1040  361  327  403  322  292  427  415  416  230  302
    1060  428  381  374  390  374  541  318  363  271  305
    1080  447  475  389  376  354  530  465  459  374  319
    1100  444  289  478  489  511  379  458  440  410  432
    1120  427  316  449  500  534  444  432  472  339  379
    1140  399  402  409  515  425  421  464  485  413  481
    1160  424  420  395  397  509  473  362  435  406  284
    1180  390  379  466  334  602  514  458  410  384  442
    1200  342  460  351  386  506  451  386  323  399  373
    1220  341  393  342  389  506  375  249  346  294  382
    1240  338  318  400  373  553  303  364  303  438  441
    1260  303  288  315  411  525  493  236  300  338  356
    1280  375  192  392  442  405  444  278  336  548  296
    1300  393  279  427  385  349  345  393  335  345  426
    1320  311  384  412  381  420  354  404  385  281  464
    1340  456  329  422  339  452  377  321  337  419  435
    1360  292  479  377  259  465  417  409  394  360  522
    1380  390  456  416  292  510  259  353  419  379  553
    1400  388  435  498  303  582  332  395  483  498  490
    1420  382  351  499  356  506  343  348  536  467  399
    1440  444  472  424  384  431  370  313  562  479  383
    1460  404  467  373  357  487  382  305  520  416  419
    1480  304  380  223  386  416  432  484  390  451  330
    1500  322  242  193  405  441  376  404  303  433  337
    1520  373  308  222  467  370  430  425  307  550  353
    1540  398  294  358  300  311  310  354  272  419  350
    1560  437  351  334  382  349  384  494  535  445  406
    1580  402  310  307  466  434  365  394  519  505  399
    1600  538  314  241  425  401  454  325  445  436  458
    1620  420  214  399  442  378  430  321  317  443  379
    1640  297  185  411  383  489  234  352  304  456  377
    1660  323  250  442  335  446  382  361  299  313  422
    1680  345  353  426  347  356  425  424  441  432  387
    1700  380  269  478  230  303  274  364  331  383  490
    1720  403  298  366  289  406  347  383  309  371  459
    1740  339  301  468  322  360  398  435  358  419  418
    1760  304  452  485  355  416  359  413  411  395  346
    1780  388  345  290  424  329  403  458  376  333  357
    1800  491  389  221  315  308  382  505  460  305  238
    1820  448  368  221  447  397  377  434  447  304  307
    1840  416  365  325  444  305  367  364  383  325  360
    1860  328  334  291  313  180  310  324  303  369  468
    1880  323  301  408  375  232  308  285  274  415  502
    1900  276  388  410  311  285  479  398  294  433  378
    1920  354  334  375  239  203  366  383  384  244  337
    1940  410  470  456  328  323  490  446  396  336  454
    1960  341  384  445  299  378  470  337  387  430  398
    1980  339  392  311  279  356  467  363  375  379  459
    2000  370  428  250  311  410  375  420  380  423  310
    2020  523  392  343  402  467  354  443  312  469  365
    2040  439  463  363  307  400  344  372  421  501  319
    2060  387  473  349  362  356  409  329  292  492  401
    2080  347  352  336  349  463  382  324  439  354  337
    2100  327  345  439  395  405  367  447  377  442  359
    2120  250  434  381  421  466  447  309  339  532  322
    2140  334  423  393  385  512  367  385  399  427  420
    2160  344  420  423  260  380  294  433  425  340  342
    2180  320  415  413  240  440  388  450  614  402  468
    2200  396  390  403  368  333  305  419  469  311  585
    2220  365  312  388  468  389  351  380  515  300  489
    2240  269  257  446  351  492  364  377  425  362  506
    2260  486  274  406  421  270  302  460  348  377  421
    2280  495  313  326  402  265  277  451  390  342  408
    2300  516  261  379  404  250  223  363  381  421  373
    2320  394  395  459  402  333  284  349  347  398  306
    2340  544  315  474  427  350  281  267  362  582  372
    2360  404  379  440  403  220  413  331  301  459  447
    2380  517  280  415  550  231  411  328  277  390  352
    2400  453  275  372  472  341  463  360  313  407  276
    2420  371  223  353  477  429  362  406  331  387  288
    2440  391  240  429  412  358  287  422  310  332  343
    2460  375  343  346  415  383  320  346  342  353  238
    2480  312  428  434  438  270  429  336  359  280  328
    2500  239  499  429  410  328  354  286  385  347  407
    2520  261  525  558  496  299  458  396  327  448  361
    2540  293  419  503  513  319  423  473  322  471  352
    2560  299  408  463  478  340  376  409  336  550  326
    2580  323  361  436  323  281  422  384  303  419  314
    2600  257  374  464  184  341  349  296  430  358  287
    2620  338  354  464  316  343  308  327  431  421  316
    2640  254  333  438  306  413  435  330  433  395  463
    2660  390  443  363  455  407  452  374  352  352  464
    2680  369  325  455  318  387  383  254  366  426  383
    2700  399  301  415  340  373  379  252  424  336  324
    2720  443  370  399  244  449  465  259  430  330  273
    2740  351  357  319  283  456  406  381  331  267  277
    2760  472  402  298  322  354  479  426  451  255  294
    2780  372  299  386  291  383  445  412  452  364  272
    2800  343  308  410  324  372  453  353  443  300  335
    2820  305  289  259  300  296  306  609  364  331  353
    2840  370  327  406  262  257  385  483  444  355  437
    2860  361  294  341  325  227  328  451  327  402  449
    2880  356  299  369  320  317  381  389  292  287  392
    2900  314  384  528  350  246  524  497  351  286  480
    2920  371  394  346  424  227  454  445  342  332  428
    2940  485  400  420  398  216  604  419  423  343  369
    2960  426  470  379  412  402  455  419  359  234  251
    2980  329  331  369  527  480  490  489  331  288  277
    3000  315  504  411  515  468  483  347  296  395  419
    3020  283  441  380  448  500  554  479  437  291  330
    3040  262  387  301  396  521  471  609  347  358  364
    3060  312  449  291  511  540  339  367  262  330  317
    3080  345  429  354  424  377  419  353  324  376  364
    3100  409  608  344  412  373  348  280  344  429  300
    3120  416  480  327  424  401  324  316  353  572  154
    3140  408  381  446  456  304  270  332  444  460  263
    3160  446  393  448  410  408  296  196  470  263  400
    3180  394  523  476  339  381  289  384  477  220  362
    3200  344  430  361  361  495  249  296  427  187  370
    3220  306  433  300  350  395  335  514  366  282  314
    3240  385  329  378  378  367  363  519  302  241  497
    3260  335  348  455  357  349  308  474  409  183  408
    3280  333  465  485  316  441  449  505  329  252  502
    3300  240  424  334  342  463  412  365  301  371  522
    3320  260  379  349  343  455  371  340  385  284  496
    3340  268  384  385  273  350  394  410  492  236  432
    3360  362  398  330  300  291  447  340  502  281  468
    3380  384  368  329  203  373  373  442  358  355  508
    3400  314  261  323  355  279  373  471  273  370  518
    3420  343  341  299  256  362  408  446  324  322  274
    3440  406  415  380  362  262  389  395  296  308  258
    3460  329  343  564  325  344  257  281  333  343  286
    3480  401  290  461  271  313  363  319  372  440  326
    3500  446  361  543  189  222  341  421  216  452  320
    3520  398  319  441  288  383  247  304  231  479  325
    3540  354  488  454  376  396  334  269  145  469  300
    3560  436  367  426  393  353  388  389  289  360  324
    3580  346  261  298  383  391  561  334  331  314  452
    3600  421  362  249  371  475  424  354  506  318  415
    3620  441  450  250  533  363  531  318  360  315  375
    3640  356  352  304  354  468  338  255  458  416  325
    3660  365  353  360  387  446  360  344  460  405  323
    3680  432  411  358  405  452  424  374  424  415  399
    3700  461  293  330  314  324  407  438  442  524  466
    3720  435  303  309  389  381  324  346  429  441  449
    3740  433  376  311  411  444  340  274  438  473  351
    3760  298  372  356  387  576  379  418  453  373  460
    3780  423  264  403  332  446  354  426  480  317  349
    3800  510  180  515  359  357  416  372  423  430  361
    3820  415  264  462  456  313  534  380  315  436  281
    3840  444  348  445  330  352  467  307  415  478  264
    3860  570  409  353  246  445  372  411  452  365  305
    3880  543  528  423  388  454  389  378  397  206  412
    3900  488  421  389  504  359  424  462  335  316  423
    3920  556  430  447  469  420  408  534  438  516  324
    3940  396  310  344  382  280  398  350  469  445  399
    3960  345  467  419  273  451  399  413  387  326  391
    3980  349  424  419  208  359  378  378  328  379  317
    4000  289  391  362  388  452  416  336  260  393  353
    4020  306  522  368  296  372  357  370  316  380  342
    4040  320  348  425  321  325  330  375  354  480  358
    4060  257  383  300  319  324  386  482  394  494  439
    4080  316  281  285  427  446  310  394  388  460  396
    4100  422  301  251  494  497  304  335  430  382  394
    4120  397  227  392  426  493  266  427  439  360  370
    4140  404  237  390  439  481  236  412  326  279  406
    4160  323  294  459  286  464  263  418  385  313  369
    4180  355  434  397  398  364  193  374  422  435  289
    4200  507  399  437  279  306  247  382  285  304  351
    4220  393  529  305  234  294  251  421  273  381  286
    4240  455  455  221  272  367  345  359  373  377  359
    4260  380  371  201  463  356  265  387  382  344  420
    4280  291  470  215  531  417  382  372  476  362  366
    4300  405  415  328  372  380  284  411  391  334  354
    4320  394  225  376  425  351  359  351  367  327  425
    4340  326  418  437  343  433  329  333  350  472  480
    4360  382  445  427  309  339  319  385  257  500  464
    4380  396  355  378  227  499  222  426  355  526  420
    4400  269  289  429  267  419  392  386  419  403  419
    4420  265  335  419  360  402  345  303  399  328  302
    4440  473  292  384  263  299  427  377  397  319  400
    4460  439  401  579  329  400  449  384  476  460  403
    4480  499  471  561  327  508  400  341  417  424  394
    4500  452  460  532  386  463  377  400  393  312  424
    4520  246  387  386  458  354  354  336  335  351  441
    4540  249  306  408  447  390  379  213  443  179  344
    4560  299  360  483  441  418  357  326  452  201  395
    4580  319  421  424  503  378  406  395  496  259  302
    4600  380  530  275  483  490  498  440  427  265  428
    4620  385  393  355  461  485  393  361  415  208  444
    4640  381  379  471  365  288  446  365  380  326  419
    4660  429  371  444  664  350  375  422  419  221  410
    4680  393  405  385  468  472  346  504  308  321  363
    4700  482  490  270  529  374  467  534  349  345  431
    4720  286  276  379  427  367  407  459  297  430  394
    4740  205  387  253  397  367  362  367  288  428  417
    4760  206  325  396  349  405  395  344  227  390  489
    4780  234  448  277  359  291  320  312  384  322  419
    4800  256  491  233  265  299  428  298  392  317  390
    4820  375  359  449  312  312  344  417  370  418  493
    4840  364  393  424  359  412  302  244  273  492  461
    4860  392  414  440  359  359  440  388  327  266  440
    4880  299  397  363  432  324  425  359  416  306  360
    4900  304  358  276  459  347  417  366  343  364  349
    4920  361  347  364  361  357  324  460  340  229  416
    4940  270  485  335  463  350  393  402  290  141  295
    4960  437  483  400  446  363  432  331  222  234  336
    4980  318  443  474  312  335  338  441  255  438  429
    5000  341  340  533  327  298  326  410  208  447  453
    5020  324  370  439  312  377  374  386  286  400  489
    5040  333  410  375  292  304  495  374  214  537  398
    5060  413  289  445  316  388  485  388  369  432  420
    5080  269  230  273  379  302  435  329  443  485  282
    5100  317  323  293  534  391  386  418  436  428  263
    5120  285  352  333  317  380  387  362  439  357  354
    5140  352  517  207  296  316  467  379  448  304  326
    5160  415  416  247  329  371  400  444  488  303  272
    5180  416  357  289  235  371  476  508  534  356  320
    5200  428  445  247  427  411  425  437  502  484  323
    5220  458  428  404  464  318  497  393  414  405  302
    5240  460  442  410  391  345  442  281  414  485  313
    5260  494  484  371  355  278  349  182  523  480  369
    5280  505  445  417  358  352  333  314  350  322  404
    5300  399  435  367  533  398  322  370  296  301  319
    5320  329  303  329  489  312  266  303  381  399  443
    5340  340  484  311  484  375  363  356  305  370  345
    5360  616  347  341  466  479  323  403  299  316  385
    5380  455  339  349  567  505  243  384  490  275  437
    5400  452  317  418  455  446  335  344  434  366  412
    5420  404  276  416  569  496  287  275  386  395  305
    5440  475  342  451  490  449  361  338  385  339  396
    5460  378  253  383  404  314  334  324  400  330  302
    5480  394  449  454  431  429  258  341  504  362  417
    5500  376  407  476  430  419  463  387  530  456  409
    5520  366  527  467  400  374  336  482  347  365  477
    5540  352  513  493  350  331  410  415  416  340  367
    5560  254  412  356  369  335  427  401  400  424  323
    5580  274  379  287  412  351  365  463  459  436  252
    5600  350  413  376  306  346  452  343  388  431  285
    5620  375  505  354  329  280  453  372  416  329  368
    5640  516  512  361  333  444  372  356  390  417  357
    5660  378  461  360  349  385  380  450  344  352  459
    5680  424  432  316  380  284  463  335  403  428  475
    5700  410  282  260  381  335  365  393  355  535  421
    5720  375  413  258  366  418  383  357  348  417  376
    5740  443  439  351  410  584  321  347  319  435  506
    5760  435  408  318  463  449  251  329  251  367  439
    5780  356  329  466  331  440  337  471  356  368  317
    5800  442  297  356  392  447  354  477  385  317  359
    5820  391  311  448  364  436  394  381  360  381  319
    5840  302  454  414  394  350  421  349  340  384  420
    5860  392  436  419  265  395  607  318  324  283  397
    5880  404  357  475  383  508  322  329  372  302  445
    5900  508  429  320  297  531  411  387  416  399  459
    5920  464  424  483  280  475  474  398  329  412  402
    5940  390  487  372  345  362  441  400  615  495  468
    5960  390  385  346  474  506  352  380  478  553  437
    5980  437  486  411  434  457  445  402  373  531  393
    6000  374  366  363  325  394  421  401  426  497  398
    6020  381  354  433  269  356  336  432  357  386  474
    6040  437  497  380  261  380  304  456  503  436  517
    6060  374  508  419  347  326  367  319  518  403  477
    6080  349  556  370  418  301  336  317  398  395  461
    6100  349  425  356  444  292  255  392  352  376  464
    6120  355  429  410  472  408  440  326  308  470  381
    6140  308  436  337  480  360  428  380  322  430  384
    6160  348  428  495  417  444  316  316  436  459  369
    6180  336  370  431  393  431  341  404  391  421  421
    6200  280  377  426  309  392  311  497  301  322  565
    6220  316  454  425  348  420  500  460  272  377  486
    6240  441  498  482  375  315  360  406  323  272  374
    6260  441  508  502  402  399  378  369  290  379  457
    6280  373  435  507  344  438  318  410  390  447  379
    6300  455  325  388  400  379  442  337  451  493  446
    6320  385  442  403  298  411  410  448  494  553  432
    6340  332  409  428  281  356  494  379  369  445  439
    6360  326  384  420  454  317  360  279  480  453  483
    6380  374  440  344  380  308  273  398  359  399  402
    6400  398  441  290  420  315  425  324  423  387  366
    6420  419  459  438  358  336  359  404  472  377  325
    6440  397  417  484  436  423  313  459  486  387  568
    6460  316  278  354  319  338  379  411  569  321  499
    6480  326  328  487  339  406  345  383  438  455  464
    6500  426  306  447  329  379  248  352  526  554  479
    6520  459  384  453  358  346  331  417  524  525  458
    6540  337  464  379  366  334  286  445  430  559  364
    6560  383  505  517  347  363  422  408  515  455  464
    6580  372  346  530  344  397  400  317  445  379  282
    6600  385  319  350  353  383  375  410  426  340  311
    6620  310  268  318  321  329  318  311  327  470  401
    6640  539  377  256  214  384  318  429  247  430  410
    6660  446  410  305  336  433  491  386  269  386  402
    6680  392  436  311  374  488  371  394  359  349  503
    6700  445  380  352  462  501  370  316  316  431  393
    6720  408  355  336  455  435  406  389  391  402  486
    6740  332  266  420  397  397  354  386  368  468  445
    6760  329  365  376  485  417  340  283  289  390  351
    6780  325  338  502  421  375  317  339  387  369  393
    6800  225  381  535  473  274  369  364  404  351  429
    6820  201  248  442  509  333  353  334  391  463  396
    6840  287  299  412  500  312  343  299  423  462  422
    6860  185  360  366  346  505  350  361  463  440  558
    6880  284  239  465  375  452  250  305  515  419  364
    6900  363  386  462  324  486  293  321  542  395  400
    6920  397  346  443  459  440  366  315  478  359  365
    6940  319  329  326  370  456  427  298  334  491  425
    6960  314  413  394  425  478  442  354  341  423  491
    6980  364  331  234  463  407  457  364  371  449  486
    7000  373  373  252  368  388  528  393  497  386  413
    7020  446  417  315  383  397  469  450  431  379  423
    7040  425  442  290  379  339  417  430  409  353  449
    7060  451  394  279  494  470  454  468  438  411  415
    7080  495  453  384  434  479  353  415  414  277  332
    7100  462  376  357  447  429  301  242  440  241  389
    7120  357  384  459  425  421  376  385  476  365  296
    7140  428  421  407  516  430  376  317  638  337  381
    7160  344  374  349  455  336  430  269  493  253  487
    7180  414  390  327  346  283  413  280  401  251  371
    7200  426  356  391  310  314  335  348  432  336  344
    7220  424  305  269  341  365  272  354  432  340  328
    7240  247  318  311  442  388  302  376  394  318  445
    7260  228  312  254  333  284  321  441  418  442  312
    7280  189  355  384  311  215  439  479  402  496  398
    7300  233  411  330  371  327  416  275  413  424  383
    7320  266  452  288  374  322  431  332  336  338  309
    7340  303  289  252  425  408  397  390  486  375  428
    7360  404  428  254  333  403  356  409  525  424  342
    7380  497  326  356  351  459  399  412  517  452  479
    7400  341  430  440  378  404  422  451  498  489  428
    7420  385  427  469  386  336  383  367  453  548  323
    7440  511  402  446  505  319  475  330  472  408  318
    7460  479  340  343  402  303  464  316  488  358  372
    7480  535  362  305  446  282  489  333  546  391  260
    7500  492  247  223  462  345  506  396  324  365  297
    7520  503  324  260  514  233  469  366  270  455  381
    7540  343  470  334  494  380  434  460  450  482  412
    7560  229  300  362  426  311  390  435  353  527  429
    7580  235  285  331  314  285  328  372  447  357  452
    7600  307  249  281  380  368  385  509  431  492  463
    7620  430  298  203  375  339  394  428  416  477  344
    7640  334  387  161  560  357  349  457  395  350  313
    7660  299  373  270  422  304  368  447  383  354  369
    7680  227  439  315  362  376  414  379  346  369  371
    7700  365  416  291  355  397  347  377  360  346  357
    7720  435  472  356  309  391  425  387  407  299  394
    7740  376  316  385  304  255  417  368  448  220  383
    7760  316  372  359  358  348  474  422  411  287  327
    7780  395  506  430  517  457  459  453  462  314  393
    7800  365  447  443  459  391  499  337  518  260  366
    7820  329  470  429  353  470  477  336  351  217  314
    7840  278  376  372  344  421  461  348  410  258  286
    7860  361  305  287  354  450  517  385  470  353  244
    7880  319  327  334  446  412  464  456  377  365  342
    7900  248  307  404  416  352  454  374  310  515  338
    7920  286  285  360  423  291  444  274  361  482  437
    7940  333  217  329  369  393  317  244  406  553  421
    7960  287  319  347  428  429  355  301  454  462  326
    7980  282  258  371  515  461  427  427  484  471  276
    8000  332  308  438  392  411  364  448  459  531  447
    8020  326  370  462  499  329  356  480  500  407  364
    8040  294  393  451  400  331  338  363  395  426  376
    8060  374  305  406  313  296  355  461  409  446  348
    8080  331  181  476  269  257  369  428  439  368  326
    8100  355  352  403  228  358  330  398  403  245  438
    8120  371  229  471  296  262  275  420  417  348  456
    8140  407  173  453  392  312  319  431  302  449  404
    8160  280  226  373  524  314  377  488  327  427  403
    8180  237  221  347  465  304  514  416  483  446  390
    8200  284  295  436  495  332  409  574  384  400  354
    8220  390  437  424  523  365  373  562  334  468  460
    8240  290  433  533  464  330  411  386  333  395  426
    8260  357  362  377  443  314  397  338  302  260  314
    8280  272  359  452  356  372  441  417  295  308  239
    8300  392  451  379  371  423  446  336  459  273  272
    8320  400  465  472  372  428  335  556  331  247  337
    8340  450  478  416  272  494  308  470  354  240  348
    8360  394  486  429  332  335  304  271  344  230  340
    8380  311  374  360  277  427  361  321  387  288  370
    8400  319  370  275  321  372  408  366  382  370  337
    8420  384  248  309  389  427  424  399  378  497  352
    8440  482  280  261  440  394  382  345  400  457  312
    8460  454  300  392  442  414  507  399  358  470  369
    8480  412  358  476  428  430  379  301  393  425  403
    8500  384  254  513  406  400  385  324  400  361  478
    8520  506  399  330  318  384  332  510  473  388  462
    8540  451  391  405  309  403  381  450  433  501  333
    8560  429  444  342  252  317  540  421  346  434  340
    8580  403  478  455  384  402  465  457  336  418  403
    8600  379  422  380  397  364  387  369  338  393  288
    8620  380  344  290  305  322  553  415  266  293  319
    8640  331  370  263  356  302  453  484  307  395  439
    8660  374  414  384  448  349  401  404  306  347  377
    8680  471  445  244  415  366  298  426  282  389  376
    8700  587  347  162  386  322  298  345  456  411  370
    8720  448  348  210  413  326  345  357  436  441  239
    8740  342  402  182  355  291  330  388  400  294  198
    8760  348  454  234  273  385  341  349  396  288  294
    8780  523  480  330  369  284  259  302  435  295  296
    8800  496  478  271  400  339  383  329  386  295  321
    8820  375  413  384  374  303  388  478  398  308  400
    8840  483  424  386  539  437  446  294  323  430  389
    8860  462  349  330  414  354  377  330  283  274  438
    8880  425  385  309  430  466  414  342  299  234  413
    8900  322  354  444  436  607  401  281  366  455  382
    8920  299  450  355  324  416  388  310  447  400  516
    8940  351  412  398  464  505  385  299  465  376  406
    8960  496  363  352  327  462  382  357  437  351  506
    8980  377  308  426  433  335  420  343  427  447  499
    9000  340  323  540  367  296  401  387  304  481  402
    9020  352  434  463  398  378  459  421  381  437  396
    9040  467  437  440  331  363  286  476  330  442  286
    9060  369  431  411  433  388  341  475  412  349  201
    9080  279  405  408  271  272  430  507  492  277  368
    9100  320  434  367  297  289  484  420  419  320  347
    9120  325  323  251  365  264  376  250  419  454  341
    9140  303  435  351  366  337  462  238  410  340  320
    9160  308  325  350  375  359  594  401  375  281  331
    9180  360  364  417  380  395  466  464  400  305  381
    9200  387  398  460  295  399  433  442  373  391  372
    9220  423  507  396  390  357  302  314  447  375  368
    9240  377  423  462  312  426  333  290  390  386  314
    9260  407  364  400  336  319  271  330  430  376  404
    9280  312  337  467  395  302  245  291  469  371  335
    9300  432  307  446  379  489  376  335  429  433  414
    9320  453  516  404  302  406  285  331  432  334  375
    9340  325  520  479  326  412  285  388  398  345  410
    9360  471  478  566  300  376  305  522  378  382  394
    9380  403  453  385  319  354  376  487  376  445  455
    9400  374  324  321  338  395  380  519  346  490  471
    9420  499  478  335  390  337  324  514  279  444  427
    9440  475  391  438  392  383  390  449  400  478  500
    9460  458  360  387  383  550  385  460  450  499  402
    9480  419  423  368  483  508  336  495  341  536  331
    9500  371  375  358  465  370  343  488  410  370  184
    9520  549  312  379  506  350  352  466  424  425  299
    9540  524  275  334  421  340  459  496  437  384  304
    9560  548  268  262  367  352  395  409  487  280  295
    9580  538  281  351  386  358  365  551  344  275  298
    9600  532  276  302  479  304  447  426  348  347  338
    9620  354  311  346  498  332  389  529  363  266  368
    9640  380  367  327  554  435  451  417  482  293  295
    9660  310  418  252  440  443  392  468  437  353  362
    9680  346  492  269  356  493  392  435  477  401  314
    9700  545  631  307  249  398  352  460  366  598  348
    9720  408  463  395  257  459  399  578  226  509  328
    9740  374  474  342  407  457  384  488  251  450  334
    9760  423  538  369  274  435  382  496  365  377  309
    9780  334  542  349  318  389  411  353  406  454  307
    9800  292  361  471  303  272  304  540  413  442  502
    9820  387  421  421  269  226  383  451  440  345  430
    9840  421  373  359  251  276  346  283  397  481  493
    9860  403  274  373  341  350  333  386  438  403  283
    9880  545  285  485  432  333  343  272  359  382  351
    9900  561  356  392  435  304  371  278  332  379  290
    9920  492  434  270  408  271  515  253  384  465  337
    9940  444  447  336  478  296  390  237  381  436  377
    9960  403  365  437  392  274  364  279  436  489  425
    9980  483  481  376  351  339  344  442  410  405  541
   10000  397  549  443  347  419  376  492  391  338  405
   10020  373  467  365  473  403  375  419  424  508  394
   10040  389  410  415  517  313  376  406  520  402  401
   10060  294  459  334  475  381  368  494  497  369  457
   10080  210  420  291  494  423  375  370  482  439  439
   10100  265  408  186  430  336  365  267  548  321  417
   10120  424  333  288  421  351  489  315  364  423  385
   10140  427  359  291  463  394  392  416  323  357  458
   10160  507  430  413  449  315  349  298  408  379  380
   10180  447  328  300  450  377  307  297  342  324  394
   10200  505  298  383  408  394  335  360  347  363  449
   10220  392  390  390  316  387  451  410  310  368  432
   10240  449  409  454  341  291  477  348  329  453  444
   10260  366  396  497  322  285  528  345  343  403  438
   10280  260  368  378  382  253  435  344  510  438  429
   10300  308  390  379  329  285  344  283  370  295  431
   10320  268  424  482  339  305  438  356  367  277  372
   10340  414  325  513  402  369  371  433  408  302  429
   10360  325  370  430  355  403  340  384  379  288  403
   10380  357  450  519  362  339  280  290  361  344  360
   10400  274  455  456  398  392  335  320  412  391  367
   10420  528  495  263  402  397  303  375  415  432  373
   10440  516  453  338  406  414  341  377  388  447  475
   10460  463  463  439  383  431  409  392  353  362  433
   10480  398  359  465  373  436  406  505  529  307  281
   10500  380  328  328  404  430  313  364  528  272  291
   10520  539  340  330  343  435  385  474  430  249  361
   10540  488  383  398  301  435  399  500  386  442  338
   10560  435  366  461  383  429  331  472  477  519  392
   10580  445  310  435  469  427  355  507  417  457  385
   10600  409  335  411  419  415  400  437  441  539  427
   10620  427  301  363  376  325  430  446  464  388  330
   10640  422  315  431  463  385  454  345  441  307  378
   10660  405  517  381  365  203  431  463  486  321  405
   10680  404  374  452  373  289  348  397  503  350  446
   10700  392  374  331  325  327  286  424  339  442  394
   10720  435  333  339  352  263  369  460  457  386  421
   10740  318  333  345  475  305  445  471  535  271  520
   10760  377  492  457  450  290  354  386  549  181  414
   10780  488  363  473  433  403  372  508  389  229  545
   10800  491  342  475  434  437  493  321  376  357  470
   10820  415  332  385  462  365  392  416  442  418  394
   10840  399  298  369  333  392  344  354  473  483  293
   10860  458  440  460  355  429  362  373  437  369  453
   10880  420  264  492  473  395  377  395  302  320  349
   10900  505  261  436  377  309  354  464  455  338  393
   10920  440  421  431  276  383  439  401  499  294  476
   10940  407  552  398  377  481  367  334  375  412  490
   10960  394  474  480  374  444  354  457  351  401  475
   10980  434  432  376  314  510  296  407  396  438  345
   11000  430  477  312  337  451  349  368  271  377  306
   11020  439  259  368  484  521  349  331  165  417  302
   11040  367  328  313  475  424  310  355  227  478  338
   11060  314  311  332  290  321  307  323  340  446  374
   11080  342  359  397  192  221  301  382  345  371  282
   11100  369  336  410  318  191  278  368  265  496  366
   11120  445  473  326  348  366  314  336  379  474  346
   11140  376  410  343  507  321  408  470  396  469  454
   11160  435  436  404  441  350  316  397  343  524  383
   11180  459  496  432  415  270  222  513  441  439  371
   11200  301  408  356  471  263  253  434  585  520  404
   11220  358  421  359  428  275  411  429  402  393  324
   11240  375  370  451  398  423  310  524  311  455  439
   11260  282  464  308  340  467  384  458  221  374  371
   11280  385  478  352  305  315  398  489  348  402  289
   11300  390  380  339  341  384  437  388  416  345  333
   11320  315  337  318  407  400  357  359  407  392  283
   11340  333  409  327  450  405  371  388  320  339  337
   11360  415  450  330  281  441  225  397  213  321  353
   11380  277  451  264  334  452  439  316  403  285  338
   11400  326  434  329  328  469  383  410  436  274  302
   11420  386  336  369  393  323  372  373  475  301  452
   11440  446  379  298  367  312  417  362  378  375  378
   11460  489  456  326  378  284  361  314  338  360  474
   11480  464  325  276  383  357  318  231  295  337  401
   11500  492  359  364  361  327  366  427  270  390  339
   11520  452  291  465  318  353  421  354  271  434  326
   11540  377  369  362  247  327  321  333  442  464  335
   11560  271  391  365  278  371  313  446  399  511  421
   11580  259  400  419  344  461  337  434  337  384  437
   11600  219  476  521  211  446  333  416  290  467  360
   11620  370  484  477  279  453  279  377  233  554  439
   11640  313  323  482  341  475  252  352  285  462  505
   11660  370  480  439  366  443  187  371  380  338  319
   11680  415  450  481  411  472  253  439  299  348  327
   11700  405  343  414  553  477  242  475  297  328  305
   11720  439  272  567  439  477  406  373  256  329  252
   11740  419  347  552  413  507  358  339  445  242  286
   11760  419  370  459  387  390  417  428  303  386  271
   11780  431  400  358  365  314  399  427  380  429  336
   11800  405  413  462  458  224  286  460  464  437  314
   11820  466  542  438  298  346  358  424  472  371  332
   11840  489  409  420  378  399  381  360  443  388  240
   11860  461  376  389  414  291  346  357  293  356  311
   11880  444  416  356  439  361  328  302  408  340  332
   11900  370  406  409  462  432  373  344  301  370  299
   11920  260  491  467  415  510  282  369  340  408  403
   11940  341  447  456  386  374  347  413  375  405  421
   11960  341  519  390  356  309  418  380  305  463  389
   11980  402  462  409  419  360  425  486  418  485  398
   12000  483  529  397  459  473  463  586  360  488  436
   12020  396  454  289  401  543  463  389  374  356  432
   12040  465  469  249  450  517  451  321  434  387  404
   12060  440  438  284  502  419  382  391  380  466  385
   12080  411  513  277  436  462  468  483  281  375  445
   12100  448  427  318  567  446  354  487  333  382  385
   12120  500  312  404  430  355  375  446  359  349  361
   12140  429  340  461  375  290  344  389  496  342  288
   12160  456  326  467  451  307  480  421  454  360  336
   12180  536  450  402  437  363  445  375  460  460  503
   12200  476  381  422  379  280  377  359  467  434  426
   12220  427  437  391  480  377  394  466  406  508  470
   12240  449  456  341  378  342  353  332  533  380  441
   12260  378  368  386  410  396  384  358  376  345  340
   12280  439  393  445  425  405  492  336  404  417  314
   12300  550  292  339  511  497  307  324  340  495  386
   12320  476  309  386  356  370  311  478  331  443  347
   12340  419  308  304  294  436  373  366  414  449  340
   12360  333  339  262  320  398  538  327  340  400  395
   12380  458  227  305  310  371  329  289  346  398  378
   12400  429  227  368  337  339  450  300  299  229  439
   12420  412  244  406  446  381  443  313  408  256  346
   12440  559  388  407  445  418  520  419  446  348  389
   12460  572  348  329  308  301  403  366  522  377  421
   12480  456  396  268  342  439  476  321  338  339  342
   12500  407  334  210  421  346  453  253  420  282  469
   12520  319  437  249  404  386  398  183  466  339  520
   12540  247  410  293  450  343  361  241  410  380  479
   12560  346  343  313  374  388  364  230  327  336  353
   12580  365  392  463  360  530  442  239  317  385  382
   12600  380  449  458  345  418  416  360  306  462  351
   12620  380  463  346  333  392  427  213  427  463  313
   12640  411  482  302  298  333  418  235  377  351  337
   12660  361  424  448  369  377  322  402  310  439  297
   12680  366  375  530  340  399  222  409  214  383  329
   12700  335  289  436  399  372  226  358  288  335  329
   12720  336  340  521  441  344  213  503  352  296  304
   12740  515  395  364  391  350  234  457  383  306  339
   12760  539  462  337  398  240  215  507  334  249  407
   12780  537  458  346  356  273  319  426  312  350  406
   12800  438  341  368  476  232  378  422  339  310  403
   12820  439  336  394  322  340  408  333  339  417  414
   12840  292  367  346  397  502  364  341  507  352  367
   12860  364  371  427  344  440  350  411  481  396  401
   12880  490  417  365  280  577  399  436  354  426  443
   12900  381  513  328  364  551  473  408  294  353  363
   12920  442  439  318  442  584  340  362  362  266  432
   12940  454  467  494  323  481  426  389  402  248  446
   12960  399  575  395  298  464  453  381  421  363  470
   12980  432  502  442  246  460  427  413  471  312  402
   13000  392  519  487  309  450  519  257  429  296  404
   13020  364  471  480  377  450  333  396  432  443  394
   13040  350  425  389  473  505  373  367  483  371  380
   13060  343  414  374  419  498  395  291  416  409  414
   13080  387  461  420  534  435  543  398  394  472  350
   13100  446  421  367  341  476  421  423  431  477  243
   13120  416  464  300  371  456  485  431  430  573  362
   13140  391  416  514  427  414  407  632  346  455  279
   13160  432  318  575  365  382  301  500  371  303  281
   13180  433  326  581  466  375  264  355  399  294  231
   13200  394  513  450  389  410  379  424  362  324  407
   13220  379  491  482  424  410  374  432  423  305  340
   13240  294  543  503  392  488  341  511  475  283  412
   13260  423  528  433  434  316  314  537  504  267  422
   13280  387  501  398  562  384  334  487  363  323  314
   13300  311  336  496  441  450  397  554  396  226  341
   13320  335  468  484  453  472  353  456  451  243  436
   13340  341  309  347  435  358  282  372  446  211  389
   13360  409  251  356  273  345  237  295  432  242  430
   13380  390  256  318  455  404  200  429  470  383  489
   13400  376  328  348  486  333  354  421  529  331  415
   13420  375  366  430  493  302  457  383  396  263  316
   13440  323  372  489  379  231  419  455  443  318  316
   13460  351  307  426  447  250  285  387  394  366  327
   13480  436  421  421  456  288  323  521  391  344  418
   13500  394  420  501  450  319  276  396  426  459  383
   13520  339  378  493  483  332  305  409  361  431  384
   13540  335  344  343  375  387  267  526  295  388  272
   13560  311  387  437  430  523  445  490  333  262  308
   13580  410  462  337  378  465  334  447  383  198  356
   13600  386  374  333  279  487  306  359  410  334  214
   13620  352  384  486  288  493  413  393  351  236  363
   13640  306  347  384  389  411  330  457  227  280  396
   13660  298  341  444  485  398  419  527  209  299  389
   13680  380  415  390  299  436  301  401  283  278  436
   13700  312  406  323  368  416  380  429  217  370  338
   13720  355  429  294  354  459  252  331  376  376  345
   13740  375  467  307  452  391  297  311  469  440  386
   13760  395  430  234  444  341  266  370  363  532  289
   13780  356  384  257  418  477  365  375  403  438  287
   13800  343  416  460  390  398  455  382  347  313  282
   13820  447  528  434  348  367  439  445  302  390  346
   13840  480  532  518  302  391  412  386  289  330  324
   13860  509  392  380  292  406  398  514  262  288  390
   13880  496  385  408  230  304  471  398  317  324  451
   13900  394  320  321  343  323  403  314  440  450  462
   13920  310  338  350  315  389  442  359  399  487  398
   13940  320  371  430  356  420  528  410  270  442  402
   13960  416  469  432  482  394  482  305  354  488  369
   13980  331  318  322  405  334  368  337  376  465  527
   14000  399  359  314  352  312  366  460  356  476  574
   14020  443  354  414  349  229  376  376  229  399  517
   14040  440  535  437  383  369  259  417  275  409  460
   14060  406  416  460  499  365  287  378  536  441  486
   14080  428  424  555  345  360  299  451  467  359  487
   14100  453  346  446  356  337  358  308  395  337  493
   14120  386  489  390  462  226  396  347  385  390  462
   14140  481  485  307  351  265  288  390  455  356  410
   14160  342  358  315  377  419  246  584  490  306  387
   14180  362  357  390  471  396  345  419  395  253  455
   14200  481  253  398  389  398  423  404  415  342  310
   14220  544  291  479  463  384  310  329  423  363  359
   14240  408  296  487  463  395  243  388  368  250  212
   14260  405  303  329  330  450  325  312  334  342  284
   14280  439  304  336  383  288  344  278  352  279  182
   14300  536  313  332  274  308  386  307  359  383  294
   14320  357  399  300  316  414  388  331  394  381  343
   14340  380  436  362  274  481  339  396  398  350  345
   14360  358  374  349  388  524  323  476  457  295  317
   14380  316  422  378  341  445  357  463  462  305  399
   14400  310  298  416  326  452  342  469  350  388  363
   14420  340  398  447  234  363  485  419  291  315  362
   14440  397  289  357  176  411  428  325  416  313  376
   14460  313  391  379  270  393  508  237  409  311  307
   14480  373  422  373  388  430  378  401  359  325  464
   14500  360  270  406  471  367  331  374  382  343  452
   14520  358  390  319  412  241  408  388  323  258  407
   14540  395  386  408  406  275  418  431  370  256  428
   14560  331  417  274  321  256  356  429  258  210  332
   14580  436  454  369  349  446  409  435  418  238  475
   14600  510  332  313  347  320  405  419  274  267  450
   14620  434  486  296  395  406  447  341  466  265  466
   14640  431  408  406  394  347  465  418  269  329  396
   14660  316  299  306  309  229  331  421  240  271  363
   14680  295  228  299  270  387  382  431  283  347  351
   14700  305  450  266  508  451  417  440  247  360  326
   14720  292  339  255  345  404  386  536  338  322  386
   14740  278  434  338  449  423  405  316  406  337  297
   14760  372  414  293  372  358  453  392  438  367  295
   14780  472  399  292  418  245  354  446  373  320  230
   14800  475  399  320  313  385  361  390  410  384  331
   14820  511  464  450  272  484  301  442  539  364  365
   14840  571  486  435  239  523  407  436  378  399  260
   14860  448  466  407  293  416  286  349  337  461  271
   14880  376  377  439  414  416  356  316  430  465  376
   14900  427  391  337  462  449  488  364  381  416  389
   14920  334  362  441  288  458  521  374  401  381  491
   14940  387  440  430  382  426  478  367  479  359  471
   14960  453  330  362  401  446  322  363  451  294  353
   14980  504  228  434  314  473  329  382  358  323  337
   15000  411  255  456  264  417  351  374  396  310  453
   15020  340  407  421  447  496  317  549  452  201  378
   15040  381  266  468  399  396  343  394  389  289  353
   15060  438  291  433  364  319  401  395  279  331  434
   15080  464  305  454  440  349  459  408  319  437  331
   15100  428  339  395  365  281  450  405  351  321  334
   15120  412  357  391  382  480  487  275  355  231  423
   15140  435  371  468  260  464  429  304  507  348  419
   15160  380  347  408  218  428  322  401  364  423  313
   15180  472  344  480  377  307  482  351  465  458  272
   15200  468  452  442  415  388  434  349  394  488  171
   15220  403  451  386  356  374  256  371  361  471  182
   15240  407  496  408  281  342  350  394  445  419  291
   15260  488  406  343  297  305  343  343  386  381  317
   15280  348  471  410  317  390  345  376  383  511  367
   15300  280  450  389  202  472  365  477  378  342  352
   15320  410  434  347  341  395  292  386  316  477  463
   15340  552  439  371  406  339  334  317  392  365  454
   15360  459  430  401  411  300  366  289  306  407  319
   15380  424  464  340  342  331  425  268  346  415  263
   15400  352  255  277  408  282  313  429  427  495  304
   15420  456  244  272  320  295  286  410  394  394  315
   15440  402  287  310  530  255  395  354  434  321  296
   15460  386  329  293  437  311  441  259  383  313  388
   15480  385  318  359  328  370  473  375  441  468  337
   15500  385  262  497  342  418  478  367  448  380  383
   15520  417  229  409  464  412  411  378  475  412  355
   15540  288  393  364  369  193  405  397  393  420  284
   15560  400  328  527  215  262  489  285  348  364  287
   15580  347  378  415  239  179  433  403  346  213  262
   15600  385  474  395  336  152  334  402  316  273  300
   15620  298  387  432  287  248  347  532  266  304  286
   15640  491  420  499  424  307  274  335  349  298  243
   15660  388  444  472  525  350  272  342  374  319  322
   15680  221  282  313  497  358  270  296  441  402  384
   15700  399  422  338  564  382  206  434  335  354  366
   15720  268  402  355  417  332  270  368  403  339  341
   15740  398  325  408  359  393  225  371  220  243  307
   15760  334  329  495  296  456  330  343  282  312  398
   15780  381  431  401  241  403  346  391  436  414  333
   15800  332  382  411  292  320  316  337  394  381  412
   15820  400  396  427  305  414  251  345  443  320  328
   15840  371  391  523  461  349  243  372  417  410  294
   15860  300  441  388  438  324  136  388  386  404  413
   15880  298  438  419  331  395  257  361  398  328  481
   15900  321  392  348  303  417  310  424  397  484  444
   15920  375  478  378  379  385  250  383  440  400  382
   15940  448  453  384  327  442  346  412  393  365  400
   15960  415  376  409  277  432  400  365  548  428  378
   15980  465  411  349  308  474  407  347  511  541  285
   16000  323  369  349  459  467  389  370  393  444  382
   16020  246  332  264  360  462  405  350  408  474  326
   16040  348  334  395  361  478  402  436  321  422  315
   16060  288  305  346  391  359  381  485  291  334  317
   16080  362  391  407  459  316  461  402  335  338  418
   16100  387  274  362  410  345  421  479  281  443  321
   16120  287  343  431  346  242  504  438  321  484  309
   16140  403  325  422  482  400  460  459  370  405  357
   16160  462  354  388  479  426  365  462  422  371  302
   16180  380  365  311  467  473  416  435  368  281  358
   16200  352  435  374  481  391  358  332  343  223  433
   16220  428  363  367  442  355  354  428  388  235  404
   16240  397  368  336  422  435  479  502  374  234  315
   16260  409  483  419  368  379  426  490  392  270  341
   16280  408  447  364  421  428  541  527  373  350  423
   16300  433  515  352  524  311  388  543  534  406  403
   16320  472  418  252  416  332  380  509  442  387  446
   16340  450  307  273  394  508  372  486  354  257  381
   16360  353  264  318  360  511  456  478  415  436  401
   16380  364  364  278  176  459  345  361  387  498  472
   16400  309  448  318  287  429  466  362  361  492  512
   16420  242  392  348  297  404  471  522  381  426  489
   16440  364  399  420  325  328  393  474  499  508  303
   16460  353  222  299  346  245  432  385  448  433  352
   16480  423  199  442  367  405  489  398  417  384  280
   16500  382  276  394  455  343  269  331  511  437  348
   16520  264  359  426  359  351  450  348  519  466  374
   16540  304  419  268  304  296  448  373  441  367  409
   16560  326  340  300  328  350  534  334  422  440  323
   16580  276  306  313  328  279  397  298  435  305  297
   16600  400  395  438  349  384  323  269  511  342  282
   16620  333  531  372  378  363  404  463  488  322  339
   16640  464  586  387  358  327  302  527  292  335  388
   16660  344  607  406  416  363  347  425  438  420  443
   16680  381  395  483  430  395  262  433  282  363  535
   16700  421  401  413  309  299  239  328  293  214  511
   16720  494  416  452  348  367  280  203  315  376  410
   16740  338  367  358  443  324  329  221  402  347  334
   16760  449  265  379  442  312  274  211  445  232  335
   16780  411  296  346  436  317  268  232  505  194  311
   16800  443  331  455  391  317  406  260  399  195  433
   16820  268  389  392  384  363  303  423  359  348  417
   16840  426  385  438  369  254  353  462  472  346  348
   16860  421  342  326  420  323  286  397  380  342  376
   16880  492  388  393  415  266  271  348  342  325  435
   16900  470  377  392  294  296  473  368  367  360  405
   16920  512  398  387  300  410  422  422  394  273  446
   16940  394  406  357  355  305  426  420  473  377  467
   16960  353  454  394  292  404  495  368  452  357  511
   16980  312  390  357  295  463  527  374  416  370  599
   17000  392  484  314  329  344  406  394  280  358  425
   17020  276  491  309  403  316  504  308  404  239  453
   17040  345  459  284  365  265  469  388  437  233  414
   17060  307  462  231  410  378  375  438  403  250  414
   17080  382  360  331  460  305  307  480  373  261  404
   17100  419  466  342  468  390  390  429  311  251  391
   17120  372  341  357  425  321  484  480  302  226  330
   17140  371  351  331  454  276  368  392  226  221  296
   17160  400  260  349  276  291  290  311  318  296  367
   17180  385  327  214  352  381  388  285  368  307  422
   17200  442  333  294  316  452  499  296  326  385  485
   17220  400  394  301  517  459  465  243  475  478  408
   17240  426  381  273  492  431  450  309  371  486  354
   17260  341  405  277  361  544  346  372  282  415  483
   17280  344  455  347  340  519  391  418  253  452  391
   17300  326  370  326  444  451  551  490  214  445  453
   17320  376  401  370  355  422  407  474  295  348  411
   17340  421  344  413  304  505  368  377  442  221  295
   17360  344  439  348  175  393  313  363  360  222  363
   17380  381  371  339  278  326  361  401  328  226  451
   17400  314  355  425  310  363  357  444  440  274  328
   17420  339  369  431  390  355  325  458  391  375  246
   17440  366  448  354  429  431  376  381  441  387  342
   17460  399  361  441  408  420  440  305  417  472  360
   17480  401  286  515  308  511  488  346  480  460  328
   17500  456  288  389  293  339  404  312  466  336  478
   17520  397  200  284  247  376  332  282  401  300  373
   17540  370  252  322  228  368  304  298  303  425  358
   17560  404  353  378  238  369  286  355  368  375  347
   17580  388  375  402  278  321  287  451  304  417  286
   17600  364  393  452  308  388  281  300  319  383  364
   17620  378  329  503  347  356  329  198  323  370  314
   17640  496  291  406  476  447  403  217  443  436  362
   17660  408  384  431  483  489  260  263  454  362  403
   17680  283  468  359  415  368  349  395  435  443  366
   17700  377  408  234  390  500  442  367  479  385  392
   17720  394  364  373  477  339  419  327  481  267  413
   17740  399  426  393  384  374  381  320  436  270  472
   17760  463  424  378  387  350  467  345  434  294  404
   17780  469  465  376  413  314  397  444  568  456  275
   17800  402  466  359  385  258  444  427  520  441  247
   17820  345  510  330  348  372  439  390  463  432  255
   17840  286  439  388  243  597  489  335  371  381  224
   17860  383  368  381  316  441  375  421  500  398  296
   17880  408  342  301  300  298  378  283  532  279  303
   17900  421  386  496  358  305  383  268  391  314  319
   17920  307  408  432  445  388  484  314  285  421  326
   17940  366  469  475  388  376  500  337  275  370  435
   17960  295  422  481  352  414  478  334  358  420  367
   17980  381  393  581  299  387  453  412  254  483  404
   18000  509  378  566  256  440  385  377  238  605  291
   18020  516  363  477  393  467  330  527  307  429  257
   18040  490  333  437  350  499  301  386  398  420  369
   18060  478  376  564  292  412  396  431  334  446  347
   18080  346  362  484  378  363  360  502  463  460  273
   18100  503  366  475  409  248  221  583  296  318  422
   18120  509  340  431  426  264  312  504  312  320  446
   18140  489  351  333  327  300  311  632  296  486  403
   18160  369  338  329  347  307  313  371  316  535  308
   18180  279  422  327  253  403  411  509  432  390  288
   18200  429  361  420  317  393  415  518  435  456  488
   18220  338  411  352  260  468  289  475  428  519  534
   18240  396  293  287  273  442  380  365  448  370  423
   18260  421  368  297  302  353  379  355  323  438  474
   18280  406  365  345  469  397  302  389  316  440  510
   18300  259  386  351  453  393  393  405  279  523  422
   18320  440  406  345  377  363  311  458  271  384  380
   18340  586  407  376  371  366  318  387  250  327  405
   18360  470  349  423  322  280  384  445  224  386  368
   18380  604  342  398  365  229  344  427  320  364  371
   18400  450  304  339  244  295  318  466  479  365  337
   18420  413  332  319  318  416  406  448  500  422  277
   18440  267  490  320  279  339  464  498  460  407  367
   18460  387  325  432  391  358  373  482  365  447  278
   18480  381  413  242  492  363  358  496  370  439  277
   18500  386  297  317  502  425  442  512  366  459  377
   18520  307  291  325  453  321  423  478  392  492  343
   18540  322  278  369  389  329  280  506  496  550  454
   18560  485  343  466  333  314  386  429  500  486  475
   18580  341  319  341  307  320  341  319  451  348  330
   18600  351  366  391  380  378  249  462  438  435  307
   18620  473  359  446  462  369  274  401  383  356  405
   18640  526  446  415  458  491  282  460  484  393  492
   18660  339  443  376  443  462  241  511  432  393  411
   18680  379  426  441  528  619  266  396  327  407  268
   18700  403  441  371  441  380  359  464  436  424  266
   18720  380  426  290  303  361  514  464  363  372  288
   18740  450  301  223  351  492  519  377  354  557  376
   18760  505  225  246  360  414  405  358  401  450  438
   18780  432  271  251  255  420  384  398  375  442  353
   18800  408  217  343  291  471  288  433  417  432  357
   18820  360  245  388  200  501  361  471  449  396  374
   18840  372  336  414  286  368  315  501  431  494  482
   18860  387  318  435  284  409  348  385  393  413  490
   18880  327  282  402  348  392  245  350  577  488  573
   18900  380  427  388  348  466  445  376  397  422  477
   18920  381  338  474  254  434  377  326  413  444  440
   18940  526  331  481  303  465  492  336  525  348  446
   18960  570  416  545  216  440  425  443  473  422  434
   18980  425  472  609  333  463  386  483  492  372  460
   19000  346  570  463  405  456  499  437  465  424  477
   19020  383  540  320  379  524  479  437  481  535  379
   19040  571  491  359  331  401  387  342  539  460  451
   19060  485  486  451  406  459  365  334  426  430  507
   19080  517  445  384  345  389  430  339  402  396  522
   19100  423  394  383  366  470  467  405  585  351  413
   19120  370  423  356  362  378  482  359  620  580  462
   19140  507  419  278  412  341  540  344  595  496  510
   19160  343  371  287  423  417  485  430  645  414  426
   19180  415  389  321  572  456  428  335  466  385  397
   19200  386  403  434  457  463  435  344  511  392  373
   19220  334  609  509  508  469  445  382  559  363  309
   19240  376  501  479  455  326  465  370  455  393  357
   19260  389  422  491  343  384  397  327  417  426  387
   19280  325  413  484  450  356  484  409  457  448  337
   19300  296  339  481  491  430  397  361  437  437  282
   19320  408  338  365  480  539  414  454  429  422  335
   19340  373  353  354  356  496  317  437  408  390  321
   19360  234  338  299  403  352  336  375  354  291  322
   19380  308  257  402  338  387  383  405  418  355  424
   19400  404  435  446  327  319  486  364  445  318  381
   19420  304  394  521  328  326  502  339  471  246  373
   19440  350  376  538  321  410  385  281  456  264  339
   19460  324  405  448  267  288  361  327  498  346  355
   19480  334  418  516  309  371  365  417  369  339  336
   19500  330  391  443  400  358  478  370  439  309  323
   19520  337  359  482  339  442  371  318  377  451  306
   19540  427  417  493  382  448  334  378  370  445  404
   19560  358  427  525  338  391  372  508  301  379  469
   19580  394  359  427  380  408  408  494  297  375  395
   19600  433  430  501  394  265  407  537  311  356  490
   19620  333  290  451  303  321  430  541  411  277  416
   19640  264  274  487  494  308  452  398  461  345  300
   19660  353  356  479  392  350  462  399  426  331  352
   19680  510  373  525  386  281  353  415  412  370  383
   19700  436  315  490  498  246  343  364  502  327  366
   19720  445  308  393  552  404  465  327  518  289  393
   19740  470  287  472  526  450  393  381  412  289  327
   19760  482  361  315  439  396  452  373  422  415  299
   19780  389  405  347  353  507  480  353  429  441  321
   19800  328  545  349  456  384  407  448  456  470  374
   19820  269  495  283  421  266  410  469  388  364  373
   19840  256  370  334  395  325  311  407  417  296  391
   19860  358  436  354  405  321  279  348  420  371  294
   19880  383  380  480  402  337  333  355  377  416  310
   19900  477  454  428  478  361  255  343  434  243  262
   19920  433  561  506  477  326  437  290  401  282  319
   19940  447  490  476  401  245  461  271  418  341  332
   19960  354  428  441  315  313  482  345  512  350  345
   19980  313  431  353  379  322  410  317  484  431  304
   20000  361  352  269  350  391  425  407  428  401  332
