      20     0.000099895     0.000099373     0.999600000
      40     0.000198821     0.000196832     0.990320000
      60     0.000297865     0.000293561     0.980630000
      80     0.000391081     0.000383673     0.974300000
     100     0.000487475     0.000476356     0.952640000
     120     0.000578237     0.000562784     0.944210000
     140     0.000672252     0.000652043     0.962620000
     160     0.000765621     0.000740546     0.941860000
     180     0.000852837     0.000822138     0.939060000
     200     0.000937901     0.000901168     0.944620000
     220     0.001029192     0.000985744     0.929150000
     240     0.001125136     0.001074531     0.934200000
     260     0.001216828     0.001158462     0.930150000
     280     0.001299562     0.001233963     0.922390000
     300     0.001385880     0.001313093     0.910970000
     320     0.001472404     0.001391334     0.906660000
     340     0.001563318     0.001474001     0.885830000
     360     0.001657490     0.001559096     0.891430000
     380     0.001745993     0.001638135     0.898790000
     400     0.001824371     0.001708774     0.894140000
     420     0.001908640     0.001783772     0.881840000
     440     0.001989522     0.001855399     0.879480000
     460     0.002059701     0.001918065     0.865560000
     480     0.002148537     0.001997133     0.874620000
     500     0.002222910     0.002064412     0.867090000
     520     0.002293311     0.002127482     0.865180000
     540     0.002367047     0.002192363     0.859950000
     560     0.002442961     0.002259125     0.855340000
     580     0.002527963     0.002331634     0.837580000
     600     0.002609037     0.002400775     0.833260000
     620     0.002693870     0.002474086     0.835310000
     640     0.002761363     0.002532388     0.834090000
     660     0.002828097     0.002591202     0.817950000
     680     0.002910158     0.002663651     0.818440000
     700     0.002974926     0.002721097     0.816290000
     720     0.003059541     0.002794972     0.818770000
     740     0.003125858     0.002849445     0.796620000
     760     0.003203859     0.002915015     0.801830000
     780     0.003275675     0.002976689     0.811950000
     800     0.003337720     0.003029958     0.798590000
     820     0.003407977     0.003089046     0.799030000
     840     0.003481784     0.003153120     0.788970000
     860     0.003556538     0.003216128     0.773640000
     880     0.003617407     0.003268353     0.780420000
     900     0.003686203     0.003330130     0.773950000
     920     0.003756741     0.003389694     0.780600000
     940     0.003825457     0.003448057     0.782050000
     960     0.003893665     0.003506097     0.774660000
     980     0.003949933     0.003553220     0.768430000
    1000     0.004024182     0.003615397     0.773970000
    1020     0.004115667     0.003691802     0.762610000
    1040     0.004174585     0.003741851     0.767120000
    1060     0.004240962     0.003793109     0.748150000
    1080     0.004298546     0.003842107     0.756040000
    1100     0.004347882     0.003883862     0.743040000
    1120     0.004405211     0.003928597     0.739150000
    1140     0.004465788     0.003976672     0.736680000
    1160     0.004518234     0.004018087     0.720430000
    1180     0.004581859     0.004067086     0.715440000
    1200     0.004643747     0.004119212     0.743560000
    1220     0.004694384     0.004161253     0.719220000
    1240     0.004757251     0.004212209     0.697480000
    1260     0.004791292     0.004241704     0.705780000
    1280     0.004853325     0.004291858     0.716130000
    1300     0.004911554     0.004337901     0.707800000
    1320     0.004966876     0.004382445     0.689100000
    1340     0.005018353     0.004423331     0.683890000
    1360     0.005067982     0.004463119     0.680660000
    1380     0.005127933     0.004512738     0.680970000
    1400     0.005180479     0.004551731     0.676780000
    1420     0.005239693     0.004598398     0.682410000
    1440     0.005290704     0.004636870     0.681120000
    1460     0.005332122     0.004668709     0.676190000
    1480     0.005361372     0.004693602     0.672050000
    1500     0.005415137     0.004735027     0.667550000
    1520     0.005453618     0.004764606     0.668100000
    1540     0.005489922     0.004790575     0.663250000
    1560     0.005544614     0.004833620     0.649980000
    1580     0.005583321     0.004865299     0.649480000
    1600     0.005633675     0.004903953     0.651870000
    1620     0.005669404     0.004931464     0.661690000
    1640     0.005703567     0.004956543     0.648330000
    1660     0.005740028     0.004983695     0.661580000
    1680     0.005776944     0.005008585     0.648200000
    1700     0.005821498     0.005041664     0.651300000
    1720     0.005887083     0.005094137     0.648910000
    1740     0.005946399     0.005140139     0.645840000
    1760     0.005990624     0.005176467     0.645280000
    1780     0.006042008     0.005216184     0.635010000
    1800     0.006106513     0.005264839     0.636610000
    1820     0.006156962     0.005301591     0.619370000
    1840     0.006201603     0.005338767     0.630330000
    1860     0.006244717     0.005376451     0.623470000
    1880     0.006282581     0.005406790     0.621200000
    1900     0.006333584     0.005445895     0.622480000
    1920     0.006397822     0.005492245     0.628240000
    1940     0.006419107     0.005508027     0.601600000
    1960     0.006455194     0.005534620     0.608640000
    1980     0.006481256     0.005554827     0.600980000
    2000     0.006517917     0.005580305     0.600890000
    2020     0.006562820     0.005612400     0.602680000
    2040     0.006610065     0.005650958     0.603770000
    2060     0.006645364     0.005673162     0.581280000
    2080     0.006684930     0.005701226     0.576880000
    2100     0.006731257     0.005734477     0.582880000
    2120     0.006779206     0.005773994     0.577530000
    2140     0.006837331     0.005815487     0.579130000
    2160     0.006891221     0.005853572     0.579250000
    2180     0.006953347     0.005905946     0.580470000
    2200     0.006981434     0.005924830     0.580360000
    2220     0.007034687     0.005960229     0.573610000
    2240     0.007065952     0.005983711     0.564870000
    2260     0.007107631     0.006017976     0.562640000
    2280     0.007156071     0.006046700     0.555070000
    2300     0.007208091     0.006083469     0.557060000
    2320     0.007247492     0.006104327     0.549700000
    2340     0.007287250     0.006125626     0.552130000
    2360     0.007340415     0.006160321     0.558320000
    2380     0.007376466     0.006181059     0.555860000
    2400     0.007424033     0.006219312     0.541700000
    2420     0.007434220     0.006221859     0.549860000
    2440     0.007463067     0.006238094     0.545570000
    2460     0.007497119     0.006262161     0.522700000
    2480     0.007539603     0.006294624     0.539230000
    2500     0.007561826     0.006314447     0.538560000
    2520     0.007596809     0.006340831     0.527620000
    2540     0.007634870     0.006371383     0.545930000
    2560     0.007667426     0.006392655     0.546690000
    2580     0.007694070     0.006410921     0.536090000
    2600     0.007721943     0.006435656     0.535850000
    2620     0.007744301     0.006450216     0.523460000
    2640     0.007766754     0.006461426     0.532260000
    2660     0.007786084     0.006478271     0.528250000
    2680     0.007810293     0.006492159     0.517750000
    2700     0.007864223     0.006524437     0.513640000
    2720     0.007896602     0.006545130     0.508860000
    2740     0.007932330     0.006569965     0.522310000
    2760     0.007951173     0.006581656     0.519830000
    2780     0.007962709     0.006588085     0.523840000
    2800     0.008011247     0.006627383     0.530040000
    2820     0.008042449     0.006650649     0.512400000
    2840     0.008072485     0.006672882     0.514560000
    2860     0.008104412     0.006695915     0.504590000
    2880     0.008140746     0.006721488     0.498760000
    2900     0.008173223     0.006737560     0.502160000
    2920     0.008216284     0.006767628     0.493160000
    2940     0.008238818     0.006782679     0.487970000
    2960     0.008267017     0.006792806     0.484650000
    2980     0.008269633     0.006790065     0.485530000
    3000     0.008298550     0.006802405     0.489520000
    3020     0.008340958     0.006823894     0.484360000
    3040     0.008370343     0.006845332     0.491600000
    3060     0.008373246     0.006845526     0.496020000
    3080     0.008402795     0.006865208     0.488150000
    3100     0.008414196     0.006874159     0.484920000
    3120     0.008440807     0.006890264     0.499040000
    3140     0.008465023     0.006912619     0.486280000
    3160     0.008464354     0.006906523     0.468290000
    3180     0.008497803     0.006920682     0.472100000
    3200     0.008535158     0.006934155     0.474200000
    3220     0.008545134     0.006945632     0.480980000
    3240     0.008579644     0.006962079     0.471100000
    3260     0.008615986     0.006983679     0.476030000
    3280     0.008646859     0.007005540     0.466860000
    3300     0.008663825     0.007018125     0.476430000
    3320     0.008701197     0.007049136     0.480500000
    3340     0.008701547     0.007048805     0.464270000
    3360     0.008708210     0.007048354     0.466750000
    3380     0.008710757     0.007059949     0.480440000
    3400     0.008746472     0.007076664     0.468570000
    3420     0.008780074     0.007097711     0.463700000
    3440     0.008812437     0.007116064     0.451970000
    3460     0.008821131     0.007111979     0.459230000
    3480     0.008856884     0.007138437     0.446690000
    3500     0.008888534     0.007158059     0.449980000
    3520     0.008922088     0.007175584     0.456020000
    3540     0.008972254     0.007204159     0.457990000
    3560     0.008972912     0.007206911     0.458320000
    3580     0.009000560     0.007227731     0.451670000
    3600     0.009073110     0.007273522     0.448270000
    3620     0.009111655     0.007298574     0.450760000
    3640     0.009115986     0.007303811     0.451660000
    3660     0.009135384     0.007319188     0.447660000
    3680     0.009141458     0.007318667     0.450950000
    3700     0.009197710     0.007358310     0.431630000
    3720     0.009216743     0.007370602     0.435110000
    3740     0.009240852     0.007377623     0.434580000
    3760     0.009249255     0.007383105     0.430300000
    3780     0.009305567     0.007430337     0.439950000
    3800     0.009292986     0.007412650     0.439740000
    3820     0.009318318     0.007428182     0.429490000
    3840     0.009342578     0.007445879     0.437480000
    3860     0.009357573     0.007449625     0.428940000
    3880     0.009374130     0.007463669     0.425040000
    3900     0.009362935     0.007450011     0.422010000
    3920     0.009385907     0.007464636     0.435290000
    3940     0.009413923     0.007482119     0.433520000
    3960     0.009429038     0.007501172     0.425790000
    3980     0.009446662     0.007513460     0.425380000
    4000     0.009488954     0.007542198     0.417770000
    4020     0.009467716     0.007527961     0.415720000
    4040     0.009486777     0.007528802     0.420230000
    4060     0.009488148     0.007524800     0.427480000
    4080     0.009511109     0.007523535     0.424920000
    4100     0.009497230     0.007515985     0.426090000
    4120     0.009493970     0.007513775     0.407180000
    4140     0.009499979     0.007495747     0.404750000
    4160     0.009512382     0.007491493     0.419590000
    4180     0.009501655     0.007481754     0.418110000
    4200     0.009507422     0.007481115     0.423640000
    4220     0.009520218     0.007492568     0.416870000
    4240     0.009507838     0.007480593     0.410920000
    4260     0.009522020     0.007486605     0.414200000
    4280     0.009525679     0.007472801     0.406020000
    4300     0.009556657     0.007483851     0.411880000
    4320     0.009569425     0.007502675     0.421960000
    4340     0.009572694     0.007499993     0.419430000
    4360     0.009603629     0.007511451     0.413300000
    4380     0.009614340     0.007515953     0.408320000
    4400     0.009623344     0.007514134     0.406900000
    4420     0.009646413     0.007532726     0.405730000
    4440     0.009677521     0.007552553     0.402300000
    4460     0.009661341     0.007545492     0.398470000
    4480     0.009689340     0.007552621     0.398620000
    4500     0.009686003     0.007549809     0.407020000
    4520     0.009697936     0.007559424     0.411100000
    4540     0.009705066     0.007564022     0.409000000
    4560     0.009732790     0.007587044     0.403930000
    4580     0.009761387     0.007601231     0.406880000
    4600     0.009777107     0.007616429     0.411560000
    4620     0.009790256     0.007626830     0.405260000
    4640     0.009805790     0.007634618     0.396930000
    4660     0.009816244     0.007637633     0.406190000
    4680     0.009856294     0.007673022     0.393790000
    4700     0.009891169     0.007687848     0.394560000
    4720     0.009874743     0.007675667     0.400220000
    4740     0.009887385     0.007682559     0.395140000
    4760     0.009886567     0.007691524     0.390750000
    4780     0.009901786     0.007707320     0.395420000
    4800     0.009889663     0.007690687     0.394090000
    4820     0.009926940     0.007698395     0.391840000
    4840     0.009970190     0.007711358     0.388300000
    4860     0.009972745     0.007718157     0.389970000
    4880     0.009980212     0.007727104     0.386130000
    4900     0.010015028     0.007742157     0.399820000
    4920     0.010013897     0.007751292     0.386240000
    4940     0.010013278     0.007748888     0.382000000
    4960     0.010028184     0.007746895     0.387950000
    4980     0.010061598     0.007772386     0.397990000
    5000     0.010094987     0.007803127     0.402640000
    5020     0.010098299     0.007797133     0.389740000
    5040     0.010129525     0.007822904     0.382010000
    5060     0.010140349     0.007817847     0.382790000
    5080     0.010144489     0.007806900     0.375820000
    5100     0.010159033     0.007811246     0.380100000
    5120     0.010182956     0.007808918     0.381250000
    5140     0.010196195     0.007815805     0.373500000
    5160     0.010212354     0.007822433     0.375870000
    5180     0.010195280     0.007803412     0.372890000
    5200     0.010187882     0.007804400     0.373040000
    5220     0.010190444     0.007796046     0.382510000
    5240     0.010183165     0.007780295     0.380760000
    5260     0.010203325     0.007800336     0.380180000
    5280     0.010199191     0.007805144     0.361460000
    5300     0.010215980     0.007796454     0.352010000
    5320     0.010224487     0.007808554     0.381750000
    5340     0.010251415     0.007830099     0.373610000
    5360     0.010289790     0.007852574     0.371680000
    5380     0.010287923     0.007854939     0.371920000
    5400     0.010278072     0.007841487     0.369710000
    5420     0.010313654     0.007849755     0.369240000
    5440     0.010341574     0.007866325     0.366120000
    5460     0.010331166     0.007868810     0.379630000
    5480     0.010338820     0.007868077     0.372760000
    5500     0.010344208     0.007880407     0.364530000
    5520     0.010352199     0.007869749     0.360610000
    5540     0.010357266     0.007868820     0.363100000
    5560     0.010354679     0.007857070     0.366390000
    5580     0.010361545     0.007863915     0.369280000
    5600     0.010388627     0.007877965     0.366050000
    5620     0.010377204     0.007865168     0.352810000
    5640     0.010389002     0.007878355     0.354060000
    5660     0.010408913     0.007881686     0.354120000
    5680     0.010428563     0.007889139     0.366550000
    5700     0.010444949     0.007894981     0.374110000
    5720     0.010442578     0.007890798     0.369570000
    5740     0.010443115     0.007904190     0.353530000
    5760     0.010449511     0.007901395     0.363350000
    5780     0.010452492     0.007899953     0.362190000
    5800     0.010480736     0.007919610     0.366490000
    5820     0.010478383     0.007919999     0.358810000
    5840     0.010525868     0.007948690     0.355070000
    5860     0.010531604     0.007945293     0.354530000
    5880     0.010536087     0.007950320     0.354240000
    5900     0.010548712     0.007971043     0.354250000
    5920     0.010593662     0.007998013     0.347640000
    5940     0.010595534     0.008002142     0.340600000
    5960     0.010608118     0.007985889     0.338880000
    5980     0.010611919     0.007977403     0.340950000
    6000     0.010628153     0.007991982     0.351760000
    6020     0.010656333     0.008014535     0.365530000
    6040     0.010666529     0.008028035     0.355770000
    6060     0.010682668     0.008029875     0.347090000
    6080     0.010672940     0.008028077     0.344490000
    6100     0.010674021     0.008031566     0.347970000
    6120     0.010718407     0.008061993     0.352120000
    6140     0.010701886     0.008058026     0.347200000
    6160     0.010712255     0.008059758     0.353810000
    6180     0.010726353     0.008068346     0.347970000
    6200     0.010760218     0.008092045     0.343710000
    6220     0.010779925     0.008082427     0.337490000
    6240     0.010766642     0.008077449     0.339190000
    6260     0.010784170     0.008090386     0.341550000
    6280     0.010789013     0.008082596     0.342160000
    6300     0.010736931     0.008045302     0.337990000
    6320     0.010738104     0.008047788     0.338500000
    6340     0.010738888     0.008040529     0.334490000
    6360     0.010726770     0.008022360     0.354230000
    6380     0.010732056     0.008035257     0.354250000
    6400     0.010755594     0.008040875     0.348520000
    6420     0.010769878     0.008048173     0.346960000
    6440     0.010791865     0.008052392     0.358750000
    6460     0.010828714     0.008067662     0.344520000
    6480     0.010836075     0.008077951     0.338960000
    6500     0.010847544     0.008096063     0.337360000
    6520     0.010851987     0.008086518     0.338690000
    6540     0.010914224     0.008107002     0.326080000
    6560     0.010946836     0.008115552     0.333830000
    6580     0.010939648     0.008119897     0.335760000
    6600     0.010948795     0.008112778     0.338920000
    6620     0.010992858     0.008135236     0.333720000
    6640     0.010994186     0.008142189     0.321310000
    6660     0.011012282     0.008129397     0.321850000
    6680     0.011049007     0.008140979     0.320690000
    6700     0.011038199     0.008128317     0.326680000
    6720     0.011031192     0.008130242     0.334820000
    6740     0.011036496     0.008145018     0.335660000
    6760     0.011063973     0.008169211     0.322530000
    6780     0.011060273     0.008170065     0.328650000
    6800     0.011056829     0.008174285     0.318830000
    6820     0.011090215     0.008166264     0.312280000
    6840     0.011122166     0.008161941     0.314570000
    6860     0.011165465     0.008172792     0.310550000
    6880     0.011204192     0.008190858     0.316530000
    6900     0.011235506     0.008215588     0.322240000
    6920     0.011231509     0.008196277     0.318390000
    6940     0.011247992     0.008211246     0.324920000
    6960     0.011280943     0.008235704     0.324870000
    6980     0.011321942     0.008254740     0.321170000
    7000     0.011343129     0.008270989     0.316880000
    7020     0.011336952     0.008276733     0.313140000
    7040     0.011348056     0.008267870     0.312900000
    7060     0.011338322     0.008267346     0.302320000
    7080     0.011363526     0.008255076     0.296170000
    7100     0.011408994     0.008257259     0.297460000
    7120     0.011433056     0.008254094     0.302360000
    7140     0.011436430     0.008250270     0.298140000
    7160     0.011427296     0.008236069     0.291240000
    7180     0.011443533     0.008240898     0.292370000
    7200     0.011465078     0.008231442     0.283640000
    7220     0.011438584     0.008218623     0.290080000
    7240     0.011415619     0.008175943     0.297100000
    7260     0.011407110     0.008177899     0.297670000
    7280     0.011405792     0.008184179     0.302300000
    7300     0.011408094     0.008179413     0.291800000
    7320     0.011415899     0.008190526     0.298110000
    7340     0.011443844     0.008191895     0.290940000
    7360     0.011447863     0.008203298     0.288590000
    7380     0.011459424     0.008191944     0.295590000
    7400     0.011463460     0.008179990     0.286510000
    7420     0.011496789     0.008206073     0.296450000
    7440     0.011510432     0.008246094     0.301620000
    7460     0.011494356     0.008229528     0.290400000
    7480     0.011507565     0.008242547     0.299600000
    7500     0.011556193     0.008266869     0.292050000
    7520     0.011525435     0.008242618     0.288990000
    7540     0.011537331     0.008225160     0.280710000
    7560     0.011545381     0.008217903     0.283460000
    7580     0.011559001     0.008235670     0.285300000
    7600     0.011590814     0.008254383     0.289730000
    7620     0.011563685     0.008206459     0.274740000
    7640     0.011580760     0.008200125     0.283730000
    7660     0.011605442     0.008215157     0.292290000
    7680     0.011612530     0.008209100     0.292550000
    7700     0.011631404     0.008243665     0.283990000
    7720     0.011619312     0.008250591     0.288300000
    7740     0.011630900     0.008266570     0.285350000
    7760     0.011693034     0.008284060     0.291420000
    7780     0.011713267     0.008308413     0.295970000
    7800     0.011731939     0.008309720     0.284810000
    7820     0.011740306     0.008313126     0.277720000
    7840     0.011752110     0.008315596     0.276070000
    7860     0.011700406     0.008256547     0.276650000
    7880     0.011691250     0.008237438     0.284790000
    7900     0.011702448     0.008245323     0.293320000
    7920     0.011700973     0.008255086     0.291470000
    7940     0.011709483     0.008257071     0.290690000
    7960     0.011713122     0.008253094     0.291910000
    7980     0.011756703     0.008279770     0.277580000
    8000     0.011755656     0.008275618     0.281650000
    8020     0.011786201     0.008260496     0.277710000
    8040     0.011784010     0.008255512     0.283800000
    8060     0.011795655     0.008259512     0.279030000
    8080     0.011749827     0.008232006     0.277210000
    8100     0.011763469     0.008228180     0.271920000
    8120     0.011804343     0.008232756     0.271100000
    8140     0.011797862     0.008224129     0.279080000
    8160     0.011791480     0.008220168     0.267560000
    8180     0.011817810     0.008221853     0.278260000
    8200     0.011833306     0.008240354     0.265490000
    8220     0.011833671     0.008221822     0.262910000
    8240     0.011819810     0.008203316     0.268090000
    8260     0.011840750     0.008205058     0.260050000
    8280     0.011815506     0.008194740     0.260390000
    8300     0.011827328     0.008216665     0.260920000
    8320     0.011838304     0.008185203     0.262280000
    8340     0.011898317     0.008198298     0.265350000
    8360     0.011880125     0.008203638     0.268270000
    8380     0.011862856     0.008198482     0.281640000
    8400     0.011845687     0.008208045     0.289320000
    8420     0.011857579     0.008240973     0.284500000
    8440     0.011874623     0.008273876     0.288500000
    8460     0.011898047     0.008298893     0.275010000
    8480     0.011919102     0.008293837     0.271130000
    8500     0.011956017     0.008319251     0.275310000
    8520     0.011984116     0.008348414     0.272040000
    8540     0.011999754     0.008345190     0.268030000
    8560     0.011975428     0.008317199     0.257010000
    8580     0.011993033     0.008317427     0.258820000
    8600     0.011974632     0.008296666     0.258470000
    8620     0.011995269     0.008280814     0.260180000
    8640     0.011996672     0.008242824     0.249920000
    8660     0.012043786     0.008245981     0.243830000
    8680     0.012053187     0.008227868     0.253270000
    8700     0.012034967     0.008230626     0.256650000
    8720     0.012047430     0.008240638     0.261810000
    8740     0.012046389     0.008248542     0.268090000
    8760     0.012092220     0.008258036     0.258470000
    8780     0.012098900     0.008236017     0.249550000
    8800     0.012058401     0.008219075     0.254950000
    8820     0.012052403     0.008213265     0.251290000
    8840     0.012065273     0.008197789     0.244290000
    8860     0.012027732     0.008175771     0.255170000
    8880     0.012047338     0.008209656     0.255280000
    8900     0.012042224     0.008207391     0.255140000
    8920     0.012032096     0.008188558     0.258470000
    8940     0.012038718     0.008199170     0.265800000
    8960     0.012055521     0.008226761     0.265970000
    8980     0.012067004     0.008234284     0.253750000
    9000     0.012042213     0.008208140     0.260770000
    9020     0.012040049     0.008197219     0.262580000
    9040     0.012060531     0.008192035     0.259810000
    9060     0.012091584     0.008208388     0.263980000
    9080     0.012062750     0.008209605     0.265440000
    9100     0.012016900     0.008201740     0.264940000
    9120     0.012018710     0.008207254     0.271360000
    9140     0.011997376     0.008205023     0.258590000
    9160     0.011991648     0.008182975     0.248890000
    9180     0.012000466     0.008190182     0.258030000
    9200     0.011975633     0.008163637     0.260430000
    9220     0.011994104     0.008173029     0.272820000
    9240     0.011994022     0.008182768     0.258590000
    9260     0.012013660     0.008161282     0.257400000
    9280     0.012019149     0.008171541     0.260680000
    9300     0.011979994     0.008148523     0.270340000
    9320     0.011954626     0.008154913     0.265570000
    9340     0.011973047     0.008182983     0.267350000
    9360     0.011964471     0.008188312     0.268680000
    9380     0.011964983     0.008219232     0.274820000
    9400     0.011963282     0.008211816     0.271470000
    9420     0.011944263     0.008208101     0.265790000
    9440     0.011945224     0.008238198     0.266600000
    9460     0.011922183     0.008223673     0.268600000
    9480     0.011915175     0.008221643     0.279540000
    9500     0.011907815     0.008201870     0.273400000
    9520     0.011911803     0.008199629     0.267560000
    9540     0.011924471     0.008179087     0.268290000
    9560     0.011928997     0.008188064     0.269570000
    9580     0.011884002     0.008150335     0.258360000
    9600     0.011846488     0.008164769     0.263320000
    9620     0.011844287     0.008166790     0.266360000
    9640     0.011845558     0.008154476     0.261420000
    9660     0.011807472     0.008143623     0.274580000
    9680     0.011821656     0.008159416     0.282840000
    9700     0.011858004     0.008186901     0.276770000
    9720     0.011842542     0.008184894     0.265660000
    9740     0.011832619     0.008164384     0.265920000
    9760     0.011794678     0.008131205     0.273380000
    9780     0.011806644     0.008166426     0.269510000
    9800     0.011818253     0.008178073     0.264470000
    9820     0.011783588     0.008153659     0.260250000
    9840     0.011834555     0.008178947     0.267610000
    9860     0.011838740     0.008171996     0.265550000
    9880     0.011834629     0.008157489     0.263180000
    9900     0.011865958     0.008168968     0.264880000
    9920     0.011861290     0.008164088     0.259760000
    9940     0.011849575     0.008149068     0.263100000
    9960     0.011852303     0.008154601     0.275290000
    9980     0.011852691     0.008176650     0.282120000
   10000     0.011875352     0.008204020     0.270320000
   10020     0.011909363     0.008193638     0.268530000
   10040     0.011946700     0.008219282     0.265690000
   10060     0.011958776     0.008208110     0.267420000
   10080     0.011970481     0.008203340     0.256290000
   10100     0.011992758     0.008211226     0.261080000
   10120     0.011982023     0.008219635     0.272330000
   10140     0.012026650     0.008241629     0.260470000
   10160     0.012031757     0.008236143     0.258960000
   10180     0.012063345     0.008223378     0.261690000
   10200     0.012110290     0.008243888     0.259220000
   10220     0.012115680     0.008247609     0.252550000
   10240     0.012114721     0.008265693     0.262660000
   10260     0.012118257     0.008268487     0.253440000
   10280     0.012121870     0.008274072     0.250930000
   10300     0.012099330     0.008255587     0.255830000
   10320     0.012033901     0.008211268     0.258970000
   10340     0.012029115     0.008217470     0.257890000
   10360     0.012056969     0.008226370     0.269600000
   10380     0.012084308     0.008242146     0.262540000
   10400     0.012092059     0.008289082     0.267370000
   10420     0.012089104     0.008287231     0.260700000
   10440     0.012086191     0.008260882     0.259740000
   10460     0.012054573     0.008230871     0.256850000
   10480     0.012068446     0.008231383     0.256340000
   10500     0.012065030     0.008244885     0.263480000
   10520     0.012058990     0.008266410     0.258160000
   10540     0.012098709     0.008246321     0.249660000
   10560     0.012097342     0.008266103     0.252420000
   10580     0.012112329     0.008266743     0.254230000
   10600     0.012126853     0.008257564     0.242640000
   10620     0.012099654     0.008243474     0.247350000
   10640     0.012114895     0.008231305     0.252780000
   10660     0.012130576     0.008205630     0.248780000
   10680     0.012117864     0.008197902     0.262550000
   10700     0.012131191     0.008229006     0.266560000
   10720     0.012152702     0.008258321     0.266380000
   10740     0.012154665     0.008264080     0.261860000
   10760     0.012187157     0.008296907     0.263270000
   10780     0.012148596     0.008251185     0.258370000
   10800     0.012136807     0.008267925     0.261990000
   10820     0.012148984     0.008252551     0.259570000
   10840     0.012154421     0.008288113     0.259810000
   10860     0.012146671     0.008247522     0.244810000
   10880     0.012157064     0.008220363     0.253590000
   10900     0.012161008     0.008220347     0.256380000
   10920     0.012165322     0.008207577     0.252710000
   10940     0.012187375     0.008249191     0.254840000
   10960     0.012212735     0.008256206     0.238130000
   10980     0.012210532     0.008208397     0.247080000
   11000     0.012194241     0.008223472     0.254700000
   11020     0.012190433     0.008223650     0.257560000
   11040     0.012177713     0.008226376     0.252660000
   11060     0.012137728     0.008189388     0.247990000
   11080     0.012101918     0.008158218     0.251730000
   11100     0.012106045     0.008168924     0.253510000
   11120     0.012118431     0.008178474     0.245740000
   11140     0.012107065     0.008157845     0.254590000
   11160     0.012148091     0.008194266     0.260130000
   11180     0.012127641     0.008189548     0.263640000
   11200     0.012124031     0.008207370     0.266990000
   11220     0.012129322     0.008210285     0.256220000
   11240     0.012106330     0.008190327     0.267130000
   11260     0.012061117     0.008175987     0.263830000
   11280     0.012098071     0.008206437     0.263600000
   11300     0.012114600     0.008210213     0.257080000
   11320     0.012116496     0.008170259     0.257680000
   11340     0.012099713     0.008194354     0.255900000
   11360     0.012057680     0.008185781     0.247280000
   11380     0.012045362     0.008156091     0.247480000
   11400     0.012036066     0.008123757     0.247500000
   11420     0.012051728     0.008112956     0.246480000
   11440     0.012059882     0.008128108     0.231120000
   11460     0.012064432     0.008095510     0.240650000
   11480     0.012083512     0.008110830     0.252690000
   11500     0.012116500     0.008123537     0.255430000
   11520     0.012076718     0.008086132     0.254170000
   11540     0.012072546     0.008103048     0.257910000
   11560     0.012070646     0.008106654     0.265090000
   11580     0.012095735     0.008122329     0.262730000
   11600     0.012046292     0.008090656     0.257710000
   11620     0.012055372     0.008106935     0.251890000
   11640     0.012080367     0.008119220     0.255930000
   11660     0.012049709     0.008140266     0.257540000
   11680     0.011997566     0.008115996     0.257660000
   11700     0.011998821     0.008107673     0.259900000
   11720     0.012038653     0.008166571     0.274720000
   11740     0.012019442     0.008190327     0.282020000
   11760     0.012049589     0.008217225     0.272800000
   11780     0.012043824     0.008227082     0.262930000
   11800     0.012070178     0.008249323     0.263690000
   11820     0.012067277     0.008242105     0.261450000
   11840     0.012072950     0.008261721     0.266290000
   11860     0.012043966     0.008271096     0.261550000
   11880     0.012016224     0.008255516     0.255780000
   11900     0.012008159     0.008227332     0.254610000
   11920     0.012013576     0.008233276     0.259880000
   11940     0.012013172     0.008207033     0.253760000
   11960     0.012043334     0.008228992     0.253090000
   11980     0.012060102     0.008253228     0.253750000
   12000     0.012045547     0.008233639     0.259580000
   12020     0.012080715     0.008245080     0.261970000
   12040     0.012060258     0.008221112     0.255550000
   12060     0.012040655     0.008188131     0.251150000
   12080     0.012036185     0.008174177     0.254840000
   12100     0.012022923     0.008152143     0.244840000
   12120     0.011980335     0.008123546     0.244970000
   12140     0.011995578     0.008120329     0.251070000
   12160     0.011973312     0.008099131     0.258060000
   12180     0.011950073     0.008076461     0.257830000
   12200     0.011956284     0.008085465     0.258080000
   12220     0.011956154     0.008066289     0.257780000
   12240     0.011921299     0.008073209     0.257070000
   12260     0.011902328     0.008076451     0.263550000
   12280     0.011934376     0.008088979     0.272980000
   12300     0.011951344     0.008141187     0.275280000
   12320     0.011946166     0.008157936     0.279590000
   12340     0.011920678     0.008173090     0.273020000
   12360     0.011921661     0.008152690     0.264510000
   12380     0.011973753     0.008152424     0.258410000
   12400     0.011991435     0.008171562     0.263380000
   12420     0.011956236     0.008154299     0.257050000
   12440     0.011974355     0.008185296     0.255490000
   12460     0.011967938     0.008188651     0.264270000
   12480     0.011981379     0.008191816     0.261260000
   12500     0.012009859     0.008195715     0.255290000
   12520     0.012004583     0.008185533     0.263800000
   12540     0.012020938     0.008187606     0.260900000
   12560     0.012068838     0.008201607     0.258440000
   12580     0.012113625     0.008180136     0.252920000
   12600     0.012123195     0.008186835     0.255300000
   12620     0.012133603     0.008217988     0.260210000
   12640     0.012156618     0.008209420     0.252020000
   12660     0.012127426     0.008182296     0.253580000
   12680     0.012121189     0.008179550     0.254650000
   12700     0.012112747     0.008197747     0.260120000
   12720     0.012114803     0.008186096     0.254560000
   12740     0.012131465     0.008184194     0.256080000
   12760     0.012146654     0.008196509     0.257840000
   12780     0.012160431     0.008218516     0.256890000
   12800     0.012109887     0.008182755     0.253800000
   12820     0.012088506     0.008183687     0.254710000
   12840     0.012105632     0.008212346     0.267160000
   12860     0.012114366     0.008226794     0.268750000
   12880     0.012106006     0.008237191     0.269170000
   12900     0.012077635     0.008249617     0.260160000
   12920     0.012086641     0.008224018     0.251230000
   12940     0.012113271     0.008212466     0.253860000
   12960     0.012121924     0.008183982     0.249200000
   12980     0.012116072     0.008196917     0.252290000
   13000     0.012089326     0.008157803     0.250770000
   13020     0.012115750     0.008173886     0.258710000
   13040     0.012114260     0.008179191     0.267040000
   13060     0.012150971     0.008221103     0.254680000
   13080     0.012152647     0.008240526     0.258180000
   13100     0.012164914     0.008249057     0.259070000
   13120     0.012156417     0.008261676     0.252730000
   13140     0.012129228     0.008236705     0.259580000
   13160     0.012134559     0.008244193     0.246080000
   13180     0.012107411     0.008230386     0.251520000
   13200     0.012076260     0.008184291     0.254700000
   13220     0.012038392     0.008168617     0.260000000
   13240     0.012013394     0.008154599     0.263080000
   13260     0.012030549     0.008173521     0.264330000
   13280     0.012032601     0.008208868     0.268670000
   13300     0.012066690     0.008228504     0.266200000
   13320     0.012056179     0.008222805     0.266880000
   13340     0.012103201     0.008239526     0.260850000
   13360     0.012101522     0.008214003     0.254000000
   13380     0.012081621     0.008200835     0.247400000
   13400     0.012107827     0.008221469     0.250190000
   13420     0.012118014     0.008208496     0.247530000
   13440     0.012124679     0.008221081     0.248010000
   13460     0.012136619     0.008207702     0.261680000
   13480     0.012132817     0.008218284     0.259390000
   13500     0.012160171     0.008265810     0.258230000
   13520     0.012192047     0.008291309     0.263060000
   13540     0.012156871     0.008262666     0.256800000
   13560     0.012153596     0.008245870     0.252320000
   13580     0.012146239     0.008236817     0.259670000
   13600     0.012136820     0.008225723     0.264060000
   13620     0.012129284     0.008243325     0.252450000
   13640     0.012146492     0.008258554     0.261280000
   13660     0.012110453     0.008224805     0.255840000
   13680     0.012143800     0.008219532     0.255420000
   13700     0.012141123     0.008229573     0.248430000
   13720     0.012092726     0.008210479     0.256480000
   13740     0.012110129     0.008241113     0.256370000
   13760     0.012133133     0.008230993     0.263270000
   13780     0.012109121     0.008214312     0.256010000
   13800     0.012132067     0.008215219     0.250790000
   13820     0.012187802     0.008235841     0.262770000
   13840     0.012208889     0.008264689     0.269660000
   13860     0.012231780     0.008266048     0.261300000
   13880     0.012182653     0.008260916     0.251560000
   13900     0.012177108     0.008256170     0.248170000
   13920     0.012199864     0.008251764     0.250070000
   13940     0.012203668     0.008245405     0.252880000
   13960     0.012199250     0.008231976     0.247750000
   13980     0.012251005     0.008283077     0.250750000
   14000     0.012266400     0.008284073     0.245360000
   14020     0.012243731     0.008268636     0.241540000
   14040     0.012269786     0.008260778     0.242200000
   14060     0.012283663     0.008260186     0.244050000
   14080     0.012309904     0.008262755     0.248810000
   14100     0.012289147     0.008259354     0.245750000
   14120     0.012267040     0.008273200     0.248400000
   14140     0.012285984     0.008286167     0.248340000
   14160     0.012298548     0.008289665     0.243390000
   14180     0.012316517     0.008286220     0.246210000
   14200     0.012336191     0.008276275     0.248510000
   14220     0.012318729     0.008255709     0.241630000
   14240     0.012290297     0.008244458     0.249270000
   14260     0.012340442     0.008216495     0.240600000
   14280     0.012352185     0.008246296     0.245230000
   14300     0.012350025     0.008195491     0.236160000
   14320     0.012347023     0.008174172     0.240130000
   14340     0.012336546     0.008176941     0.231520000
   14360     0.012344948     0.008174081     0.235120000
   14380     0.012349745     0.008157873     0.234990000
   14400     0.012316684     0.008136942     0.242650000
   14420     0.012326446     0.008156589     0.251180000
   14440     0.012339922     0.008193985     0.260960000
   14460     0.012343800     0.008207343     0.257080000
   14480     0.012337499     0.008230983     0.261860000
   14500     0.012368668     0.008269379     0.251100000
   14520     0.012402381     0.008284372     0.244430000
   14540     0.012450674     0.008272002     0.236460000
   14560     0.012408204     0.008222796     0.240980000
   14580     0.012411730     0.008219750     0.239500000
   14600     0.012377622     0.008200045     0.242900000
   14620     0.012356352     0.008179037     0.232770000
   14640     0.012386433     0.008157726     0.226150000
   14660     0.012374544     0.008132369     0.226750000
   14680     0.012338619     0.008121706     0.233010000
   14700     0.012372290     0.008149997     0.244740000
   14720     0.012364195     0.008142570     0.238410000
   14740     0.012378386     0.008183875     0.249460000
   14760     0.012396913     0.008214422     0.252410000
   14780     0.012412977     0.008227959     0.243160000
   14800     0.012435025     0.008253837     0.247030000
   14820     0.012408674     0.008266946     0.252940000
   14840     0.012468316     0.008300085     0.245390000
   14860     0.012449614     0.008285310     0.237040000
   14880     0.012424396     0.008238620     0.231040000
   14900     0.012410758     0.008204369     0.229890000
   14920     0.012447428     0.008219265     0.236770000
   14940     0.012404235     0.008187662     0.234520000
   14960     0.012395061     0.008166574     0.232030000
   14980     0.012377816     0.008137093     0.232340000
   15000     0.012331820     0.008121835     0.240690000
   15020     0.012318230     0.008124908     0.238530000
   15040     0.012378011     0.008175154     0.242900000
   15060     0.012385219     0.008184563     0.242170000
   15080     0.012417225     0.008224053     0.245850000
   15100     0.012375714     0.008210951     0.242030000
   15120     0.012366208     0.008211289     0.237260000
   15140     0.012363260     0.008192224     0.241300000
   15160     0.012372784     0.008204717     0.246020000
   15180     0.012379216     0.008237905     0.247280000
   15200     0.012393993     0.008247101     0.250760000
   15220     0.012334818     0.008226267     0.244900000
   15240     0.012343078     0.008241904     0.244140000
   15260     0.012364207     0.008246439     0.246950000
   15280     0.012366226     0.008243610     0.233490000
   15300     0.012426013     0.008252170     0.232880000
   15320     0.012423456     0.008233916     0.230530000
   15340     0.012473294     0.008229757     0.226660000
   15360     0.012452953     0.008217949     0.233070000
   15380     0.012447713     0.008209426     0.227050000
   15400     0.012451633     0.008240523     0.235060000
   15420     0.012498259     0.008240491     0.225190000
   15440     0.012524525     0.008231817     0.227350000
   15460     0.012539146     0.008220900     0.227940000
   15480     0.012566239     0.008223592     0.232530000
   15500     0.012517713     0.008194896     0.225810000
   15520     0.012533566     0.008126966     0.215510000
   15540     0.012531912     0.008148560     0.227600000
   15560     0.012563637     0.008163539     0.234210000
   15580     0.012579970     0.008167533     0.226160000
   15600     0.012552305     0.008125290     0.219090000
   15620     0.012572428     0.008116041     0.218080000
   15640     0.012538810     0.008075374     0.215890000
   15660     0.012548643     0.008090431     0.213460000
   15680     0.012517477     0.008088963     0.218540000
   15700     0.012517926     0.008086137     0.219680000
   15720     0.012549283     0.008081044     0.233980000
   15740     0.012557691     0.008081680     0.232980000
   15760     0.012559491     0.008127754     0.243290000
   15780     0.012551877     0.008132169     0.230830000
   15800     0.012583257     0.008127864     0.228940000
   15820     0.012634751     0.008138797     0.226270000
   15840     0.012665306     0.008181883     0.229220000
   15860     0.012604961     0.008153220     0.223090000
   15880     0.012558965     0.008120687     0.216450000
   15900     0.012576137     0.008120769     0.220830000
   15920     0.012555829     0.008077618     0.212000000
   15940     0.012549274     0.008065697     0.218190000
   15960     0.012527661     0.008062196     0.211570000
   15980     0.012522764     0.008048108     0.219980000
   16000     0.012510879     0.008039410     0.222420000
   16020     0.012505041     0.008046861     0.232860000
   16040     0.012493790     0.008056328     0.227330000
   16060     0.012488355     0.008040437     0.234160000
   16080     0.012505044     0.008066828     0.230190000
   16100     0.012461577     0.008039837     0.226670000
   16120     0.012514687     0.008052123     0.232710000
   16140     0.012552134     0.008037275     0.227920000
   16160     0.012581192     0.008068237     0.229490000
   16180     0.012557610     0.008092311     0.221600000
   16200     0.012598281     0.008082875     0.220110000
   16220     0.012586927     0.008088444     0.224370000
   16240     0.012551819     0.008073933     0.225590000
   16260     0.012583918     0.008096546     0.219410000
   16280     0.012624827     0.008107666     0.226630000
   16300     0.012635114     0.008101909     0.224810000
   16320     0.012667574     0.008133271     0.219910000
   16340     0.012690701     0.008132052     0.227550000
   16360     0.012674112     0.008103510     0.223700000
   16380     0.012670648     0.008109418     0.217020000
   16400     0.012659746     0.008104649     0.214510000
   16420     0.012648058     0.008114880     0.211810000
   16440     0.012629589     0.008099141     0.206630000
   16460     0.012625208     0.008049998     0.208490000
   16480     0.012633827     0.008018457     0.213080000
   16500     0.012692761     0.008067316     0.221930000
   16520     0.012672498     0.008094446     0.226840000
   16540     0.012655834     0.008119218     0.228790000
   16560     0.012635403     0.008122006     0.227860000
   16580     0.012641834     0.008185881     0.227860000
   16600     0.012663473     0.008167672     0.219780000
   16620     0.012716466     0.008193858     0.226760000
   16640     0.012662798     0.008159398     0.226670000
   16660     0.012698375     0.008158681     0.219380000
   16680     0.012720615     0.008184731     0.220810000
   16700     0.012725728     0.008156102     0.217470000
   16720     0.012716370     0.008116086     0.216910000
   16740     0.012746630     0.008129954     0.224040000
   16760     0.012765599     0.008167651     0.230320000
   16780     0.012780434     0.008197986     0.230680000
   16800     0.012788544     0.008188552     0.220200000
   16820     0.012789108     0.008200428     0.222680000
   16840     0.012822054     0.008215359     0.215080000
   16860     0.012820575     0.008202802     0.218450000
   16880     0.012824374     0.008201797     0.219600000
   16900     0.012796171     0.008177025     0.217730000
   16920     0.012768060     0.008136593     0.213640000
   16940     0.012710990     0.008101629     0.208090000
   16960     0.012778131     0.008103060     0.209450000
   16980     0.012756181     0.008065957     0.206200000
   17000     0.012714288     0.007976458     0.209120000
   17020     0.012683467     0.008028139     0.209170000
   17040     0.012688836     0.008042680     0.212380000
   17060     0.012657711     0.008015788     0.214090000
   17080     0.012614419     0.008013169     0.215930000
   17100     0.012650924     0.008022859     0.216920000
   17120     0.012667207     0.008051369     0.222830000
   17140     0.012657246     0.008049605     0.224840000
   17160     0.012655835     0.008026181     0.220930000
   17180     0.012613921     0.008009681     0.216620000
   17200     0.012631294     0.008029127     0.226060000
   17220     0.012671202     0.008080747     0.222570000
   17240     0.012701608     0.008082178     0.224580000
   17260     0.012706381     0.008093249     0.224720000
   17280     0.012688612     0.008106692     0.228760000
   17300     0.012682158     0.008107134     0.223760000
   17320     0.012695117     0.008137208     0.233090000
   17340     0.012731758     0.008144094     0.221910000
   17360     0.012723653     0.008149571     0.219070000
   17380     0.012739439     0.008126734     0.219150000
   17400     0.012695129     0.008084604     0.212260000
   17420     0.012694850     0.008083108     0.213900000
   17440     0.012696371     0.008073233     0.209190000
   17460     0.012699929     0.008042153     0.211020000
   17480     0.012733768     0.008042178     0.210640000
   17500     0.012789916     0.008092075     0.210040000
   17520     0.012791809     0.008100246     0.214450000
   17540     0.012756855     0.008102506     0.206580000
   17560     0.012792500     0.008080266     0.206180000
   17580     0.012763373     0.008025993     0.202430000
   17600     0.012765069     0.008041486     0.205440000
   17620     0.012806286     0.007996358     0.197900000
   17640     0.012820154     0.007980349     0.187300000
   17660     0.012778558     0.007884167     0.191270000
   17680     0.012805355     0.007914506     0.194380000
   17700     0.012713159     0.007816188     0.194220000
   17720     0.012651179     0.007812243     0.212580000
   17740     0.012679949     0.007852014     0.210350000
   17760     0.012669684     0.007902529     0.221710000
   17780     0.012631934     0.007909794     0.229660000
   17800     0.012704624     0.007949687     0.227510000
   17820     0.012685086     0.008012603     0.217140000
   17840     0.012718512     0.008044110     0.217000000
   17860     0.012721366     0.008064547     0.222810000
   17880     0.012734944     0.008057915     0.227160000
   17900     0.012724475     0.008121431     0.226720000
   17920     0.012698142     0.008138287     0.222750000
   17940     0.012660676     0.008093798     0.221580000
   17960     0.012665655     0.008083902     0.224750000
   17980     0.012657809     0.008116475     0.219400000
   18000     0.012643636     0.008088641     0.219090000
   18020     0.012646065     0.008073940     0.222930000
   18040     0.012665141     0.008117323     0.223890000
   18060     0.012632796     0.008098359     0.211050000
   18080     0.012630237     0.008087965     0.213070000
   18100     0.012652187     0.008070835     0.214730000
   18120     0.012641133     0.008050678     0.216320000
   18140     0.012620638     0.008007807     0.211090000
   18160     0.012588361     0.008075012     0.214390000
   18180     0.012576545     0.008080886     0.222760000
   18200     0.012560609     0.008068573     0.217180000
   18220     0.012612965     0.008058764     0.220170000
   18240     0.012645115     0.008109795     0.216430000
   18260     0.012666683     0.008123604     0.222150000
   18280     0.012709686     0.008137550     0.227180000
   18300     0.012684553     0.008119641     0.225490000
   18320     0.012672460     0.008135625     0.214040000
   18340     0.012676822     0.008122222     0.206450000
   18360     0.012690855     0.008087866     0.208690000
   18380     0.012691891     0.008024633     0.210330000
   18400     0.012672508     0.008041571     0.213760000
   18420     0.012720044     0.008035739     0.209140000
   18440     0.012672017     0.008023088     0.206470000
   18460     0.012679091     0.007952246     0.209450000
   18480     0.012693271     0.007960976     0.217900000
   18500     0.012674801     0.007982483     0.213100000
   18520     0.012717416     0.008021841     0.215880000
   18540     0.012734887     0.008037079     0.219550000
   18560     0.012708952     0.008049328     0.219140000
   18580     0.012757525     0.008067804     0.219780000
   18600     0.012719651     0.008048063     0.219190000
   18620     0.012739855     0.008096394     0.221500000
   18640     0.012699317     0.008080052     0.221170000
   18660     0.012663423     0.008049219     0.211970000
   18680     0.012633911     0.008008329     0.206630000
   18700     0.012617554     0.007989897     0.211400000
   18720     0.012572037     0.007996822     0.220950000
   18740     0.012582341     0.007952534     0.216150000
   18760     0.012570487     0.008028077     0.215020000
   18780     0.012585919     0.008005620     0.215520000
   18800     0.012601210     0.008027422     0.202390000
   18820     0.012621531     0.008006299     0.211240000
   18840     0.012624129     0.008012351     0.221760000
   18860     0.012672817     0.008053224     0.228630000
   18880     0.012655356     0.008041133     0.216710000
   18900     0.012660976     0.008076945     0.222890000
   18920     0.012612165     0.008064587     0.222180000
   18940     0.012558980     0.008050538     0.213020000
   18960     0.012585582     0.008050247     0.216440000
   18980     0.012571358     0.008029529     0.225290000
   19000     0.012582792     0.008067626     0.226880000
   19020     0.012623472     0.008110763     0.223940000
   19040     0.012647250     0.008137518     0.221360000
   19060     0.012629978     0.008132341     0.224260000
   19080     0.012652278     0.008126087     0.217440000
   19100     0.012655921     0.008130553     0.214960000
   19120     0.012666751     0.008122715     0.215680000
   19140     0.012690840     0.008099188     0.213590000
   19160     0.012633290     0.008063477     0.206430000
   19180     0.012670636     0.008052650     0.209610000
   19200     0.012673204     0.008079597     0.199760000
   19220     0.012698372     0.008052372     0.207510000
   19240     0.012679833     0.008028131     0.209730000
   19260     0.012663673     0.008024562     0.208440000
   19280     0.012711633     0.007991252     0.200300000
   19300     0.012701075     0.007948721     0.196270000
   19320     0.012677116     0.007959472     0.209270000
   19340     0.012692620     0.008020044     0.221980000
   19360     0.012709675     0.008047953     0.217450000
   19380     0.012678943     0.008067546     0.214870000
   19400     0.012673849     0.008034199     0.212220000
   19420     0.012716557     0.008030196     0.214740000
   19440     0.012720778     0.008053370     0.214060000
   19460     0.012754727     0.008101524     0.219680000
   19480     0.012724997     0.008104322     0.215130000
   19500     0.012734563     0.008099245     0.215440000
   19520     0.012701615     0.008083457     0.227480000
   19540     0.012722108     0.008087895     0.220070000
   19560     0.012714798     0.008085960     0.216620000
   19580     0.012706667     0.008087605     0.217950000
   19600     0.012707973     0.008109177     0.227680000
   19620     0.012656583     0.008115488     0.226630000
   19640     0.012675564     0.008174718     0.229090000
   19660     0.012739321     0.008197797     0.219730000
   19680     0.012758250     0.008165280     0.210450000
   19700     0.012745071     0.008149424     0.217510000
   19720     0.012734253     0.008104629     0.224900000
   19740     0.012779955     0.008121150     0.213250000
   19760     0.012787679     0.008129219     0.211390000
   19780     0.012779969     0.008107759     0.209630000
   19800     0.012750839     0.008078104     0.201750000
   19820     0.012754782     0.008017233     0.201840000
   19840     0.012766230     0.007989871     0.201960000
   19860     0.012762658     0.008000061     0.207660000
   19880     0.012740137     0.008004037     0.198790000
   19900     0.012762330     0.007989486     0.208600000
   19920     0.012783660     0.007999177     0.206370000
   19940     0.012792918     0.007948204     0.210130000
   19960     0.012801473     0.007975176     0.198860000
   19980     0.012810458     0.007981562     0.197410000
   20000     0.012788309     0.007981474     0.199550000
   20020     0.012841115     0.007982282     0.199790000
   20040     0.012827138     0.007914585     0.192190000
   20060     0.012835233     0.007935849     0.189090000
   20080     0.012732954     0.007874587     0.199330000
   20100     0.012691552     0.007802200     0.196720000
   20120     0.012692411     0.007797251     0.197160000
   20140     0.012650931     0.007791438     0.199750000
   20160     0.012688997     0.007855234     0.196020000
   20180     0.012676524     0.007792618     0.204690000
   20200     0.012702953     0.007867051     0.210400000
   20220     0.012672253     0.007843125     0.202370000
   20240     0.012649849     0.007878948     0.205740000
   20260     0.012705766     0.007894665     0.205420000
   20280     0.012732324     0.007931997     0.205780000
   20300     0.012687199     0.007885673     0.213070000
   20320     0.012688060     0.007922882     0.220810000
   20340     0.012709458     0.007981978     0.225520000
   20360     0.012728841     0.007993479     0.216450000
   20380     0.012707996     0.007969261     0.214420000
   20400     0.012741450     0.007997721     0.219330000
   20420     0.012717627     0.007994901     0.207940000
   20440     0.012715036     0.007961479     0.200200000
   20460     0.012695082     0.007949283     0.208230000
   20480     0.012726517     0.007959590     0.214640000
   20500     0.012671569     0.007880364     0.215930000
   20520     0.012621776     0.007935376     0.216330000
   20540     0.012624042     0.007993126     0.217940000
   20560     0.012608344     0.008026135     0.226750000
   20580     0.012557391     0.008022556     0.216400000
   20600     0.012570198     0.008051403     0.225710000
   20620     0.012568128     0.008081805     0.226420000
   20640     0.012583060     0.008129100     0.228300000
   20660     0.012583579     0.008116307     0.219190000
   20680     0.012613922     0.008090864     0.219320000
   20700     0.012649287     0.008111674     0.226360000
   20720     0.012623959     0.008100509     0.221080000
   20740     0.012637474     0.008142581     0.224990000
   20760     0.012600736     0.008129894     0.223330000
   20780     0.012599033     0.008110468     0.222150000
   20800     0.012611815     0.008114284     0.224830000
   20820     0.012639240     0.008093490     0.228290000
   20840     0.012615064     0.008129515     0.226210000
   20860     0.012582867     0.008114553     0.225890000
   20880     0.012546946     0.008059309     0.227000000
   20900     0.012532462     0.008067636     0.227120000
   20920     0.012528051     0.008090931     0.226030000
   20940     0.012513664     0.008073756     0.226330000
   20960     0.012533388     0.008089011     0.232510000
   20980     0.012520989     0.008085129     0.233920000
   21000     0.012506501     0.008107413     0.228720000
   21020     0.012543952     0.008104161     0.231220000
   21040     0.012544135     0.008106266     0.235800000
   21060     0.012504496     0.008103433     0.234200000
   21080     0.012514898     0.008133865     0.234120000
   21100     0.012476040     0.008129358     0.226260000
   21120     0.012514219     0.008126684     0.219840000
   21140     0.012554635     0.008138154     0.227840000
   21160     0.012558300     0.008113330     0.223750000
   21180     0.012557036     0.008110955     0.216780000
   21200     0.012561653     0.008091807     0.225450000
   21220     0.012548361     0.008053567     0.218540000
   21240     0.012598762     0.008059151     0.214120000
   21260     0.012605620     0.008028199     0.217180000
   21280     0.012604606     0.008062673     0.222260000
   21300     0.012628618     0.008074880     0.227820000
   21320     0.012679703     0.008118661     0.224480000
   21340     0.012686869     0.008116994     0.222920000
   21360     0.012666828     0.008133751     0.226270000
   21380     0.012619904     0.008133861     0.226060000
   21400     0.012631833     0.008125890     0.221330000
   21420     0.012640099     0.008144639     0.224260000
   21440     0.012643127     0.008135136     0.225560000
   21460     0.012636239     0.008122739     0.225570000
   21480     0.012637488     0.008118614     0.226780000
   21500     0.012624638     0.008103447     0.212460000
   21520     0.012614224     0.008108144     0.226850000
   21540     0.012609233     0.008114553     0.222830000
   21560     0.012595666     0.008133287     0.232050000
   21580     0.012595963     0.008126783     0.229910000
   21600     0.012630434     0.008134202     0.216210000
   21620     0.012659529     0.008149761     0.214640000
   21640     0.012650677     0.008135158     0.212380000
   21660     0.012637394     0.008082796     0.218000000
   21680     0.012610347     0.008054552     0.220210000
   21700     0.012583316     0.008035880     0.223540000
   21720     0.012628148     0.008109893     0.232360000
   21740     0.012637604     0.008139611     0.233260000
   21760     0.012628416     0.008157767     0.216790000
   21780     0.012646823     0.008144571     0.210640000
   21800     0.012625717     0.008114677     0.227190000
   21820     0.012622490     0.008139831     0.216120000
   21840     0.012670131     0.008124661     0.208430000
   21860     0.012675004     0.008099680     0.208910000
   21880     0.012657728     0.008046565     0.217350000
   21900     0.012696180     0.008085513     0.223980000
   21920     0.012665195     0.008110252     0.220390000
   21940     0.012710363     0.008117520     0.209300000
   21960     0.012657964     0.008063140     0.217290000
   21980     0.012626547     0.008045601     0.218550000
   22000     0.012634342     0.008041867     0.212130000
   22020     0.012617431     0.008037406     0.213340000
   22040     0.012588435     0.008028542     0.227680000
   22060     0.012643829     0.008004910     0.222550000
   22080     0.012625959     0.008038807     0.229290000
   22100     0.012645791     0.008094310     0.232590000
   22120     0.012604514     0.008100127     0.225990000
   22140     0.012621268     0.008129127     0.228000000
   22160     0.012619779     0.008138172     0.222520000
   22180     0.012622124     0.008131626     0.216690000
   22200     0.012599087     0.008099501     0.224670000
   22220     0.012624116     0.008107852     0.222570000
   22240     0.012658058     0.008127065     0.219030000
   22260     0.012650318     0.008083676     0.215160000
   22280     0.012632126     0.008082430     0.224970000
   22300     0.012663819     0.008113177     0.231240000
   22320     0.012688348     0.008128661     0.220070000
   22340     0.012700197     0.008125516     0.214560000
   22360     0.012711375     0.008049457     0.215240000
   22380     0.012658574     0.008038808     0.211110000
   22400     0.012633397     0.008012351     0.212720000
   22420     0.012621277     0.008029403     0.214560000
   22440     0.012609952     0.008015031     0.213550000
   22460     0.012639486     0.008030562     0.216450000
   22480     0.012646196     0.008081182     0.227070000
   22500     0.012643293     0.008058201     0.217490000
   22520     0.012645833     0.008087939     0.210600000
   22540     0.012624662     0.008060241     0.211930000
   22560     0.012661960     0.008086041     0.210850000
   22580     0.012690054     0.008091716     0.207990000
   22600     0.012742751     0.008097257     0.211990000
   22620     0.012754355     0.008071417     0.221190000
   22640     0.012734949     0.008063573     0.210590000
   22660     0.012728582     0.008048006     0.205850000
   22680     0.012749429     0.008063311     0.206220000
   22700     0.012772035     0.008063739     0.209210000
   22720     0.012761376     0.008036165     0.208000000
   22740     0.012677062     0.007971811     0.215060000
   22760     0.012683506     0.007969183     0.220200000
   22780     0.012653411     0.007985214     0.214410000
   22800     0.012650957     0.007962645     0.219220000
   22820     0.012658688     0.007969450     0.221580000
   22840     0.012671540     0.007980825     0.218270000
   22860     0.012693056     0.007992796     0.209540000
   22880     0.012677944     0.008014091     0.210460000
   22900     0.012664200     0.007993991     0.209590000
   22920     0.012613856     0.007992598     0.216170000
   22940     0.012600020     0.007983995     0.226440000
   22960     0.012570672     0.007978630     0.230110000
   22980     0.012565449     0.008053087     0.223020000
   23000     0.012596108     0.008102379     0.225730000
   23020     0.012616290     0.008116143     0.230880000
   23040     0.012681222     0.008161535     0.224240000
   23060     0.012685937     0.008161978     0.232470000
   23080     0.012685776     0.008172778     0.219280000
   23100     0.012650785     0.008143271     0.220400000
   23120     0.012659771     0.008134433     0.214410000
   23140     0.012658292     0.008115049     0.213460000
   23160     0.012670534     0.008124872     0.212760000
   23180     0.012667120     0.008126976     0.207380000
   23200     0.012639577     0.008115127     0.220530000
   23220     0.012641195     0.008064479     0.210790000
   23240     0.012694421     0.008114241     0.205800000
   23260     0.012706410     0.008088545     0.216700000
   23280     0.012712386     0.008117695     0.204990000
   23300     0.012708632     0.008144016     0.207730000
   23320     0.012759020     0.008086652     0.206060000
   23340     0.012759373     0.008063365     0.215230000
   23360     0.012773838     0.008048375     0.219900000
   23380     0.012797939     0.008092366     0.219710000
   23400     0.012820402     0.008137880     0.228680000
   23420     0.012810989     0.008122964     0.214580000
   23440     0.012751865     0.008094758     0.215770000
   23460     0.012721229     0.008106157     0.210060000
   23480     0.012753345     0.008111246     0.213800000
   23500     0.012714625     0.008095212     0.216890000
   23520     0.012710952     0.008115216     0.226330000
   23540     0.012703551     0.008106720     0.217320000
   23560     0.012706996     0.008119498     0.213410000
   23580     0.012686150     0.008092762     0.212080000
   23600     0.012670078     0.008097618     0.214930000
   23620     0.012673286     0.008062689     0.214970000
   23640     0.012605131     0.008042361     0.214240000
   23660     0.012652986     0.008035091     0.213840000
   23680     0.012660445     0.008006346     0.221550000
   23700     0.012716182     0.008037825     0.217990000
   23720     0.012773847     0.008068366     0.222150000
   23740     0.012738779     0.008024516     0.220410000
   23760     0.012720428     0.008032453     0.215520000
   23780     0.012707497     0.008006641     0.221970000
   23800     0.012762952     0.008062731     0.229170000
   23820     0.012726726     0.008057272     0.229430000
   23840     0.012732944     0.008110518     0.227360000
   23860     0.012750133     0.008128135     0.217840000
   23880     0.012741959     0.008118028     0.226890000
   23900     0.012737933     0.008128047     0.225390000
   23920     0.012699167     0.008105794     0.219250000
   23940     0.012756452     0.008087426     0.205090000
   23960     0.012748375     0.008048868     0.208840000
   23980     0.012755307     0.007995060     0.213040000
   24000     0.012691533     0.008027261     0.209630000
   24020     0.012645455     0.007972888     0.210890000
   24040     0.012616633     0.007935289     0.210070000
   24060     0.012577050     0.007899988     0.212520000
   24080     0.012601797     0.007931744     0.214180000
   24100     0.012539491     0.007932301     0.219850000
   24120     0.012530643     0.007904572     0.216470000
   24140     0.012473176     0.007849257     0.217250000
   24160     0.012493495     0.007893606     0.218040000
   24180     0.012545391     0.007923294     0.218680000
   24200     0.012571330     0.007944742     0.221820000
   24220     0.012583881     0.007985691     0.220160000
   24240     0.012533583     0.007956937     0.219070000
   24260     0.012513437     0.007972466     0.219480000
   24280     0.012478848     0.007966924     0.213490000
   24300     0.012473484     0.007894461     0.216500000
   24320     0.012502268     0.007875087     0.220600000
   24340     0.012471463     0.007909172     0.220410000
   24360     0.012461375     0.007948456     0.214450000
   24380     0.012421144     0.007921762     0.222290000
   24400     0.012449017     0.007948851     0.225130000
   24420     0.012461881     0.007900131     0.217740000
   24440     0.012512145     0.007906450     0.225320000
   24460     0.012524474     0.007926952     0.227990000
   24480     0.012576143     0.007992365     0.225650000
   24500     0.012649545     0.008062333     0.229010000
   24520     0.012644193     0.008083559     0.226990000
   24540     0.012595548     0.008053774     0.217060000
   24560     0.012601934     0.008049857     0.213770000
   24580     0.012612065     0.008101708     0.213640000
   24600     0.012593121     0.008077280     0.219600000
   24620     0.012608321     0.008095641     0.230000000
   24640     0.012574955     0.008083166     0.241190000
   24660     0.012552768     0.008106450     0.236700000
   24680     0.012570978     0.008117681     0.233270000
   24700     0.012588905     0.008134090     0.224500000
   24720     0.012622656     0.008148869     0.224020000
   24740     0.012671047     0.008152605     0.224080000
   24760     0.012630980     0.008144200     0.236470000
   24780     0.012631042     0.008144346     0.227280000
   24800     0.012620706     0.008189198     0.229930000
   24820     0.012608478     0.008161835     0.221350000
   24840     0.012654023     0.008198392     0.222470000
   24860     0.012677310     0.008178006     0.222120000
   24880     0.012669908     0.008150768     0.227530000
   24900     0.012655461     0.008137298     0.227220000
   24920     0.012649669     0.008106674     0.221620000
   24940     0.012645012     0.008104495     0.213780000
   24960     0.012654264     0.008100624     0.211750000
   24980     0.012639623     0.008084432     0.209100000
   25000     0.012648009     0.008055793     0.207370000
   25020     0.012655012     0.008036948     0.212420000
   25040     0.012667955     0.008057530     0.218360000
   25060     0.012672911     0.008060393     0.220230000
   25080     0.012677890     0.008117860     0.228280000
   25100     0.012695822     0.008119206     0.232650000
   25120     0.012703477     0.008157195     0.228220000
   25140     0.012710399     0.008203397     0.219660000
   25160     0.012672922     0.008125356     0.206470000
   25180     0.012646681     0.008067782     0.203620000
   25200     0.012632072     0.008066239     0.209300000
   25220     0.012616839     0.008058256     0.211910000
   25240     0.012626347     0.008036171     0.207360000
   25260     0.012572337     0.007998949     0.216760000
   25280     0.012593708     0.007987014     0.213210000
   25300     0.012608118     0.008020989     0.210300000
   25320     0.012638819     0.008001689     0.214930000
   25340     0.012680231     0.008036209     0.218240000
   25360     0.012698090     0.008057388     0.224510000
   25380     0.012663252     0.008067038     0.216830000
   25400     0.012627628     0.008068429     0.211240000
   25420     0.012584963     0.008042687     0.214170000
   25440     0.012578500     0.008031321     0.225530000
   25460     0.012522132     0.007994670     0.233490000
   25480     0.012560564     0.008052887     0.228170000
   25500     0.012583707     0.008122473     0.230900000
   25520     0.012578704     0.008124540     0.227730000
   25540     0.012553618     0.008089615     0.229420000
   25560     0.012520374     0.008078892     0.230420000
   25580     0.012530614     0.008060571     0.221010000
   25600     0.012509640     0.008016988     0.220730000
   25620     0.012512225     0.008008525     0.221450000
   25640     0.012514459     0.007986853     0.221130000
   25660     0.012492060     0.008026648     0.230930000
   25680     0.012498246     0.008048349     0.230500000
   25700     0.012472813     0.008053913     0.226020000
   25720     0.012485073     0.008052328     0.227320000
   25740     0.012520707     0.008005952     0.228010000
   25760     0.012540746     0.008073999     0.217590000
   25780     0.012559505     0.008036302     0.217750000
   25800     0.012589214     0.007976724     0.212540000
   25820     0.012631817     0.007970226     0.208410000
   25840     0.012631192     0.007966157     0.204650000
   25860     0.012603346     0.007921386     0.202510000
   25880     0.012646331     0.007944343     0.206390000
   25900     0.012640878     0.008015134     0.207760000
   25920     0.012617284     0.007949312     0.199940000
   25940     0.012634442     0.007998115     0.207960000
   25960     0.012665750     0.007984722     0.218270000
   25980     0.012698007     0.008010099     0.214970000
   26000     0.012706452     0.007985415     0.204580000
   26020     0.012689615     0.007945640     0.213120000
   26040     0.012673080     0.007938928     0.205350000
   26060     0.012653403     0.007950427     0.212570000
   26080     0.012655372     0.007944385     0.204540000
   26100     0.012640185     0.007936123     0.204800000
   26120     0.012632656     0.007912641     0.214690000
   26140     0.012646503     0.007945712     0.215830000
   26160     0.012585058     0.007920336     0.215010000
   26180     0.012625044     0.007916953     0.212470000
   26200     0.012633665     0.007935869     0.213870000
   26220     0.012608545     0.007933037     0.219310000
   26240     0.012599864     0.007945295     0.213820000
   26260     0.012583898     0.007946625     0.213960000
   26280     0.012556892     0.007928373     0.218400000
   26300     0.012523373     0.007920782     0.223380000
   26320     0.012553153     0.007943562     0.213900000
   26340     0.012552859     0.007932010     0.211890000
   26360     0.012521717     0.007953747     0.220000000
   26380     0.012518403     0.007985137     0.231200000
   26400     0.012542117     0.008025028     0.227790000
   26420     0.012558404     0.008060449     0.221450000
   26440     0.012515989     0.008012441     0.221230000
   26460     0.012552384     0.008049775     0.217910000
   26480     0.012542174     0.008019460     0.210100000
   26500     0.012582456     0.008019308     0.213300000
   26520     0.012504393     0.007992088     0.217350000
   26540     0.012495052     0.008020146     0.217940000
   26560     0.012474496     0.008008651     0.213400000
   26580     0.012514924     0.008035274     0.216080000
   26600     0.012501017     0.008008060     0.220200000
   26620     0.012490197     0.008010783     0.225800000
   26640     0.012505947     0.008010034     0.233810000
   26660     0.012486715     0.008008375     0.224680000
   26680     0.012496572     0.008012008     0.218480000
   26700     0.012488417     0.008005152     0.216660000
   26720     0.012468971     0.007991146     0.228800000
   26740     0.012472343     0.007993253     0.224240000
   26760     0.012487061     0.008053750     0.227150000
   26780     0.012508134     0.008053737     0.229850000
   26800     0.012450187     0.008028341     0.229280000
   26820     0.012469200     0.008044763     0.220270000
   26840     0.012492805     0.008065208     0.220200000
   26860     0.012484635     0.008093793     0.235580000
   26880     0.012487048     0.008126133     0.236820000
   26900     0.012475761     0.008127263     0.234160000
   26920     0.012471759     0.008114473     0.231360000
   26940     0.012436478     0.008102509     0.225230000
   26960     0.012454198     0.008065260     0.224290000
   26980     0.012507682     0.008102421     0.223260000
   27000     0.012507193     0.008110492     0.219650000
   27020     0.012474444     0.008094494     0.230230000
   27040     0.012497766     0.008098314     0.234130000
   27060     0.012449559     0.008087105     0.240280000
   27080     0.012376965     0.008078646     0.235080000
   27100     0.012354896     0.008064559     0.246090000
   27120     0.012384764     0.008075092     0.229460000
   27140     0.012414495     0.008085967     0.226610000
   27160     0.012392317     0.008078919     0.231610000
   27180     0.012405403     0.008109686     0.240760000
   27200     0.012452490     0.008123856     0.231750000
   27220     0.012475517     0.008133199     0.234110000
   27240     0.012446140     0.008174332     0.243790000
   27260     0.012418687     0.008181616     0.248690000
   27280     0.012406861     0.008214021     0.252040000
   27300     0.012374501     0.008205552     0.242040000
   27320     0.012369202     0.008212001     0.242210000
   27340     0.012345597     0.008197059     0.243040000
   27360     0.012341329     0.008204868     0.240500000
   27380     0.012385450     0.008201820     0.236670000
   27400     0.012383549     0.008199877     0.242240000
   27420     0.012388399     0.008208342     0.245500000
   27440     0.012395514     0.008185844     0.239180000
   27460     0.012384907     0.008180874     0.235580000
   27480     0.012373247     0.008171567     0.231870000
   27500     0.012398460     0.008119082     0.227650000
   27520     0.012373063     0.008093974     0.230880000
   27540     0.012397805     0.008130867     0.235490000
   27560     0.012389278     0.008162178     0.238110000
   27580     0.012398753     0.008157638     0.239690000
   27600     0.012377553     0.008156740     0.232340000
   27620     0.012392893     0.008136878     0.234200000
   27640     0.012375848     0.008109629     0.238180000
   27660     0.012349505     0.008084731     0.238420000
   27680     0.012365912     0.008095525     0.239920000
   27700     0.012394488     0.008119478     0.244820000
   27720     0.012393910     0.008122142     0.229930000
   27740     0.012419350     0.008143869     0.232390000
   27760     0.012432318     0.008139406     0.226710000
   27780     0.012439648     0.008154347     0.222810000
   27800     0.012482028     0.008130442     0.233420000
   27820     0.012463372     0.008136740     0.238230000
   27840     0.012450259     0.008107528     0.238770000
   27860     0.012451123     0.008129437     0.242440000
   27880     0.012483655     0.008184747     0.236070000
   27900     0.012502785     0.008180348     0.232740000
   27920     0.012509476     0.008198286     0.240780000
   27940     0.012492801     0.008188734     0.233930000
   27960     0.012443122     0.008133763     0.232360000
   27980     0.012431636     0.008133368     0.232670000
   28000     0.012465771     0.008131106     0.224860000
   28020     0.012471074     0.008098977     0.233780000
   28040     0.012500013     0.008161025     0.235250000
   28060     0.012529234     0.008178983     0.226310000
   28080     0.012515302     0.008173408     0.222340000
   28100     0.012506931     0.008120278     0.217690000
   28120     0.012539735     0.008123171     0.229260000
   28140     0.012503682     0.008091462     0.227360000
   28160     0.012444202     0.008094659     0.215730000
   28180     0.012449345     0.008079685     0.219770000
   28200     0.012487654     0.008102772     0.220590000
   28220     0.012448519     0.008095376     0.226650000
   28240     0.012474858     0.008079423     0.222180000
   28260     0.012494135     0.008079290     0.228490000
   28280     0.012520035     0.008079158     0.222240000
   28300     0.012528798     0.008059385     0.223200000
   28320     0.012483808     0.008042569     0.220120000
   28340     0.012486547     0.008043574     0.227220000
   28360     0.012482423     0.008040559     0.231020000
   28380     0.012441354     0.008046637     0.227060000
   28400     0.012423448     0.008022609     0.223170000
   28420     0.012441532     0.008021852     0.226550000
   28440     0.012478644     0.008034602     0.227840000
   28460     0.012473185     0.008064193     0.217220000
   28480     0.012476927     0.008046705     0.207720000
   28500     0.012467660     0.008034253     0.215660000
   28520     0.012471706     0.008040704     0.228350000
   28540     0.012458789     0.008024427     0.222660000
   28560     0.012457964     0.008049619     0.228710000
   28580     0.012475922     0.008025356     0.233690000
   28600     0.012500094     0.008052413     0.229100000
   28620     0.012547542     0.008064303     0.227210000
   28640     0.012483670     0.008014857     0.224760000
   28660     0.012495224     0.007968817     0.218980000
   28680     0.012434332     0.007952797     0.223180000
   28700     0.012440906     0.007974828     0.218490000
   28720     0.012411207     0.007941621     0.217890000
   28740     0.012429350     0.007991249     0.226300000
   28760     0.012441371     0.008015733     0.229210000
   28780     0.012433734     0.008003900     0.237010000
   28800     0.012473572     0.008053597     0.230310000
   28820     0.012476356     0.008066204     0.228010000
   28840     0.012459051     0.008042970     0.223340000
   28860     0.012470704     0.008073911     0.223930000
   28880     0.012439255     0.008068577     0.227930000
   28900     0.012463056     0.008082823     0.228960000
   28920     0.012454423     0.008088026     0.235330000
   28940     0.012461617     0.008123051     0.235250000
   28960     0.012469008     0.008128263     0.232810000
   28980     0.012498390     0.008142384     0.231150000
   29000     0.012530617     0.008171164     0.233630000
   29020     0.012521452     0.008163290     0.224520000
   29040     0.012504884     0.008166385     0.231970000
   29060     0.012465451     0.008157949     0.234560000
   29080     0.012443381     0.008143638     0.226990000
   29100     0.012445076     0.008162074     0.232220000
   29120     0.012446049     0.008136180     0.233340000
   29140     0.012473738     0.008137324     0.234610000
   29160     0.012436276     0.008139151     0.224750000
   29180     0.012495212     0.008161603     0.231420000
   29200     0.012494465     0.008145778     0.237160000
   29220     0.012490833     0.008141579     0.223820000
   29240     0.012555754     0.008125314     0.222260000
   29260     0.012508832     0.008084745     0.229010000
   29280     0.012497203     0.008086880     0.222540000
   29300     0.012489156     0.008033673     0.222280000
   29320     0.012520443     0.008037530     0.210740000
   29340     0.012558031     0.008075129     0.217860000
   29360     0.012552785     0.008095362     0.217460000
   29380     0.012534622     0.008054767     0.211110000
   29400     0.012556521     0.008028532     0.202800000
   29420     0.012591026     0.007994954     0.211560000
   29440     0.012561807     0.007959759     0.215390000
   29460     0.012576472     0.008006260     0.223950000
   29480     0.012582324     0.008022307     0.228470000
   29500     0.012580299     0.008024247     0.227410000
   29520     0.012599109     0.008051586     0.227420000
   29540     0.012655008     0.008078133     0.221760000
   29560     0.012632853     0.008053782     0.224710000
   29580     0.012637271     0.008052611     0.213440000
   29600     0.012622996     0.008041927     0.214360000
   29620     0.012621480     0.008060361     0.215350000
   29640     0.012653559     0.008053751     0.209420000
   29660     0.012656425     0.008049933     0.214550000
   29680     0.012614155     0.008004761     0.213230000
   29700     0.012634474     0.008016025     0.213600000
   29720     0.012648973     0.008034046     0.215450000
   29740     0.012638598     0.007979521     0.215150000
   29760     0.012619540     0.008004990     0.211320000
   29780     0.012593438     0.007998499     0.214910000
   29800     0.012637857     0.007988807     0.212470000
   29820     0.012654476     0.007981441     0.218370000
   29840     0.012667955     0.008019721     0.227130000
   29860     0.012648327     0.008051999     0.224010000
   29880     0.012632193     0.008028679     0.220610000
   29900     0.012674086     0.008047496     0.217360000
   29920     0.012696401     0.008033594     0.209210000
   29940     0.012648958     0.008004594     0.203280000
   29960     0.012632378     0.007983628     0.205540000
   29980     0.012670362     0.007998504     0.210530000
   30000     0.012664180     0.007972205     0.214140000
