      20     0.000095205     0.000094799     0.960740000
      40     0.000181979     0.000180746     0.908670000
      60     0.000261078     0.000258847     0.865250000
      80     0.000329590     0.000326384     0.830750000
     100     0.000393575     0.000389316     0.788110000
     120     0.000452182     0.000446850     0.750650000
     140     0.000501847     0.000495372     0.703790000
     160     0.000554474     0.000546629     0.669750000
     180     0.000592733     0.000584009     0.648240000
     200     0.000627867     0.000618405     0.647020000
     220     0.000660637     0.000650049     0.619480000
     240     0.000693890     0.000682405     0.595400000
     260     0.000722632     0.000709985     0.581620000
     280     0.000754070     0.000740289     0.556500000
     300     0.000779643     0.000764809     0.546860000
     320     0.000801905     0.000786044     0.522850000
     340     0.000821217     0.000804812     0.515620000
     360     0.000839102     0.000821749     0.500980000
     380     0.000850915     0.000832889     0.487300000
     400     0.000871610     0.000852634     0.476080000
     420     0.000883207     0.000863548     0.471770000
     440     0.000894986     0.000874774     0.463510000
     460     0.000911637     0.000890491     0.461630000
     480     0.000929433     0.000907172     0.445100000
     500     0.000938420     0.000915622     0.440270000
     520     0.000939704     0.000916917     0.433800000
     540     0.000937087     0.000913742     0.416090000
     560     0.000942138     0.000918159     0.420520000
     580     0.000959324     0.000935118     0.428920000
     600     0.000965163     0.000940736     0.413590000
     620     0.000969383     0.000943878     0.404650000
     640     0.000972356     0.000946583     0.405460000
     660     0.000978251     0.000952376     0.414690000
     680     0.000985113     0.000958588     0.407670000
     700     0.000983712     0.000957173     0.395650000
     720     0.000984731     0.000957849     0.395290000
     740     0.000986817     0.000960030     0.400960000
     760     0.000987568     0.000960367     0.394350000
     780     0.000991706     0.000964047     0.391330000
     800     0.001000069     0.000971994     0.390010000
     820     0.001011606     0.000983308     0.392930000
     840     0.001011970     0.000983713     0.388590000
     860     0.001011187     0.000982912     0.391010000
     880     0.000996993     0.000969714     0.386720000
     900     0.000985957     0.000958812     0.391840000
     920     0.000986903     0.000960166     0.411020000
     940     0.000982280     0.000955909     0.391220000
     960     0.000982807     0.000956146     0.395070000
     980     0.000983197     0.000956041     0.405700000
    1000     0.000989543     0.000962757     0.402430000
    1020     0.000991242     0.000963595     0.390790000
    1040     0.000989649     0.000962001     0.391260000
    1060     0.000991924     0.000963705     0.380710000
    1080     0.000993897     0.000965553     0.376970000
    1100     0.000990170     0.000962188     0.385460000
    1120     0.001000127     0.000972311     0.391140000
    1140     0.000998474     0.000970876     0.394870000
    1160     0.001001916     0.000973896     0.389290000
    1180     0.001014019     0.000986132     0.392860000
    1200     0.001009656     0.000981759     0.400460000
    1220     0.000996545     0.000969551     0.388600000
    1240     0.000984604     0.000957745     0.391890000
    1260     0.000990387     0.000963132     0.399990000
    1280     0.000990458     0.000963830     0.405670000
    1300     0.000986124     0.000959786     0.397850000
    1320     0.000983650     0.000957001     0.390760000
    1340     0.000986871     0.000960064     0.388850000
    1360     0.000980667     0.000953704     0.387240000
    1380     0.000988303     0.000960970     0.384840000
    1400     0.000984175     0.000956904     0.391340000
    1420     0.000972514     0.000946050     0.400760000
    1440     0.000976089     0.000949498     0.402760000
    1460     0.000979919     0.000953197     0.389450000
    1480     0.000988429     0.000961160     0.401510000
    1500     0.000989237     0.000962272     0.406480000
    1520     0.000977209     0.000951300     0.401510000
    1540     0.000978295     0.000952244     0.406080000
    1560     0.000986561     0.000960271     0.397570000
    1580     0.000990750     0.000964425     0.407480000
    1600     0.000987706     0.000961734     0.409540000
    1620     0.000988030     0.000961898     0.402770000
    1640     0.000988564     0.000962032     0.408840000
    1660     0.000987639     0.000961175     0.396950000
    1680     0.000985236     0.000958472     0.387860000
    1700     0.000988677     0.000961816     0.403020000
    1720     0.000986682     0.000960174     0.399660000
    1740     0.000994840     0.000967712     0.395080000
    1760     0.000995407     0.000968708     0.402420000
    1780     0.000997202     0.000969932     0.383350000
    1800     0.000995248     0.000968132     0.389630000
    1820     0.000997586     0.000970316     0.403510000
    1840     0.001006422     0.000978382     0.385000000
    1860     0.001006206     0.000978017     0.382260000
    1880     0.001020366     0.000991033     0.384490000
    1900     0.001012765     0.000983915     0.384150000
    1920     0.001013855     0.000985612     0.395840000
    1940     0.001011069     0.000983086     0.393090000
    1960     0.001003028     0.000974805     0.386140000
    1980     0.001013375     0.000984767     0.384520000
    2000     0.001013269     0.000984438     0.384610000
    2020     0.001017871     0.000988537     0.387770000
    2040     0.001015456     0.000987256     0.393500000
    2060     0.001020048     0.000991597     0.392710000
    2080     0.001025063     0.000996266     0.386210000
    2100     0.001012366     0.000983540     0.374190000
    2120     0.001005885     0.000977168     0.380160000
    2140     0.001005140     0.000976488     0.377950000
    2160     0.001008233     0.000979020     0.383580000
    2180     0.001002553     0.000974085     0.388270000
    2200     0.000997350     0.000969584     0.386450000
    2220     0.001000117     0.000972276     0.387530000
    2240     0.001008263     0.000979143     0.375660000
    2260     0.001016717     0.000987025     0.375370000
    2280     0.001016096     0.000987038     0.380820000
    2300     0.001017370     0.000987739     0.368340000
    2320     0.001017330     0.000987636     0.387760000
    2340     0.001023051     0.000993761     0.382230000
    2360     0.001021445     0.000992451     0.381860000
    2380     0.001011792     0.000983384     0.379670000
    2400     0.001010976     0.000982739     0.385360000
    2420     0.001001564     0.000973391     0.377440000
    2440     0.001011273     0.000982174     0.370140000
    2460     0.001013313     0.000984203     0.372890000
    2480     0.001009286     0.000980057     0.380740000
    2500     0.001012948     0.000983080     0.376900000
    2520     0.001016741     0.000987357     0.386730000
    2540     0.001016925     0.000988221     0.385640000
    2560     0.001004557     0.000976705     0.387140000
    2580     0.000992916     0.000965692     0.392300000
    2600     0.000989577     0.000962563     0.387820000
    2620     0.000993443     0.000966069     0.397390000
    2640     0.000996688     0.000969663     0.391530000
    2660     0.000997475     0.000970268     0.387370000
    2680     0.001003419     0.000975680     0.389310000
    2700     0.001004061     0.000976015     0.391940000
    2720     0.001007944     0.000979959     0.403310000
    2740     0.001005899     0.000978207     0.390950000
    2760     0.001020508     0.000991449     0.382360000
    2780     0.001020215     0.000991250     0.373380000
    2800     0.001008981     0.000980673     0.390510000
    2820     0.001004810     0.000977238     0.390990000
    2840     0.001005529     0.000977695     0.392270000
    2860     0.000999796     0.000971895     0.392550000
    2880     0.001002366     0.000974928     0.385600000
    2900     0.001004989     0.000977134     0.373520000
    2920     0.001003919     0.000975984     0.398480000
    2940     0.001007486     0.000979588     0.408180000
    2960     0.001008972     0.000981468     0.403780000
    2980     0.001009703     0.000981985     0.389660000
    3000     0.000994495     0.000966621     0.379970000
    3020     0.000989729     0.000962660     0.395530000
    3040     0.000985360     0.000957956     0.392080000
    3060     0.000987218     0.000959808     0.399560000
    3080     0.000990338     0.000962676     0.392900000
    3100     0.000993602     0.000965911     0.392300000
    3120     0.001001360     0.000973471     0.402890000
    3140     0.001003701     0.000976204     0.390510000
    3160     0.000999209     0.000971409     0.379440000
    3180     0.000992291     0.000964077     0.380830000
    3200     0.000994641     0.000966377     0.384850000
    3220     0.001002447     0.000974260     0.388580000
    3240     0.000998549     0.000970580     0.389450000
    3260     0.001003763     0.000975915     0.395420000
    3280     0.001011443     0.000982822     0.385650000
    3300     0.001010769     0.000982122     0.390800000
    3320     0.001006777     0.000978540     0.397070000
    3340     0.000996242     0.000968853     0.400440000
    3360     0.000999670     0.000971918     0.397250000
    3380     0.001009717     0.000981557     0.391660000
    3400     0.001011100     0.000983326     0.387920000
    3420     0.001011151     0.000983389     0.391660000
    3440     0.001003193     0.000975997     0.392350000
    3460     0.000994849     0.000967415     0.386060000
    3480     0.000986298     0.000959114     0.396290000
    3500     0.000990535     0.000963722     0.386420000
    3520     0.000988377     0.000961206     0.397640000
    3540     0.001004119     0.000975912     0.386050000
    3560     0.000998741     0.000971355     0.387300000
    3580     0.001007612     0.000979311     0.381220000
    3600     0.000998265     0.000970704     0.394700000
    3620     0.000989755     0.000963008     0.395260000
    3640     0.000992271     0.000964928     0.399960000
    3660     0.000983771     0.000957519     0.399560000
    3680     0.000987913     0.000961578     0.399710000
    3700     0.000989223     0.000962456     0.398160000
    3720     0.000986711     0.000959483     0.386170000
    3740     0.000985928     0.000958991     0.397450000
    3760     0.000995946     0.000968660     0.393780000
    3780     0.000996592     0.000969108     0.390510000
    3800     0.000997379     0.000969693     0.381750000
    3820     0.000996716     0.000969362     0.392520000
    3840     0.001009581     0.000981631     0.388690000
    3860     0.001012068     0.000983513     0.385900000
    3880     0.001015108     0.000986414     0.388060000
    3900     0.001008293     0.000980309     0.389440000
    3920     0.001025704     0.000997001     0.401740000
    3940     0.001022032     0.000993629     0.399950000
    3960     0.001024755     0.000996724     0.391140000
    3980     0.001021334     0.000993203     0.390370000
    4000     0.001023933     0.000995144     0.376610000
    4020     0.001020308     0.000991182     0.377010000
    4040     0.001022771     0.000993231     0.372170000
    4060     0.001017885     0.000989032     0.384790000
    4080     0.001025286     0.000996194     0.377940000
    4100     0.001025848     0.000995986     0.368620000
    4120     0.001020542     0.000991112     0.372970000
    4140     0.001013197     0.000984319     0.368760000
    4160     0.001022059     0.000992641     0.378280000
    4180     0.001020605     0.000990644     0.367120000
    4200     0.001023503     0.000993195     0.370800000
    4220     0.001018454     0.000989404     0.380160000
    4240     0.001016513     0.000987787     0.386310000
    4260     0.001002857     0.000974911     0.382560000
    4280     0.000999495     0.000971132     0.377770000
    4300     0.000995597     0.000967251     0.381450000
    4320     0.000995429     0.000967435     0.396580000
    4340     0.001005025     0.000976793     0.393220000
    4360     0.000999391     0.000971651     0.393530000
    4380     0.000989594     0.000961969     0.385770000
    4400     0.000985745     0.000958382     0.394890000
    4420     0.000991586     0.000964229     0.399290000
    4440     0.000987743     0.000961001     0.402160000
    4460     0.000976582     0.000950285     0.392140000
    4480     0.000982334     0.000955709     0.398220000
    4500     0.000985791     0.000958506     0.392950000
    4520     0.000980147     0.000953050     0.397190000
    4540     0.000973784     0.000947451     0.396170000
    4560     0.000980379     0.000953786     0.394770000
    4580     0.000982478     0.000956100     0.400840000
    4600     0.000982249     0.000955420     0.397800000
    4620     0.000986658     0.000959235     0.398030000
    4640     0.000995014     0.000967402     0.379970000
    4660     0.001004265     0.000976124     0.396920000
    4680     0.001010972     0.000982572     0.387040000
    4700     0.001003567     0.000975046     0.377560000
    4720     0.000999843     0.000971724     0.388140000
    4740     0.001008255     0.000979792     0.390950000
    4760     0.001007117     0.000978801     0.380790000
    4780     0.001004283     0.000975431     0.376990000
    4800     0.000997458     0.000969145     0.383370000
    4820     0.001003375     0.000974435     0.373600000
    4840     0.001007051     0.000978310     0.378670000
    4860     0.001016456     0.000987628     0.386110000
    4880     0.001021327     0.000992285     0.379200000
    4900     0.001024986     0.000995806     0.377520000
    4920     0.001022605     0.000993399     0.377190000
    4940     0.001019311     0.000990002     0.380980000
    4960     0.001012838     0.000984085     0.363150000
    4980     0.001014724     0.000985126     0.373010000
    5000     0.001024052     0.000994134     0.372650000
    5020     0.001025379     0.000995700     0.378760000
    5040     0.001023759     0.000994172     0.376980000
    5060     0.001024488     0.000995305     0.373560000
    5080     0.001026731     0.000996854     0.367340000
    5100     0.001027768     0.000998122     0.377220000
    5120     0.001025853     0.000995689     0.366940000
    5140     0.001019594     0.000989261     0.374010000
    5160     0.001027043     0.000996708     0.367940000
    5180     0.001021182     0.000991188     0.378860000
    5200     0.001028929     0.000999249     0.377740000
    5220     0.001022889     0.000993773     0.383410000
    5240     0.001027379     0.000998171     0.377850000
    5260     0.001020846     0.000991825     0.380270000
    5280     0.001029399     0.000999882     0.372050000
    5300     0.001020476     0.000991128     0.372180000
    5320     0.001023835     0.000993649     0.369960000
    5340     0.001027006     0.000996088     0.359720000
    5360     0.001019496     0.000988783     0.368380000
    5380     0.001014188     0.000984140     0.376940000
    5400     0.001012446     0.000982894     0.381120000
    5420     0.001001992     0.000973161     0.385620000
    5440     0.000999628     0.000971288     0.394200000
    5460     0.001000280     0.000972799     0.397350000
    5480     0.001002105     0.000974641     0.393550000
    5500     0.001014448     0.000986187     0.386420000
    5520     0.001014944     0.000986934     0.386230000
    5540     0.001008861     0.000981139     0.392460000
    5560     0.001001781     0.000974522     0.397210000
    5580     0.000991598     0.000964795     0.407480000
    5600     0.001001816     0.000973976     0.394130000
    5620     0.000996372     0.000969255     0.398810000
    5640     0.000996667     0.000969506     0.399780000
    5660     0.000982587     0.000956068     0.408430000
    5680     0.000975428     0.000949497     0.406520000
    5700     0.000979611     0.000953518     0.398770000
    5720     0.000984260     0.000957747     0.402830000
    5740     0.000990147     0.000963373     0.402310000
    5760     0.000995616     0.000968361     0.393260000
    5780     0.001003731     0.000975836     0.372320000
    5800     0.001011180     0.000983182     0.391940000
    5820     0.001011252     0.000983632     0.396930000
    5840     0.001007498     0.000980246     0.395480000
    5860     0.001014869     0.000986923     0.382490000
    5880     0.001016490     0.000987966     0.380090000
    5900     0.001017250     0.000988686     0.384200000
    5920     0.001002442     0.000974167     0.383160000
    5940     0.001003244     0.000975278     0.387110000
    5960     0.001015258     0.000986517     0.378310000
    5980     0.000999333     0.000971446     0.390330000
    6000     0.001008264     0.000979421     0.388150000
    6020     0.001008960     0.000980149     0.390650000
    6040     0.001019002     0.000990082     0.385680000
    6060     0.001015762     0.000987389     0.371390000
    6080     0.001016352     0.000987861     0.383400000
    6100     0.001024451     0.000994705     0.379400000
    6120     0.001019791     0.000990174     0.374620000
    6140     0.001022932     0.000993902     0.386250000
    6160     0.001028641     0.000999147     0.377620000
    6180     0.001022164     0.000992314     0.365470000
    6200     0.001015342     0.000986235     0.377960000
    6220     0.001020156     0.000990611     0.373820000
    6240     0.001025093     0.000995874     0.392530000
    6260     0.001021389     0.000992078     0.374900000
    6280     0.001014581     0.000985231     0.376670000
    6300     0.001016979     0.000987635     0.376770000
    6320     0.001009333     0.000980709     0.380480000
    6340     0.001009554     0.000980961     0.388030000
    6360     0.001004824     0.000976579     0.385720000
    6380     0.001010862     0.000982786     0.402230000
    6400     0.001009862     0.000981468     0.385110000
    6420     0.001006139     0.000978225     0.389640000
    6440     0.001000591     0.000972600     0.383960000
    6460     0.001004771     0.000976816     0.392790000
    6480     0.001013227     0.000984479     0.391060000
    6500     0.001005986     0.000978421     0.386850000
    6520     0.001004418     0.000976671     0.388040000
    6540     0.001010149     0.000982171     0.391220000
    6560     0.001011347     0.000983385     0.387560000
    6580     0.001010984     0.000982571     0.378860000
    6600     0.001011197     0.000982061     0.371090000
    6620     0.001011716     0.000982317     0.373000000
    6640     0.001003470     0.000974851     0.378090000
    6660     0.001009472     0.000980909     0.376980000
    6680     0.001015796     0.000985865     0.374010000
    6700     0.001013098     0.000984118     0.384190000
    6720     0.001015679     0.000986061     0.376910000
    6740     0.001004959     0.000976449     0.386830000
    6760     0.001006776     0.000978574     0.393940000
    6780     0.000996769     0.000969116     0.386790000
    6800     0.000997036     0.000969497     0.385540000
    6820     0.000997338     0.000969492     0.387310000
    6840     0.001001579     0.000974043     0.391830000
    6860     0.000996721     0.000969040     0.385350000
    6880     0.000997892     0.000970328     0.392420000
    6900     0.001001327     0.000973702     0.402080000
    6920     0.001004306     0.000977001     0.407630000
    6940     0.001016798     0.000988841     0.391130000
    6960     0.001018183     0.000989801     0.392240000
    6980     0.001017158     0.000988359     0.382580000
    7000     0.001008943     0.000980706     0.383470000
    7020     0.001011844     0.000982997     0.379790000
    7040     0.001006396     0.000978169     0.380010000
    7060     0.001016043     0.000987153     0.382340000
    7080     0.001016526     0.000987380     0.374330000
    7100     0.001015477     0.000986200     0.371270000
    7120     0.001010987     0.000981949     0.381960000
    7140     0.001013234     0.000984708     0.387070000
    7160     0.001013680     0.000985809     0.389340000
    7180     0.001008899     0.000980999     0.376010000
    7200     0.001008526     0.000979816     0.377420000
    7220     0.001019021     0.000989814     0.390670000
    7240     0.001009839     0.000981648     0.387190000
    7260     0.001002236     0.000974272     0.378550000
    7280     0.001006278     0.000977912     0.386640000
    7300     0.001001060     0.000972943     0.384400000
    7320     0.001002590     0.000974401     0.385830000
    7340     0.001004498     0.000975573     0.379280000
    7360     0.001010271     0.000981597     0.389490000
    7380     0.001006776     0.000978175     0.378260000
    7400     0.001001254     0.000972682     0.384580000
    7420     0.000992600     0.000964643     0.384920000
    7440     0.000993251     0.000965639     0.391850000
    7460     0.000982010     0.000954813     0.389520000
    7480     0.000983824     0.000956590     0.393720000
    7500     0.000990247     0.000962516     0.384900000
    7520     0.000989731     0.000962046     0.394670000
    7540     0.000999063     0.000971343     0.399930000
    7560     0.000991051     0.000963867     0.399280000
    7580     0.000985430     0.000958864     0.398800000
    7600     0.000984690     0.000957951     0.388100000
    7620     0.000986910     0.000959947     0.394600000
    7640     0.000997022     0.000969865     0.406050000
    7660     0.001003173     0.000975866     0.387950000
    7680     0.000990466     0.000962950     0.389880000
    7700     0.000986272     0.000959637     0.395150000
    7720     0.000999165     0.000971904     0.393060000
    7740     0.001004620     0.000977309     0.393860000
    7760     0.001009881     0.000981984     0.379220000
    7780     0.001016667     0.000987488     0.379910000
    7800     0.001013381     0.000984478     0.373850000
    7820     0.001006814     0.000978112     0.376460000
    7840     0.000999969     0.000971745     0.388000000
    7860     0.000991739     0.000964352     0.382310000
    7880     0.000992105     0.000964091     0.384260000
    7900     0.000999457     0.000971323     0.385780000
    7920     0.001000735     0.000972846     0.400690000
    7940     0.001004779     0.000977211     0.398160000
    7960     0.001008435     0.000980684     0.393920000
    7980     0.001007900     0.000980068     0.389890000
    8000     0.001005037     0.000977479     0.377760000
    8020     0.001013082     0.000983984     0.376940000
    8040     0.001013493     0.000984702     0.377310000
    8060     0.001017870     0.000988616     0.380880000
    8080     0.001017586     0.000988134     0.372190000
    8100     0.001013035     0.000984306     0.381700000
    8120     0.001009769     0.000981302     0.385030000
    8140     0.001008485     0.000980602     0.391290000
    8160     0.001002119     0.000974361     0.400000000
    8180     0.001010434     0.000981809     0.375270000
    8200     0.001014886     0.000985728     0.375460000
    8220     0.001016760     0.000987564     0.379970000
    8240     0.001018007     0.000987828     0.376800000
    8260     0.001016633     0.000987291     0.382080000
    8280     0.001021155     0.000991957     0.386130000
    8300     0.001020358     0.000991929     0.385240000
    8320     0.001017633     0.000988681     0.377010000
    8340     0.001013491     0.000984404     0.378460000
    8360     0.001001563     0.000972758     0.373670000
    8380     0.001017096     0.000987139     0.365000000
    8400     0.000992874     0.000964146     0.371640000
    8420     0.001002169     0.000973736     0.382840000
    8440     0.001006137     0.000977020     0.385800000
    8460     0.001008397     0.000980171     0.387360000
    8480     0.001009998     0.000982039     0.389110000
    8500     0.001012937     0.000984774     0.394350000
    8520     0.001013573     0.000985402     0.391610000
    8540     0.001017894     0.000989512     0.389450000
    8560     0.001013795     0.000985612     0.391200000
    8580     0.001005027     0.000977131     0.395040000
    8600     0.001004224     0.000976209     0.381590000
    8620     0.000995214     0.000967468     0.373460000
    8640     0.000995609     0.000967261     0.382190000
    8660     0.000988566     0.000960784     0.385520000
    8680     0.000998715     0.000970819     0.393250000
    8700     0.001001655     0.000973264     0.386580000
    8720     0.000999898     0.000971581     0.392030000
    8740     0.001001098     0.000973783     0.399090000
    8760     0.001007029     0.000978927     0.394580000
    8780     0.001004958     0.000976872     0.390350000
    8800     0.001012366     0.000983824     0.382180000
    8820     0.001016668     0.000987529     0.384290000
    8840     0.001006764     0.000978010     0.376030000
    8860     0.001018575     0.000989036     0.362590000
    8880     0.001021614     0.000991618     0.360150000
    8900     0.001025075     0.000994879     0.373470000
    8920     0.001031785     0.001001169     0.372590000
    8940     0.001025345     0.000995492     0.381830000
    8960     0.001030470     0.001000481     0.381950000
    8980     0.001030825     0.001001651     0.378690000
    9000     0.001028585     0.000999026     0.385920000
    9020     0.001041448     0.001011001     0.373310000
    9040     0.001041840     0.001011027     0.380900000
    9060     0.001040593     0.001009980     0.369590000
    9080     0.001041992     0.001011097     0.377090000
    9100     0.001030140     0.001000453     0.373370000
    9120     0.001034276     0.001004112     0.369510000
    9140     0.001027943     0.000997804     0.371080000
    9160     0.001021794     0.000991994     0.379510000
    9180     0.001021645     0.000992378     0.382570000
    9200     0.001020188     0.000990983     0.378220000
    9220     0.001020773     0.000991893     0.367450000
    9240     0.001012705     0.000983866     0.371970000
    9260     0.001013599     0.000984136     0.365590000
    9280     0.001003414     0.000974613     0.383150000
    9300     0.000996622     0.000968542     0.399720000
    9320     0.000988709     0.000962039     0.406460000
    9340     0.000993916     0.000966946     0.403650000
    9360     0.000999791     0.000972627     0.386690000
    9380     0.000998372     0.000970809     0.395420000
    9400     0.000991992     0.000964912     0.390640000
    9420     0.001001803     0.000974001     0.392410000
    9440     0.001002495     0.000975229     0.389920000
    9460     0.000993136     0.000966109     0.386910000
    9480     0.000990263     0.000963051     0.386320000
    9500     0.000998372     0.000970653     0.379400000
    9520     0.000992072     0.000963906     0.374900000
    9540     0.000992998     0.000965109     0.392060000
    9560     0.000980536     0.000953614     0.395200000
    9580     0.000986387     0.000959783     0.401800000
    9600     0.000991639     0.000964444     0.396760000
    9620     0.000990798     0.000963655     0.397340000
    9640     0.000988502     0.000961434     0.385350000
    9660     0.000985798     0.000958505     0.390420000
    9680     0.000977818     0.000951343     0.397210000
    9700     0.000988016     0.000961253     0.402460000
    9720     0.000989565     0.000962455     0.390550000
    9740     0.000991455     0.000963844     0.385340000
    9760     0.000998749     0.000970465     0.388360000
    9780     0.000997057     0.000969012     0.393140000
    9800     0.000996181     0.000968262     0.395930000
    9820     0.000993141     0.000965332     0.399950000
    9840     0.000998106     0.000970676     0.410010000
    9860     0.000997621     0.000970298     0.392120000
    9880     0.000994219     0.000966927     0.391340000
    9900     0.000998779     0.000971029     0.390600000
    9920     0.001002092     0.000974198     0.387280000
    9940     0.001006691     0.000978188     0.388760000
    9960     0.001003275     0.000974628     0.393990000
    9980     0.000995030     0.000968070     0.398330000
   10000     0.000990484     0.000963774     0.387920000
   10020     0.000996052     0.000968804     0.390690000
   10040     0.000982265     0.000955663     0.395120000
   10060     0.000990213     0.000963557     0.396270000
   10080     0.000989975     0.000963731     0.395780000
   10100     0.000987876     0.000961638     0.400280000
   10120     0.000984197     0.000958320     0.406050000
   10140     0.000982907     0.000956520     0.407500000
   10160     0.000986712     0.000960188     0.405230000
   10180     0.000991809     0.000964967     0.385670000
   10200     0.000991392     0.000964013     0.384800000
   10220     0.000977511     0.000950968     0.392170000
   10240     0.000977543     0.000951164     0.397910000
   10260     0.000967869     0.000941743     0.395570000
   10280     0.000969721     0.000943223     0.392960000
   10300     0.000970246     0.000944212     0.413590000
   10320     0.000971038     0.000945069     0.407840000
   10340     0.000978846     0.000952505     0.406000000
   10360     0.000980615     0.000954792     0.414860000
   10380     0.000977420     0.000951460     0.400530000
   10400     0.000982557     0.000956372     0.403650000
   10420     0.000988161     0.000961435     0.408030000
   10440     0.000994269     0.000967330     0.409900000
   10460     0.000997566     0.000970777     0.401150000
   10480     0.000996484     0.000969786     0.394980000
   10500     0.000991897     0.000965682     0.401880000
   10520     0.001005548     0.000978250     0.402690000
   10540     0.001006702     0.000979422     0.402720000
   10560     0.001005547     0.000977955     0.401800000
   10580     0.000992316     0.000966019     0.412910000
   10600     0.000982432     0.000956577     0.407690000
   10620     0.000988626     0.000962252     0.400460000
   10640     0.001001497     0.000974198     0.394900000
   10660     0.001007869     0.000979657     0.395620000
   10680     0.001007369     0.000978944     0.384520000
   10700     0.001017927     0.000989273     0.383370000
   10720     0.001028142     0.000999277     0.382700000
   10740     0.001028556     0.000999189     0.383410000
   10760     0.001011821     0.000983126     0.379130000
   10780     0.001003050     0.000974816     0.379060000
   10800     0.000993631     0.000965845     0.381350000
   10820     0.001005615     0.000976723     0.394550000
   10840     0.000996412     0.000968168     0.403580000
   10860     0.000997640     0.000970404     0.395360000
   10880     0.000997471     0.000969566     0.388090000
   10900     0.001005207     0.000976932     0.383740000
   10920     0.001001601     0.000974148     0.401540000
   10940     0.001002390     0.000974877     0.398080000
   10960     0.000995033     0.000967901     0.396270000
   10980     0.001009616     0.000981394     0.371840000
   11000     0.001016326     0.000986886     0.373490000
   11020     0.001009849     0.000980528     0.385250000
   11040     0.000993655     0.000965777     0.404850000
   11060     0.001009081     0.000981154     0.401180000
   11080     0.001016144     0.000988058     0.391000000
   11100     0.001024362     0.000995596     0.382180000
   11120     0.001015808     0.000986366     0.367830000
   11140     0.001001418     0.000972694     0.376840000
   11160     0.001005410     0.000976872     0.384780000
   11180     0.001010144     0.000981123     0.390350000
   11200     0.001017397     0.000988626     0.382050000
   11220     0.001015009     0.000986245     0.378330000
   11240     0.001011429     0.000983004     0.381980000
   11260     0.001008052     0.000979593     0.375960000
   11280     0.000991643     0.000963323     0.370740000
   11300     0.000989016     0.000960839     0.380370000
   11320     0.000999094     0.000970167     0.379780000
   11340     0.000991661     0.000963742     0.389790000
   11360     0.000997433     0.000969730     0.390360000
   11380     0.000994269     0.000966968     0.398490000
   11400     0.000991498     0.000964607     0.398560000
   11420     0.000997974     0.000971349     0.401940000
   11440     0.001000809     0.000973934     0.399580000
   11460     0.000992357     0.000965480     0.392090000
   11480     0.000999151     0.000972130     0.406030000
   11500     0.001001445     0.000974085     0.402140000
   11520     0.001009871     0.000982415     0.394390000
   11540     0.001007838     0.000980070     0.383020000
   11560     0.001010967     0.000982173     0.376550000
   11580     0.001002486     0.000974029     0.384730000
   11600     0.000986696     0.000959523     0.402900000
   11620     0.000984387     0.000957704     0.397220000
   11640     0.000985373     0.000958475     0.393170000
   11660     0.000973642     0.000947529     0.407900000
   11680     0.000964714     0.000939158     0.402200000
   11700     0.000964642     0.000938926     0.406060000
   11720     0.000967810     0.000942242     0.408760000
   11740     0.000977997     0.000952468     0.407330000
   11760     0.000970303     0.000944910     0.408040000
   11780     0.000977360     0.000951505     0.411770000
   11800     0.000975784     0.000950125     0.406760000
   11820     0.000971499     0.000945573     0.409710000
   11840     0.000982467     0.000956265     0.407030000
   11860     0.000982854     0.000956305     0.397960000
   11880     0.000984238     0.000957882     0.400800000
   11900     0.000988657     0.000961809     0.397600000
   11920     0.000991262     0.000963915     0.388290000
   11940     0.000994643     0.000966606     0.371760000
   11960     0.001001644     0.000972881     0.375240000
   11980     0.000998635     0.000969823     0.386840000
   12000     0.000992497     0.000964222     0.381070000
   12020     0.000986159     0.000958586     0.391700000
   12040     0.000989619     0.000962063     0.393850000
   12060     0.000989024     0.000961602     0.392690000
   12080     0.000991647     0.000964619     0.389010000
   12100     0.000994717     0.000967415     0.389540000
   12120     0.001000674     0.000972535     0.390230000
   12140     0.000995878     0.000968051     0.386400000
   12160     0.000991746     0.000964229     0.392880000
   12180     0.000985481     0.000958574     0.398880000
   12200     0.000986038     0.000959303     0.404860000
   12220     0.000992500     0.000966024     0.404410000
   12240     0.000992143     0.000965785     0.414430000
   12260     0.000982485     0.000956548     0.400860000
   12280     0.000987413     0.000961156     0.396400000
   12300     0.000978943     0.000952960     0.394140000
   12320     0.000988976     0.000962142     0.397140000
   12340     0.000992493     0.000965539     0.404880000
   12360     0.000988418     0.000962390     0.406170000
   12380     0.000994465     0.000967020     0.394640000
   12400     0.000988164     0.000961359     0.402300000
   12420     0.000993654     0.000966949     0.394430000
   12440     0.000992619     0.000965705     0.392750000
   12460     0.000996479     0.000968914     0.393010000
   12480     0.000988613     0.000961140     0.378730000
   12500     0.000995640     0.000967032     0.381250000
   12520     0.001012272     0.000983374     0.384900000
   12540     0.000995449     0.000967523     0.377010000
   12560     0.000991319     0.000963630     0.390520000
   12580     0.000999615     0.000971878     0.395370000
   12600     0.000985831     0.000958887     0.387710000
   12620     0.000990421     0.000963570     0.399390000
   12640     0.000994373     0.000967078     0.385540000
   12660     0.001002326     0.000973977     0.386000000
   12680     0.000993644     0.000966563     0.393450000
   12700     0.000990427     0.000963977     0.398940000
   12720     0.000989343     0.000962731     0.403170000
   12740     0.000995944     0.000968892     0.398370000
   12760     0.000990466     0.000963565     0.390540000
   12780     0.000991587     0.000964059     0.391430000
   12800     0.000992872     0.000965872     0.408690000
   12820     0.000994284     0.000967809     0.410760000
   12840     0.000995872     0.000969243     0.405080000
   12860     0.000984485     0.000957913     0.398560000
   12880     0.000987046     0.000960386     0.405860000
   12900     0.000982725     0.000956103     0.404000000
   12920     0.000981199     0.000955087     0.403760000
   12940     0.000991160     0.000964926     0.410890000
   12960     0.000991284     0.000964723     0.409450000
   12980     0.000995702     0.000969151     0.396250000
   13000     0.000997677     0.000970493     0.387950000
   13020     0.001001012     0.000973422     0.397690000
   13040     0.000993306     0.000966187     0.393600000
   13060     0.000986450     0.000959017     0.393620000
   13080     0.000998947     0.000971142     0.395570000
   13100     0.000997238     0.000970146     0.391290000
   13120     0.000994687     0.000966827     0.378800000
   13140     0.001004166     0.000975475     0.381360000
   13160     0.000999280     0.000971471     0.386900000
   13180     0.000998485     0.000970804     0.383790000
   13200     0.001004852     0.000976895     0.384580000
   13220     0.001002620     0.000974660     0.380420000
   13240     0.001003518     0.000975372     0.386160000
   13260     0.001001077     0.000972434     0.378640000
   13280     0.001007756     0.000979171     0.397550000
   13300     0.001012092     0.000984127     0.396010000
   13320     0.001014528     0.000986405     0.386810000
   13340     0.001015933     0.000987158     0.384990000
   13360     0.001014356     0.000985476     0.374760000
   13380     0.001027261     0.000997005     0.382860000
   13400     0.001032100     0.001002024     0.387430000
   13420     0.001033971     0.001004550     0.376090000
   13440     0.001031494     0.001001804     0.373010000
   13460     0.001028185     0.000998106     0.376180000
   13480     0.001031106     0.001000796     0.366270000
   13500     0.001022228     0.000991382     0.368820000
   13520     0.001018358     0.000988114     0.374720000
   13540     0.001020911     0.000990879     0.373230000
   13560     0.001010946     0.000981955     0.385910000
   13580     0.001011316     0.000982312     0.383120000
   13600     0.001024580     0.000994881     0.377550000
   13620     0.001014324     0.000985231     0.376430000
   13640     0.001024362     0.000994236     0.382940000
   13660     0.001015285     0.000986370     0.385690000
   13680     0.001016275     0.000987595     0.380560000
   13700     0.001017801     0.000988939     0.383370000
   13720     0.001009042     0.000980511     0.389790000
   13740     0.001011218     0.000982238     0.370610000
   13760     0.001012959     0.000982805     0.372240000
   13780     0.001010738     0.000981622     0.385770000
   13800     0.001010505     0.000981597     0.382770000
   13820     0.001021468     0.000992820     0.383180000
   13840     0.001019315     0.000990312     0.382040000
   13860     0.001013197     0.000984359     0.378520000
   13880     0.001002039     0.000973350     0.376900000
   13900     0.000995996     0.000967694     0.381030000
   13920     0.000992939     0.000965271     0.394750000
   13940     0.000999451     0.000971959     0.395830000
   13960     0.001004938     0.000976873     0.394080000
   13980     0.001012347     0.000984765     0.392530000
   14000     0.001010881     0.000982577     0.388490000
   14020     0.001007534     0.000979405     0.384880000
   14040     0.000993021     0.000965883     0.388380000
   14060     0.000989511     0.000962666     0.394390000
   14080     0.000996359     0.000969243     0.401420000
   14100     0.000985835     0.000959446     0.409140000
   14120     0.000990782     0.000963830     0.401590000
   14140     0.001004153     0.000977146     0.403730000
   14160     0.001005339     0.000978062     0.392040000
   14180     0.001002386     0.000974759     0.390880000
   14200     0.000996732     0.000968267     0.383740000
   14220     0.000997478     0.000968745     0.390060000
   14240     0.000994322     0.000966842     0.396410000
   14260     0.000981148     0.000954430     0.405440000
   14280     0.000990933     0.000964269     0.406310000
   14300     0.000986716     0.000960105     0.400140000
   14320     0.000986055     0.000959158     0.406020000
   14340     0.000988373     0.000961129     0.397080000
   14360     0.000985801     0.000958708     0.396660000
   14380     0.000993152     0.000966227     0.404250000
   14400     0.000995471     0.000968180     0.392540000
   14420     0.000998303     0.000970344     0.395340000
   14440     0.000996600     0.000969348     0.399850000
   14460     0.000992545     0.000965864     0.394670000
   14480     0.000985537     0.000958986     0.397080000
   14500     0.000983567     0.000956509     0.393260000
   14520     0.000984890     0.000958103     0.396270000
   14540     0.000983428     0.000956285     0.394560000
   14560     0.000991252     0.000963945     0.392560000
   14580     0.000991161     0.000964125     0.398710000
   14600     0.000996534     0.000969587     0.396330000
   14620     0.000992137     0.000965088     0.391950000
   14640     0.000998473     0.000971014     0.394400000
   14660     0.000997073     0.000969784     0.389730000
   14680     0.000993602     0.000966178     0.390240000
   14700     0.000990926     0.000963219     0.397610000
   14720     0.000997740     0.000970882     0.409910000
   14740     0.000993277     0.000966917     0.409770000
   14760     0.000990965     0.000964523     0.403190000
   14780     0.000985161     0.000958610     0.398600000
   14800     0.001002305     0.000974861     0.394470000
   14820     0.001012094     0.000983618     0.379860000
   14840     0.001019079     0.000989833     0.368920000
   14860     0.001020606     0.000991056     0.372640000
   14880     0.001017342     0.000988045     0.375340000
   14900     0.001013052     0.000983845     0.377860000
   14920     0.001008965     0.000980131     0.381210000
   14940     0.001006461     0.000977971     0.387110000
   14960     0.001001352     0.000973029     0.382160000
   14980     0.001012775     0.000984416     0.394380000
   15000     0.001025929     0.000997356     0.393700000
   15020     0.001022667     0.000993746     0.381780000
   15040     0.001018537     0.000989536     0.378390000
   15060     0.001020810     0.000991253     0.369560000
   15080     0.001015268     0.000985989     0.375720000
   15100     0.001014108     0.000985314     0.384200000
   15120     0.001019971     0.000990882     0.384880000
   15140     0.001019466     0.000990807     0.387310000
   15160     0.001016007     0.000987384     0.381850000
   15180     0.001019625     0.000990835     0.388210000
   15200     0.001008448     0.000980017     0.389410000
   15220     0.001010010     0.000981447     0.374330000
   15240     0.001009193     0.000980715     0.382820000
   15260     0.001011941     0.000983256     0.391020000
   15280     0.001030345     0.001001171     0.384910000
   15300     0.001025270     0.000996203     0.382070000
   15320     0.001006555     0.000977944     0.373150000
   15340     0.001014634     0.000985968     0.387850000
   15360     0.001010237     0.000981525     0.383910000
   15380     0.000999520     0.000971416     0.386250000
   15400     0.001003581     0.000975336     0.392350000
   15420     0.001002552     0.000974207     0.390780000
   15440     0.001004424     0.000976269     0.390930000
   15460     0.001004372     0.000976091     0.382640000
   15480     0.001019599     0.000990476     0.378790000
   15500     0.001019308     0.000989875     0.382400000
   15520     0.001016438     0.000987784     0.381950000
   15540     0.001007032     0.000978490     0.378190000
   15560     0.001006440     0.000977904     0.380840000
   15580     0.001009220     0.000980277     0.376100000
   15600     0.001015452     0.000986266     0.387080000
   15620     0.001015084     0.000986125     0.378960000
   15640     0.001014790     0.000986426     0.391280000
   15660     0.001010557     0.000982067     0.389130000
   15680     0.000999505     0.000971875     0.387290000
   15700     0.001008330     0.000979902     0.383930000
   15720     0.001008266     0.000979909     0.384940000
   15740     0.001005703     0.000977399     0.390080000
   15760     0.001008693     0.000980510     0.381560000
   15780     0.001002848     0.000975007     0.385520000
   15800     0.001001186     0.000973144     0.384790000
   15820     0.000988366     0.000960829     0.388270000
   15840     0.000987636     0.000959542     0.389600000
   15860     0.000999799     0.000972085     0.403700000
   15880     0.001006465     0.000979201     0.392630000
   15900     0.001008170     0.000980107     0.376180000
   15920     0.000998951     0.000971672     0.394980000
   15940     0.000995133     0.000967995     0.387910000
   15960     0.001005983     0.000978167     0.399780000
   15980     0.001004896     0.000977241     0.395700000
   16000     0.001012042     0.000984088     0.384530000
   16020     0.001002857     0.000974372     0.381860000
   16040     0.001011894     0.000982823     0.389490000
   16060     0.001001114     0.000972991     0.392360000
   16080     0.001009188     0.000980941     0.402280000
   16100     0.001012509     0.000984534     0.391820000
   16120     0.001012213     0.000984740     0.395270000
   16140     0.001016310     0.000988172     0.389600000
   16160     0.001014327     0.000986237     0.377860000
   16180     0.001012086     0.000983180     0.379150000
   16200     0.001019641     0.000990225     0.379980000
   16220     0.001015415     0.000986022     0.374520000
   16240     0.001025357     0.000995521     0.372110000
   16260     0.001020149     0.000990509     0.377990000
   16280     0.001020979     0.000990757     0.372110000
   16300     0.001018160     0.000988163     0.373570000
   16320     0.001002090     0.000973179     0.382180000
   16340     0.001012827     0.000983603     0.385200000
   16360     0.001006196     0.000977367     0.380150000
   16380     0.001010399     0.000981568     0.388300000
   16400     0.000997926     0.000970348     0.382420000
   16420     0.001008097     0.000979522     0.377300000
   16440     0.001000520     0.000971543     0.381240000
   16460     0.000995851     0.000967408     0.381450000
   16480     0.000998943     0.000970269     0.370820000
   16500     0.001000300     0.000971368     0.381220000
   16520     0.000998587     0.000970081     0.383420000
   16540     0.000994349     0.000966566     0.389340000
   16560     0.000992872     0.000965281     0.388170000
   16580     0.000990094     0.000962415     0.391380000
   16600     0.000988268     0.000960680     0.388930000
   16620     0.000985512     0.000958714     0.407230000
   16640     0.000984310     0.000957507     0.397520000
   16660     0.000981704     0.000954667     0.395070000
   16680     0.000974996     0.000948485     0.396010000
   16700     0.000979780     0.000952344     0.398600000
   16720     0.000982009     0.000954685     0.399620000
   16740     0.000995410     0.000968487     0.414220000
   16760     0.000987035     0.000960672     0.398910000
   16780     0.000975013     0.000949695     0.415880000
   16800     0.000964418     0.000939178     0.407340000
   16820     0.000965161     0.000939329     0.395440000
   16840     0.000969066     0.000943607     0.415230000
   16860     0.000958711     0.000934293     0.411180000
   16880     0.000963783     0.000938514     0.407850000
   16900     0.000961367     0.000936222     0.416020000
   16920     0.000956602     0.000931757     0.411970000
   16940     0.000960504     0.000935305     0.412310000
   16960     0.000968789     0.000943073     0.400660000
   16980     0.000970468     0.000944239     0.411600000
   17000     0.000975804     0.000949553     0.399050000
   17020     0.000971619     0.000946419     0.420730000
   17040     0.000983149     0.000957834     0.417880000
   17060     0.000994635     0.000968555     0.416650000
   17080     0.000988940     0.000962711     0.407470000
   17100     0.001005045     0.000978092     0.400470000
   17120     0.000999868     0.000972687     0.398030000
   17140     0.000977919     0.000951735     0.391420000
   17160     0.000969536     0.000943469     0.395070000
   17180     0.000971420     0.000945260     0.407780000
   17200     0.000975436     0.000949444     0.411380000
   17220     0.000986474     0.000959938     0.403740000
   17240     0.000998874     0.000971916     0.401710000
   17260     0.000993304     0.000966475     0.395600000
   17280     0.000994790     0.000967458     0.383010000
   17300     0.001001584     0.000973484     0.392980000
   17320     0.001001762     0.000973993     0.386390000
   17340     0.000999438     0.000971825     0.383970000
   17360     0.000994375     0.000966546     0.400630000
   17380     0.000993010     0.000965533     0.401710000
   17400     0.001003620     0.000976141     0.396010000
   17420     0.000998239     0.000970656     0.394930000
   17440     0.000990765     0.000963800     0.392270000
   17460     0.000984442     0.000957726     0.394180000
   17480     0.000991586     0.000964706     0.393830000
   17500     0.000992720     0.000966110     0.393260000
   17520     0.000996724     0.000970448     0.397280000
   17540     0.000998483     0.000971226     0.394490000
   17560     0.000998049     0.000971035     0.402360000
   17580     0.000994401     0.000967048     0.388930000
   17600     0.001002691     0.000975041     0.389400000
   17620     0.000997711     0.000969907     0.388750000
   17640     0.001005178     0.000976757     0.383930000
   17660     0.001002880     0.000974401     0.380250000
   17680     0.000996237     0.000967981     0.385670000
   17700     0.000997406     0.000969043     0.388740000
   17720     0.000986941     0.000959905     0.389820000
   17740     0.000989496     0.000962153     0.386610000
   17760     0.000990387     0.000963412     0.388600000
   17780     0.000991090     0.000963703     0.383350000
   17800     0.000985835     0.000958405     0.384740000
   17820     0.000997262     0.000969252     0.383140000
   17840     0.000991789     0.000964455     0.385630000
   17860     0.000993424     0.000966013     0.395320000
   17880     0.001003326     0.000975137     0.389170000
   17900     0.001012683     0.000983981     0.392520000
   17920     0.000999304     0.000970565     0.382460000
   17940     0.000990715     0.000962677     0.382090000
   17960     0.000992369     0.000964621     0.391350000
   17980     0.000990955     0.000963320     0.402040000
   18000     0.000988385     0.000961244     0.386810000
   18020     0.000982063     0.000955394     0.395470000
   18040     0.000977591     0.000950951     0.388770000
   18060     0.000987272     0.000959587     0.394910000
   18080     0.000997242     0.000969360     0.397600000
   18100     0.001006092     0.000977943     0.392460000
   18120     0.000998232     0.000970680     0.399140000
   18140     0.001008405     0.000980511     0.382870000
   18160     0.001015718     0.000986927     0.373960000
   18180     0.001021027     0.000991422     0.364880000
   18200     0.001025834     0.000995416     0.369680000
   18220     0.001013965     0.000984665     0.373090000
   18240     0.001015238     0.000986263     0.378880000
   18260     0.001014183     0.000984912     0.374050000
   18280     0.001020529     0.000990447     0.368520000
   18300     0.001020163     0.000990397     0.376520000
   18320     0.001020435     0.000991194     0.374380000
   18340     0.001010673     0.000981464     0.367880000
   18360     0.001001483     0.000973290     0.377670000
   18380     0.001010072     0.000981338     0.381460000
   18400     0.001003037     0.000974696     0.380260000
   18420     0.001003209     0.000974628     0.386970000
   18440     0.001007015     0.000978852     0.387360000
   18460     0.001003560     0.000975112     0.383550000
   18480     0.001001383     0.000973235     0.384670000
   18500     0.000997526     0.000969652     0.393750000
   18520     0.001005127     0.000977353     0.389290000
   18540     0.001010523     0.000982666     0.395410000
   18560     0.000998160     0.000970888     0.385600000
   18580     0.000996849     0.000969287     0.396560000
   18600     0.001002222     0.000974448     0.387450000
   18620     0.001008765     0.000980407     0.385290000
   18640     0.001005755     0.000977618     0.391840000
   18660     0.001005943     0.000977649     0.390120000
   18680     0.001004156     0.000976492     0.393900000
   18700     0.001013383     0.000984904     0.382480000
   18720     0.001013521     0.000985134     0.385410000
   18740     0.001012035     0.000983730     0.390780000
   18760     0.001005784     0.000978150     0.389310000
   18780     0.001004222     0.000976929     0.389320000
   18800     0.001006806     0.000978880     0.385980000
   18820     0.001011927     0.000983009     0.379740000
   18840     0.001017492     0.000988285     0.383960000
   18860     0.001009130     0.000980347     0.383280000
   18880     0.000998408     0.000970405     0.386020000
   18900     0.000990155     0.000961993     0.369060000
   18920     0.000990493     0.000962437     0.383660000
   18940     0.001003265     0.000975068     0.389590000
   18960     0.001005645     0.000976751     0.383150000
   18980     0.000999625     0.000971608     0.383300000
   19000     0.001008742     0.000980192     0.385060000
   19020     0.001003711     0.000975711     0.382420000
   19040     0.001014937     0.000986553     0.389500000
   19060     0.001015012     0.000985182     0.373920000
   19080     0.001015642     0.000986403     0.381680000
   19100     0.001017492     0.000987862     0.375340000
   19120     0.001017973     0.000988454     0.381920000
   19140     0.001029184     0.000999657     0.382250000
   19160     0.001034240     0.001003980     0.371940000
   19180     0.001040000     0.001009054     0.370720000
   19200     0.001037056     0.001006767     0.373500000
   19220     0.001040508     0.001009686     0.371260000
   19240     0.001029434     0.000998773     0.375860000
   19260     0.001031970     0.001001325     0.367650000
   19280     0.001031116     0.001001124     0.380560000
   19300     0.001026996     0.000997463     0.375880000
   19320     0.001032531     0.001002753     0.379290000
   19340     0.001034909     0.001005357     0.389220000
   19360     0.001027012     0.000998136     0.369800000
   19380     0.001018892     0.000989579     0.378630000
   19400     0.001027219     0.000997504     0.373650000
   19420     0.001016455     0.000987083     0.375470000
   19440     0.000999855     0.000971340     0.385300000
   19460     0.000989112     0.000961471     0.383750000
   19480     0.000994365     0.000966195     0.390790000
   19500     0.000991633     0.000963943     0.391690000
   19520     0.000989235     0.000961844     0.384640000
   19540     0.000980073     0.000952667     0.390310000
   19560     0.000980310     0.000953193     0.397470000
   19580     0.000981919     0.000955326     0.410930000
   19600     0.000984200     0.000957586     0.396230000
   19620     0.000991067     0.000964089     0.404460000
   19640     0.000985892     0.000958715     0.391840000
   19660     0.000984997     0.000957785     0.405320000
   19680     0.000985865     0.000959118     0.402750000
   19700     0.000988616     0.000961845     0.409660000
   19720     0.000991446     0.000964905     0.408750000
   19740     0.000986144     0.000959752     0.394530000
   19760     0.000983319     0.000956915     0.401950000
   19780     0.000980287     0.000954146     0.402330000
   19800     0.000984413     0.000958025     0.401960000
   19820     0.000967096     0.000942168     0.409080000
   19840     0.000968539     0.000942755     0.406200000
   19860     0.000961845     0.000936251     0.404500000
   19880     0.000967557     0.000941805     0.402470000
   19900     0.000976519     0.000950679     0.405180000
   19920     0.000969231     0.000943571     0.411330000
   19940     0.000972388     0.000946851     0.418660000
   19960     0.000984089     0.000958091     0.402810000
   19980     0.000999973     0.000973017     0.400620000
   20000     0.001007590     0.000980005     0.394410000
